760 584 6462425
758 583 6462428
761 585 6462431
760 587 6462434
760 586 6462437
761 552 6462440
760 584 6462443
758 587 6462446
761 582 6462449
760 584 6462452
759 585 6462455
759 585 6462458
758 583 6462461
759 585 6462464
759 586 6462467
760 586 6462470
760 586 6462473
761 584 6462476
760 584 6462479
759 467 6462482
546 584 6462485
762 585 6462488
758 583 6462491
758 586 6462494
760 585 6462497
761 585 6462500
764 584 6462503
762 586 6462506
762 586 6462509
760 584 6462512
758 583 6462515
761 583 6462518
762 584 6462521
762 585 6462524
759 582 6462527
775 586 6462530
762 579 6462533
760 586 6462536
761 584 6462539
759 584 6462542
762 584 6462545
761 583 6462548
759 584 6462551
760 585 6462554
761 583 6462557
759 583 6462560
761 588 6462563
762 584 6462566
764 584 6462569
763 590 6462572
771 584 6462575
760 584 6462578
763 585 6462581
758 583 6462584
762 584 6462587
764 583 6462590
757 582 6462593
760 586 6462596
762 585 6462599
762 583 6462602
763 585 6462605
762 585 6462608
760 583 6462611
760 581 6462614
759 575 6462617
758 585 6462620
762 586 6462623
761 584 6462626
760 586 6462629
764 584 6462632
763 588 6462635
763 587 6462638
761 582 6462641
761 584 6462644
760 583 6462647
305 1306 6467056
305 1309 6467059
303 1307 6467062
302 1305 6467065
302 1308 6467068
302 1305 6467071
305 1299 6467074
311 1304 6467077
289 1302 6467080
310 1315 6467083
300 1303 6467085
303 1304 6467088
302 1307 6467091
300 1305 6467094
302 1305 6467097
301 1305 6467100
300 1305 6467103
303 1306 6467106
303 1303 6467110
303 1303 6467112
322 1307 6467115
301 1306 6467118
303 1306 6467121
277 1323 6467124
298 1305 6467127
307 1305 6467130
300 1305 6467133
300 1302 6467136
303 1307 6467139
302 1305 6467143
303 1301 6467145
302 1306 6467148
302 1305 6467151
306 1305 6467154
303 1303 6467157
307 1304 6467160
304 1303 6467163
307 1294 6467166
297 1291 6467169
308 1313 6467172
299 1305 6467176
304 1299 6467178
306 1305 6467181
301 1305 6467184
302 1303 6467187
302 1304 6467190
303 1303 6467193
303 1304 6467196
302 1304 6467199
301 1307 6467202
305 1230 6467205
305 1305 6467209
321 1299 6467211
301 1311 6467214
300 1303 6467217
306 1310 6467220
302 1304 6467223
305 1305 6467226
302 1308 6467229
302 1302 6467232
304 1302 6467235
302 1306 6467238
305 1307 6467242
303 1302 6467244
305 1307 6467247
301 1306 6467250
307 1304 6467253
292 1300 6467256
311 1307 6467259
299 1307 6467262
303 1296 6467265
303 1304 6467268
301 1306 6467271
305 1303 6467275
302 1303 6467277
302 1304 6467280
304 1307 6467283
305 1303 6467286
305 1303 6467289
314 1304 6467292
301 1303 6467295
315 1304 6467298
298 1321 6467301
297 1306 6467304
308 1306 6467308
300 1303 6467310
304 1306 6467313
301 1309 6467316
302 1304 6467319
304 1304 6467322
302 1306 6467325
302 1305 6467328
302 1304 6467331
333 1303 6467334
301 1307 6467337
311 1309 6467341
287 1301 6467343
317 1314 6467346
300 1306 6467349
305 1298 6467352
305 1309 6467355
303 1303 6467358
304 1304 6467361
301 1304 6467364
304 1304 6467367
306 1305 6467370
303 1304 6467374
303 1306 6467376
302 1304 6467379
302 1310 6467382
290 1304 6467385
297 1310 6467388
308 1296 6467391
300 1311 6467394
296 1300 6467397
301 1306 6467400
303 1305 6467403
304 1304 6467407
302 1303 6467409
303 1308 6467412
301 1304 6467415
302 1304 6467418
303 1304 6467421
307 1308 6467424
303 1301 6467427
320 1318 6467430
302 1299 6467433
306 1297 6467436
304 1311 6467440
300 1301 6467442
305 1303 6467445
303 1307 6467448
304 1304 6467451
304 1304 6467454
302 1303 6467457
305 1302 6467460
306 1305 6467463
303 1304 6467466
302 1320 6467469
303 1308 6467473
320 1314 6467475
302 1295 6467478
307 1300 6467481
304 1311 6467484
301 1304 6467487
303 1306 6467490
304 1304 6467493
302 1304 6467496
303 1303 6467499
308 1304 6467502
303 1307 6467506
303 1304 6467508
335 1307 6467511
305 1306 6467514
307 1306 6467517
276 1319 6467520
295 1304 6467523
306 1304 6467526
301 1306 6467529
302 1299 6467532
304 1306 6467535
303 1304 6467539
303 1297 6467541
302 1305 6467544
305 1308 6467547
302 1306 6467550
298 1303 6467553
299 1333 6467556
303 1303 6467559
317 1319 6467562
299 1294 6467565
310 1299 6467568
299 1311 6467572
300 1298 6467574
302 1306 6467577
300 1307 6467580
304 1304 6467583
306 1305 6467586
302 1303 6467589
303 1307 6467592
302 1305 6467595
316 1300 6467598
303 1305 6467601
324 1320 6467605
302 1297 6467607
308 1299 6467610
304 1315 6467613
302 1302 6467616
304 1304 6467619
300 1308 6467622
302 1307 6467625
303 1301 6467628
303 1305 6467631
304 1306 6467634
305 1305 6467638
304 1299 6467640
304 1299 6467643
307 1307 6467646
292 1300 6467649
310 1308 6467652
299 1308 6467655
302 1302 6467658
303 1305 6467661
301 1304 6467664
296 1304 6467667
302 1306 6467671
301 1300 6467673
302 1306 6467676
303 1302 6467679
297 1303 6467682
302 1298 6467685
300 1307 6467688
317 1295 6467691
296 1314 6467694
298 1298 6467697
306 1308 6467700
302 1305 6467704
303 1301 6467706
304 1309 6467709
301 1303 6467712
304 1305 6467715
306 1305 6467718
303 1304 6467721
304 1304 6467724
310 1304 6467727
304 1303 6467730
296 1263 6467733
294 1308 6467737
310 1307 6467739
298 1307 6467742
302 1305 6467745
305 1305 6467748
307 1306 6467751
303 1305 6467754
304 1305 6467757
302 1305 6467760
302 1306 6467763
303 1304 6467766
135 1300 6467770
302 1305 6467772
287 1304 6467775
317 1306 6467778
295 1308 6467781
301 1302 6467784
305 1309 6467787
303 1306 6467790
303 1304 6467793
304 1304 6467796
303 1304 6467799
304 1305 6467803
301 1303 6467805
303 1307 6467808
303 1307 6467811
302 1304 6467814
323 1305 6467817
303 1255 6467820
299 1295 6467823
306 1312 6467826
299 1306 6467829
303 1303 6467832
302 1308 6467836
301 1300 6467838
302 1304 6467841
301 1305 6467844
302 1306 6467847
303 1305 6467850
301 1302 6467853
305 1539 6467856
299 1306 6467859
289 1289 6467862
313 1318 6467865
299 1306 6467869
301 1300 6467871
304 1309 6467874
303 1302 6467877
305 1307 6467880
302 1309 6467883
303 1304 6467886
305 1306 6467889
304 1305 6467892
303 1304 6467895
329 1304 6467898
306 1303 6467902
324 1314 6467904
301 1293 6467907
307 1299 6467910
308 1313 6467913
302 1301 6467916
304 1305 6467919
303 1307 6467922
303 1303 6467925
301 1304 6467928
304 1307 6467931
303 1306 6467935
300 1300 6467937
303 1264 6467940
306 1302 6467943
302 1303 6467946
298 1288 6467949
309 1316 6467952
298 1303 6467955
303 1301 6467958
303 1306 6467961
301 1304 6467964
306 1306 6467968
303 1302 6467970
302 1303 6467973
302 1308 6467976
302 1305 6467979
307 1305 6467982
300 1309 6467985
302 1305 6467988
320 1310 6467991
295 1289 6467994
304 1299 6467997
302 1304 6468001
303 1304 6468005
305 1309 6468008
303 1304 6468011
299 1303 6468014
304 1308 6468017
303 1305 6468020
302 1306 6468023
304 1305 6468026
310 1303 6468029
302 1265 6468032
297 1302 6468035
292 1306 6468038
309 1308 6468041
301 1302 6468044
302 1306 6468047
302 1307 6468050
301 1306 6468053
304 1305 6468056
300 1305 6468059
303 1305 6468062
303 1304 6468065
302 1326 6468068
301 1302 6468071
307 1305 6468074
303 1289 6468077
298 1317 6468080
308 1303 6468083
297 1302 6468086
304 1310 6468089
302 1305 6468092
302 1304 6468095
304 1308 6468098
299 1302 6468101
300 1304 6468104
305 1305 6468107
301 1305 6468110
278 1410 6468113
304 1309 6468116
303 1287 6468119
307 1320 6468122
306 1302 6468125
296 1303 6468128
305 1308 6468131
301 1303 6468134
299 1306 6468137
304 1305 6468140
302 1305 6468143
301 1306 6468146
304 1307 6468149
302 1307 6468152
303 1305 6468155
317 1304 6468158
303 1306 6468161
317 1321 6468164
299 1299 6468167
296 1308 6468170
311 1305 6468173
300 1305 6468176
302 1306 6468179
303 1303 6468182
303 1306 6468185
304 1306 6468188
303 1306 6468191
303 1305 6468194
303 1304 6468197
297 1306 6468200
299 1304 6468203
304 1327 6468206
308 1303 6468209
295 1301 6468212
310 1308 6468215
303 1305 6468218
302 1310 6468221
304 1306 6468224
301 1304 6468227
300 1304 6468230
300 1305 6468233
303 1305 6468236
304 1305 6468239
304 1309 6468242
301 1303 6468245
302 1313 6468248
326 1276 6468251
297 1297 6468254
301 1314 6468257
305 1301 6468260
299 1306 6468263
304 1305 6468266
303 1303 6468269
304 1307 6468272
302 1305 6468275
300 1304 6468278
303 1305 6468281
302 1308 6468284
304 1328 6468287
302 1304 6468290
303 1322 6468293
311 1303 6468296
298 1300 6468299
305 1309 6468302
302 1304 6468305
303 1306 6468308
302 1302 6468311
302 1304 6468314
306 1305 6468317
303 1307 6468320
303 1306 6468323
302 1304 6468326
303 1301 6468329
343 1303 6468332
302 1305 6468335
315 1323 6468338
293 1299 6468341
290 1304 6468344
308 1306 6468347
302 1305 6468350
301 1310 6468353
304 1303 6468356
302 1303 6468359
305 1305 6468362
303 1302 6468365
301 1303 6468368
304 1309 6468371
323 1293 6468374
302 1304 6468377
301 1294 6468380
317 1318 6468383
300 1298 6468386
296 1305 6468389
305 1305 6468392
302 1303 6468395
302 1305 6468398
304 1303 6468401
303 1307 6468404
304 1305 6468407
301 1304 6468410
301 1306 6468413
304 1305 6468416
303 1299 6468419
303 1308 6468422
301 1288 6468425
310 1318 6468428
305 1299 6468431
298 1305 6468434
306 1307 6468437
302 1304 6468440
300 1306 6468443
304 1305 6468446
303 1303 6468449
303 1305 6468452
303 1305 6468455
306 1304 6468458
305 1303 6468461
309 1301 6468464
304 1297 6468467
310 1292 6468470
296 1316 6468473
308 1302 6468476
298 1303 6468479
306 1306 6468482
303 1304 6468485
298 1308 6468488
301 1305 6468491
300 1304 6468494
301 1307 6468497
301 1306 6468500
303 1305 6468503
302 1308 6468506
299 1305 6468509
311 1327 6468512
297 1302 6468515
292 1306 6468518
310 1308 6468521
300 1302 6468524
303 1310 6468527
304 1304 6468530
295 1303 6468533
303 1304 6468536
303 1305 6468539
301 1305 6468542
303 1307 6468545
304 1308 6468548
234 1307 6468551
302 1306 6468554
300 1321 6468557
311 1303 6468560
297 1303 6468563
306 1308 6468566
302 1302 6468569
302 1305 6468572
301 1306 6468575
304 1305 6468578
304 1307 6468581
302 1308 6468584
303 1306 6468587
301 1304 6468590
355 1309 6468593
299 1308 6468596
304 1301 6468599
287 1313 6468602
315 1307 6468605
295 1299 6468608
302 1310 6468611
304 1303 6468614
300 1308 6468617
304 1305 6468620
303 1302 6468623
302 1308 6468626
303 1306 6468629
303 1303 6468632
303 1306 6468635
306 1315 6468638
301 1301 6468641
291 1300 6468644
297 1297 6468647
305 1314 6468650
303 1302 6468653
302 1305 6468656
304 1308 6468659
300 1305 6468662
301 1307 6468665
303 1306 6468668
316 1306 6468671
301 1304 6468674
302 1307 6468677
304 1304 6468680
314 1304 6468683
303 1307 6468686
320 1315 6468689
301 1302 6468692
298 1308 6468695
304 1304 6468698
304 1304 6468701
305 1307 6468704
300 1303 6468707
302 1306 6468710
303 1307 6468713
305 1306 6468716
303 1305 6468719
302 1304 6468722
309 1248 6468725
303 1305 6468728
302 1294 6468731
318 1317 6468734
291 1303 6468737
296 1304 6468740
305 1306 6468743
302 1305 6468746
303 1306 6468749
302 1305 6468752
304 1307 6468755
303 1304 6468758
300 1303 6468761
302 1304 6468764
304 1328 6468767
349 1304 6468770
303 1303 6468773
290 1293 6468776
318 1316 6468779
301 1299 6468782
300 1307 6468785
310 1305 6468788
299 1304 6468791
300 1304 6468794
302 1305 6468797
303 1304 6468800
304 1306 6468803
301 1303 6468806
302 1306 6468809
211 1308 6468812
300 1306 6468815
302 1307 6468818
291 1298 6468821
314 1309 6468824
302 1301 6468827
300 1308 6468830
304 1306 6468833
302 1304 6468836
300 1303 6468839
303 1305 6468842
304 1305 6468845
302 1307 6468848
302 1309 6468851
302 1459 6468854
302 1301 6468857
303 1304 6468860
308 1293 6468863
293 1314 6468866
310 1305 6468869
296 1302 6468872
306 1308 6468875
303 1301 6468878
304 1305 6468881
304 1308 6468884
303 1304 6468887
300 1303 6468890
302 1304 6468893
303 1304 6468896
342 1307 6468899
300 1306 6468902
300 1310 6468905
289 1303 6468908
313 1309 6468911
301 1300 6468914
301 1309 6468917
306 1305 6468920
301 1306 6468923
303 1305 6468926
302 1302 6468929
302 1304 6468932
300 1305 6468935
303 1304 6468938
302 1293 6468941
313 1304 6468944
304 1306 6468947
292 1293 6468950
314 1312 6468953
301 1301 6468956
296 1305 6468959
302 1305 6468962
301 1304 6468965
302 1307 6468968
301 1304 6468971
307 1305 6468974
304 1306 6468977
299 1306 6468980
302 1305 6468983
301 1280 6468986
303 1305 6468989
303 1297 6468992
318 1312 6468995
295 1297 6468998
297 1309 6469002
303 1303 6469005
301 1302 6469008
303 1308 6469011
301 1306 6469014
304 1305 6469017
305 1304 6469020
301 1307 6469023
301 1304 6469026
302 1306 6469029
305 1304 6469032
302 1304 6469034
308 1294 6469037
299 1313 6469040
306 1304 6469043
298 1305 6469046
301 1308 6469049
300 1306 6469052
304 1303 6469055
304 1305 6469058
303 1304 6469061
303 1304 6469064
302 1304 6469067
303 1302 6469070
334 1306 6469073
304 1306 6469076
303 1323 6469079
299 1301 6469082
297 1301 6469085
306 1308 6469088
300 1301 6469091
301 1305 6469094
303 1307 6469097
299 1303 6469100
302 1303 6469103
305 1306 6469106
301 1304 6469109
300 1357 6469112
307 1301 6469115
302 1306 6469118
302 1292 6469121
297 1314 6469124
308 1302 6469127
299 1307 6469130
302 1306 6469133
303 1304 6469136
302 1304 6469139
301 1307 6469142
302 1305 6469145
301 1305 6469148
301 1307 6469151
300 1306 6469154
301 1307 6469157
301 1303 6469160
317 1303 6469163
303 1297 6469166
295 1309 6469169
307 1308 6469172
300 1305 6469175
307 1307 6469178
302 1307 6469181
301 1305 6469184
302 1305 6469187
302 1303 6469190
300 1305 6469193
304 1307 6469196
297 1328 6469199
303 1307 6469202
303 1303 6469205
317 1318 6469208
298 1300 6469211
299 1307 6469214
306 1307 6469217
302 1304 6469220
300 1306 6469223
304 1306 6469226
303 1308 6469229
301 1304 6469232
300 1306 6469235
302 1306 6469238
269 580 6469241
299 1306 6469244
301 1292 6469247
294 1317 6469250
310 1294 6469253
297 1300 6469256
302 1311 6469259
305 1304 6469262
299 1304 6469265
301 1306 6469268
305 1306 6469271
302 1305 6469274
302 1306 6469277
303 1305 6469280
303 1305 6469283
303 1305 6469286
299 1311 6469289
309 1294 6469292
302 1315 6469295
303 1303 6469298
300 1306 6469301
307 1308 6469304
302 1306 6469307
300 1306 6469310
304 1304 6469313
302 1304 6469316
300 1304 6469319
302 1304 6469322
303 1304 6469325
316 1304 6469328
302 1319 6469331
322 1304 6469334
302 1298 6469337
302 1312 6469340
303 1303 6469343
300 1304 6469346
303 1303 6469349
300 1303 6469352
300 1305 6469355
303 1304 6469358
302 1305 6469361
303 1308 6469364
304 1299 6469367
311 1306 6469370
302 1307 6469373
293 1322 6469376
314 1294 6469379
296 1300 6469382
303 1308 6469385
302 1303 6469388
302 1306 6469391
304 1305 6469394
301 1306 6469397
304 1306 6469400
303 1305 6469403
300 1307 6469406
303 1149 6469409
304 1303 6469412
304 1305 6469415
310 1297 6469418
291 1310 6469421
311 1305 6469424
300 1302 6469427
301 1307 6469430
305 1305 6469433
304 1305 6469436
302 1307 6469439
304 1305 6469442
301 1301 6469445
301 1305 6469448
302 1305 6469451
301 1313 6469454
300 1307 6469457
320 1325 6469460
297 1303 6469463
296 1307 6469466
308 1307 6469469
299 1302 6469472
300 1308 6469475
304 1302 6469478
300 1306 6469481
302 1305 6469484
302 1305 6469487
303 1307 6469490
303 1307 6469493
307 1330 6469496
302 1307 6469499
304 1294 6469502
289 1313 6469505
310 1304 6469508
297 1299 6469511
303 1310 6469514
302 1302 6469517
299 1302 6469520
303 1306 6469523
300 1305 6469526
300 1304 6469529
303 1304 6469532
304 1308 6469535
300 1305 6469538
325 1302 6469541
304 1316 6469544
319 1298 6469547
300 1297 6469550
305 1310 6469553
306 1305 6469556
300 1306 6469559
298 1304 6469562
304 1304 6469565
303 1306 6469568
302 1307 6469571
302 1304 6469574
304 1303 6469577
304 1292 6469580
301 1302 6469583
303 1305 6469586
308 1293 6469589
295 1315 6469592
308 1302 6469595
298 1303 6469598
304 1308 6469601
302 1303 6469604
302 1305 6469607
301 1305 6469610
300 1304 6469613
304 1303 6469616
301 1302 6469619
302 1304 6469622
324 1287 6469625
304 1306 6469628
302 1291 6469631
314 1320 6469634
304 1300 6469637
295 1304 6469640
304 1305 6469643
301 1304 6469646
302 1306 6469649
302 1304 6469652
300 1305 6469655
302 1305 6469658
300 1316 6469661
299 1306 6469664
303 1309 6469667
328 1306 6469670
298 1305 6469673
308 1321 6469676
304 1299 6469679
294 1304 6469682
304 1306 6469685
301 1303 6469688
303 1306 6469691
300 1303 6469694
302 1305 6469697
302 1306 6469700
302 1304 6469703
300 1307 6469706
306 1306 6469709
304 1344 6469712
301 1308 6469715
304 1322 6469718
312 1303 6469721
297 1302 6469724
304 1308 6469727
301 1303 6469730
302 1305 6469733
302 1306 6469736
301 1305 6469739
303 1303 6469742
302 1304 6469745
301 1304 6469748
301 1305 6469751
305 1303 6469754
301 1303 6469757
299 1309 6469760
321 1310 6469763
300 1296 6469766
298 1311 6469769
307 1304 6469772
300 1301 6469775
302 1306 6469778
301 1305 6469781
301 1302 6469784
302 1304 6469787
302 1307 6469790
300 1304 6469793
302 1304 6469796
301 1327 6469799
298 1309 6469802
310 1326 6469805
291 1299 6469808
294 1306 6469811
306 1310 6469814
300 1302 6469817
302 1306 6469820
301 1305 6469823
299 1302 6469826
301 1306 6469829
302 1304 6469832
299 1307 6469835
301 1307 6469838
304 1312 6469841
245 1302 6469844
300 1305 6469847
314 1317 6469850
287 1296 6469853
296 1311 6469856
305 1305 6469859
301 1300 6469862
301 1306 6469865
300 1307 6469868
300 1303 6469871
302 1305 6469874
300 1306 6469877
301 1305 6469880
300 1304 6469883
310 1301 6469886
306 1307 6469889
302 1303 6469892
319 1310 6469895
299 1296 6469898
299 1310 6469901
305 1304 6469904
299 1302 6469907
303 1306 6469910
303 1301 6469913
301 1303 6469916
302 1305 6469919
302 1308 6469922
299 1305 6469925
301 1337 6469928
334 1307 6469931
303 1306 6469934
286 1314 6469937
314 1307 6469940
297 1300 6469943
302 1308 6469946
303 1304 6469949
297 1305 6469952
304 1308 6469955
299 1302 6469958
301 1304 6469961
303 1306 6469964
302 1304 6469967
300 1306 6469970
335 1455 6469973
302 1306 6469976
297 1288 6469979
297 1319 6469982
309 1300 6469985
295 1303 6469988
304 1307 6469991
301 1304 6469994
299 1304 6469997
305 1304 6470001
303 1308 6470004
302 1308 6470007
302 1307 6470010
302 1302 6470013
301 1338 6470016
325 1304 6470019
302 1306 6470022
291 1292 6470025
313 1315 6470028
302 1298 6470031
299 1307 6470034
307 1306 6470037
302 1304 6470039
302 1305 6470042
305 1305 6470045
302 1304 6470048
302 1305 6470051
300 1305 6470054
301 1306 6470057
296 1350 6470060
300 1306 6470063
300 1288 6470066
306 1319 6470069
306 1301 6470072
296 1304 6470075
306 1309 6470078
300 1304 6470081
301 1307 6470084
302 1302 6470087
301 1306 6470090
300 1304 6470093
301 1303 6470096
304 1307 6470099
303 1307 6470102
310 1302 6470105
302 1306 6470108
301 1321 6470111
307 1301 6470114
298 1301 6470117
305 1306 6470120
300 1303 6470123
299 1302 6470126
302 1304 6470129
302 1308 6470132
301 1307 6470135
301 1305 6470138
302 1304 6470141
303 1307 6470144
296 1293 6470147
298 1305 6470150
301 1315 6470153
315 1305 6470156
298 1295 6470159
302 1309 6470162
303 1305 6470165
300 1306 6470168
302 1304 6470171
304 1305 6470174
303 1305 6470177
301 1305 6470180
301 1305 6470183
301 1306 6470186
299 1299 6470189
330 1299 6470192
302 1323 6470195
324 1296 6470198
300 1300 6470201
302 1310 6470204
304 1303 6470207
301 1306 6470210
303 1307 6470213
300 1305 6470216
301 1304 6470219
301 1305 6470222
300 1304 6470225
301 1304 6470228
302 1304 6470231
308 1314 6470234
296 1305 6470237
324 1298 6470240
281 1297 6470243
310 1314 6470246
304 1301 6470249
302 1304 6470252
303 1304 6470255
300 1303 6470258
301 1303 6470261
305 1305 6470264
302 1306 6470267
301 1303 6470270
302 1304 6470273
388 1302 6470276
287 1313 6470279
300 1269 6470282
279 1317 6470285
318 1310 6470288
295 1299 6470291
301 1309 6470294
304 1304 6470297
301 1306 6470300
301 1307 6470303
301 1307 6470306
299 1306 6470309
303 1305 6470312
303 1308 6470315
301 1278 6470318
326 1301 6470321
298 1307 6470324
324 1332 6470327
306 1292 6470330
295 1307 6470333
306 1300 6470336
301 1302 6470339
302 1306 6470342
303 1306 6470345
302 1307 6470348
303 1302 6470351
302 1306 6470354
303 1305 6470357
303 1304 6470360
307 1323 6470363
298 1306 6470366
325 1302 6470369
274 1291 6470372
309 1317 6470375
307 1302 6470378
297 1306 6470381
303 1304 6470384
302 1305 6470387
299 1303 6470390
300 1303 6470393
303 1305 6470396
302 1306 6470399
299 1305 6470402
288 1339 6470405
291 1303 6470408
325 1339 6470411
299 1286 6470414
312 1313 6470417
326 1309 6470420
309 1316 6470423
302 1364 6470426
280 1474 6470429
248 1607 6470432
217 1737 6470435
206 1859 6470438
203 1978 6470441
206 2088 6470444
191 2194 6470447
207 2163 6470450
225 2188 6470453
216 2115 6470456
198 2132 6470459
221 2140 6470462
210 2139 6470465
210 2145 6470468
215 2145 6470471
211 2144 6470474
212 2147 6470477
210 2145 6470480
213 2146 6470483
210 2146 6470486
183 2220 6470489
207 2140 6470492
218 2184 6470495
231 2137 6470498
195 2138 6470501
218 2150 6470504
213 2143 6470507
210 2146 6470510
213 2145 6470513
213 2145 6470516
210 2146 6470519
211 2144 6470522
214 2145 6470525
212 2147 6470528
178 2184 6470531
211 2140 6470534
212 2166 6470537
240 2148 6470540
199 2135 6470543
215 2157 6470546
215 2142 6470549
209 2145 6470552
215 2143 6470555
212 2145 6470558
213 2145 6470561
211 2143 6470564
209 2143 6470567
210 2147 6470570
199 2087 6470573
217 2148 6470576
211 2120 6470579
226 2168 6470582
217 2132 6470585
203 2145 6470588
216 2149 6470591
212 2143 6470594
211 2148 6470597
212 2145 6470600
212 2147 6470603
214 2144 6470606
210 2147 6470609
215 2148 6470612
218 2143 6470615
194 2155 6470618
209 2111 6470621
184 2153 6470624
230 2151 6470627
208 2138 6470630
210 2150 6470633
221 2145 6470636
215 2144 6470639
222 2144 6470642
224 2144 6470645
220 2143 6470648
223 2144 6470651
228 2142 6470654
226 2144 6470657
258 2133 6470660
230 2181 6470663
237 2116 6470666
214 2143 6470669
241 2146 6470672
229 2140 6470675
232 2144 6470678
233 2140 6470681
229 2139 6470684
232 2142 6470687
233 2139 6470690
234 2141 6470693
232 2142 6470696
228 2126 6470699
269 2142 6470702
233 2145 6470705
236 2172 6470708
245 2133 6470711
225 2136 6470714
236 2146 6470717
231 2137 6470720
230 2140 6470723
232 2139 6470726
232 2141 6470729
231 2142 6470732
234 2141 6470735
233 2143 6470738
232 2146 6470741
244 2132 6470744
232 2138 6470747
232 2112 6470750
214 2150 6470753
246 2145 6470756
226 2139 6470759
228 2146 6470762
229 2140 6470765
229 2141 6470768
234 2144 6470771
229 2141 6470774
228 2139 6470777
229 2142 6470780
226 2143 6470783
215 2156 6470786
232 2140 6470789
228 2146 6470792
255 2158 6470795
216 2129 6470798
224 2147 6470801
235 2145 6470804
226 2144 6470807
226 2142 6470810
228 2140 6470813
226 2143 6470816
225 2142 6470819
223 2139 6470822
225 2143 6470825
225 2144 6470828
254 2131 6470831
225 2170 6470834
236 2118 6470837
209 2149 6470840
234 2148 6470843
219 2137 6470846
223 2147 6470849
223 2142 6470852
223 2141 6470855
224 2145 6470858
224 2143 6470861
222 2141 6470864
223 2144 6470867
224 2230 6470870
222 2132 6470873
231 2140 6470876
185 2130 6470879
240 2161 6470882
220 2135 6470885
214 2141 6470888
225 2146 6470891
222 2142 6470894
219 2143 6470897
223 2147 6470900
222 2145 6470903
220 2144 6470906
221 2144 6470909
220 2142 6470912
205 2218 6470915
217 2140 6470918
225 2182 6470921
236 2134 6470924
207 2139 6470927
223 2148 6470930
219 2143 6470933
219 2145 6470936
219 2144 6470939
218 2147 6470942
219 2143 6470945
219 2142 6470948
219 2142 6470951
219 2144 6470954
220 2153 6470957
248 2135 6470960
213 2168 6470963
215 2119 6470966
206 2153 6470969
231 2150 6470972
214 2141 6470975
218 2146 6470978
219 2142 6470981
214 2142 6470984
218 2145 6470987
217 2144 6470990
216 2145 6470993
216 2145 6470996
218 2227 6471000
216 2128 6471003
225 2143 6471006
176 2131 6471009
232 2162 6471012
212 2138 6471015
213 2150 6471018
220 2146 6471021
216 2141 6471024
216 2144 6471027
219 2146 6471030
216 2145 6471032
212 2143 6471035
215 2147 6471038
216 2145 6471041
202 2214 6471044
211 2140 6471047
218 2181 6471050
235 2136 6471053
202 2138 6471056
218 2152 6471059
214 2142 6471062
213 2147 6471065
217 2145 6471068
214 2143 6471071
217 2147 6471074
214 2142 6471077
214 2143 6471080
215 2146 6471083
217 2149 6471086
197 2145 6471089
214 2137 6471092
185 2133 6471095
225 2159 6471098
216 2140 6471101
210 2145 6471104
219 2148 6471107
214 2142 6471110
212 2144 6471113
215 2146 6471116
215 2143 6471119
212 2145 6471122
215 2148 6471125
218 2127 6471128
272 2141 6471131
210 2148 6471134
247 2167 6471137
208 2128 6471140
207 2146 6471143
220 2146 6471146
211 2144 6471149
215 2146 6471152
213 2146 6471155
214 2146 6471158
217 2145 6471161
212 2144 6471164
215 2147 6471167
212 2234 6471170
216 2130 6471173
220 2142 6471176
190 2113 6471179
214 2164 6471182
225 2145 6471185
205 2141 6471188
218 2150 6471191
215 2144 6471194
211 2147 6471197
213 2148 6471200
214 2143 6471203
215 2147 6471206
213 2144 6471209
212 2143 6471212
191 2180 6471215
209 2143 6471218
222 2185 6471221
226 2130 6471224
200 2144 6471227
219 2151 6471230
212 2142 6471233
212 2145 6471236
213 2142 6471239
214 2144 6471242
215 2146 6471245
214 2144 6471248
215 2147 6471251
213 2145 6471254
227 2144 6471257
198 2154 6471260
210 2109 6471263
199 2159 6471266
229 2149 6471269
206 2139 6471272
212 2152 6471275
217 2145 6471278
211 2144 6471281
216 2147 6471284
211 2143 6471287
213 2145 6471290
213 2144 6471293
216 2147 6471296
213 2132 6471299
266 2138 6471302
211 2164 6471305
248 2138 6471308
189 2135 6471311
219 2153 6471314
215 2145 6471317
207 2145 6471320
215 2145 6471323
214 2143 6471326
217 2149 6471329
213 2144 6471332
214 2142 6471335
211 2146 6471338
213 2172 6471341
215 2126 6471344
221 2145 6471347
183 2118 6471350
218 2160 6471353
221 2140 6471356
206 2143 6471359
216 2145 6471362
211 2145 6471365
209 2144 6471368
213 2146 6471371
211 2143 6471374
211 2144 6471377
213 2146 6471380
213 2148 6471383
182 2160 6471386
211 2142 6471389
215 2169 6471392
240 2149 6471395
199 2138 6471398
212 2151 6471401
213 2145 6471404
209 2145 6471407
212 2145 6471410
211 2147 6471413
215 2146 6471416
210 2145 6471419
215 2145 6471422
213 2147 6471425
214 2154 6471428
227 2137 6471431
211 2167 6471434
203 2119 6471437
204 2154 6471440
222 2147 6471443
210 2145 6471446
213 2148 6471449
211 2142 6471452
214 2144 6471455
216 2147 6471458
211 2146 6471461
212 2144 6471464
211 2145 6471467
212 2152 6471470
201 2142 6471473
217 2143 6471476
183 2159 6471479
237 2154 6471482
203 2135 6471485
210 2150 6471488
216 2145 6471491
210 2143 6471494
212 2145 6471497
212 2146 6471500
210 2145 6471503
210 2144 6471506
209 2145 6471509
214 2147 6471512
198 2181 6471515
204 2143 6471518
230 2183 6471521
208 2123 6471524
200 2148 6471527
220 2146 6471530
208 2143 6471533
212 2148 6471536
217 2145 6471539
211 2146 6471542
214 2145 6471545
213 2149 6471548
209 2144 6471551
213 2148 6471554
495 2150 6471557
197 2153 6471560
210 2120 6471563
185 2145 6471566
226 2154 6471569
211 2138 6471572
209 2147 6471575
215 2146 6471578
213 2144 6471581
207 2147 6471584
213 2147 6471587
213 2145 6471590
212 2147 6471593
211 2147 6471596
215 2108 6471599
159 2149 6471602
210 2146 6471605
208 2173 6471608
231 2137 6471611
200 2144 6471614
213 2151 6471617
214 2144 6471620
211 2145 6471623
211 2145 6471626
209 2146 6471629
213 2144 6471632
210 2145 6471635
211 2146 6471638
210 2145 6471641
217 2178 6471644
203 2146 6471647
235 2146 6471650
186 2131 6471653
214 2154 6471656
213 2143 6471659
207 2145 6471662
215 2138 6471665
211 2145 6471668
212 2147 6471671
212 2144 6471674
214 2145 6471677
214 2147 6471680
211 2145 6471683
236 2161 6471686
211 2151 6471689
208 2119 6471692
208 2161 6471695
222 2139 6471698
207 2146 6471701
215 2149 6471704
211 2144 6471707
213 2148 6471710
214 2148 6471713
211 2143 6471716
212 2145 6471719
213 2148 6471722
212 2148 6471725
212 2130 6471728
236 2140 6471731
211 2157 6471734
229 2136 6471737
217 2139 6471740
210 2148 6471743
211 2146 6471746
210 2143 6471749
212 2145 6471752
210 2147 6471755
212 2147 6471758
211 2143 6471761
211 2145 6471764
212 2145 6471767
213 2144 6471770
200 2134 6471773
213 2146 6471776
214 2145 6471779
220 2142 6471782
213 2144 6471785
212 2147 6471788
213 2147 6471791
212 2145 6471794
212 2145 6471797
211 2146 6471800
211 2142 6471803
210 2144 6471806
214 2146 6471809
214 2146 6471812
211 2145 6471815
0 2145 6471818
214 2147 6471821
206 2145 6471824
217 2146 6471827
214 2146 6471830
211 2147 6471833
212 2145 6471836
213 2146 6471839
213 2148 6471842
212 2146 6471845
210 2145 6471848
213 2146 6471851
213 2148 6471854
210 2146 6471857
227 2148 6471860
213 2147 6471863
212 2149 6471866
210 2143 6471869
212 2146 6471872
214 2148 6471875
212 2147 6471878
211 2143 6471881
213 2148 6471884
215 2147 6471887
211 2146 6471890
211 2147 6471893
213 2149 6471896
210 2145 6471899
212 2483 6471902
211 2145 6471905
213 2146 6471908
213 2146 6471911
209 2143 6471914
213 2148 6471917
215 2144 6471920
213 2147 6471923
213 2147 6471926
214 2144 6471929
213 2145 6471932
211 2145 6471935
212 2145 6471938
213 2146 6471941
213 2144 6471944
211 2147 6471947
210 2146 6471950
215 2149 6471953
215 2146 6471956
212 2148 6471959
215 2145 6471962
213 2145 6471965
212 2147 6471968
213 2147 6471971
213 2147 6471974
213 2147 6471977
209 2146 6471980
219 2147 6471983
216 2145 6471986
214 2147 6471989
211 2152 6471992
214 2144 6471995
217 2147 6471998
212 2144 6472002
213 2145 6472005
216 2142 6472008
213 2148 6472011
213 2147 6472014
213 2145 6472017
213 2143 6472020
215 2147 6472023
212 2145 6472026
214 2144 6472029
212 2147 6472032
107 2150 6472034
214 2146 6472037
214 2149 6472040
213 2141 6472043
209 2145 6472046
214 2146 6472049
214 2148 6472052
215 2144 6472055
212 2144 6472058
211 2145 6472061
212 2144 6472064
209 2145 6472067
213 2146 6472070
215 2145 6472073
213 1972 6472076
211 2147 6472079
211 2144 6472082
216 2146 6472085
210 2144 6472088
213 2145 6472091
211 2145 6472094
216 2147 6472097
211 2145 6472100
213 2145 6472103
215 2147 6472106
212 2147 6472109
214 2146 6472112
216 2145 6472115
213 2149 6472118
223 2058 6472121
215 2144 6472124
215 2145 6472127
212 2147 6472130
214 2145 6472133
213 2145 6472136
211 2145 6472139
211 2148 6472142
211 2144 6472145
214 2146 6472148
211 2148 6472151
214 2146 6472154
211 2144 6472157
216 2145 6472160
214 2141 6472163
178 2144 6472166
214 2144 6472169
212 2148 6472172
216 2147 6472175
212 2143 6472178
213 2143 6472181
212 2145 6472184
211 2144 6472187
211 2144 6472190
213 2145 6472193
215 2148 6472196
208 2145 6472199
210 2143 6472202
215 2149 6472205
214 2140 6472208
212 2145 6472211
216 2149 6472214
216 2147 6472217
211 2145 6472220
213 2145 6472223
214 2146 6472226
215 2147 6472229
210 2145 6472232
212 2147 6472235
213 2147 6472238
210 2146 6472241
214 2146 6472244
214 2147 6472247
233 2147 6472250
209 2145 6472253
214 2146 6472256
214 2145 6472259
214 2147 6472262
212 2144 6472265
211 2148 6472268
218 2148 6472271
214 2144 6472274
213 2143 6472277
214 2147 6472280
213 2145 6472283
211 2144 6472286
213 2145 6472289
216 2159 6472292
351 2147 6472295
212 2147 6472298
209 2146 6472301
215 2146 6472304
213 2145 6472307
207 2146 6472310
215 2144 6472313
213 2145 6472316
214 2144 6472319
213 2143 6472322
214 2145 6472325
213 2144 6472328
212 2144 6472331
213 2145 6472334
220 2175 6472337
214 2146 6472340
213 2148 6472343
215 2145 6472346
212 2144 6472349
212 2147 6472352
213 2147 6472355
214 2146 6472358
217 2146 6472361
214 2145 6472364
214 2146 6472367
216 2144 6472370
212 2147 6472373
214 2147 6472376
214 2147 6472379
219 2146 6472382
213 2149 6472385
216 2144 6472388
213 2147 6472391
215 2148 6472394
213 2145 6472397
215 2146 6472400
215 2143 6472403
213 2147 6472406
216 2148 6472409
214 2144 6472412
215 2146 6472415
213 2144 6472418
213 2022 6472421
86 2146 6472424
214 2145 6472427
211 2141 6472430
213 2146 6472433
214 2147 6472436
213 2145 6472439
216 2146 6472442
215 2146 6472445
212 2147 6472448
213 2146 6472451
213 2143 6472454
214 2142 6472457
212 2145 6472460
212 2146 6472463
221 2086 6472466
212 2146 6472469
214 2145 6472472
213 2147 6472475
215 2144 6472478
212 2147 6472481
212 2144 6472484
212 2143 6472487
215 2145 6472490
211 2148 6472493
212 2144 6472496
212 2145 6472499
215 2147 6472502
214 2148 6472505
212 2155 6472508
208 2143 6472511
214 2146 6472514
215 2149 6472517
211 2143 6472520
213 2146 6472523
214 2147 6472526
213 2144 6472529
215 2146 6472532
217 2149 6472535
215 2146 6472538
216 2144 6472541
215 2146 6472544
212 2147 6472547
214 2145 6472550
214 2135 6472553
212 2147 6472556
216 2149 6472559
211 2142 6472562
213 2148 6472565
214 2148 6472568
212 2143 6472571
213 2147 6472574
213 2146 6472577
215 2146 6472580
212 2142 6472583
212 2144 6472586
214 2150 6472589
214 2147 6472592
1016 2143 6472595
219 2146 6472598
214 2151 6472601
212 2143 6472604
211 2147 6472607
218 2146 6472610
213 2146 6472613
212 2144 6472616
214 2144 6472619
214 2147 6472622
216 2148 6472625
212 2143 6472628
215 2146 6472631
215 2145 6472634
216 2181 6472637
215 2141 6472640
215 2143 6472643
212 2139 6472646
212 2143 6472649
216 2148 6472652
215 2148 6472655
209 2143 6472658
213 2144 6472661
215 2147 6472664
217 2145 6472667
214 2145 6472670
214 2146 6472673
213 2145 6472676
215 2145 6472679
122 2280 6472682
210 2146 6472685
215 2145 6472688
214 2143 6472691
213 2146 6472694
216 2147 6472697
216 2145 6472700
213 2146 6472703
213 2146 6472706
216 2146 6472709
213 2144 6472712
210 2143 6472715
214 2144 6472718
215 2144 6472721
212 2029 6472724
16 2147 6472727
214 2146 6472730
213 2142 6472733
213 2146 6472736
214 2146 6472739
215 2143 6472742
214 2144 6472745
212 2143 6472748
211 2144 6472751
214 2146 6472754
216 2148 6472757
212 2145 6472760
214 2146 6472763
215 2146 6472766
125 2397 6472769
213 2146 6472772
214 2144 6472775
211 2142 6472778
211 2147 6472781
214 2144 6472784
212 2145 6472787
215 2148 6472790
212 2144 6472793
214 2146 6472796
215 2147 6472799
215 2148 6472802
214 2149 6472805
215 2144 6472808
213 2200 6472811
233 2148 6472814
214 2144 6472817
217 2145 6472820
213 2147 6472823
213 2147 6472826
214 2146 6472829
215 2147 6472832
214 2150 6472835
212 2145 6472838
214 2143 6472841
214 2146 6472844
211 2147 6472847
209 2144 6472850
213 2147 6472853
165 2135 6472856
216 2146 6472859
211 2145 6472862
213 2145 6472865
213 2149 6472868
214 2146 6472871
212 2144 6472874
212 2149 6472877
213 2146 6472880
214 2143 6472883
215 2148 6472886
215 2150 6472889
212 2145 6472892
214 2146 6472895
214 2093 6472898
192 2150 6472901
214 2146 6472904
213 2141 6472907
211 2148 6472910
213 2145 6472913
214 2142 6472916
215 2148 6472919
216 2146 6472922
211 2144 6472925
214 2147 6472928
214 2144 6472931
213 2148 6472934
214 2145 6472937
213 2145 6472940
290 2165 6472943
216 2147 6472946
213 2147 6472949
212 2146 6472952
216 2147 6472955
212 2141 6472958
213 2144 6472961
214 2146 6472964
215 2147 6472967
213 2147 6472970
214 2142 6472973
216 2148 6472976
214 2146 6472979
214 2146 6472982
219 2242 6472985
249 2148 6472988
215 2144 6472991
218 2145 6472994
210 2144 6472997
216 2145 6473001
215 2142 6473004
214 2148 6473007
214 2146 6473010
216 2146 6473013
213 2148 6473016
214 2145 6473019
215 2146 6473022
215 2142 6473025
215 2146 6473028
311 2191 6473031
215 2144 6473034
213 2146 6473037
213 2145 6473040
217 2146 6473043
216 2144 6473045
215 2148 6473048
215 2147 6473051
212 2145 6473054
214 2145 6473057
216 2148 6473060
213 2146 6473063
216 2142 6473066
213 2147 6473069
214 2161 6473072
1222 2145 6473075
212 2147 6473078
214 2143 6473081
213 2147 6473084
217 2146 6473087
216 2145 6473090
215 2147 6473093
214 2144 6473096
211 2143 6473099
216 2147 6473102
215 2145 6473105
214 2145 6473108
214 2148 6473111
214 2146 6473114
303 1591 6473117
215 2145 6473120
212 2145 6473123
209 2144 6473126
214 2146 6473129
209 2144 6473132
213 2147 6473135
215 2145 6473138
214 2145 6473141
214 2147 6473144
214 2145 6473147
215 2146 6473150
213 2145 6473153
215 2146 6473156
213 2145 6473159
216 2144 6473162
210 2148 6473165
217 2146 6473168
209 2143 6473171
213 2146 6473174
215 2148 6473177
214 2147 6473180
214 2147 6473183
213 2146 6473186
212 2147 6473189
213 2147 6473192
215 2146 6473195
210 2147 6473198
215 2140 6473201
211 2144 6473204
214 2142 6473207
215 2151 6473210
214 2147 6473213
211 2145 6473216
215 2147 6473219
214 2148 6473222
212 2146 6473225
213 2145 6473228
211 2149 6473231
214 2147 6473234
214 2145 6473237
214 2147 6473240
213 2222 6473243
0 2147 6473246
215 2147 6473249
211 2142 6473252
213 2148 6473255
217 2147 6473258
212 2144 6473261
211 2147 6473264
215 2147 6473267
213 2144 6473270
214 2146 6473273
213 2148 6473276
214 2144 6473279
214 2146 6473282
214 2145 6473285
214 2136 6473288
212 2145 6473291
220 2150 6473294
209 2144 6473297
211 2148 6473300
212 2146 6473303
212 2145 6473306
212 2146 6473309
219 2145 6473312
213 2146 6473315
213 2145 6473318
215 2145 6473321
214 2145 6473324
216 2145 6473327
220 2201 6473330
215 2146 6473333
209 2142 6473336
214 2148 6473339
215 2145 6473342
214 2148 6473345
216 2147 6473348
213 2146 6473351
215 2146 6473354
215 2145 6473357
215 2146 6473360
213 2143 6473363
213 2146 6473366
212 2146 6473369
372 2143 6473372
208 2146 6473375
214 2148 6473378
211 2144 6473381
214 2145 6473384
216 2146 6473387
212 2145 6473390
215 2146 6473393
211 2144 6473396
214 2146 6473399
211 2145 6473402
215 2147 6473405
213 2145 6473408
216 2145 6473411
214 2140 6473414
214 2144 6473417
212 2145 6473420
215 2148 6473423
213 2144 6473426
211 2144 6473429
216 2148 6473432
214 2146 6473435
213 2145 6473438
217 2147 6473441
214 2146 6473444
215 2146 6473447
212 2142 6473450
214 2146 6473453
212 2164 6473456
433 2144 6473459
214 2145 6473462
213 2146 6473465
215 2148 6473468
215 2143 6473471
214 2146 6473474
214 2145 6473477
213 2145 6473480
213 2145 6473483
214 2146 6473486
213 2148 6473489
215 2146 6473492
211 2144 6473495
214 2147 6473498
211 2147 6473501
214 2146 6473504
217 2150 6473507
212 2146 6473510
216 2148 6473513
216 2145 6473516
212 2148 6473519
213 2147 6473522
214 2145 6473525
212 2147 6473528
216 2147 6473531
213 2146 6473534
213 2145 6473537
213 2148 6473540
213 1999 6473543
213 2145 6473546
210 2142 6473549
211 2148 6473552
213 2146 6473555
213 2145 6473558
212 2146 6473561
213 2146 6473564
209 2144 6473567
214 2145 6473570
213 2147 6473573
214 2146 6473576
215 2145 6473579
212 2145 6473582
213 2147 6473585
205 2146 6473588
215 2150 6473591
215 2148 6473594
213 2145 6473597
213 2145 6473600
213 2145 6473603
214 2149 6473606
217 2146 6473609
214 2144 6473612
212 2147 6473615
210 2147 6473618
212 2147 6473621
214 2148 6473624
211 2180 6473627
525 2145 6473630
214 2145 6473633
212 2143 6473636
221 2148 6473639
214 2145 6473642
214 2147 6473645
213 2141 6473648
213 2145 6473651
216 2148 6473654
216 2148 6473657
213 2145 6473660
216 2145 6473663
215 2145 6473666
213 2145 6473669
220 2150 6473672
214 2144 6473675
216 2151 6473678
216 2143 6473681
212 2146 6473684
214 2147 6473687
214 2147 6473690
210 2144 6473693
218 2145 6473696
212 2145 6473699
214 2145 6473702
214 2148 6473705
214 2144 6473708
213 2148 6473711
156 2245 6473714
213 2146 6473717
214 2145 6473720
214 2146 6473723
215 2147 6473726
215 2144 6473729
213 2142 6473732
214 2146 6473735
214 2145 6473738
214 2146 6473741
215 2146 6473744
215 2143 6473747
217 2146 6473750
216 2147 6473753
217 2134 6473756
241 2144 6473759
213 2145 6473762
211 2145 6473765
215 2144 6473768
213 2145 6473771
213 2147 6473774
214 2146 6473777
213 2144 6473780
214 2147 6473783
213 2147 6473786
214 2145 6473789
212 2145 6473792
215 2147 6473795
214 2144 6473798
213 2144 6473801
216 2145 6473804
216 2147 6473807
214 2145 6473810
213 2145 6473813
216 2148 6473816
214 2147 6473819
214 2147 6473822
213 2144 6473825
215 2147 6473828
211 2146 6473831
214 2145 6473834
213 2146 6473837
214 2148 6473840
291 2134 6473843
215 2144 6473846
215 2146 6473849
210 2146 6473852
215 2145 6473855
212 2143 6473858
213 2148 6473861
215 2145 6473864
216 2145 6473867
211 2149 6473870
215 2149 6473873
214 2144 6473876
214 2143 6473879
212 2147 6473882
211 2147 6473885
172 2146 6473888
211 2143 6473891
215 2150 6473894
215 2144 6473897
211 2145 6473900
213 2147 6473903
215 2146 6473906
213 2147 6473909
212 2145 6473912
212 2144 6473915
214 2145 6473918
216 2147 6473921
212 2146 6473924
216 1674 6473927
212 2146 6473930
212 2144 6473933
216 2147 6473936
212 2145 6473939
216 2148 6473942
212 2146 6473945
212 2148 6473948
214 2144 6473951
215 2145 6473954
211 2144 6473957
215 2145 6473960
213 2144 6473963
216 2145 6473966
214 2146 6473969
189 2094 6473972
212 2143 6473975
214 2143 6473978
215 2148 6473981
212 2144 6473984
210 2147 6473987
213 2146 6473990
214 2146 6473993
211 2144 6473996
214 2147 6474000
214 2147 6474003
213 2145 6474006
216 2148 6474009
212 2143 6474012
212 2149 6474015
213 2143 6474018
216 2149 6474021
212 2145 6474024
213 2142 6474027
213 2145 6474030
213 2147 6474033
214 2143 6474036
217 2147 6474039
212 2145 6474042
214 2144 6474045
213 2148 6474047
214 2146 6474050
215 2146 6474053
212 2166 6474056
326 2145 6474059
214 2147 6474062
212 2145 6474065
214 2146 6474068
213 2148 6474071
214 2147 6474074
215 2143 6474077
214 2145 6474080
214 2147 6474083
214 2143 6474086
213 2144 6474089
212 2144 6474092
213 2144 6474095
215 1511 6474098
215 2146 6474101
213 2146 6474104
218 2143 6474107
213 2143 6474110
212 2144 6474113
215 2146 6474116
214 2144 6474119
213 2145 6474122
212 2145 6474125
213 2145 6474128
214 2145 6474131
213 2145 6474134
214 2146 6474137
215 2146 6474140
220 2127 6474143
212 2145 6474146
211 2147 6474149
215 2146 6474152
212 2143 6474155
215 2146 6474158
213 2145 6474161
214 2147 6474164
213 2147 6474167
214 2145 6474170
216 2145 6474173
215 2147 6474176
211 2144 6474179
214 2148 6474182
123 2173 6474185
209 2143 6474188
213 2147 6474191
210 2144 6474194
215 2147 6474197
214 2145 6474200
214 2148 6474203
215 2146 6474206
213 2145 6474209
209 2145 6474212
212 2147 6474215
213 2144 6474218
214 2145 6474221
213 2148 6474224
215 2144 6474227
202 2144 6474230
213 2147 6474233
216 2147 6474236
212 2142 6474239
215 2147 6474242
212 2146 6474245
213 2147 6474248
214 2143 6474251
213 2146 6474254
212 2149 6474257
215 2145 6474260
214 2147 6474263
213 2145 6474266
214 2119 6474269
265 2146 6474272
215 2147 6474275
206 2144 6474278
217 2148 6474281
211 2143 6474284
213 2147 6474287
214 2147 6474290
218 2146 6474293
218 2146 6474296
213 2146 6474299
212 2144 6474302
214 2148 6474305
215 2145 6474308
211 2120 6474311
1245 2147 6474314
212 2147 6474317
211 2143 6474320
211 2147 6474323
217 2149 6474326
213 2148 6474329
212 2145 6474332
213 2146 6474335
214 2147 6474338
211 2146 6474341
210 2143 6474344
213 2146 6474347
210 2146 6474350
213 2145 6474353
211 2136 6474356
214 2146 6474359
218 2148 6474362
212 2141 6474365
213 2147 6474368
214 2146 6474371
214 2145 6474374
212 2146 6474377
212 2145 6474380
214 2145 6474383
211 2148 6474386
213 2145 6474389
214 2147 6474392
214 2148 6474395
218 2130 6474398
215 2146 6474401
214 2149 6474404
217 2147 6474407
210 2144 6474410
216 2146 6474413
213 2146 6474416
216 2146 6474419
216 2148 6474422
214 2148 6474425
216 2148 6474428
213 2144 6474431
213 2144 6474434
215 2144 6474437
201 2056 6474440
214 2143 6474443
208 2145 6474446
214 2147 6474449
215 2144 6474452
215 2147 6474455
216 2146 6474458
216 2146 6474461
214 2144 6474464
214 2146 6474467
213 2145 6474470
216 2144 6474473
213 2143 6474476
213 2145 6474479
205 2517 6474482
216 2143 6474485
213 2143 6474488
212 2144 6474491
217 2146 6474494
212 2143 6474497
212 2147 6474500
217 2145 6474503
214 2145 6474506
212 2144 6474509
214 2145 6474512
213 2145 6474515
211 2146 6474518
213 2148 6474521
215 2127 6474524
206 2143 6474527
215 2145 6474530
215 2143 6474533
212 2146 6474536
216 2147 6474539
212 2144 6474542
216 2149 6474545
214 2144 6474548
214 2143 6474551
215 2151 6474554
213 2146 6474557
214 2146 6474560
214 2145 6474563
215 2148 6474566
275 2146 6474569
215 2146 6474572
214 2149 6474575
213 2146 6474578
212 2146 6474581
214 2146 6474584
213 2151 6474587
211 2148 6474590
213 2146 6474593
213 2146 6474596
213 2145 6474599
214 2148 6474602
214 2146 6474605
212 2142 6474608
213 1509 6474611
211 2144 6474614
214 2146 6474617
214 2148 6474620
212 2146 6474623
214 2147 6474626
212 2148 6474629
212 2145 6474632
212 2143 6474635
213 2145 6474638
214 2146 6474641
214 2144 6474644
215 2145 6474647
213 2140 6474650
213 2146 6474653
213 2147 6474656
209 2147 6474659
211 2146 6474662
216 2149 6474665
214 2144 6474668
215 2148 6474671
213 2147 6474674
215 2146 6474677
214 2147 6474680
215 2146 6474683
213 2146 6474686
213 2147 6474689
215 2148 6474692
213 2146 6474695
214 2146 6474698
213 2175 6474701
214 2147 6474704
209 2142 6474707
215 2147 6474710
214 2145 6474713
213 2145 6474716
215 2147 6474719
216 2147 6474722
213 2148 6474725
213 2144 6474728
212 2147 6474731
213 2146 6474734
214 2146 6474737
213 2145 6474740
214 2097 6474743
213 2146 6474746
214 2145 6474749
213 2143 6474752
212 2146 6474755
216 2146 6474758
213 2144 6474761
213 2145 6474764
213 2144 6474767
214 2146 6474770
211 2144 6474773
215 2145 6474776
213 2145 6474779
215 2146 6474782
215 2146 6474785
215 2144 6474788
277 2147 6474791
212 2139 6474794
214 2145 6474797
215 2148 6474800
215 2145 6474803
213 2143 6474806
217 2147 6474809
215 2146 6474812
214 2142 6474815
214 2146 6474818
216 2147 6474821
214 2147 6474824
214 2144 6474827
217 2145 6474830
214 2148 6474833
206 2145 6474836
212 2146 6474839
218 2149 6474842
212 2143 6474845
215 2146 6474848
215 2147 6474851
213 2148 6474854
215 2146 6474857
213 2143 6474860
213 2147 6474863
211 2145 6474866
214 2143 6474869
212 2144 6474872
214 2148 6474875
214 2148 6474878
205 2145 6474881
213 2150 6474884
214 2142 6474887
211 2145 6474890
206 2145 6474893
211 2146 6474896
215 2146 6474899
212 2146 6474902
209 2145 6474905
215 2145 6474908
211 2145 6474911
213 2145 6474914
212 2146 6474917
213 2145 6474920
214 2150 6474923
202 2144 6474926
213 2149 6474929
216 2144 6474932
216 2144 6474935
214 2146 6474938
214 2147 6474941
213 2144 6474944
217 2145 6474947
215 2148 6474950
213 2146 6474953
217 2149 6474956
214 2145 6474959
212 2149 6474962
212 2144 6474965
208 2153 6474968
206 2147 6474971
213 2150 6474974
217 2150 6474977
213 2146 6474980
213 2148 6474983
214 2147 6474986
212 2146 6474989
213 2147 6474992
214 2148 6474995
212 2144 6474998
213 2146 6475002
212 2146 6475005
212 2147 6475008
214 2146 6475011
212 2152 6475014
471 2146 6475017
214 2143 6475020
208 2146 6475023
217 2146 6475026
213 2143 6475029
214 2144 6475032
213 2144 6475035
212 2145 6475038
212 2146 6475041
214 2145 6475044
215 2145 6475046
210 2147 6475049
213 2144 6475052
210 2145 6475055
214 2145 6475058
758 584 6460658
761 585 6460661
759 582 6460664
774 606 6460667
754 586 6460670
783 609 6460673
742 564 6460676
758 595 6460679
766 585 6460682
758 582 6460685
765 590 6460688
763 587 6460691
765 589 6460694
769 589 6460697
768 589 6460700
767 595 6460703
771 605 6460706
737 495 6460709
775 587 6460712
771 581 6460715
799 613 6460718
772 581 6460721
765 594 6460724
781 595 6460727
771 590 6460730
774 592 6460733
776 596 6460736
775 596 6460739
778 595 6460742
775 596 6460745
777 595 6460748
775 606 6460751
775 592 6460754
777 620 6460757
769 565 6460760
765 602 6460763
786 594 6460766
771 593 6460769
776 597 6460772
777 595 6460775
774 593 6460778
776 595 6460781
774 592 6460784
776 593 6460787
772 591 6460790
775 529 6460793
687 606 6460796
768 596 6460799
753 621 6460802
798 594 6460805
761 586 6460808
774 600 6460811
775 593 6460814
772 593 6460817
775 596 6460820
772 591 6460823
775 595 6460826
772 592 6460829
774 593 6460832
774 594 6460835
787 604 6460838
767 598 6460841
797 605 6460844
748 573 6460847
774 603 6460850
776 589 6460853
765 589 6460856
776 594 6460859
770 590 6460862
771 589 6460865
771 592 6460868
770 591 6460871
770 590 6460874
769 590 6460877
714 597 6460880
779 593 6460883
766 548 6460886
764 613 6460889
785 587 6460892
758 578 6460895
770 594 6460898
772 587 6460901
766 591 6460904
772 590 6460907
766 584 6460910
768 592 6460913
769 589 6460916
767 588 6460919
766 572 6460922
813 578 6460925
766 591 6460928
808 598 6460931
750 575 6460934
768 599 6460937
774 590 6460940
765 586 6460943
767 591 6460946
765 588 6460949
767 588 6460952
765 588 6460955
769 589 6460958
767 589 6460961
769 586 6460964
779 583 6460967
766 593 6460970
793 575 6460973
736 579 6460976
776 599 6460979
768 581 6460982
764 588 6460985
767 587 6460988
764 587 6460991
767 587 6460994
768 585 6460997
766 590 6461001
765 591 6461004
766 583 6461007
1109 582 6461010
751 595 6461013
760 557 6461016
730 587 6461019
782 595 6461022
759 581 6461025
760 590 6461028
772 586 6461031
762 602 6461034
765 587 6461037
763 585 6461040
766 588 6461043
760 585 6461046
762 584 6461049
762 570 6461052
790 595 6461054
763 581 6461057
722 586 6461060
789 600 6461063
759 578 6461066
761 589 6461069
767 589 6461072
761 586 6461075
764 589 6461078
763 587 6461081
761 583 6461084
764 586 6461087
764 585 6461090
760 586 6461093
756 512 6461096
779 584 6461099
762 557 6461102
785 612 6461105
765 579 6461108
754 588 6461111
768 589 6461114
762 582 6461117
761 588 6461120
763 587 6461123
761 586 6461126
762 588 6461129
765 586 6461132
758 585 6461135
762 572 6461138
813 602 6461141
757 587 6461144
733 608 6461147
787 588 6461150
754 578 6461153
762 591 6461156
763 584 6461159
761 584 6461162
762 588 6461165
761 582 6461168
762 583 6461171
762 586 6461174
760 585 6461177
762 586 6461180
879 578 6461183
765 592 6461186
760 541 6461189
758 609 6461192
776 584 6461195
752 582 6461198
764 588 6461201
762 583 6461204
759 587 6461207
763 587 6461210
762 584 6461213
764 587 6461216
761 585 6461219
761 585 6461222
763 609 6461225
753 567 6461228
771 583 6461231
726 557 6461234
772 603 6461237
768 582 6461240
751 582 6461243
768 589 6461246
761 583 6461249
762 585 6461252
763 585 6461255
765 586 6461258
759 584 6461261
764 582 6461264
763 586 6461267
762 593 6461270
743 590 6461273
760 586 6461276
730 567 6461279
768 600 6461282
765 577 6461285
755 588 6461288
766 588 6461291
757 581 6461294
763 585 6461297
761 584 6461300
760 581 6461303
762 585 6461306
762 583 6461309
761 585 6461312
778 593 6461315
758 587 6461318
788 575 6461321
733 576 6461324
769 599 6461327
763 579 6461330
756 585 6461333
762 583 6461336
759 583 6461339
760 584 6461342
761 584 6461345
759 583 6461348
762 583 6461351
761 586 6461354
761 569 6461357
806 572 6461360
768 594 6461363
801 588 6461366
744 569 6461369
765 594 6461372
763 582 6461375
755 584 6461378
764 585 6461381
759 584 6461384
760 588 6461387
762 587 6461390
759 582 6461393
762 585 6461396
760 584 6461399
731 588 6461402
759 580 6461405
762 608 6461408
792 588 6461411
746 570 6461414
763 594 6461417
762 582 6461420
757 584 6461423
766 583 6461426
761 584 6461429
762 586 6461432
762 584 6461435
760 584 6461438
761 587 6461441
761 519 6461444
619 593 6461447
754 589 6461450
753 617 6461453
777 577 6461456
744 578 6461459
766 591 6461462
762 578 6461465
757 584 6461468
760 585 6461471
758 583 6461474
760 584 6461477
761 584 6461480
760 586 6461483
761 584 6461486
745 536 6461489
773 582 6461492
760 554 6461495
780 609 6461498
762 571 6461501
751 586 6461504
766 587 6461507
758 582 6461510
759 586 6461513
760 584 6461516
758 584 6461519
760 586 6461522
758 583 6461525
762 585 6461528
759 682 6461531
753 589 6461534
765 582 6461537
719 581 6461540
783 600 6461543
756 575 6461546
756 589 6461549
763 587 6461552
759 582 6461555
759 583 6461558
760 584 6461561
759 583 6461564
762 583 6461567
759 585 6461570
762 583 6461573
885 578 6461576
765 590 6461579
759 541 6461582
750 607 6461585
774 581 6461588
751 577 6461591
761 590 6461594
760 580 6461597
759 583 6461600
759 584 6461603
758 583 6461606
766 587 6461609
759 583 6461612
759 584 6461615
759 690 6461618
755 586 6461621
766 581 6461624
719 574 6461627
785 598 6461630
758 574 6461633
752 587 6461636
764 585 6461639
759 584 6461642
761 587 6461645
761 583 6461648
763 584 6461651
762 585 6461654
759 582 6461657
758 584 6461660
856 576 6461663
759 591 6461666
756 539 6461669
752 606 6461672
778 586 6461675
749 577 6461678
761 586 6461681
762 583 6461684
762 588 6461687
756 582 6461690
764 582 6461693
759 580 6461696
753 585 6461699
759 584 6461702
761 547 6461705
751 595 6461708
758 581 6461711
733 587 6461714
775 577 6461717
758 585 6461720
756 581 6461723
761 584 6461726
757 582 6461729
757 584 6461732
762 584 6461735
759 586 6461738
760 584 6461741
760 584 6461744
760 583 6461747
745 537 6461750
770 580 6461753
763 573 6461756
767 583 6461759
760 582 6461762
759 582 6461765
761 583 6461768
760 586 6461771
760 584 6461774
758 582 6461777
760 585 6461780
762 584 6461783
760 584 6461786
758 581 6461789
759 555 6461792
818 579 6461795
758 580 6461798
761 585 6461801
763 588 6461804
762 586 6461807
760 585 6461810
760 585 6461813
757 585 6461816
763 584 6461819
759 581 6461822
760 586 6461825
760 584 6461828
760 582 6461831
761 588 6461834
750 599 6461837
764 582 6461840
756 581 6461843
761 586 6461846
757 583 6461849
761 584 6461852
757 585 6461855
759 586 6461858
761 577 6461861
762 581 6461864
758 586 6461867
759 583 6461870
762 583 6461873
759 583 6461876
759 591 6461879
765 583 6461882
760 583 6461885
758 585 6461888
761 582 6461891
760 581 6461894
761 583 6461897
759 590 6461900
764 583 6461903
762 584 6461906
760 584 6461909
761 583 6461912
759 584 6461915
759 584 6461918
757 626 6461921
759 585 6461924
758 583 6461927
764 585 6461930
759 584 6461933
760 584 6461936
761 583 6461939
758 584 6461942
763 584 6461945
760 583 6461948
762 584 6461951
758 583 6461954
759 584 6461957
760 583 6461960
759 582 6461963
759 531 6461966
758 584 6461969
759 583 6461972
757 583 6461975
760 585 6461978
759 582 6461981
761 582 6461984
762 583 6461987
761 582 6461990
759 582 6461993
761 584 6461996
757 583 6462000
760 584 6462003
761 587 6462006
761 580 6462009
738 585 6462012
759 584 6462015
761 586 6462018
759 584 6462021
760 581 6462024
766 586 6462027
762 584 6462030
760 584 6462033
759 591 6462036
758 584 6462039
761 582 6462042
759 585 6462044
760 583 6462047
762 601 6462050
897 584 6462053
762 582 6462056
756 584 6462059
759 586 6462062
762 585 6462065
758 587 6462068
763 583 6462071
761 585 6462074
760 584 6462077
758 585 6462080
761 584 6462083
761 583 6462086
761 586 6462089
763 587 6462092
761 581 6462095
760 581 6462098
762 588 6462101
760 584 6462104
761 586 6462107
757 580 6462110
762 586 6462113
761 584 6462116
760 584 6462119
760 587 6462122
762 586 6462125
760 582 6462128
758 583 6462131
762 585 6462134
764 704 6462137
760 587 6462140
757 579 6462143
761 587 6462146
760 581 6462149
757 582 6462152
762 585 6462155
762 585 6462158
761 585 6462161
758 583 6462164
761 584 6462167
758 585 6462170
758 583 6462173
758 584 6462176
546 587 6462179
760 581 6462182
761 587 6462185
762 585 6462188
759 587 6462191
759 584 6462194
761 582 6462197
761 585 6462200
761 583 6462203
763 583 6462206
757 583 6462209
762 585 6462212
762 581 6462215
761 583 6462218
762 605 6462221
907 584 6462224
760 583 6462227
758 582 6462230
762 586 6462233
760 582 6462236
763 585 6462239
759 584 6462242
759 583 6462245
761 583 6462248
761 585 6462251
761 587 6462254
761 582 6462257
763 586 6462260
761 584 6462263
763 585 6462266
760 583 6462269
760 586 6462272
759 582 6462275
759 583 6462278
760 583 6462281
762 586 6462284
759 583 6462287
759 583 6462290
760 586 6462293
759 582 6462296
762 584 6462299
759 585 6462302
760 586 6462305
760 588 6462308
759 584 6462311
760 588 6462314
765 581 6462317
761 582 6462320
762 586 6462323
762 585 6462326
759 583 6462329
758 584 6462332
761 584 6462335
762 585 6462338
760 588 6462341
761 585 6462344
758 585 6462347
761 406 6462350
753 590 6462353
760 586 6462356
764 585 6462359
759 582 6462362
758 584 6462365
761 583 6462368
760 585 6462371
758 584 6462374
761 584 6462377
762 586 6462380
756 583 6462383
759 584 6462386
759 584 6462389
759 585 6462392
759 587 6462395
750 583 6462398
761 589 6462401
761 585 6462404
755 582 6462407
760 586 6462410
758 584 6462413
759 585 6462416
759 583 6462419
760 585 6462422
