1227 3656 5703773
1231 3655 5703776
1233 3655 5703779
1229 3654 5703782
1228 3653 5703785
1231 3658 5703788
1230 3654 5703791
1231 3653 5703794
1227 3651 5703797
1229 3653 5703800
1231 3652 5703803
1228 3653 5703806
1230 3654 5703809
1231 3653 5703812
1228 3654 5703815
1230 3653 5703818
1230 3653 5703821
1228 3654 5703824
1228 3648 5703827
1228 3645 5703830
1233 3656 5703833
1230 3654 5703836
1231 3654 5703839
1230 3654 5703842
1230 3655 5703845
1232 3661 5703848
1229 3654 5703851
1229 3653 5703854
1230 3652 5703857
1237 3652 5703860
1226 3654 5703863
1229 3654 5703866
1232 3656 5703869
1232 3654 5703872
1241 3544 5703875
1233 3655 5703878
1231 3651 5703881
1230 3658 5703884
1230 3652 5703887
1230 3655 5703890
1227 3654 5703893
1227 3654 5703896
1232 3654 5703899
1228 3656 5703902
1227 3653 5703905
1231 3654 5703908
1232 3653 5703911
1229 3654 5703914
1229 3796 5703917
1231 3648 5703920
1228 3652 5703923
1228 3651 5703926
1229 3652 5703929
1231 3654 5703932
1229 3656 5703935
1228 3653 5703938
1230 3651 5703941
1231 3653 5703944
1230 3655 5703947
1229 3653 5703950
1228 3651 5703953
1227 3654 5703956
1227 3652 5703959
1228 3658 5703962
1195 3653 5703965
1229 3651 5703968
1228 3653 5703971
1231 3652 5703974
1230 3653 5703977
1230 3656 5703980
1230 3652 5703983
1230 3651 5703986
1229 3654 5703989
1229 3654 5703992
1229 3652 5703995
1230 3655 5703998
1231 3652 5704002
1228 3653 5704005
1229 3648 5704008
1241 3655 5704011
1229 3656 5704014
1231 3656 5704017
1230 3650 5704020
1232 3654 5704023
1229 3654 5704026
1230 3652 5704029
1230 3653 5704032
1231 3656 5704034
1230 3658 5704037
1231 3653 5704040
1231 3654 5704043
1229 3655 5704046
1227 3653 5704049
1229 3653 5704052
1225 3652 5704055
1227 3659 5704058
1232 3652 5704061
1229 3652 5704064
1229 3654 5704067
1230 3652 5704070
1231 3652 5704073
1228 3654 5704076
1229 3649 5704079
1229 3652 5704082
1228 3653 5704085
1227 3654 5704088
1228 3650 5704091
1231 3653 5704094
1230 3648 5704097
1235 3652 5704100
1230 3653 5704103
1236 3654 5704106
1227 3653 5704109
1230 3653 5704112
1229 3651 5704115
1231 3655 5704118
1230 3653 5704121
1232 3650 5704124
1232 3654 5704127
1231 3654 5704130
1229 3653 5704133
1233 3653 5704136
1231 3655 5704139
1229 3630 5704142
1283 3655 5704145
1228 3648 5704148
1231 3658 5704151
1233 3653 5704154
1229 3653 5704157
1230 3657 5704160
1231 3654 5704163
1226 3653 5704166
1231 3651 5704169
1229 3654 5704172
1231 3650 5704175
1229 3654 5704178
1231 3653 5704181
1229 3654 5704184
1234 3294 5704187
1229 3656 5704190
1231 3653 5704193
1231 3651 5704196
1228 3652 5704199
1232 3654 5704202
1231 3654 5704205
1229 3656 5704208
1229 3652 5704211
1230 3652 5704214
1229 3655 5704217
1229 3650 5704220
1228 3653 5704223
1230 3656 5704226
1229 3655 5704229
1228 3548 5704232
1220 3649 5704235
1231 3655 5704238
1228 3652 5704241
1228 3654 5704244
1229 3654 5704247
1227 3653 5704250
1229 3652 5704253
1227 3655 5704256
1226 3656 5704259
1229 3653 5704262
1228 3653 5704265
1230 3656 5704268
1230 3655 5704271
1229 3652 5704274
1228 3589 5704277
1333 3654 5704280
1232 3654 5704283
1226 3651 5704286
1231 3656 5704289
1230 3655 5704292
1229 3655 5704295
1230 3653 5704298
1230 3654 5704301
1230 3653 5704304
1230 3655 5704307
1230 3655 5704310
1230 3654 5704313
1228 3653 5704316
1230 3654 5704319
1230 3701 5704322
1436 3654 5704325
1230 3653 5704328
1224 3650 5704331
1230 3655 5704334
1231 3653 5704337
1229 3654 5704340
1229 3654 5704343
1230 3650 5704346
1230 3654 5704349
1228 3653 5704352
1228 3652 5704355
1229 3652 5704358
1230 3653 5704361
1227 3653 5704364
1229 3455 5704367
1228 3656 5704370
1229 3654 5704373
1229 3653 5704376
1229 3653 5704379
1231 3655 5704382
1229 3652 5704385
1231 3652 5704388
1232 3653 5704391
1231 3653 5704394
1228 3652 5704397
1232 3653 5704400
1230 3652 5704403
1230 3655 5704406
1232 3656 5704409
1230 3652 5704412
1228 3665 5704415
1228 3654 5704418
1233 3651 5704421
1230 3651 5704424
1232 3654 5704427
1229 3652 5704430
1230 3654 5704433
1231 3654 5704436
1231 3655 5704439
1230 3653 5704442
1231 3652 5704445
1229 3654 5704448
1230 3653 5704451
1228 3651 5704454
1233 3654 5704457
1236 3674 5704460
1227 3653 5704463
1233 3654 5704466
1230 3652 5704469
1229 3655 5704472
1229 3652 5704475
1230 3650 5704478
1229 3653 5704481
1230 3652 5704484
1229 3651 5704487
1232 3653 5704490
1231 3653 5704493
1227 3651 5704496
1229 3653 5704499
1230 3655 5704502
1246 3700 5704505
1229 3651 5704508
1227 3653 5704511
1231 3656 5704514
1228 3649 5704517
1229 3652 5704520
1232 3654 5704523
1229 3657 5704526
1229 3653 5704529
1230 3653 5704532
1230 3655 5704535
1230 3654 5704538
1231 3653 5704541
1231 3655 5704544
1231 3654 5704547
1257 2077 5704550
1232 3653 5704553
1232 3653 5704556
1231 3655 5704559
1229 3650 5704562
1231 3655 5704565
1231 3654 5704568
1230 3654 5704571
1229 3656 5704574
1231 3654 5704577
1230 3656 5704580
1227 3653 5704583
1230 3652 5704586
1229 3653 5704589
1228 3655 5704592
1228 3648 5704595
1227 3653 5704598
1231 3655 5704601
1228 3652 5704604
1229 3656 5704607
1228 3654 5704610
1229 3653 5704613
1230 3651 5704616
1227 3651 5704619
1229 3654 5704622
1228 3654 5704625
1226 3651 5704628
1228 3655 5704631
1229 3655 5704634
1229 3655 5704637
1230 3661 5704640
1234 3653 5704643
1228 3657 5704646
1229 3651 5704649
1225 3652 5704652
1230 3655 5704655
1231 3650 5704658
1226 3651 5704661
1228 3654 5704664
1231 3654 5704667
1230 3655 5704670
1230 3655 5704673
1231 3653 5704676
1230 3654 5704679
1229 3651 5704682
1229 3661 5704685
1273 3656 5704688
1229 3655 5704691
1230 3658 5704694
1230 3655 5704697
1232 3654 5704700
1233 3657 5704703
1228 3655 5704706
1230 3652 5704709
1230 3654 5704712
1229 3651 5704715
1228 3654 5704718
1232 3653 5704721
1226 3655 5704724
1228 3652 5704727
1232 3674 5704730
1393 3656 5704733
1230 3655 5704736
1228 3655 5704739
1233 3653 5704742
1228 3653 5704745
1229 3653 5704748
1229 3653 5704751
1230 3653 5704754
1228 3653 5704757
1229 3653 5704760
1230 3652 5704763
1232 3654 5704766
1230 3653 5704769
1229 3653 5704772
1230 3248 5704775
1227 3656 5704778
1229 3651 5704781
1228 3649 5704784
1232 3653 5704787
1231 3654 5704790
1230 3652 5704793
1231 3653 5704796
1231 3652 5704799
1231 3655 5704802
1230 3653 5704805
1231 3650 5704808
1230 3653 5704811
1230 3653 5704814
1230 3650 5704817
1231 3653 5704820
1231 3651 5704823
1230 3650 5704826
1235 3654 5704829
1231 3655 5704832
1232 3655 5704835
1230 3652 5704838
1229 3652 5704841
1230 3654 5704844
1231 3652 5704847
1231 3647 5704850
1231 3654 5704853
1231 3654 5704856
1227 3651 5704859
1238 3653 5704862
1230 3655 5704865
1225 3639 5704868
1230 3652 5704871
1233 3655 5704874
1231 3652 5704877
1228 3652 5704880
1229 3652 5704883
1229 3654 5704886
1230 3655 5704889
1226 3650 5704892
1229 3654 5704895
1230 3654 5704898
1229 3653 5704901
1231 3652 5704904
1231 3654 5704907
1230 3653 5704910
1218 3606 5704913
1228 3651 5704916
1226 3656 5704919
1232 3652 5704922
1228 3653 5704925
1231 3656 5704928
1232 3654 5704931
1229 3656 5704934
1229 3653 5704937
1228 3655 5704940
1229 3653 5704943
1226 3652 5704946
1228 3655 5704949
1231 3656 5704952
1230 3654 5704955
1252 3787 5704958
1232 3654 5704961
1230 3650 5704964
1232 3657 5704967
1229 3654 5704970
1231 3654 5704973
1229 3656 5704976
1230 3653 5704979
1231 3655 5704982
1232 3656 5704985
1230 3654 5704988
1227 3654 5704991
1231 3654 5704994
1230 3654 5704997
1229 3655 5705001
1334 4095 5705004
1233 3654 5705007
1228 3651 5705010
1227 3650 5705013
1232 3654 5705016
1228 3655 5705019
1229 3655 5705022
1231 3652 5705025
1232 3655 5705028
1228 3652 5705031
1230 3653 5705034
1230 3651 5705037
1227 3655 5705039
1229 3651 5705042
1229 3652 5705045
1937 3652 5705048
1228 3653 5705051
1228 3654 5705054
1227 3656 5705057
1231 3658 5705060
1230 3651 5705063
1230 3652 5705066
1229 3654 5705069
1229 3651 5705072
1231 3654 5705075
1230 3655 5705078
1229 3653 5705081
1229 3652 5705084
1229 3654 5705087
1228 3654 5705090
819 3654 5705093
1229 3651 5705096
1230 3655 5705099
1228 3652 5705102
1231 3653 5705105
1231 3654 5705108
1228 3656 5705111
1231 3654 5705114
1231 3653 5705117
1232 3656 5705120
1232 3654 5705123
1231 3653 5705126
1228 3652 5705129
1231 3655 5705132
1231 3652 5705135
1228 3652 5705138
1233 3654 5705141
1231 3655 5705144
1228 3651 5705147
1228 3655 5705150
1232 3651 5705153
1229 3654 5705156
1229 3652 5705159
1230 3652 5705162
1231 3654 5705165
1227 3652 5705168
1228 3650 5705171
1229 3652 5705174
1231 3648 5705177
1229 3654 5705180
1022 3653 5705183
1230 3653 5705186
1221 3651 5705189
1224 3649 5705192
1229 3653 5705195
1232 3657 5705198
1231 3654 5705201
1228 3652 5705204
1230 3653 5705207
1231 3653 5705210
1228 3656 5705213
1233 3656 5705216
1232 3653 5705219
1228 3654 5705222
1228 3652 5705225
1156 2100 5705228
1233 3652 5705231
1232 3651 5705234
1226 3652 5705237
1232 3656 5705240
1232 3654 5705243
1229 3653 5705246
1232 3656 5705249
1231 3653 5705252
1231 3654 5705255
1229 3653 5705258
1230 3653 5705261
1231 3654 5705264
1231 3652 5705267
1228 3654 5705270
1235 3663 5705273
1229 3652 5705276
1226 3653 5705279
1232 3655 5705282
1232 3651 5705285
1231 3654 5705288
1228 3653 5705291
1226 3652 5705294
1228 3653 5705297
1228 3652 5705300
1226 3651 5705303
1229 3653 5705306
1231 3654 5705309
1229 3654 5705312
1228 3655 5705315
1229 3629 5705318
1229 3654 5705321
1227 3654 5705324
1230 3653 5705327
1228 3654 5705330
1229 3656 5705333
1228 3653 5705336
1231 3654 5705339
1229 3654 5705342
1231 3655 5705345
1229 3654 5705348
1229 3654 5705351
1231 3655 5705354
1227 3652 5705357
1229 3652 5705360
1227 3642 5705363
1229 3654 5705366
1231 3652 5705369
1228 3654 5705372
1231 3656 5705375
1230 3656 5705378
1231 3655 5705381
1229 3653 5705384
1229 3652 5705387
1229 3654 5705390
1230 3653 5705393
1229 3654 5705396
1230 3655 5705399
1230 3652 5705402
1229 3610 5705405
1342 3656 5705408
1229 3656 5705411
1225 3653 5705414
1230 3654 5705417
1229 3653 5705420
1229 3653 5705423
1230 3652 5705426
1229 3655 5705429
1230 3654 5705432
1229 3652 5705435
1231 3654 5705438
1230 3654 5705441
1229 3655 5705444
1229 3653 5705447
1231 3646 5705450
1237 3657 5705453
1228 3651 5705456
1232 3652 5705459
1229 3654 5705462
1229 3653 5705465
1228 3651 5705468
1231 3653 5705471
1232 3656 5705474
1230 3653 5705477
1229 3654 5705480
1232 3654 5705483
1228 3653 5705486
1229 3650 5705489
1231 3652 5705492
1567 3653 5705495
1234 3653 5705498
1229 3653 5705501
1230 3654 5705504
1233 3655 5705507
1232 3654 5705510
1231 3653 5705513
1233 3652 5705516
1230 3652 5705519
1229 3651 5705522
1229 3659 5705525
1232 3655 5705528
1234 3652 5705531
1228 3653 5705534
1231 3656 5705537
1256 3598 5705540
1230 3654 5705543
1226 3652 5705546
1233 3654 5705549
1229 3652 5705552
1229 3653 5705555
274 1600 5691158
279 1596 5691161
273 1592 5691164
276 1596 5691167
278 1596 5691170
271 1595 5691173
274 1596 5691176
272 1595 5691179
277 1624 5691182
265 1590 5691185
300 1622 5691188
264 1575 5691191
273 1604 5691194
280 1591 5691197
271 1593 5691200
277 1596 5691203
277 1595 5691206
275 1595 5691209
276 1593 5691212
276 1595 5691215
276 1592 5691218
274 1553 5691221
164 1602 5691224
276 1594 5691227
246 1607 5691230
299 1599 5691233
269 1588 5691236
276 1598 5691239
275 1594 5691242
279 1594 5691245
276 1594 5691248
276 1594 5691251
276 1597 5691254
278 1596 5691257
277 1593 5691260
274 1604 5691263
280 1594 5691266
276 1612 5691269
266 1569 5691272
268 1608 5691275
286 1594 5691278
271 1593 5691281
276 1598 5691284
275 1594 5691287
276 1594 5691290
276 1594 5691293
275 1595 5691296
278 1596 5691299
277 1594 5691302
250 1640 5691305
277 1595 5691308
276 1584 5691311
295 1613 5691314
271 1583 5691317
270 1600 5691320
281 1596 5691323
274 1593 5691326
276 1592 5691329
276 1593 5691332
276 1594 5691335
275 1597 5691338
275 1597 5691341
276 1592 5691344
281 1621 5691347
267 1595 5691350
299 1602 5691353
260 1581 5691356
279 1604 5691359
279 1592 5691362
273 1594 5691365
278 1594 5691368
272 1595 5691371
276 1596 5691374
277 1593 5691377
275 1593 5691380
277 1595 5691383
274 1592 5691386
276 1588 5691389
281 1592 5691392
259 1589 5691395
274 1604 5691398
284 1592 5691401
273 1596 5691404
277 1595 5691407
275 1594 5691410
274 1596 5691413
276 1596 5691416
275 1592 5691419
276 1597 5691422
278 1595 5691425
274 1517 5691428
278 1587 5691431
281 1595 5691434
265 1588 5691437
276 1601 5691440
277 1593 5691443
275 1597 5691446
276 1593 5691449
273 1592 5691452
276 1596 5691455
277 1595 5691458
272 1593 5691461
275 1593 5691464
275 1596 5691467
279 1598 5691470
274 1598 5691473
274 1596 5691476
280 1598 5691479
273 1593 5691482
274 1594 5691485
280 1595 5691488
278 1595 5691491
274 1594 5691494
276 1598 5691497
276 1596 5691500
275 1596 5691503
275 1595 5691506
277 1596 5691509
277 1595 5691512
271 1585 5691515
275 1594 5691518
276 1579 5691521
280 1594 5691524
276 1593 5691527
274 1594 5691530
277 1597 5691533
277 1597 5691536
276 1595 5691539
278 1595 5691542
279 1594 5691545
277 1594 5691548
274 1595 5691551
276 1596 5691554
276 1595 5691557
271 1595 5691560
277 1601 5691563
279 1596 5691566
273 1594 5691569
276 1595 5691572
277 1595 5691575
276 1595 5691578
274 1598 5691581
276 1594 5691584
276 1594 5691587
278 1594 5691590
274 1592 5691593
274 1596 5691596
275 1597 5691599
275 1596 5691602
275 1597 5691605
278 1597 5691608
275 1593 5691611
273 1595 5691614
275 1595 5691617
273 1596 5691620
276 1595 5691623
272 1594 5691626
277 1597 5691629
278 1595 5691632
276 1597 5691635
276 1598 5691638
274 1594 5691641
276 1595 5691644
287 1595 5691647
276 1596 5691650
280 1599 5691653
277 1594 5691656
272 1594 5691659
278 1597 5691662
278 1595 5691665
276 1597 5691668
276 1597 5691671
277 1592 5691674
278 1596 5691677
275 1596 5691680
276 1594 5691683
277 1595 5691686
219 1572 5691689
273 1595 5691692
277 1593 5691695
274 1596 5691698
277 1600 5691701
276 1595 5691704
274 1594 5691707
276 1597 5691710
275 1593 5691713
273 1593 5691716
276 1594 5691719
277 1594 5691722
273 1595 5691725
276 1594 5691728
275 1594 5691731
267 1524 5691734
274 1596 5691737
268 1591 5691740
275 1597 5691743
274 1594 5691746
274 1596 5691749
275 1592 5691752
278 1596 5691755
274 1596 5691758
275 1594 5691761
277 1597 5691764
276 1597 5691767
276 1597 5691770
276 1594 5691773
276 1595 5691776
246 1729 5691779
270 1596 5691782
277 1594 5691785
275 1598 5691788
276 1595 5691791
276 1595 5691794
277 1595 5691797
278 1598 5691800
275 1595 5691803
277 1596 5691806
275 1596 5691809
275 1593 5691812
277 1593 5691815
276 1596 5691818
276 1595 5691821
528 1591 5691824
271 1595 5691827
279 1596 5691830
274 1594 5691833
278 1594 5691836
276 1594 5691839
275 1595 5691842
276 1592 5691845
276 1590 5691848
276 1595 5691851
278 1593 5691854
275 1592 5691857
277 1594 5691860
277 1596 5691863
274 1594 5691866
276 1590 5691869
249 1593 5691872
274 1597 5691875
276 1593 5691878
274 1592 5691881
276 1598 5691884
275 1595 5691887
272 1592 5691890
276 1597 5691893
279 1596 5691896
281 1593 5691899
277 1596 5691902
277 1595 5691905
275 1587 5691908
277 1593 5691911
275 2317 5691914
274 1596 5691917
278 1595 5691920
274 1591 5691923
276 1598 5691926
279 1597 5691929
276 1596 5691932
276 1597 5691935
277 1594 5691938
275 1597 5691941
275 1591 5691944
276 1593 5691947
275 1597 5691950
276 1594 5691953
275 1594 5691956
280 1598 5691959
264 1595 5691962
275 1597 5691965
272 1593 5691968
276 1595 5691971
276 1594 5691974
276 1594 5691977
276 1595 5691980
276 1595 5691983
277 1593 5691986
275 1594 5691989
274 1598 5691992
274 1596 5691995
273 1595 5691998
277 1593 5692002
275 1594 5692005
274 1601 5692008
272 1595 5692011
275 1597 5692014
277 1592 5692017
274 1593 5692020
277 1598 5692023
275 1595 5692026
275 1593 5692029
276 1595 5692032
274 1593 5692035
277 1595 5692038
278 1591 5692040
275 1594 5692043
274 1599 5692046
277 1596 5692049
280 1716 5692052
273 1597 5692055
278 1595 5692058
274 1593 5692061
274 1601 5692064
278 1595 5692067
275 1592 5692070
278 1596 5692073
274 1597 5692076
275 1595 5692079
277 1594 5692082
276 1597 5692085
275 1596 5692088
275 1595 5692091
276 1596 5692094
275 1601 5692097
285 1596 5692100
276 1594 5692103
274 1596 5692106
276 1595 5692109
274 1594 5692112
275 1593 5692115
274 1597 5692118
274 1594 5692121
275 1595 5692124
275 1597 5692127
276 1598 5692130
275 1595 5692133
273 1591 5692136
273 1595 5692139
274 1596 5692142
275 1595 5692145
275 1594 5692148
275 1597 5692151
269 1591 5692154
278 1595 5692157
289 1596 5692160
290 1596 5692163
292 1598 5692166
287 1619 5692169
273 1700 5692172
252 1807 5692175
235 1926 5692178
223 2047 5692181
225 2161 5692184
231 2269 5692187
247 2385 5692190
302 2399 5692193
256 2401 5692196
254 2395 5692199
250 2387 5692202
250 2392 5692205
250 2388 5692208
250 2391 5692211
250 2398 5692214
248 2399 5692217
248 2392 5692220
248 2395 5692223
245 2396 5692226
249 2396 5692229
251 2394 5692232
248 2497 5692235
0 2399 5692238
252 2394 5692241
244 2391 5692244
247 2400 5692247
250 2395 5692250
247 2393 5692253
249 2389 5692256
250 2394 5692259
250 2394 5692262
248 2392 5692265
251 2393 5692268
252 2395 5692271
249 2393 5692274
251 2394 5692277
251 2398 5692280
254 2400 5692283
247 2394 5692286
250 2393 5692289
250 2395 5692292
251 2397 5692295
250 2394 5692298
248 2396 5692301
250 2396 5692304
248 2394 5692307
250 2396 5692310
253 2397 5692313
251 2395 5692316
248 2394 5692319
252 2395 5692322
250 2396 5692325
254 2402 5692328
253 2394 5692331
255 2395 5692334
250 2394 5692337
253 2397 5692340
251 2397 5692343
251 2396 5692346
250 2396 5692349
249 2394 5692352
249 2397 5692355
252 2396 5692358
251 2395 5692361
250 2396 5692364
249 2396 5692367
249 2587 5692370
239 2397 5692373
252 2394 5692376
251 2392 5692379
253 2395 5692382
257 2393 5692385
257 2394 5692388
259 2392 5692391
261 2392 5692394
260 2392 5692397
264 2390 5692400
265 2390 5692403
266 2389 5692406
265 2391 5692409
268 2391 5692412
269 2393 5692415
215 2388 5692418
267 2386 5692421
270 2392 5692424
273 2389 5692427
267 2390 5692430
271 2387 5692433
270 2387 5692436
268 2388 5692439
270 2389 5692442
272 2388 5692445
272 2388 5692448
269 2388 5692451
270 2389 5692454
273 2387 5692457
517 2390 5692460
270 2389 5692463
271 2387 5692466
266 2389 5692469
271 2390 5692472
270 2389 5692475
271 2389 5692478
270 2389 5692481
267 2388 5692484
271 2390 5692487
267 2390 5692490
271 2391 5692493
270 2390 5692496
269 2388 5692499
268 2389 5692502
268 2383 5692505
268 2389 5692508
269 2391 5692511
268 2387 5692514
265 2389 5692517
266 2391 5692520
268 2387 5692523
267 2394 5692526
265 2392 5692529
266 2388 5692532
266 2391 5692535
266 2389 5692538
265 2388 5692541
266 2391 5692544
265 2393 5692547
280 2388 5692550
264 2390 5692553
266 2392 5692556
262 2389 5692559
263 2390 5692562
266 2387 5692565
264 2392 5692568
264 2392 5692571
258 2390 5692574
264 2391 5692577
264 2391 5692580
259 2393 5692583
261 2391 5692586
262 2394 5692589
270 2346 5692592
262 2390 5692595
263 2392 5692598
262 2394 5692601
258 2389 5692604
261 2392 5692607
261 2392 5692610
261 2394 5692613
260 2393 5692616
261 2392 5692619
258 2393 5692622
260 2394 5692625
259 2391 5692628
261 2392 5692631
260 2387 5692634
262 2391 5692637
257 2392 5692640
265 2397 5692643
260 2391 5692646
256 2392 5692649
260 2392 5692652
260 2394 5692655
256 2394 5692658
259 2393 5692661
259 2392 5692664
260 2394 5692667
257 2391 5692670
257 2391 5692673
258 2393 5692676
258 2389 5692679
256 2389 5692682
258 2394 5692685
257 2392 5692688
257 2393 5692691
254 2393 5692694
257 2392 5692697
255 2393 5692700
254 2390 5692703
255 2392 5692706
256 2395 5692709
256 2394 5692712
254 2392 5692715
254 2394 5692718
289 2581 5692721
255 2394 5692724
256 2392 5692727
254 2396 5692730
257 2397 5692733
253 2392 5692736
255 2395 5692739
251 2396 5692742
254 2394 5692745
254 2392 5692748
252 2399 5692751
256 2397 5692754
256 2395 5692757
256 2396 5692760
252 2399 5692763
210 2395 5692766
254 2391 5692769
254 2396 5692772
256 2394 5692775
255 2394 5692778
253 2392 5692781
249 2393 5692784
255 2393 5692787
254 2395 5692790
254 2396 5692793
255 2395 5692796
254 2393 5692799
257 2393 5692802
251 2394 5692805
256 2383 5692808
254 2393 5692811
254 2394 5692814
252 2395 5692817
255 2393 5692820
251 2395 5692823
249 2394 5692826
252 2392 5692829
253 2393 5692832
252 2393 5692835
253 2394 5692838
254 2395 5692841
255 2395 5692844
250 2394 5692847
214 1806 5692850
256 2394 5692853
253 2393 5692856
251 2395 5692859
256 2395 5692862
251 2393 5692865
250 2393 5692868
254 2394 5692871
252 2396 5692874
253 2394 5692877
252 2393 5692880
255 2394 5692883
253 2397 5692886
254 2402 5692889
255 2419 5692892
349 2395 5692895
252 2391 5692898
251 2395 5692901
253 2392 5692904
255 2394 5692907
253 2403 5692910
251 2394 5692913
253 2395 5692916
255 2394 5692919
249 2396 5692922
252 2394 5692925
252 2392 5692928
250 2395 5692931
250 2393 5692934
257 2388 5692937
253 2394 5692940
253 2398 5692943
251 2393 5692946
251 2392 5692949
252 2395 5692952
251 2395 5692955
251 2392 5692958
251 2393 5692961
251 2396 5692964
250 2393 5692967
251 2394 5692970
251 2394 5692973
253 2396 5692976
251 2394 5692979
257 2394 5692982
253 2399 5692985
254 2395 5692988
252 2394 5692991
250 2393 5692994
251 2395 5692997
252 2394 5693001
252 2392 5693004
252 2397 5693007
250 2398 5693010
253 2392 5693013
251 2393 5693016
252 2397 5693019
254 2392 5693022
254 2392 5693025
252 2394 5693028
255 2395 5693030
252 2394 5693033
253 2398 5693036
251 2394 5693039
252 2397 5693042
253 2393 5693045
251 2396 5693048
252 2394 5693051
250 2394 5693054
251 2395 5693057
251 2394 5693060
253 2394 5693063
252 2394 5693066
258 2395 5693069
250 2396 5693072
252 2391 5693075
247 2393 5693078
252 2398 5693081
250 2397 5693084
252 2394 5693087
253 2395 5693090
251 2394 5693093
248 2393 5693096
247 2395 5693099
251 2395 5693102
248 2396 5693105
251 2394 5693108
258 2401 5693111
252 2397 5693114
252 2400 5693117
250 2391 5693120
250 2395 5693123
250 2396 5693126
249 2395 5693129
252 2393 5693132
254 2397 5693135
249 2394 5693138
250 2397 5693141
251 2397 5693144
252 2398 5693147
604 3115 5697555
599 3115 5697558
600 3114 5697561
601 3117 5697564
601 3115 5697567
602 3109 5697570
566 3116 5697573
599 3119 5697575
608 3098 5697578
589 3118 5697581
602 3120 5697584
596 3114 5697587
598 3116 5697590
604 3117 5697593
597 3117 5697596
599 3116 5697599
598 3116 5697602
600 3114 5697605
606 3111 5697608
598 3119 5697611
597 3126 5697614
605 3109 5697617
592 3123 5697620
601 3122 5697623
596 3119 5697626
596 3122 5697629
597 3118 5697632
596 3118 5697635
599 3118 5697638
596 3120 5697641
586 3100 5697644
594 3118 5697647
595 3116 5697650
592 3129 5697653
598 3112 5697656
592 3124 5697659
598 3124 5697662
594 3119 5697665
596 3122 5697668
594 3119 5697671
593 3120 5697674
597 3123 5697677
579 3168 5697680
593 3119 5697683
595 3098 5697686
597 3127 5697689
601 3116 5697692
588 3117 5697695
597 3120 5697698
593 3115 5697701
591 3118 5697704
596 3119 5697707
594 3119 5697710
593 3123 5697713
587 3119 5697716
593 3121 5697719
593 3126 5697722
588 3134 5697725
596 3112 5697728
592 3121 5697731
594 3124 5697734
592 3120 5697737
593 3121 5697740
593 3121 5697743
595 3121 5697746
591 3120 5697749
596 3119 5697752
596 3122 5697755
589 3132 5697758
603 3111 5697761
587 3121 5697764
598 3126 5697767
588 3119 5697770
591 3122 5697773
595 3123 5697776
595 3123 5697779
592 3120 5697782
594 3125 5697785
612 3123 5697788
591 3122 5697791
615 3117 5697794
604 3120 5697797
585 3121 5697800
594 3122 5697803
595 3119 5697806
590 3122 5697809
595 3124 5697812
589 3120 5697815
593 3124 5697818
593 3129 5697821
594 3124 5697824
589 3114 5697827
603 3119 5697830
580 3118 5697833
591 3123 5697836
592 3119 5697839
589 3121 5697842
594 3123 5697845
588 3120 5697848
591 3125 5697851
578 3161 5697854
591 3124 5697857
593 3096 5697860
627 3119 5697863
597 3128 5697866
586 3116 5697869
590 3125 5697872
595 3121 5697875
592 3124 5697878
591 3123 5697881
590 3124 5697884
597 3108 5697887
590 3124 5697890
591 3140 5697893
589 3134 5697896
592 3112 5697899
588 3123 5697902
592 3123 5697905
590 3123 5697908
594 3124 5697911
588 3122 5697914
593 3123 5697917
595 3109 5697920
590 3124 5697923
590 3135 5697926
591 3132 5697929
595 3117 5697932
586 3124 5697935
591 3124 5697938
590 3121 5697941
590 3123 5697944
592 3123 5697947
591 3105 5697950
684 3121 5697953
591 3123 5697956
607 3106 5697959
579 3121 5697962
592 3125 5697965
590 3118 5697968
588 3123 5697971
592 3121 5697974
590 3123 5697977
588 3125 5697980
591 3145 5697983
593 3123 5697986
590 3116 5697989
572 3123 5697992
590 3128 5697995
590 3118 5697998
585 3124 5698002
592 3123 5698005
588 3120 5698008
591 3126 5698011
567 3143 5698014
589 3123 5698017
591 3136 5698020
599 3111 5698023
581 3128 5698026
595 3128 5698029
586 3121 5698032
589 3128 5698034
591 3124 5698037
590 3124 5698040
599 3136 5698043
591 3124 5698046
591 3108 5698049
580 3131 5698052
594 3129 5698055
587 3117 5698058
592 3125 5698061
592 3122 5698064
589 3124 5698067
592 3107 5698070
624 3123 5698073
592 3125 5698076
603 3136 5698079
581 3114 5698082
592 3129 5698085
592 3115 5698088
586 3120 5698091
591 3124 5698094
591 3123 5698097
580 3383 5698100
590 3120 5698103
592 3148 5698106
589 3110 5698109
585 3124 5698112
595 3123 5698115
586 3121 5698118
590 3123 5698121
589 3122 5698124
791 3123 5698127
590 3124 5698130
588 3122 5698133
565 3130 5698136
589 3130 5698139
592 3117 5698142
588 3126 5698145
595 3124 5698148
589 3124 5698151
590 3104 5698154
616 3118 5698157
589 3125 5698160
600 3143 5698163
581 3112 5698166
603 3128 5698169
596 3125 5698172
587 3123 5698175
591 3125 5698178
591 3121 5698181
594 3120 5698184
588 3123 5698187
588 3124 5698190
587 3133 5698193
585 3117 5698196
589 3124 5698199
594 3125 5698202
589 3122 5698205
591 3125 5698208
599 3139 5698211
592 3124 5698214
587 3114 5698217
574 3127 5698220
589 3129 5698223
590 3129 5698226
589 3125 5698229
591 3122 5698232
590 3124 5698235
559 2334 5698238
593 3124 5698241
591 3119 5698244
598 3133 5698247
583 3115 5698250
599 3123 5698253
592 3122 5698256
586 3125 5698259
591 3124 5698262
588 3132 5698265
591 3123 5698268
592 3125 5698271
579 3107 5698274
598 3124 5698277
599 3120 5698280
586 3121 5698283
590 3125 5698286
590 3125 5698289
590 3145 5698292
590 3124 5698295
589 3123 5698298
593 3103 5698301
589 3126 5698304
601 3122 5698307
584 3122 5698310
594 3125 5698313
592 3124 5698316
590 3123 5698319
591 3127 5698322
585 3122 5698325
592 3124 5698328
565 3134 5698331
588 3132 5698334
599 3118 5698337
588 3127 5698340
593 3125 5698343
588 3121 5698346
588 3122 5698349
568 3121 5698352
591 3120 5698355
590 3136 5698358
602 3113 5698361
583 3126 5698364
593 3127 5698367
588 3119 5698370
590 3125 5698373
591 3122 5698376
588 3123 5698379
590 3122 5698382
586 3123 5698385
589 3124 5698388
573 3124 5698391
588 3130 5698394
591 3119 5698397
585 3122 5698400
591 3125 5698403
589 3126 5698406
591 3123 5698409
573 3127 5698412
589 3123 5698415
588 3137 5698418
589 3109 5698421
607 3123 5698424
595 3130 5698427
585 3121 5698430
591 3126 5698433
594 3127 5698436
589 3126 5698439
589 3130 5698442
582 3122 5698445
589 3125 5698448
619 3117 5698451
590 3129 5698454
588 3121 5698457
592 3127 5698460
592 3122 5698463
588 3122 5698466
591 3124 5698469
589 3124 5698472
591 3130 5698475
593 3122 5698478
589 3136 5698481
592 3129 5698484
592 3115 5698487
587 3130 5698490
594 3126 5698493
586 3119 5698496
590 3125 5698499
591 3124 5698502
590 3108 5698505
645 3124 5698508
588 3123 5698511
598 3109 5698514
583 3118 5698517
590 3128 5698520
587 3121 5698523
589 3126 5698526
589 3122 5698529
587 3123 5698532
590 3125 5698535
589 3132 5698538
572 3122 5698541
582 3125 5698544
598 3122 5698547
592 3127 5698550
585 3114 5698553
599 3129 5698556
594 3121 5698559
587 3122 5698562
588 3124 5698565
592 3125 5698568
588 3124 5698571
578 3123 5698574
589 3127 5698577
583 3130 5698580
594 3118 5698583
585 3124 5698586
592 3129 5698589
590 3121 5698592
587 3123 5698595
594 3124 5698598
591 3124 5698601
590 3132 5698604
587 3124 5698607
591 3126 5698610
603 3122 5698613
596 3120 5698616
585 3134 5698619
592 3128 5698622
590 3123 5698625
587 3124 5698628
591 3127 5698631
588 3124 5698634
591 3125 5698637
601 3121 5698640
588 3124 5698643
564 3133 5698646
592 3127 5698649
590 3119 5698652
590 3127 5698655
593 3124 5698658
587 3121 5698661
592 3123 5698664
591 3122 5698667
589 3107 5698670
649 3124 5698673
589 3121 5698676
584 3105 5698679
592 3124 5698682
594 3123 5698685
584 3120 5698688
593 3125 5698691
589 3122 5698694
588 3124 5698697
590 3123 5698700
588 3106 5698703
686 3122 5698706
592 3121 5698709
601 3110 5698712
583 3120 5698715
592 3128 5698718
589 3119 5698721
592 3125 5698724
591 3127 5698727
589 3124 5698730
590 3124 5698733
590 3104 5698736
580 3122 5698739
591 3120 5698742
604 3114 5698745
579 3127 5698748
585 3129 5698751
589 3121 5698754
589 3126 5698757
587 3122 5698760
588 3123 5698763
591 3123 5698766
589 3108 5698769
523 3125 5698772
594 3122 5698775
593 3107 5698778
585 3123 5698781
592 3127 5698784
588 3120 5698787
592 3127 5698790
589 3122 5698793
590 3124 5698796
589 3122 5698799
591 3130 5698802
583 3122 5698805
589 3121 5698808
594 3131 5698811
594 3124 5698814
584 3118 5698817
591 3126 5698820
588 3123 5698823
586 3122 5698826
589 3123 5698829
589 3124 5698832
572 3116 5698835
585 3124 5698838
590 3141 5698841
584 3114 5698844
592 3119 5698847
592 3123 5698850
585 3124 5698853
592 3127 5698856
590 3122 5698859
590 3123 5698862
591 3102 5698865
644 3126 5698868
590 3126 5698871
590 3136 5698874
586 3117 5698877
592 3122 5698880
594 3123 5698883
588 3124 5698886
593 3127 5698889
592 3123 5698892
588 3125 5698895
574 3053 5698898
590 3126 5698901
590 3137 5698904
577 3115 5698907
589 3127 5698910
594 3120 5698913
584 3119 5698916
592 3127 5698919
589 3126 5698922
588 3125 5698925
629 3120 5698928
597 3125 5698931
588 3124 5698934
582 3127 5698937
596 3121 5698940
583 3126 5698943
591 3125 5698946
588 3121 5698949
589 3126 5698952
590 3124 5698955
587 3128 5698958
601 3124 5698961
592 3124 5698964
570 3148 5698967
585 3125 5698970
598 3122 5698973
586 3125 5698976
591 3123 5698979
589 3123 5698982
592 3125 5698985
591 3129 5698988
569 3122 5698991
592 3125 5698994
579 3110 5698997
587 3123 5699001
595 3124 5699004
587 3126 5699007
590 3122 5699010
591 3120 5699013
589 3127 5699016
843 3125 5699019
589 3124 5699022
591 3124 5699025
612 3123 5699028
591 3129 5699031
587 3119 5699034
594 3126 5699037
590 3124 5699039
587 3122 5699042
590 3125 5699045
560 3309 5699048
590 3123 5699051
588 3121 5699054
599 3126 5699057
584 3124 5699060
588 3126 5699063
591 3122 5699066
587 3127 5699069
591 3121 5699072
591 3147 5699075
589 3126 5699078
587 3122 5699081
589 3103 5699084
585 3122 5699087
595 3122 5699090
586 3125 5699093
592 3124 5699096
591 3123 5699099
592 3126 5699102
588 3110 5699105
487 3125 5699108
591 3124 5699111
605 3122 5699114
577 3126 5699117
588 3129 5699120
592 3121 5699123
587 3122 5699126
591 3124 5699129
591 3128 5699132
565 3129 5699135
585 3121 5699138
591 3124 5699141
601 3133 5699144
590 3117 5699147
589 3123 5699150
592 3125 5699153
587 3124 5699156
590 3126 5699159
589 3123 5699162
595 3121 5699165
590 3124 5699168
586 3096 5699171
597 3126 5699174
597 3125 5699177
583 3121 5699180
588 3125 5699183
591 3123 5699186
589 3124 5699189
588 3102 5699192
581 3125 5699195
591 3124 5699198
599 3136 5699201
581 3121 5699204
587 3126 5699207
595 3123 5699210
585 3125 5699213
592 3126 5699216
599 3122 5699219
545 3122 5699222
592 3122 5699225
590 3124 5699228
581 3121 5699231
593 3128 5699234
584 3118 5699237
594 3126 5699240
592 3123 5699243
587 3124 5699246
589 3125 5699249
570 2693 5699252
589 3121 5699255
589 3121 5699258
603 3120 5699261
584 3142 5699264
590 3126 5699267
588 3120 5699270
589 3124 5699273
593 3123 5699276
588 3125 5699279
591 3098 5699282
587 3123 5699285
589 3128 5699288
571 3153 5699291
588 3129 5699294
596 3120 5699297
587 3123 5699300
590 3124 5699303
590 3121 5699306
589 3124 5699309
599 3175 5699312
587 3124 5699315
589 3111 5699318
571 3126 5699321
587 3131 5699324
591 3117 5699327
590 3127 5699330
594 3124 5699333
588 3123 5699336
589 3125 5699339
574 3033 5699342
591 3124 5699345
589 3143 5699348
581 3112 5699351
594 3126 5699354
596 3122 5699357
585 3122 5699360
593 3126 5699363
591 3124 5699366
589 3124 5699369
589 3123 5699372
588 3122 5699375
590 3122 5699378
591 3134 5699381
587 3115 5699384
601 3126 5699387
592 3124 5699390
587 3121 5699393
591 3125 5699396
592 3126 5699399
587 3125 5699402
573 3123 5699405
591 3124 5699408
582 3110 5699411
594 3127 5699414
594 3124 5699417
583 3125 5699420
590 3126 5699423
591 3120 5699426
588 3122 5699429
591 3124 5699432
587 3135 5699435
590 3124 5699438
591 3138 5699441
583 3134 5699444
593 3117 5699447
585 3126 5699450
592 3128 5699453
587 3121 5699456
587 3123 5699459
591 3124 5699462
561 3120 5699465
596 3121 5699468
590 3122 5699471
582 3127 5699474
599 3118 5699477
583 3126 5699480
593 3127 5699483
589 3124 5699486
590 3123 5699489
590 3123 5699492
591 3173 5699495
590 3130 5699498
588 3121 5699501
589 3140 5699504
588 3133 5699507
587 3116 5699510
589 3128 5699513
592 3124 5699516
589 3125 5699519
590 3123 5699522
589 3123 5699525
590 3132 5699528
623 3124 5699531
587 3123 5699534
562 3131 5699537
587 3134 5699540
596 3119 5699543
586 3125 5699546
592 3126 5699549
588 3122 5699552
590 3123 5699555
589 3122 5699558
651 3119 5699561
589 3124 5699564
587 3120 5699567
597 3136 5699570
589 3115 5699573
588 3124 5699576
593 3127 5699579
586 3122 5699582
589 3125 5699585
590 3124 5699588
590 3124 5699591
628 3120 5699594
593 3122 5699597
586 3122 5699600
592 3134 5699603
590 3114 5699606
602 3123 5699609
591 3126 5699612
590 3123 5699615
591 3126 5699618
590 3124 5699621
586 3122 5699624
591 3135 5699627
593 3124 5699630
588 3122 5699633
643 3117 5699636
594 3131 5699639
587 3119 5699642
593 3127 5699645
591 3122 5699648
588 3123 5699651
592 3124 5699654
591 3123 5699657
591 3118 5699660
591 3124 5699663
586 3125 5699666
588 3137 5699669
587 3114 5699672
587 3123 5699675
595 3128 5699678
587 3121 5699681
591 3126 5699684
589 3123 5699687
588 3122 5699690
589 3125 5699693
557 3119 5699696
587 3123 5699699
590 3133 5699702
603 3116 5699705
581 3127 5699708
590 3128 5699711
589 3120 5699714
588 3125 5699717
591 3123 5699720
588 3124 5699723
590 3123 5699726
590 3125 5699729
558 3101 5699732
592 3124 5699735
592 3106 5699738
573 3126 5699741
588 3131 5699744
589 3117 5699747
588 3127 5699750
590 3122 5699753
591 3122 5699756
592 3124 5699759
589 3121 5699762
586 3124 5699765
694 3119 5699768
595 3123 5699771
589 3139 5699774
591 3111 5699777
587 3120 5699780
593 3128 5699783
584 3120 5699786
591 3123 5699789
591 3124 5699792
588 3125 5699795
587 3123 5699798
590 3124 5699801
590 3125 5699804
597 3136 5699807
585 3125 5699810
595 3080 5699813
598 3116 5699816
580 3127 5699819
591 3127 5699822
589 3122 5699825
591 3126 5699828
589 3122 5699831
588 3122 5699834
590 3124 5699837
589 3124 5699840
589 3124 5699843
578 3210 5699846
584 3124 5699849
589 3133 5699852
612 3130 5699855
584 3114 5699858
591 3130 5699861
590 3121 5699864
587 3122 5699867
593 3127 5699870
592 3126 5699873
587 3124 5699876
589 3124 5699879
591 3127 5699882
589 3098 5699885
618 3113 5699888
588 3128 5699891
608 3159 5699894
594 3108 5699897
578 3124 5699900
596 3129 5699903
587 3122 5699906
589 3126 5699909
591 3123 5699912
587 3125 5699915
591 3122 5699918
589 3122 5699921
589 3127 5699924
589 3122 5699927
627 3113 5699930
591 3134 5699933
629 3124 5699936
569 3112 5699939
594 3134 5699942
591 3122 5699945
586 3125 5699948
591 3123 5699951
587 3121 5699954
588 3127 5699957
589 3123 5699960
590 3125 5699963
588 3126 5699966
589 3126 5699969
607 3132 5699972
586 3127 5699975
609 3110 5699978
562 3114 5699981
598 3134 5699984
590 3118 5699987
585 3126 5699990
592 3124 5699993
590 3124 5699996
589 3125 5700000
590 3123 5700003
588 3124 5700006
591 3125 5700009
590 3120 5700012
589 3123 5700015
596 3097 5700018
595 3124 5700021
560 3091 5700024
594 3139 5700027
599 3123 5700030
582 3120 5700033
594 3126 5700036
592 3123 5700039
586 3123 5700042
593 3122 5700045
590 3126 5700047
589 3124 5700050
592 3127 5700053
591 3126 5700056
594 3124 5700059
585 3079 5700062
605 3119 5700065
590 3142 5700068
622 3131 5700071
579 3110 5700074
591 3133 5700077
594 3122 5700080
589 3124 5700083
593 3125 5700086
590 3120 5700089
591 3127 5700092
590 3124 5700095
590 3125 5700098
589 3123 5700101
591 3125 5700104
589 3123 5700107
600 3138 5700110
581 3122 5700113
581 3088 5700116
578 3133 5700119
604 3124 5700122
583 3119 5700125
591 3131 5700128
591 3124 5700131
590 3122 5700134
588 3125 5700137
588 3126 5700140
589 3124 5700143
588 3121 5700146
590 3125 5700149
589 3121 5700152
591 3124 5700155
575 3162 5700158
578 3125 5700161
616 3106 5700164
560 3120 5700167
602 3136 5700170
589 3119 5700173
590 3128 5700176
590 3125 5700179
591 3124 5700182
589 3122 5700185
590 3123 5700188
589 3124 5700191
591 3125 5700194
590 3124 5700197
586 3124 5700200
590 3124 5700203
591 3134 5700206
562 3133 5700209
584 3082 5700212
596 3149 5700215
599 3116 5700218
591 3121 5700221
594 3130 5700224
591 3123 5700227
589 3126 5700230
593 3123 5700233
588 3124 5700236
588 3124 5700239
591 3124 5700242
589 3124 5700245
591 3127 5700248
591 3125 5700251
591 3123 5700254
599 3098 5700257
599 3121 5700260
556 3139 5700263
613 3128 5700266
577 3114 5700269
589 3129 5700272
594 3125 5700275
587 3123 5700278
591 3123 5700281
590 3121 5700284
590 3124 5700287
587 3126 5700290
590 3124 5700293
592 3125 5700296
591 3124 5700299
590 3124 5700302
590 3133 5700305
594 3119 5700308
591 3087 5700311
562 3132 5700314
608 3133 5700317
586 3115 5700320
589 3128 5700323
594 3123 5700326
588 3125 5700329
591 3121 5700332
591 3122 5700335
590 3124 5700338
590 3126 5700341
589 3120 5700344
591 3126 5700347
590 3126 5700350
590 3123 5700353
578 3149 5700356
577 3127 5700359
593 3087 5700362
572 3131 5700365
605 3128 5700368
583 3114 5700371
591 3128 5700374
590 3121 5700377
591 3125 5700380
589 3124 5700383
590 3121 5700386
588 3125 5700389
589 3124 5700392
591 3123 5700395
588 3121 5700398
588 3125 5700401
590 3122 5700404
606 3114 5700407
587 3108 5700410
555 3117 5700413
602 3136 5700416
590 3117 5700419
584 3127 5700422
591 3122 5700425
586 3123 5700428
589 3122 5700431
589 3124 5700434
590 3124 5700437
591 3121 5700440
589 3122 5700443
592 3125 5700446
588 3121 5700449
591 3174 5700452
570 3130 5700455
593 3120 5700458
587 3159 5700461
602 3114 5700464
578 3120 5700467
594 3131 5700470
589 3123 5700473
586 3123 5700476
593 3128 5700479
590 3121 5700482
592 3123 5700485
592 3124 5700488
588 3125 5700491
594 3126 5700494
589 3123 5700497
588 3126 5700500
597 3093 5700503
598 3122 5700506
545 3112 5700509
613 3142 5700512
589 3113 5700515
581 3125 5700518
593 3126 5700521
587 3120 5700524
589 3126 5700527
589 3123 5700530
587 3124 5700533
587 3123 5700536
590 3125 5700539
588 3123 5700542
589 3124 5700545
597 3089 5700548
459 3134 5700551
582 3125 5700554
621 3153 5700557
589 3108 5700560
581 3129 5700563
597 3127 5700566
585 3119 5700569
590 3125 5700572
591 3125 5700575
591 3123 5700578
591 3126 5700581
589 3125 5700584
591 3124 5700587
590 3124 5700590
590 3123 5700593
580 3068 5700596
604 3118 5700599
591 3134 5700602
626 3137 5700605
577 3111 5700608
589 3130 5700611
593 3121 5700614
586 3122 5700617
591 3126 5700620
590 3123 5700623
591 3122 5700626
588 3124 5700629
588 3125 5700632
591 3125 5700635
591 3125 5700638
589 3132 5700641
565 3133 5700644
588 3101 5700647
558 3122 5700650
603 3138 5700653
589 3113 5700656
586 3127 5700659
595 3123 5700662
586 3124 5700665
593 3125 5700668
591 3123 5700671
586 3123 5700674
590 3122 5700677
588 3123 5700680
588 3124 5700683
564 2590 5700686
601 3122 5700689
587 3089 5700692
602 3149 5700695
597 3113 5700698
582 3122 5700701
597 3127 5700704
586 3120 5700707
588 3126 5700710
590 3124 5700713
589 3124 5700716
589 3125 5700719
590 3122 5700722
589 3125 5700725
587 3138 5700728
580 3107 5700731
599 3121 5700734
560 3091 5700737
595 3143 5700740
599 3120 5700743
582 3123 5700746
595 3126 5700749
590 3122 5700752
586 3124 5700755
592 3127 5700758
590 3122 5700761
587 3123 5700764
591 3126 5700767
592 3123 5700770
555 3179 5700773
586 3122 5700776
590 3133 5700779
621 3131 5700782
580 3112 5700785
589 3133 5700788
592 3125 5700791
585 3122 5700794
590 3127 5700797
589 3122 5700800
590 3125 5700803
587 3122 5700806
591 3125 5700809
589 3124 5700812
564 3057 5700815
594 3117 5700818
591 3099 5700821
610 3151 5700824
592 3112 5700827
580 3125 5700830
597 3126 5700833
589 3122 5700836
586 3125 5700839
594 3126 5700842
588 3121 5700845
589 3122 5700848
588 3125 5700851
590 3124 5700854
602 3135 5700857
580 3128 5700860
598 3170 5700863
591 3104 5700866
579 3125 5700869
597 3127 5700872
590 3120 5700875
589 3123 5700878
591 3121 5700881
589 3123 5700884
591 3124 5700887
591 3123 5700890
587 3124 5700893
588 3085 5700896
474 3136 5700899
583 3127 5700902
551 3128 5700905
616 3135 5700908
581 3112 5700911
588 3127 5700914
591 3125 5700917
588 3121 5700920
591 3125 5700923
590 3125 5700926
591 3126 5700929
591 3126 5700932
592 3123 5700935
567 2943 5700938
601 3121 5700941
587 3079 5700944
571 3142 5700947
609 3126 5700950
582 3115 5700953
592 3129 5700956
592 3124 5700959
590 3123 5700962
590 3124 5700965
591 3123 5700968
588 3125 5700971
589 3124 5700974
589 3060 5700977
642 3141 5700980
585 3125 5700983
549 3114 5700986
612 3140 5700989
585 3114 5700992
585 3126 5700995
592 3127 5700998
592 3122 5701002
589 3123 5701005
591 3125 5701008
590 3124 5701011
590 3128 5701014
589 3124 5701017
555 3004 5701020
598 3120 5701023
594 3084 5701026
599 3151 5701029
597 3114 5701032
580 3123 5701035
594 3127 5701038
587 3120 5701041
590 3126 5701044
592 3125 5701046
587 3124 5701049
591 3126 5701052
588 3125 5701055
590 3089 5701058
494 3129 5701061
582 3126 5701064
557 3132 5701067
614 3132 5701070
581 3111 5701073
587 3130 5701076
593 3124 5701079
588 3121 5701082
590 3126 5701085
591 3123 5701088
591 3124 5701091
591 3124 5701094
591 3125 5701097
536 3084 5701100
597 3127 5701103
585 3088 5701106
561 3135 5701109
607 3132 5701112
584 3116 5701115
590 3127 5701118
592 3122 5701121
588 3122 5701124
592 3125 5701127
590 3123 5701130
584 3122 5701133
591 3124 5701136
588 3122 5701139
601 3133 5701142
587 3125 5701145
615 3147 5701148
568 3106 5701151
590 3132 5701154
596 3123 5701157
587 3121 5701160
594 3127 5701163
587 3122 5701166
588 3123 5701169
589 3124 5701172
590 3123 5701175
590 3125 5701178
591 3087 5701181
546 3133 5701184
592 3119 5701187
553 3098 5701190
605 3142 5701193
595 3115 5701196
579 3122 5701199
597 3127 5701202
588 3122 5701205
590 3127 5701208
592 3129 5701211
589 3126 5701214
592 3125 5701217
588 3122 5701220
587 3075 5701223
576 3133 5701226
589 3123 5701229
546 3111 5701232
610 3140 5701235
588 3113 5701238
583 3124 5701241
594 3127 5701244
590 3123 5701247
589 3124 5701250
589 3122 5701253
588 3124 5701256
592 3125 5701259
590 3124 5701262
586 3122 5701265
608 3134 5701268
588 3124 5701271
617 3128 5701274
566 3108 5701277
594 3142 5701280
595 3121 5701283
584 3122 5701286
591 3128 5701289
590 3122 5701292
589 3123 5701295
588 3121 5701298
589 3126 5701301
591 3121 5701304
594 3120 5701307
593 3133 5701310
565 3132 5701313
589 3120 5701316
555 3107 5701319
598 3139 5701322
593 3117 5701325
586 3122 5701328
591 3125 5701331
590 3124 5701334
587 3124 5701337
589 3122 5701340
590 3128 5701343
590 3126 5701346
590 3124 5701349
588 3125 5701352
589 3175 5701355
579 3125 5701358
611 3150 5701361
570 3103 5701364
589 3134 5701367
598 3121 5701370
585 3120 5701373
590 3127 5701376
591 3122 5701379
589 3124 5701382
587 3124 5701385
590 3125 5701388
592 3124 5701391
589 3123 5701394
586 3124 5701397
594 3104 5701400
593 3121 5701403
574 3141 5701406
585 3133 5701409
590 3122 5701412
590 3123 5701415
588 3123 5701418
590 3125 5701421
588 3124 5701424
590 3123 5701427
586 3122 5701430
591 3124 5701433
588 3124 5701436
590 3124 5701439
588 3124 5701442
600 3120 5701445
589 3124 5701448
597 3110 5701451
591 3122 5701454
588 3125 5701457
590 3125 5701460
589 3123 5701463
591 3124 5701466
589 3125 5701469
590 3125 5701472
590 3125 5701475
589 3123 5701478
592 3124 5701481
589 3125 5701484
588 3124 5701487
584 3040 5701490
593 3125 5701493
586 3123 5701496
589 3124 5701499
588 3124 5701502
588 3123 5701505
586 3123 5701508
589 3124 5701511
590 3124 5701514
588 3119 5701517
589 3125 5701520
588 3123 5701523
588 3126 5701526
587 3119 5701529
588 3124 5701532
590 3089 5701535
612 3127 5701538
588 3124 5701541
586 3124 5701544
593 3126 5701547
592 3122 5701550
588 3122 5701553
590 3124 5701556
589 3123 5701559
588 3121 5701562
590 3125 5701565
588 3124 5701568
590 3124 5701571
589 3124 5701574
589 3124 5701577
591 3123 5701580
627 3159 5701583
590 3123 5701586
588 3123 5701589
591 3124 5701592
589 3122 5701595
590 3125 5701598
591 3124 5701601
590 3122 5701604
588 3123 5701607
590 3124 5701610
589 3123 5701613
587 3121 5701616
589 3124 5701619
587 3122 5701622
591 3123 5701625
588 3121 5701628
590 3113 5701631
589 3121 5701634
592 3123 5701637
588 3123 5701640
587 3125 5701643
591 3124 5701646
590 3119 5701649
587 3123 5701652
589 3124 5701655
589 3123 5701658
587 3120 5701661
593 3125 5701664
591 3122 5701667
590 3124 5701670
589 3124 5701673
588 3127 5701676
629 3125 5701679
590 3122 5701682
588 3126 5701685
592 3125 5701688
590 3124 5701691
587 3126 5701694
592 3127 5701697
588 3123 5701700
590 3123 5701703
588 3125 5701706
589 3124 5701709
590 3125 5701712
588 3125 5701715
587 3127 5701718
588 3124 5701721
591 3125 5701724
589 3127 5701727
589 3126 5701730
587 3121 5701733
589 3126 5701736
589 3126 5701739
587 3124 5701742
590 3123 5701745
586 3124 5701748
588 3125 5701751
589 3123 5701754
588 3124 5701757
588 3124 5701760
588 3124 5701763
589 3122 5701766
589 3124 5701769
584 3117 5701772
589 3123 5701775
594 3125 5701778
586 3120 5701781
587 3125 5701784
590 3123 5701787
589 3123 5701790
588 3124 5701793
589 3123 5701796
590 3123 5701799
593 3123 5701802
589 3126 5701805
590 3123 5701808
590 3125 5701811
588 3123 5701814
587 3122 5701817
582 3123 5701820
591 3128 5701823
590 3121 5701826
590 3123 5701829
590 3123 5701832
588 3123 5701835
590 3124 5701838
590 3125 5701841
590 3126 5701844
588 3124 5701847
590 3123 5701850
590 3127 5701853
595 3127 5701856
589 3122 5701859
588 3126 5701862
558 3116 5701865
590 3122 5701868
589 3128 5701871
592 3121 5701874
586 3125 5701877
589 3125 5701880
591 3123 5701883
591 3125 5701886
590 3125 5701889
586 3122 5701892
592 3123 5701895
590 3123 5701898
590 3124 5701901
590 3122 5701904
592 3126 5701907
587 3124 5701910
590 3122 5701913
593 3124 5701916
590 3123 5701919
590 3124 5701922
590 3120 5701925
590 3122 5701928
590 3122 5701931
590 3121 5701934
588 3123 5701937
589 3123 5701940
589 3127 5701943
590 3121 5701946
590 3125 5701949
596 3171 5701952
589 3124 5701955
588 3117 5701958
590 3125 5701961
590 3123 5701964
590 3121 5701967
588 3124 5701970
587 3124 5701973
591 3125 5701976
590 3123 5701979
589 3125 5701982
590 3127 5701985
591 3124 5701988
589 3122 5701991
590 3129 5701994
603 3120 5701997
591 3119 5702001
590 3125 5702004
591 3122 5702007
588 3122 5702010
590 3122 5702013
591 3125 5702016
591 3123 5702019
589 3123 5702022
588 3122 5702025
588 3124 5702028
588 3124 5702031
591 3122 5702034
585 3117 5702037
578 3124 5702040
590 3124 5702043
587 3123 5702045
592 3128 5702048
588 3125 5702051
589 3121 5702054
588 3123 5702057
591 3124 5702060
587 3125 5702063
588 3124 5702066
590 3123 5702069
589 3125 5702072
587 3120 5702075
593 3121 5702078
588 3126 5702081
588 3119 5702084
588 3124 5702087
590 3122 5702090
587 3122 5702093
591 3123 5702096
589 3124 5702099
589 3126 5702102
592 3125 5702105
588 3123 5702108
590 3126 5702111
587 3128 5702114
589 3125 5702117
615 3146 5702120
602 3115 5702123
604 3113 5702126
600 3113 5702129
607 3144 5702132
639 3206 5702135
706 3295 5702138
792 3381 5702141
889 3463 5702144
985 3532 5702147
1082 3593 5702150
1172 3639 5702153
1233 3659 5702156
1240 3649 5702159
1236 3642 5702162
1221 3650 5702165
1223 3652 5702168
1226 3649 5702171
1224 3649 5702174
1229 3652 5702177
1228 3651 5702180
1231 3651 5702183
1225 3652 5702186
1229 3655 5702189
1227 3653 5702192
1231 3653 5702195
1228 3655 5702198
1228 3651 5702201
1223 3654 5702204
1229 3649 5702207
1231 3656 5702210
1231 3648 5702213
1230 3653 5702216
1227 3653 5702219
1231 3656 5702222
1229 3654 5702225
1229 3652 5702228
1228 3656 5702231
1232 3653 5702234
1229 3653 5702237
1229 3654 5702240
1215 3572 5702243
1229 3652 5702246
1231 3652 5702249
1227 3654 5702252
1233 3656 5702255
1230 3650 5702258
1230 3653 5702261
1230 3656 5702264
1230 3653 5702267
1231 3654 5702270
1232 3653 5702273
1230 3654 5702276
1231 3653 5702279
1231 3752 5702282
1231 3649 5702285
1229 3654 5702288
1232 3652 5702291
1230 3653 5702294
1231 3655 5702297
1231 3651 5702300
1229 3654 5702303
1229 3653 5702306
1231 3653 5702309
1229 3652 5702312
1230 3654 5702315
1226 3650 5702318
1229 3651 5702321
1228 3648 5702324
1294 3654 5702327
1228 3653 5702330
1228 3652 5702333
1232 3654 5702336
1229 3649 5702339
1231 3649 5702342
1235 3649 5702345
1235 3646 5702348
1233 3643 5702351
1237 3642 5702354
1234 3640 5702357
1236 3642 5702360
1239 3641 5702363
1238 3631 5702366
1210 3638 5702369
1239 3633 5702372
1239 3639 5702375
1243 3634 5702378
1241 3635 5702381
1239 3633 5702384
1243 3635 5702387
1240 3637 5702390
1242 3635 5702393
1240 3633 5702396
1242 3636 5702399
1243 3637 5702402
1242 3635 5702405
1240 3636 5702408
1130 3632 5702411
1244 3633 5702414
1235 3631 5702417
1244 3636 5702420
1242 3631 5702423
1241 3634 5702426
1242 3635 5702429
1243 3637 5702432
1243 3637 5702435
1240 3635 5702438
1241 3635 5702441
1240 3635 5702444
1239 3636 5702447
1239 3633 5702450
1232 3641 5702453
1237 3636 5702456
1238 3636 5702459
1243 3639 5702462
1239 3638 5702465
1241 3637 5702468
1240 3636 5702471
1239 3638 5702474
1237 3640 5702477
1240 3638 5702480
1237 3636 5702483
1241 3638 5702486
1238 3637 5702489
1238 3638 5702492
1240 3639 5702495
1280 3638 5702498
1240 3635 5702501
1238 3639 5702504
1239 3642 5702507
1238 3641 5702510
1239 3643 5702513
1237 3640 5702516
1238 3647 5702519
1237 3641 5702522
1236 3640 5702525
1238 3644 5702528
1237 3642 5702531
1236 3642 5702534
1237 3639 5702537
1236 3649 5702540
1234 3643 5702543
1237 3644 5702546
1235 3640 5702549
1240 3645 5702552
1237 3641 5702555
1237 3644 5702558
1238 3646 5702561
1236 3645 5702564
1237 3643 5702567
1235 3643 5702570
1235 3645 5702573
1236 3643 5702576
1238 3646 5702579
1234 3644 5702582
1235 3645 5702585
1234 3644 5702588
1235 3648 5702591
1237 3645 5702594
1233 3644 5702597
1236 3645 5702600
1235 3644 5702603
1234 3646 5702606
1233 3645 5702609
1234 3645 5702612
1235 3645 5702615
1237 3646 5702618
1233 3643 5702621
1234 3645 5702624
1234 3646 5702627
1235 3732 5702630
750 3648 5702633
1233 3646 5702636
1230 3646 5702639
1233 3647 5702642
1235 3648 5702645
1230 3647 5702648
1235 3648 5702651
1233 3647 5702654
1235 3647 5702657
1233 3650 5702660
1235 3647 5702663
1235 3647 5702666
1232 3648 5702669
1233 3648 5702672
1232 3645 5702675
1518 3648 5702678
1226 3649 5702681
1233 3648 5702684
1231 3646 5702687
1234 3650 5702690
1233 3651 5702693
1234 3649 5702696
1235 3650 5702699
1230 3648 5702702
1230 3650 5702705
1232 3648 5702708
1233 3652 5702711
1230 3649 5702714
1233 3650 5702717
1230 3649 5702720
1230 3649 5702723
1227 3629 5702726
1231 3646 5702729
1232 3652 5702732
1234 3650 5702735
1231 3648 5702738
1233 3651 5702741
1232 3650 5702744
1231 3647 5702747
1232 3649 5702750
1231 3649 5702753
1233 3649 5702756
1233 3652 5702759
1233 3652 5702762
1234 3651 5702765
1233 3651 5702768
1232 3650 5702771
1237 3647 5702774
1234 3651 5702777
1233 3650 5702780
1230 3650 5702783
1231 3652 5702786
1234 3650 5702789
1231 3652 5702792
1232 3652 5702795
1233 3654 5702798
1230 3651 5702801
1230 3651 5702804
1231 3653 5702807
1233 3653 5702810
1231 3650 5702813
1233 3654 5702816
1231 3651 5702819
1222 3661 5702822
1231 3651 5702825
1234 3652 5702828
1228 3651 5702831
1230 3650 5702834
1229 3653 5702837
1229 3654 5702840
1231 3652 5702843
1229 3647 5702846
1230 3654 5702849
1229 3652 5702852
1230 3651 5702855
1234 3652 5702858
1230 3652 5702861
1231 3653 5702864
1230 3656 5702867
1214 3659 5702870
1232 3652 5702873
1232 3652 5702876
1226 3649 5702879
1231 3653 5702882
1231 3649 5702885
1231 3651 5702888
1230 3654 5702891
1230 3653 5702894
1231 3653 5702897
1228 3650 5702900
1231 3657 5702903
1231 3653 5702906
1233 3652 5702909
1232 3653 5702912
1233 3652 5702915
1146 3495 5702918
1233 3650 5702921
1230 3650 5702924
1232 3654 5702927
1232 3652 5702930
1226 3651 5702933
1231 3655 5702936
1232 3651 5702939
1230 3652 5702942
1228 3653 5702945
1232 3652 5702948
1230 3649 5702951
1231 3653 5702954
1232 3653 5702957
1230 3651 5702960
1234 3651 5702963
1230 3649 5702966
1244 3655 5702969
1230 3654 5702972
1233 3650 5702975
1229 3652 5702978
1232 3652 5702981
1229 3650 5702984
1230 3650 5702987
1229 3653 5702990
1231 3651 5702993
1233 3651 5702996
1229 3652 5703000
1229 3653 5703003
1231 3651 5703006
1231 3653 5703009
1231 3649 5703012
1232 3632 5703015
1235 3651 5703018
1231 3654 5703021
1229 3656 5703024
1232 3647 5703027
1229 3652 5703030
1231 3653 5703033
1231 3651 5703036
1231 3655 5703039
1231 3654 5703042
1230 3651 5703045
1234 3653 5703047
1233 3650 5703050
1231 3651 5703053
1229 3652 5703056
1230 3650 5703059
1230 3655 5703062
952 3655 5703065
1234 3652 5703068
1228 3657 5703071
1233 3654 5703074
1231 3649 5703077
1229 3652 5703080
1232 3653 5703083
1232 3653 5703086
1228 3653 5703089
1231 3653 5703092
1229 3656 5703095
1231 3652 5703098
1229 3650 5703101
1229 3654 5703104
1230 3655 5703107
1231 3595 5703110
840 3654 5703113
1230 3653 5703116
1225 3652 5703119
1233 3652 5703122
1229 3653 5703125
1227 3653 5703128
1231 3650 5703131
1228 3651 5703134
1227 3656 5703137
1229 3653 5703140
1232 3652 5703143
1228 3653 5703146
1231 3656 5703149
1228 3652 5703152
1230 3651 5703155
1227 3720 5703158
1417 3652 5703161
1230 3655 5703164
1227 3652 5703167
1231 3655 5703170
1229 3656 5703173
1229 3654 5703176
1229 3652 5703179
1230 3654 5703182
1231 3654 5703185
1231 3653 5703188
1230 3656 5703191
1231 3646 5703194
1230 3654 5703197
1229 3653 5703200
1230 3655 5703203
1224 3649 5703206
1214 3654 5703209
1231 3654 5703212
1233 3657 5703215
1229 3650 5703218
1229 3653 5703221
1230 3654 5703224
1228 3651 5703227
1231 3654 5703230
1229 3655 5703233
1231 3656 5703236
1231 3654 5703239
1230 3653 5703242
1227 3652 5703245
1230 3654 5703248
1229 3651 5703251
1227 3723 5703254
1231 3656 5703257
1225 3652 5703260
1232 3655 5703263
1230 3652 5703266
1230 3653 5703269
1230 3652 5703272
1232 3653 5703275
1226 3653 5703278
1230 3653 5703281
1230 3651 5703284
1230 3654 5703287
1227 3652 5703290
1231 3651 5703293
1231 3654 5703296
1227 3632 5703299
1289 3653 5703302
1230 3647 5703305
1230 3657 5703308
1230 3652 5703311
1230 3653 5703314
1227 3653 5703317
1230 3651 5703320
1230 3654 5703323
1232 3654 5703326
1233 3654 5703329
1230 3652 5703332
1229 3654 5703335
1231 3653 5703338
1233 3653 5703341
1230 3653 5703344
1230 3642 5703347
1229 3652 5703350
1233 3654 5703353
1228 3652 5703356
1230 3656 5703359
1232 3653 5703362
1230 3652 5703365
1232 3654 5703368
1230 3652 5703371
1231 3654 5703374
1228 3652 5703377
1230 3654 5703380
1229 3653 5703383
1231 3651 5703386
1231 3654 5703389
1231 3608 5703392
1230 3655 5703395
1225 3652 5703398
1232 3655 5703401
1229 3653 5703404
1230 3655 5703407
1228 3651 5703410
1230 3654 5703413
1227 3652 5703416
1229 3652 5703419
1230 3656 5703422
1231 3655 5703425
1230 3653 5703428
1230 3651 5703431
1231 3653 5703434
1237 3606 5703437
1231 3653 5703440
1226 3654 5703443
1232 3656 5703446
1229 3654 5703449
1231 3653 5703452
1231 3654 5703455
1230 3656 5703458
1230 3655 5703461
1228 3652 5703464
1230 3656 5703467
1229 3653 5703470
1230 3653 5703473
1230 3652 5703476
1229 3656 5703479
1231 3654 5703482
1231 3652 5703485
1234 3655 5703488
1230 3654 5703491
1232 3654 5703494
1229 3653 5703497
1230 3655 5703500
1232 3655 5703503
1231 3654 5703506
1227 3651 5703509
1228 3653 5703512
1229 3652 5703515
1231 3655 5703518
1228 3656 5703521
1228 3640 5703524
1155 3655 5703527
1228 3646 5703530
1231 3655 5703533
1231 3655 5703536
1230 3652 5703539
1227 3653 5703542
1233 3655 5703545
1228 3653 5703548
1231 3653 5703551
1229 3654 5703554
1229 3652 5703557
1230 3654 5703560
1229 3653 5703563
1228 3653 5703566
1310 3670 5703569
1234 3655 5703572
1226 3651 5703575
1228 3654 5703578
1230 3652 5703581
1231 3654 5703584
1230 3656 5703587
1231 3655 5703590
1229 3654 5703593
1231 3653 5703596
1230 3655 5703599
1231 3655 5703602
1231 3653 5703605
1229 3653 5703608
1232 4095 5703611
1228 3659 5703614
1232 3655 5703617
1237 3655 5703620
1229 3653 5703623
1232 3658 5703626
1230 3653 5703629
1229 3656 5703632
1231 3653 5703635
1231 3653 5703638
1229 3653 5703641
1229 3653 5703644
1229 3651 5703647
1230 3655 5703650
1228 3655 5703653
1230 3659 5703656
1230 3654 5703659
1231 3658 5703662
1231 3653 5703665
1229 3653 5703668
1230 3655 5703671
1228 3652 5703674
1229 3652 5703677
1229 3653 5703680
1229 3652 5703683
1230 3654 5703686
1230 3654 5703689
1231 3655 5703692
1229 3650 5703695
1229 3653 5703698
1231 3644 5703701
1232 3653 5703704
1232 3653 5703707
1231 3650 5703710
1229 3654 5703713
1232 3652 5703716
1230 3653 5703719
1231 3654 5703722
1230 3654 5703725
1230 3651 5703728
1230 3654 5703731
1232 3655 5703734
1233 3655 5703737
1229 3651 5703740
1231 3655 5703743
1229 3652 5703746
1232 3656 5703749
1233 3655 5703752
1230 3653 5703755
1231 3653 5703758
1229 3652 5703761
1229 3655 5703764
1229 3654 5703767
1231 3652 5703770
