2359 45 78821
2359 41 78824
2361 44 78827
2349 150 78830
2350 43 78833
2360 60 78836
2395 49 78839
2347 31 78842
2361 50 78845
2366 40 78848
2357 41 78851
2362 45 78854
2360 41 78857
2361 43 78860
2360 41 78863
2359 213 78866
2356 23 78869
2371 40 78872
2380 21 78875
2336 42 78878
2377 51 78881
2360 38 78884
2358 42 78887
2362 42 78890
2359 42 78893
2360 48 78896
2358 43 78899
2361 44 78902
2363 29 78905
2392 41 78908
2361 47 78911
2348 69 78914
2379 37 78917
2346 35 78920
2364 49 78923
2361 45 78926
2359 43 78929
2362 46 78932
2361 41 78935
2357 45 78938
2360 44 78941
2362 39 78944
2355 48 78947
2355 26 78950
2322 33 78953
2373 54 78956
2362 37 78959
2356 44 78962
2363 43 78965
2359 40 78968
2361 44 78971
2361 44 78974
2361 45 78977
2362 43 78980
2371 52 78983
2357 46 78986
2376 79 78989
2351 21 78992
2357 51 78995
2367 43 78998
2356 35 79002
2359 47 79005
2360 44 79008
2361 45 79011
2362 46 79014
2361 41 79017
2361 27 79020
2381 32 79023
2358 47 79026
2348 75 79029
2378 35 79032
2349 36 79035
2365 45 79038
2359 40 79040
2357 44 79043
2362 44 79046
2361 43 79049
2361 42 79052
2361 42 79055
2321 0 79058
2374 39 79061
2363 8 79064
2349 64 79067
2376 41 79070
2353 38 79073
2360 47 79076
2365 37 79079
2358 42 79082
2360 43 79085
2360 40 79088
2360 42 79091
2361 39 79094
2360 50 79097
2365 42 79100
2339 7 79103
2361 60 79106
2371 40 79109
2353 37 79112
2363 46 79115
2360 40 79118
2360 46 79121
2360 43 79124
2361 43 79127
2359 41 79130
2447 36 79133
2341 53 79136
2358 68 79139
2343 16 79142
2358 53 79145
2369 45 79148
2355 37 79151
2361 43 79154
2362 43 79157
2362 42 79160
2359 42 79163
2361 45 79166
2361 43 79169
2360 77 79172
2351 47 79175
2360 78 79178
2387 40 79181
2346 32 79184
2363 51 79187
2363 41 79190
2359 45 79193
2362 43 79196
2361 45 79199
2362 43 79202
2361 42 79205
2359 333 79208
2355 18 79211
2369 38 79214
2374 13 79217
2336 43 79220
2376 50 79223
2361 35 79226
2359 48 79229
2362 43 79232
2359 42 79235
2364 43 79238
2360 43 79241
2361 43 79244
2362 72 79247
2349 30 79250
2370 38 79253
2352 6 79256
2351 57 79259
2372 43 79262
2356 39 79265
2363 47 79268
2362 42 79271
2357 38 79274
2361 43 79277
2359 42 79280
2359 42 79283
2361 44 79286
2369 28 79289
2365 42 79292
2384 29 79295
2333 36 79298
2372 54 79301
2361 37 79304
2357 46 79307
2365 43 79310
2359 42 79313
2361 42 79316
2359 40 79319
2363 43 79322
2362 44 79325
2359 55 79328
2370 40 79331
2364 73 79334
2374 14 79337
2343 47 79340
2373 48 79343
2357 39 79346
2360 44 79349
2361 41 79352
2359 42 79355
2362 45 79358
2359 43 79361
2360 44 79364
2363 43 79367
2317 0 79370
2372 37 79373
2360 19 79376
2373 63 79379
2363 34 79382
2356 42 79385
2366 47 79388
2363 34 79391
2358 42 79394
2361 44 79397
2362 44 79400
2361 43 79403
2361 43 79406
2360 41 79409
2362 0 79412
2366 38 79415
2359 31 79418
2365 48 79421
2363 44 79424
2358 41 79427
2360 42 79430
2363 43 79433
2359 45 79436
2360 44 79439
2360 43 79442
2361 42 79445
2359 43 79448
2360 42 79451
2362 47 79454
2368 40 79457
2359 38 79460
2365 46 79463
2358 41 79466
2360 48 79469
2361 42 79472
2361 41 79475
2360 43 79478
2360 41 79481
2360 42 79484
2363 41 79487
2361 44 79490
2358 42 79493
2361 44 79496
2352 40 79499
2362 44 79502
2356 46 79505
2362 41 79508
2359 40 79511
2358 44 79514
2361 44 79517
2360 43 79520
2362 45 79523
2360 44 79526
2360 43 79529
2360 42 79532
2359 43 79535
2360 46 79538
2363 34 79541
2355 41 79544
2359 43 79547
2361 40 79550
2359 44 79553
2360 43 79556
2359 42 79559
2360 45 79562
2360 41 79565
2361 44 79568
2361 44 79571
2360 40 79574
2357 42 79577
2360 41 79580
2359 43 79583
2362 73 79586
2358 46 79589
2357 43 79592
2360 42 79595
2360 41 79598
2360 46 79601
2362 44 79604
2363 41 79607
2360 43 79610
2362 44 79613
2359 41 79616
2359 42 79619
2360 45 79622
2359 46 79625
2362 41 79628
2362 44 79631
2354 11 79634
2361 42 79637
2361 46 79640
2362 44 79643
2361 42 79646
2362 43 79649
2361 41 79652
2360 42 79655
2359 41 79658
2361 44 79661
2360 42 79664
2362 45 79667
2360 42 79670
2360 43 79673
2359 41 79676
2360 46 79679
2363 43 79682
2361 48 79685
2360 43 79688
2358 42 79691
2362 36 79694
2361 45 79697
2363 52 79700
2358 54 79703
2363 54 79706
2359 54 79709
2357 47 79712
2325 43 79715
2235 32 79718
2094 39 79721
1939 48 79724
1804 72 79727
1688 94 79730
1586 123 79733
1498 137 79736
1470 141 79739
1484 132 79742
1502 125 79745
1512 127 79748
1510 131 79751
1501 131 79754
1492 128 79757
1492 133 79760
1494 132 79763
1492 129 79766
1494 130 79769
1493 153 79772
1471 130 79775
1493 128 79778
1495 134 79781
1495 133 79784
1493 132 79787
1493 131 79790
1493 134 79793
1494 131 79796
1494 131 79799
1495 135 79802
1493 132 79805
1492 134 79808
1492 134 79811
1493 133 79814
1494 133 79817
1233 134 79820
1493 130 79823
1494 132 79826
1491 131 79829
1492 134 79832
1499 135 79835
1495 133 79838
1493 132 79841
1491 135 79844
1494 133 79847
1491 132 79850
1494 135 79853
1492 133 79856
1493 135 79859
1495 131 79862
1495 136 79865
1489 97 79868
1492 132 79871
1495 136 79874
1494 133 79877
1491 131 79880
1494 138 79883
1494 132 79886
1490 132 79889
1493 132 79892
1496 131 79895
1492 136 79898
1492 135 79901
1491 131 79904
1492 134 79907
1492 132 79910
1493 119 79913
1675 134 79916
1495 134 79919
1487 133 79922
1496 136 79925
1494 134 79928
1494 140 79931
1495 139 79934
1496 137 79937
1497 140 79940
1497 139 79943
1498 141 79946
1500 141 79949
1499 145 79952
1493 145 79955
1502 145 79958
2063 144 79961
1505 147 79964
1502 144 79967
1500 142 79970
1501 148 79973
1498 144 79976
1500 147 79979
1503 146 79982
1502 150 79985
1501 147 79988
1503 147 79991
1504 148 79994
1502 149 79997
1502 147 80001
1502 148 80004
1502 687 80007
1503 151 80010
1501 145 80013
1501 143 80016
1499 148 80019
1504 144 80022
1502 147 80025
1502 148 80028
1502 145 80031
1502 144 80033
1500 146 80036
1499 145 80039
1501 147 80042
1502 149 80045
1500 144 80048
1501 145 80051
1524 77 80054
1501 144 80057
1501 142 80060
1497 144 80063
1502 137 80066
1497 145 80069
1499 142 80072
1501 144 80075
1502 142 80078
1500 145 80081
1500 143 80084
1502 143 80087
1500 145 80090
1499 145 80093
1501 142 80096
1500 147 80099
1499 143 80102
1498 144 80105
1499 141 80108
1498 144 80111
1496 142 80114
1498 141 80117
1500 143 80120
1500 143 80123
1498 144 80126
1500 140 80129
1498 142 80132
1498 141 80135
1499 140 80138
1499 138 80141
1497 142 80144
1501 142 80147
1498 144 80150
1498 138 80153
1496 142 80156
1497 140 80159
1497 138 80162
1497 141 80165
1496 140 80168
1498 137 80171
1499 139 80174
1494 140 80177
1495 140 80180
1497 138 80183
1497 140 80186
1450 0 80189
1498 137 80192
1498 135 80195
1495 140 80198
1495 139 80201
1496 137 80204
1497 139 80207
1498 140 80210
1494 135 80213
1498 139 80216
1500 142 80219
1496 139 80222
1496 138 80225
1497 138 80228
1495 136 80231
1493 142 80234
1497 134 80237
1500 140 80240
1497 135 80243
1493 134 80246
1498 140 80249
1497 138 80252
1500 139 80255
1495 136 80258
1496 136 80261
1494 138 80264
1495 140 80267
1496 134 80270
1493 136 80273
1496 134 80276
1493 134 80279
1498 143 80282
1498 137 80285
1493 137 80288
1497 142 80291
1494 135 80294
1495 138 80297
1497 134 80300
1495 136 80303
1494 139 80306
1495 136 80309
1493 135 80312
1498 138 80315
1498 162 80318
1623 136 80321
1496 136 80324
1491 134 80327
1495 138 80330
1495 134 80333
1493 136 80336
1497 138 80339
1496 133 80342
1493 135 80345
1496 138 80348
1495 134 80351
1494 137 80354
1495 137 80357
1496 0 80360
1495 131 80363
1492 133 80366
1496 139 80369
1494 132 80372
1495 137 80375
1494 136 80378
1494 137 80381
1493 135 80384
1494 135 80387
1496 136 80390
1495 141 80393
1493 135 80396
1490 134 80399
1493 135 80402
1494 128 80405
1495 136 80408
1495 137 80411
1498 134 80414
1495 134 80417
1495 137 80420
1496 135 80423
1495 132 80426
1496 134 80429
1491 135 80432
1493 134 80435
1497 133 80438
1494 136 80441
1493 135 80444
1493 140 80447
1496 133 80450
1495 137 80453
1498 135 80456
1493 132 80459
1492 134 80462
1492 134 80465
1493 133 80468
1495 133 80471
1494 137 80474
1492 135 80477
1493 133 80480
1494 136 80483
1494 16 80486
1496 134 80489
1494 133 80492
1496 135 80495
1490 132 80498
1494 134 80501
1497 132 80504
1496 134 80507
1492 133 80510
1494 134 80513
1494 135 80516
1494 137 80519
1501 136 80522
1493 132 80525
1493 117 80528
1880 135 80531
1493 133 80534
1496 134 80537
1494 136 80540
1493 134 80543
1493 134 80546
1496 134 80549
1493 134 80552
1494 136 80555
1494 133 80558
1494 135 80561
1494 133 80564
1493 131 80567
1496 140 80570
1536 134 80573
1492 130 80576
1491 132 80579
1496 135 80582
1495 131 80585
1493 132 80588
1495 134 80591
1494 135 80594
1493 132 80597
1494 132 80600
1493 135 80603
1495 135 80606
1491 133 80609
1495 134 80612
1497 135 80615
1495 133 80618
1497 135 80621
1495 130 80624
1492 133 80627
1495 132 80630
1494 130 80633
1494 134 80636
1495 134 80639
1493 132 80642
1492 138 80645
1494 135 80648
1495 135 80651
1826 132 80654
1493 134 80657
1494 136 80660
1494 130 80663
1490 132 80666
1493 134 80669
1494 131 80672
1492 134 80675
1494 134 80678
1493 133 80681
1494 134 80684
1492 134 80687
1496 133 80690
1492 131 80693
1460 132 80696
1489 131 80699
1492 135 80702
1493 130 80705
1492 133 80708
1492 136 80711
1496 131 80714
1494 133 80717
1492 137 80720
1494 133 80723
1495 131 80726
1492 132 80729
1493 133 80732
1494 133 80735
1403 117 80738
1491 132 80741
1494 134 80744
1495 132 80747
1493 135 80750
1494 133 80753
1492 130 80756
1493 132 80759
1492 134 80762
1495 132 80765
1496 133 80768
1490 134 80771
1489 133 80774
1494 132 80777
1510 133 80780
1497 132 80783
1494 137 80786
1494 129 80789
1493 134 80792
1494 132 80795
1494 131 80798
1493 133 80801
1495 135 80804
1492 133 80807
1493 132 80810
1495 132 80813
1493 134 80816
1494 132 80819
1495 136 80822
1493 133 80825
1494 132 80828
1498 133 80831
1493 132 80834
1494 134 80837
1493 133 80840
1494 134 80843
1493 131 80846
1492 133 80849
1493 134 80852
1494 131 80855
1492 133 80858
1491 135 80861
1494 154 80864
1362 131 80867
1496 134 80870
1488 130 80873
1499 133 80876
1496 133 80879
1493 133 80882
1495 133 80885
1494 130 80888
1495 132 80891
1492 133 80894
1494 133 80897
1492 134 80900
1494 133 80903
1494 132 80906
1494 179 80909
1494 135 80912
1490 134 80915
1501 133 80918
1492 131 80921
1494 132 80924
1494 133 80927
1493 134 80930
1494 134 80933
1495 135 80936
1492 132 80939
1492 135 80942
1493 134 80945
1492 133 80948
1494 139 80951
1480 133 80954
1493 133 80957
1495 133 80960
1493 130 80963
1492 133 80966
1495 133 80969
1493 130 80972
1493 135 80975
1496 134 80978
1493 133 80981
1493 132 80984
1494 133 80987
1492 134 80990
1492 131 80993
1495 111 80996
1495 132 81000
1490 133 81003
1497 133 81006
1493 131 81009
1493 135 81012
1493 132 81015
1495 137 81018
1494 135 81021
1494 132 81024
1493 134 81027
1495 131 81030
1493 134 81032
1492 134 81035
1491 138 81038
1739 135 81041
1494 130 81044
1489 126 81047
1493 137 81050
1494 132 81053
1491 132 81056
1501 132 81059
1493 133 81062
1495 134 81065
1495 131 81068
1492 133 81071
1492 135 81074
1493 133 81077
1491 132 81080
1495 130 81083
1503 134 81086
1493 132 81089
1498 134 81092
1494 130 81095
1493 133 81098
1494 133 81101
1494 134 81104
1492 134 81107
1494 133 81110
1492 135 81113
1495 135 81116
1493 133 81119
1493 132 81122
1495 134 81125
1494 135 81128
1492 134 81131
1494 137 81134
1495 129 81137
1492 133 81140
1493 132 81143
1492 134 81146
1492 133 81149
1495 132 81152
1493 132 81155
1493 133 81158
1495 134 81161
1493 133 81164
1493 133 81167
1493 132 81170
1616 122 81173
1494 135 81176
1495 132 81179
1491 131 81182
1495 133 81185
1491 131 81188
1493 133 81191
1495 134 81194
1495 134 81197
1493 134 81200
1493 129 81203
1493 132 81206
1494 132 81209
1493 132 81212
1493 132 81215
1428 116 81218
1489 131 81221
1492 130 81224
1493 132 81227
1493 135 81230
1493 133 81233
1493 132 81236
1493 133 81239
1493 131 81242
1494 129 81245
1491 132 81248
1494 133 81251
1493 131 81254
1493 135 81257
1496 132 81260
1507 170 81263
1493 133 81266
1492 129 81269
1490 133 81272
1494 135 81275
1492 130 81278
1494 133 81281
1496 134 81284
1493 133 81287
1493 134 81290
1494 133 81293
1495 135 81296
1493 133 81299
1494 130 81302
1494 134 81305
1537 233 81308
1491 133 81311
1494 132 81314
1491 133 81317
1493 132 81320
1493 132 81323
1495 136 81326
1493 136 81329
1494 130 81332
1493 129 81335
1493 132 81338
1492 132 81341
1494 133 81344
1495 136 81347
1494 135 81350
1579 178 81353
1495 134 81356
1497 130 81359
1490 135 81362
1495 135 81365
1492 131 81368
1495 133 81371
1493 132 81374
1492 132 81377
1496 134 81380
1500 132 81383
1496 131 81386
1494 132 81389
1496 133 81392
1494 134 81395
1503 141 81398
1495 134 81401
1494 131 81404
1492 132 81407
1494 131 81410
1492 132 81413
1494 133 81416
1493 132 81419
1494 132 81422
1495 133 81425
1494 133 81428
1493 133 81431
1495 133 81434
1493 135 81437
1493 131 81440
1499 127 81443
1494 133 81446
1496 136 81449
1493 129 81452
1492 135 81455
1495 136 81458
1494 133 81461
1494 125 81464
1493 133 81467
1492 133 81470
1493 131 81473
1492 131 81476
1494 136 81479
1493 133 81482
1493 120 81485
1488 135 81488
1496 133 81491
1492 134 81494
1495 135 81497
1488 131 81500
1494 134 81503
1492 130 81506
1493 131 81509
1497 132 81512
1493 135 81515
1492 130 81518
1494 133 81521
1495 132 81524
1493 135 81527
1509 254 81530
1495 132 81533
1494 130 81536
1495 133 81539
1494 131 81542
1492 132 81545
1495 136 81548
1494 133 81551
1495 135 81554
1495 132 81557
1492 133 81560
1494 133 81563
1493 130 81566
1493 133 81569
1493 130 81572
1488 129 81575
1496 134 81578
1497 133 81581
1490 131 81584
1494 133 81587
1495 132 81590
1494 136 81593
1491 132 81596
1494 130 81599
1493 135 81602
1495 134 81605
1492 130 81608
1492 134 81611
1494 139 81614
1533 133 81617
1495 132 81620
1494 135 81623
1495 136 81626
1495 131 81629
1495 131 81632
1495 133 81635
1494 132 81638
1493 131 81641
1494 134 81644
1494 133 81647
1489 133 81650
1493 133 81653
1495 132 81656
1471 136 81659
1491 129 81662
1492 134 81665
1495 133 81668
1491 131 81671
1494 133 81674
1494 133 81677
1494 133 81680
1491 134 81683
1494 126 81686
1494 136 81689
1495 135 81692
1493 134 81695
1490 0 81698
1494 136 81701
1492 131 81704
1491 132 81707
1493 134 81710
1491 134 81713
1493 132 81716
1495 133 81719
1494 137 81722
1494 134 81725
1493 133 81728
1494 132 81731
1492 134 81734
1491 146 81737
1516 130 81740
1494 132 81743
1492 133 81746
1491 132 81749
1495 135 81752
1493 134 81755
1493 134 81758
1493 132 81761
1491 133 81764
1493 135 81767
1494 132 81770
1494 133 81773
1494 135 81776
1499 107 81779
1491 131 81782
1490 135 81785
1497 136 81788
1492 133 81791
1491 133 81794
1494 133 81797
1493 134 81800
1493 133 81803
1491 133 81806
1494 135 81809
1495 135 81812
1491 131 81815
1447 0 81818
1497 135 81821
1492 135 81824
1492 133 81827
1493 135 81830
1493 134 81833
1492 132 81836
1493 133 81839
1493 135 81842
1493 133 81845
1493 133 81848
1497 135 81851
1496 133 81854
1494 132 81857
1493 134 81860
1496 130 81863
1495 135 81866
1498 132 81869
1494 135 81872
1494 133 81875
1493 133 81878
1491 133 81881
1496 134 81884
1496 133 81887
1493 134 81890
1493 134 81893
1494 129 81896
1506 135 81899
1493 131 81902
1492 131 81905
1496 134 81908
1493 132 81911
1492 134 81914
1496 134 81917
1494 130 81920
1495 139 81923
1493 132 81926
1494 131 81929
1493 134 81932
1492 26 81935
2379 131 81938
1495 131 81941
1495 132 81944
1490 133 81947
1494 133 81950
1495 128 81953
1493 135 81956
1494 133 81959
1493 132 81962
1493 132 81965
1490 134 81968
1494 128 81971
1494 132 81974
1496 130 81977
1493 133 81980
1489 133 81983
1493 134 81986
1494 133 81989
1494 134 81992
1492 131 81995
1491 135 81998
1494 133 82002
1493 134 82005
1493 131 82008
1494 136 82011
1495 135 82014
1458 134 82017
1495 131 82020
1496 137 82023
1495 131 82026
1492 131 82029
1495 134 82032
1492 136 82034
1496 134 82037
1491 135 82040
1492 133 82043
1495 134 82046
1493 136 82049
1494 136 82052
1493 167 82055
1491 133 82058
1495 132 82061
1496 135 82064
1491 131 82067
1495 133 82070
1494 136 82073
1494 135 82076
1494 131 82079
1493 131 82082
1494 135 82085
1492 132 82088
1493 132 82091
1495 132 82094
1414 136 82097
1488 131 82100
1494 135 82103
1493 132 82106
1492 134 82109
1493 130 82112
1494 132 82115
1495 134 82118
1493 133 82121
1493 131 82124
1498 135 82127
1494 134 82130
1495 131 82133
1495 135 82136
1494 134 82139
1494 133 82142
1493 136 82145
1498 133 82148
1492 133 82151
1492 131 82154
1494 130 82157
1494 136 82160
1496 133 82163
1491 131 82166
1493 135 82169
1496 132 82172
1493 131 82175
1494 0 82178
1496 133 82181
1492 132 82184
1496 133 82187
1489 130 82190
1494 132 82193
1492 133 82196
1490 132 82199
1499 134 82202
1497 134 82205
1492 134 82208
1496 132 82211
1495 131 82214
1493 131 82217
1492 130 82220
1492 132 82223
1495 134 82226
1493 134 82229
1493 130 82232
1494 136 82235
1496 133 82238
1494 133 82241
1495 134 82244
1494 133 82247
1495 132 82250
1496 132 82253
1492 134 82256
1494 134 82259
1495 132 82262
1530 171 82265
1495 136 82268
1495 131 82271
1491 134 82274
1493 136 82277
1494 132 82280
1492 133 82283
1493 134 82286
1491 133 82289
1493 132 82292
1496 132 82295
1493 133 82298
1495 134 82301
1495 133 82304
1494 101 82307
1331 134 82310
1493 129 82313
1493 131 82316
1492 131 82319
1492 133 82322
1494 133 82325
1493 135 82328
1492 132 82331
1493 135 82334
1493 134 82337
1494 134 82340
1495 134 82343
1494 132 82346
1493 131 82349
1491 132 82352
1496 133 82355
1494 133 82358
1483 132 82361
1491 133 82364
1494 135 82367
1494 131 82370
1493 135 82373
1494 129 82376
1495 132 82379
1496 133 82382
1493 133 82385
1497 133 82388
1494 135 82391
1494 135 82394
1573 0 82397
1494 133 82400
1495 130 82403
1492 138 82406
1495 135 82409
1493 129 82412
1493 134 82415
1491 133 82418
1492 132 82421
1494 134 82424
1494 134 82427
1492 132 82430
1495 133 82433
1494 130 82436
1492 136 82439
1400 0 82442
1495 133 82445
1493 132 82448
1491 133 82451
1495 132 82454
1493 133 82457
1492 136 82460
1494 133 82463
1494 134 82466
1495 131 82469
1495 133 82472
1492 133 82475
1495 131 82478
1494 132 82481
1493 131 82484
1493 131 82487
1496 135 82490
1495 136 82493
1492 130 82496
1493 135 82499
1496 133 82502
1492 133 82505
1495 133 82508
1492 131 82511
1493 138 82514
1493 133 82517
1493 133 82520
1495 136 82523
1494 134 82526
1491 130 82529
1494 159 82532
1652 134 82535
1494 134 82538
1489 134 82541
1495 135 82544
1494 128 82547
1493 131 82550
1492 133 82553
1493 133 82556
1496 132 82559
1494 132 82562
1493 135 82565
1494 135 82568
1493 134 82571
1493 134 82574
1495 132 82577
1494 103 82580
1493 132 82583
1495 135 82586
1496 132 82589
1495 133 82592
1492 133 82595
1496 132 82598
1495 133 82601
1490 129 82604
1493 132 82607
1496 131 82610
1492 131 82613
1494 134 82616
1496 134 82619
1497 135 82622
1495 132 82625
1495 129 82628
1495 139 82631
1496 132 82634
1491 132 82637
1494 133 82640
1495 131 82643
1494 134 82646
1494 135 82649
1495 135 82652
1496 135 82655
1494 134 82658
1493 134 82661
1494 134 82664
1494 133 82667
1494 134 82670
1494 136 82673
1493 130 82676
1493 132 82679
1493 135 82682
1494 135 82685
1493 133 82688
1495 134 82691
1492 131 82694
1492 135 82697
1496 131 82700
1493 133 82703
1492 135 82706
1494 132 82709
1493 135 82712
1499 134 82715
1473 371 82718
1492 133 82721
1493 130 82724
1493 133 82727
1497 135 82730
1494 131 82733
1492 135 82736
1494 133 82739
1495 131 82742
1497 134 82745
1494 133 82748
1492 132 82751
1495 134 82754
1494 132 82757
1491 132 82760
1493 121 82763
1478 132 82766
1492 127 82769
1491 135 82772
1496 130 82775
1492 133 82778
1493 135 82781
1494 132 82784
1494 132 82787
1493 134 82790
1492 133 82793
1495 132 82796
1493 132 82799
1496 135 82802
1491 133 82805
1493 134 82808
1494 125 82811
1489 134 82814
1496 132 82817
1493 132 82820
1494 134 82823
1493 133 82826
1496 135 82829
1494 137 82832
1496 136 82835
1493 135 82838
1494 133 82841
1493 132 82844
1496 133 82847
1492 131 82850
1494 133 82853
1522 175 82856
1491 131 82859
1493 129 82862
1494 134 82865
1495 133 82868
1493 134 82871
1495 134 82874
1494 132 82877
1492 133 82880
1492 130 82883
1493 134 82886
1495 132 82889
1493 130 82892
1492 133 82895
1493 133 82898
1546 132 82901
1490 134 82904
1493 132 82907
1491 132 82910
1493 129 82913
1494 131 82916
1495 133 82919
1493 133 82922
1491 131 82925
1493 134 82928
1496 134 82931
1491 133 82934
1492 135 82937
1493 132 82940
1493 133 82943
1416 133 82946
1492 133 82949
1494 132 82952
1492 132 82955
1493 134 82958
1493 133 82961
1496 132 82964
1492 136 82967
1494 134 82970
1494 132 82973
1495 133 82976
1492 133 82979
1494 133 82982
1494 132 82985
1495 131 82988
1477 311 82991
1494 135 82994
1494 130 82997
1495 137 83001
1496 134 83004
1493 134 83007
1493 134 83010
1494 130 83013
1494 132 83016
1495 133 83019
1495 134 83022
1496 132 83025
1495 133 83028
1492 137 83031
1496 135 83034
1493 137 83037
1494 135 83039
1494 134 83042
1493 132 83045
1495 133 83048
1495 126 83051
1492 134 83054
1495 136 83057
1494 130 83060
1495 134 83063
1495 134 83066
1493 134 83069
1492 133 83072
1496 134 83075
1494 130 83078
1520 133 83081
1493 131 83084
1495 134 83087
1494 134 83090
1492 131 83093
1494 134 83096
1494 135 83099
1493 133 83102
1493 131 83105
1493 134 83108
1494 135 83111
1494 132 83114
1493 136 83117
1495 136 83120
1493 125 83123
1492 128 83126
1491 133 83129
1496 136 83132
1493 134 83135
1493 133 83138
1495 133 83141
1495 132 83144
1491 134 83147
1492 133 83150
1495 132 83153
1494 133 83156
1492 133 83159
1493 133 83162
1494 130 83165
1498 133 83168
1492 132 83171
1498 135 83174
1493 131 83177
1493 134 83180
1495 135 83183
1493 131 83186
1492 131 83189
1493 132 83192
1493 134 83195
1494 132 83198
1493 136 83201
1492 133 83204
1492 347 83207
1494 135 83210
1495 135 83213
1497 133 83216
1492 127 83219
1497 133 83222
1493 132 83225
1494 133 83228
1497 135 83231
1494 134 83234
1490 132 83237
1494 132 83240
1494 131 83243
1494 134 83246
1491 136 83249
1495 96 83252
1494 134 83255
1489 135 83258
1495 132 83261
1496 133 83264
1494 135 83267
1489 133 83270
1494 133 83273
1496 132 83276
1495 134 83279
1494 134 83282
1496 133 83285
1494 136 83288
1492 133 83291
1414 350 83294
1491 135 83297
1493 133 83300
1489 130 83303
1492 134 83306
1495 133 83309
1492 132 83312
1495 132 83315
1492 131 83318
1494 135 83321
1495 132 83324
1496 133 83327
1494 133 83330
1496 134 83333
1490 132 83336
3827 910 68936
3816 900 68939
3815 903 68942
3817 903 68945
3814 905 68948
3817 901 68951
3819 903 68954
3816 903 68957
3817 904 68960
3792 981 68963
3813 901 68966
3817 919 68969
3845 907 68972
3804 893 68975
3814 909 68978
3824 903 68981
3811 903 68984
3816 904 68987
3816 902 68990
3817 903 68993
3815 904 68996
3815 905 69000
3819 903 69003
3795 937 69006
3814 901 69009
3818 906 69012
3843 916 69015
3810 893 69018
3815 908 69021
3821 901 69024
3813 902 69027
3819 902 69030
3814 903 69032
3814 902 69035
3815 904 69038
3816 903 69041
3817 902 69044
3792 969 69047
3812 901 69050
3812 925 69053
3844 905 69056
3802 892 69059
3819 910 69062
3818 897 69065
3814 904 69068
3817 904 69071
3817 904 69074
3814 902 69077
3816 903 69080
3817 905 69083
3816 903 69086
3818 927 69089
3809 904 69092
3839 936 69095
3810 883 69098
3811 910 69101
3824 907 69104
3810 909 69107
3816 903 69110
3818 901 69113
3819 905 69116
3820 904 69119
3814 900 69122
3815 905 69125
3817 871 69128
3813 893 69131
3822 900 69134
3792 874 69137
3820 919 69140
3824 897 69143
3809 902 69146
3819 905 69149
3817 900 69152
3813 902 69155
3816 903 69158
3816 903 69161
3818 903 69164
3817 903 69167
3817 908 69170
3843 894 69173
3814 913 69176
3852 905 69179
3800 893 69182
3820 911 69185
3817 900 69188
3814 903 69191
3821 904 69194
3815 901 69197
3817 905 69200
3817 903 69203
3817 902 69206
3817 901 69209
3794 941 69212
3821 900 69215
3817 875 69218
3826 927 69221
3823 894 69224
3809 903 69227
3822 906 69230
3813 902 69233
3818 902 69236
3816 904 69239
3816 904 69242
3814 904 69245
3816 902 69248
3816 923 69251
3809 891 69254
3824 900 69257
3799 870 69260
3808 917 69263
3830 903 69266
3811 894 69269
3818 907 69272
3817 899 69275
3815 901 69278
3816 901 69281
3815 906 69284
3816 903 69287
3816 903 69290
3818 907 69293
3813 906 69296
3817 927 69299
3817 875 69302
3803 912 69305
3827 905 69308
3812 897 69311
3817 907 69314
3817 902 69317
3814 901 69320
3815 904 69323
3814 903 69326
3819 907 69329
3817 904 69332
3825 926 69335
3808 906 69338
3837 934 69341
3807 882 69344
3812 911 69347
3825 905 69350
3811 897 69353
3817 905 69356
3819 903 69359
3817 905 69362
3818 909 69365
3817 902 69368
3816 906 69371
3817 897 69374
3841 895 69377
3816 907 69380
3840 890 69383
3800 896 69386
3813 907 69389
3819 904 69392
3815 903 69395
3817 904 69398
3817 904 69401
3816 904 69404
3816 900 69407
3815 901 69410
3815 905 69413
3804 925 69416
3812 903 69419
3815 906 69422
3831 897 69425
3817 901 69428
3817 905 69431
3814 899 69434
3816 903 69437
3816 902 69440
3816 903 69443
3818 906 69446
3818 905 69449
3816 903 69452
3815 898 69455
3857 901 69458
3817 905 69461
3813 915 69464
3814 903 69467
3819 902 69470
3814 904 69473
3812 905 69476
3806 907 69479
3806 907 69482
3803 897 69485
3794 852 69488
3753 789 69491
3703 730 69494
3653 627 69497
3595 611 69500
3532 545 69503
3460 488 69506
3387 426 69509
3299 362 69512
3204 312 69515
3152 298 69518
3157 313 69521
3185 326 69524
3205 336 69527
3208 333 69530
3199 324 69533
3189 327 69536
3189 317 69539
3186 319 69542
3186 317 69545
3188 320 69548
3186 321 69551
3186 321 69554
3190 320 69557
3188 324 69560
3188 322 69563
3188 321 69566
3186 321 69569
3187 320 69572
3186 322 69575
3173 430 69578
3187 320 69581
3184 322 69584
3186 321 69587
3188 322 69590
3187 324 69593
3187 323 69596
3186 320 69599
3187 321 69602
3186 320 69605
3186 319 69608
3186 321 69611
3186 323 69614
3182 299 69617
3186 323 69620
3188 323 69623
3190 323 69626
3184 320 69629
3187 320 69632
3187 323 69635
3184 322 69638
3186 319 69641
3184 323 69644
3186 322 69647
3185 323 69650
3185 320 69653
3188 322 69656
3586 323 69659
3185 320 69662
3186 321 69665
3189 322 69668
3183 319 69671
3185 319 69674
3187 322 69677
3186 326 69680
3186 319 69683
3186 321 69686
3188 324 69689
3185 326 69692
3186 324 69695
3185 324 69698
3185 351 69701
3184 325 69704
3179 325 69707
3184 330 69710
3181 329 69713
3181 329 69716
3182 329 69719
3185 331 69722
3181 333 69725
3180 331 69728
3179 331 69731
3181 333 69734
3180 331 69737
3180 333 69740
3170 335 69743
3180 332 69746
3175 330 69749
3180 334 69752
3181 333 69755
3179 336 69758
3180 333 69761
3179 331 69764
3177 332 69767
3179 330 69770
3184 329 69773
3180 332 69776
3181 332 69779
3251 357 69782
3180 337 69785
3181 337 69788
3180 331 69791
3179 332 69794
3180 332 69797
3179 332 69800
3179 329 69803
3178 330 69806
3180 331 69809
3182 333 69812
3179 330 69815
3179 334 69818
3181 331 69821
3183 348 69824
3179 333 69827
3177 331 69830
3183 332 69833
3180 328 69836
3179 330 69839
3180 331 69842
3181 331 69845
3179 329 69848
3181 331 69851
3182 330 69854
3181 332 69857
3182 332 69860
3183 355 69863
3636 325 69866
3182 327 69869
3182 328 69872
3179 329 69875
3182 331 69878
3180 328 69881
3180 327 69884
3182 331 69887
3182 328 69890
3177 330 69893
3182 327 69896
3182 328 69899
3181 327 69902
3182 332 69905
3212 327 69908
3183 322 69911
3181 329 69914
3184 329 69917
3183 325 69920
3184 328 69923
3184 328 69926
3181 324 69929
3182 325 69932
3182 325 69935
3183 328 69938
3184 328 69941
3184 328 69944
3274 324 69947
3186 325 69950
3186 330 69953
3184 325 69956
3182 328 69959
3186 324 69962
3182 324 69965
3181 327 69968
3184 325 69971
3184 325 69974
3184 327 69977
3184 325 69980
3183 326 69983
3186 324 69986
3162 517 69989
3182 325 69992
3185 322 69995
3182 324 69998
3184 325 70002
3178 323 70005
3185 322 70008
3184 326 70011
3183 326 70014
3184 326 70017
3186 322 70020
3184 326 70023
3178 325 70026
3185 322 70029
3179 314 70032
3184 327 70034
3182 320 70037
3188 324 70040
3185 323 70043
3187 325 70046
3185 323 70049
3185 327 70052
3186 322 70055
3185 322 70058
3186 322 70061
3184 325 70064
3183 324 70067
3185 692 70070
3186 325 70073
3186 328 70076
3187 327 70079
3186 319 70082
3184 324 70085
3187 321 70088
3185 324 70091
3184 321 70094
3186 326 70097
3190 321 70100
3185 323 70103
3184 325 70106
3186 322 70109
3183 399 70112
3580 323 70115
3185 324 70118
3185 320 70121
3182 321 70124
3185 323 70127
3185 323 70130
3184 322 70133
3186 323 70136
3185 322 70139
3186 326 70142
3186 323 70145
3186 317 70148
3184 323 70151
3187 314 70154
3166 322 70157
3186 326 70160
3183 323 70163
3182 323 70166
3184 324 70169
3186 323 70172
3187 323 70175
3185 323 70178
3185 322 70181
3183 326 70184
3183 321 70187
3185 322 70190
3183 325 70193
3185 317 70196
3183 322 70199
3186 321 70202
3186 324 70205
3186 324 70208
3185 323 70211
3184 323 70214
3185 322 70217
3185 320 70220
3184 318 70223
3187 324 70226
3187 320 70229
3186 321 70232
3186 324 70235
3657 322 70238
3185 324 70241
3187 326 70244
3187 321 70247
3183 321 70250
3185 323 70253
3184 323 70256
3186 322 70259
3186 323 70262
3184 323 70265
3184 323 70268
3187 321 70271
3185 326 70274
3186 323 70277
3184 322 70280
3187 322 70283
3185 315 70286
3182 322 70289
3187 320 70292
3186 323 70295
3184 321 70298
3186 322 70301
3186 320 70304
3185 325 70307
3186 320 70310
3188 322 70313
3186 321 70316
3184 234 70319
3202 323 70322
3188 320 70325
3190 323 70328
3185 323 70331
3186 324 70334
3189 322 70337
3184 323 70340
3186 323 70343
3188 321 70346
3187 319 70349
3183 322 70352
3186 321 70355
3186 320 70358
3188 324 70361
3183 322 70364
3186 321 70367
3189 325 70370
3185 322 70373
3186 322 70376
3187 320 70379
3184 321 70382
3185 328 70385
3185 322 70388
3185 324 70391
3188 323 70394
3184 321 70397
3186 321 70400
3184 380 70403
3188 324 70406
3186 319 70409
3186 319 70412
3186 324 70415
3183 321 70418
3186 320 70421
3186 321 70424
3184 323 70427
3185 322 70430
3186 321 70433
3186 319 70436
3186 322 70439
3187 317 70442
3098 321 70445
3186 323 70448
3183 319 70451
3186 322 70454
3189 322 70457
3186 323 70460
3185 321 70463
3186 322 70466
3185 322 70469
3186 322 70472
3186 324 70475
3185 320 70478
3184 323 70481
3195 264 70484
3189 319 70487
3186 323 70490
3185 320 70493
3183 322 70496
3185 322 70499
3185 320 70502
3189 320 70505
3186 321 70508
3185 320 70511
3186 321 70514
3186 320 70517
3186 322 70520
3185 397 70523
3187 321 70526
3183 320 70529
3186 325 70532
3186 321 70535
3186 323 70538
3185 321 70541
3185 321 70544
3186 321 70547
3187 320 70550
3185 323 70553
3188 323 70556
3188 324 70559
3186 320 70562
2923 320 70565
3191 321 70568
3188 323 70571
3186 322 70574
3185 321 70577
3186 322 70580
3188 320 70583
3188 324 70586
3186 322 70589
3187 323 70592
3185 323 70595
3184 322 70598
3187 323 70601
3188 320 70604
3183 325 70607
3187 323 70610
3187 324 70613
3189 320 70616
3184 324 70619
3186 322 70622
3187 319 70625
3185 320 70628
3186 321 70631
3184 322 70634
3189 320 70637
3184 322 70640
3188 324 70643
3186 320 70646
3187 320 70649
3187 323 70652
3190 321 70655
3186 324 70658
3185 322 70661
3186 321 70664
3187 323 70667
3185 321 70670
3185 322 70673
3188 321 70676
3184 321 70679
3186 322 70682
3190 322 70685
3187 320 70688
3187 322 70691
3183 321 70694
3189 321 70697
3185 320 70700
3187 323 70703
3185 319 70706
3186 320 70709
3186 319 70712
3185 323 70715
3186 323 70718
3188 321 70721
3188 322 70724
3184 325 70727
3162 323 70730
3186 317 70733
3186 323 70736
3187 323 70739
3186 321 70742
3186 321 70745
3186 321 70748
3185 323 70751
3182 321 70754
3187 322 70757
3185 320 70760
3186 313 70763
3186 322 70766
3181 347 70769
3184 319 70772
3184 320 70775
3187 320 70778
3188 321 70781
3185 324 70784
3187 325 70787
3185 323 70790
3185 321 70793
3187 320 70796
3185 322 70799
3188 323 70802
3184 322 70805
3186 324 70808
3131 321 70811
3187 318 70814
3187 321 70817
3186 323 70820
3188 321 70823
3186 320 70826
3186 320 70829
3185 321 70832
3186 321 70835
3186 320 70838
3186 324 70841
3185 319 70844
3186 320 70847
3203 325 70850
3186 323 70853
3186 319 70856
3184 318 70859
3186 320 70862
3184 321 70865
3188 320 70868
3185 324 70871
3187 323 70874
3187 322 70877
3186 320 70880
3185 323 70883
3184 321 70886
3185 265 70889
3056 321 70892
3185 323 70895
3186 319 70898
3185 322 70901
3187 322 70904
3188 322 70907
3186 321 70910
3186 320 70913
3185 323 70916
3186 318 70919
3185 320 70922
3185 319 70925
2362 48 75334
2361 44 75337
2365 45 75340
2361 45 75343
2377 45 75346
2346 62 75349
2366 36 75352
2363 46 75355
2360 45 75358
2365 43 75361
2359 48 75364
2359 44 75367
2364 45 75369
2362 47 75372
2362 46 75375
2362 46 75379
2384 37 75381
2361 45 75384
2374 41 75387
2348 50 75390
2365 37 75393
2363 49 75396
2358 45 75399
2360 43 75402
2359 46 75405
2360 42 75408
2361 49 75412
2357 41 75414
2362 48 75417
2365 44 75420
2359 50 75423
2371 42 75426
2355 61 75429
2362 34 75432
2364 47 75435
2358 42 75438
2363 44 75441
2360 46 75445
2359 38 75447
2362 46 75450
2361 45 75453
2359 44 75456
2365 44 75459
2363 58 75462
2363 42 75465
2347 28 75468
2364 51 75471
2358 49 75474
2360 40 75478
2363 43 75480
2362 47 75483
2359 42 75486
2359 49 75489
2359 43 75492
2360 46 75495
2362 44 75498
2350 45 75501
2360 44 75504
2378 38 75507
2352 44 75511
2363 36 75513
2362 53 75516
2356 40 75519
2361 44 75522
2363 45 75525
2361 43 75528
2360 41 75531
2359 40 75534
2361 44 75537
2202 24 75540
2361 43 75544
2410 41 75546
2371 45 75549
2353 39 75552
2362 39 75555
2364 49 75558
2359 42 75561
2360 45 75564
2360 42 75567
2361 45 75570
2360 44 75573
2361 46 75577
2369 43 75579
2361 64 75582
2355 43 75585
2371 58 75588
2353 33 75591
2361 46 75594
2361 47 75597
2361 41 75600
2362 47 75603
2360 41 75606
2361 43 75610
2361 44 75612
2363 47 75615
2327 42 75618
2359 69 75621
2361 44 75624
2386 23 75627
2370 39 75630
2358 46 75633
2359 39 75636
2363 44 75639
2358 44 75643
2361 41 75645
2361 44 75648
2359 41 75651
2361 44 75654
2425 42 75657
2360 40 75660
2358 43 75663
2352 61 75666
2361 27 75669
2367 47 75672
2358 47 75676
2361 39 75678
2361 44 75681
2359 41 75684
2362 45 75687
2362 44 75690
2362 41 75693
2334 43 75696
2360 43 75699
2361 42 75702
2374 57 75705
2354 34 75709
2366 47 75711
2359 47 75714
2359 39 75717
2359 44 75720
2361 43 75723
2364 44 75726
2363 44 75729
2359 42 75732
2396 41 75735
2363 41 75738
2362 44 75742
2364 61 75744
2378 27 75747
2364 38 75750
2359 44 75753
2361 40 75756
2356 44 75759
2362 46 75762
2363 42 75765
2361 41 75768
2361 45 75771
2331 45 75775
2359 173 75777
2361 44 75780
2346 27 75783
2367 54 75786
2357 47 75789
2358 40 75792
2364 43 75795
2359 40 75798
2363 43 75801
2358 42 75804
2361 43 75808
2362 40 75810
2366 44 75813
2359 70 75816
2359 39 75819
2370 32 75822
2354 44 75825
2362 39 75828
2362 42 75831
2359 40 75834
2362 49 75837
2362 46 75841
2358 40 75843
2358 45 75846
2355 42 75849
2410 42 75852
2362 45 75855
2358 46 75858
2365 23 75861
2366 39 75864
2357 45 75867
2363 41 75870
2363 46 75874
2361 40 75876
2362 45 75879
2361 43 75882
2360 41 75885
2362 42 75888
2359 47 75891
2360 41 75894
2354 42 75897
2364 55 75900
2356 34 75903
2365 45 75907
2358 40 75909
2361 45 75912
2360 41 75915
2360 43 75918
2362 44 75921
2361 43 75924
2327 43 75927
2362 190 75930
2360 42 75933
2346 34 75936
2365 47 75940
2359 46 75942
2361 38 75945
2361 45 75948
2354 44 75951
2363 44 75954
2362 45 75957
2361 40 75960
2362 42 75963
2366 44 75966
2360 54 75969
2360 42 75973
2369 42 75975
2355 40 75978
2362 37 75981
2360 47 75984
2363 40 75987
2364 45 75990
2361 45 75993
2359 42 75996
2361 43 76001
2364 50 76004
2382 46 76007
2359 44 76010
2361 18 76013
2353 41 76016
2367 43 76019
2358 42 76022
2364 46 76025
2363 45 76028
2361 43 76031
2359 44 76034
2363 45 76037
2360 42 76040
2358 39 76043
2371 43 76046
2357 43 76049
2359 52 76052
2369 34 76055
2354 46 76058
2364 47 76061
2359 42 76064
2356 44 76067
2356 44 76070
2363 46 76073
2360 39 76076
2361 51 76079
2501 43 76082
2362 41 76085
2357 58 76088
2372 30 76091
2353 46 76094
2366 48 76097
2362 39 76100
2360 46 76103
2362 41 76106
2356 39 76109
2361 45 76112
2361 43 76115
2363 41 76118
2386 42 76121
2360 45 76124
2361 50 76127
2344 33 76130
2365 48 76133
2364 41 76136
2358 41 76139
2366 43 76142
2360 44 76145
2360 41 76148
2361 40 76151
2361 49 76154
2362 45 76157
2416 43 76160
2357 43 76163
2361 55 76166
2344 34 76169
2366 43 76172
2363 39 76175
2357 44 76178
2364 39 76181
2362 39 76184
2359 46 76187
2363 46 76190
2360 41 76193
2360 42 76196
2359 44 76199
2367 43 76202
2359 51 76205
2366 30 76208
2352 51 76211
2365 45 76214
2359 40 76217
2363 46 76220
2360 44 76223
2360 42 76226
2359 45 76229
2363 43 76232
2360 45 76235
2362 33 76238
2380 43 76241
2361 44 76244
2351 45 76247
2366 34 76250
2355 45 76253
2368 46 76256
2359 41 76259
2361 43 76262
2361 45 76265
2358 42 76268
2360 43 76271
2357 44 76274
2362 37 76277
2375 43 76280
2361 45 76283
2350 23 76286
2369 39 76289
2368 45 76292
2355 40 76295
2362 46 76298
2360 43 76301
2361 43 76304
2361 43 76307
2362 41 76310
2362 39 76313
2360 45 76316
2351 37 76319
2359 43 76322
2363 38 76325
2371 50 76328
2354 36 76331
2365 48 76334
2362 45 76337
2357 40 76340
2363 42 76343
2357 42 76346
2356 42 76349
2361 44 76352
2361 42 76355
2363 49 76358
2353 39 76361
2358 50 76364
2376 34 76367
2351 50 76370
2357 46 76373
2362 40 76376
2359 44 76379
2363 41 76382
2358 43 76385
2361 43 76388
2362 38 76391
2361 42 76394
2362 385 76397
2361 45 76400
2364 43 76403
2377 30 76406
2347 43 76409
2359 47 76412
2363 39 76415
2352 49 76418
2363 45 76421
2359 43 76424
2361 42 76427
2360 42 76430
2361 43 76433
2361 46 76436
2408 42 76439
2358 44 76442
2359 42 76445
2346 38 76448
2359 51 76451
2362 38 76454
2358 47 76457
2361 41 76460
2361 43 76463
2360 44 76466
2363 42 76469
2361 44 76472
2360 45 76475
2361 33 76478
2183 42 76481
2361 44 76484
2340 55 76487
2356 47 76490
2369 36 76493
2354 43 76496
2362 45 76499
2362 38 76502
2358 43 76505
2360 44 76508
2357 41 76511
2362 41 76514
2360 43 76517
2343 52 76520
2360 41 76523
2358 16 76526
2352 43 76529
2367 39 76532
2354 42 76535
2362 45 76538
2361 44 76541
2359 41 76544
2363 44 76547
2361 46 76550
2362 44 76553
2361 42 76556
2359 16 76559
2357 44 76562
2360 44 76565
2360 36 76568
2366 47 76571
2357 42 76574
2361 45 76577
2358 43 76580
2358 48 76583
2363 44 76586
2362 43 76589
2359 43 76592
2362 42 76595
2361 45 76598
2353 34 76601
2360 42 76604
2366 42 76607
2370 44 76610
2356 46 76613
2359 46 76616
2364 41 76619
2359 43 76622
2359 43 76625
2360 42 76628
2360 46 76631
2362 44 76634
2357 42 76637
2362 48 76640
2371 42 76643
2359 39 76646
2375 51 76649
2350 41 76652
2358 43 76655
2362 41 76658
2360 38 76661
2362 44 76664
2362 44 76667
2358 42 76670
2363 44 76673
2360 41 76676
2362 0 76679
2359 42 76682
2361 43 76685
2374 40 76688
2347 55 76691
2360 48 76694
2364 40 76697
2364 45 76700
2361 48 76703
2362 40 76706
2360 44 76709
2360 42 76712
2360 43 76715
2362 42 76718
2327 0 76721
2360 43 76724
2361 16 76727
2368 48 76730
2368 45 76733
2353 37 76736
2362 46 76739
2358 40 76742
2351 42 76745
2362 44 76748
2361 43 76751
2362 43 76754
2363 40 76757
2361 48 76760
2385 44 76763
2359 37 76766
2362 50 76769
2358 37 76772
2364 42 76775
2364 40 76778
2357 42 76781
2361 42 76784
2363 38 76787
2361 41 76790
2359 46 76793
2362 45 76796
2362 45 76799
2387 44 76802
2360 43 76805
2353 29 76808
2357 40 76811
2367 41 76814
2355 43 76817
2363 45 76820
2362 40 76823
2363 47 76826
2362 46 76829
2361 42 76832
2355 43 76835
2361 42 76838
2344 8 76841
2359 41 76844
2359 54 76847
2365 50 76850
2360 41 76853
2360 43 76856
2365 46 76859
2361 45 76862
2364 43 76865
2361 39 76868
2364 45 76871
2359 39 76874
2363 41 76877
2404 42 76880
2363 43 76883
2361 58 76886
2359 28 76889
2370 42 76892
2365 44 76895
2361 44 76898
2359 45 76901
2363 45 76904
2359 41 76907
2360 42 76910
2361 44 76913
2361 44 76916
2361 26 76919
2396 43 76922
2356 42 76925
2358 40 76928
2369 43 76931
2352 40 76934
2364 46 76937
2362 41 76940
2364 43 76943
2361 44 76946
2362 42 76949
2363 44 76952
2356 43 76955
2359 21 76958
2359 40 76961
2361 42 76964
2366 25 76967
2371 45 76970
2361 46 76973
2357 39 76976
2360 45 76979
2361 41 76982
2362 44 76985
2363 43 76988
2361 41 76991
2360 42 76994
2363 44 76997
2362 36 77001
2360 43 77004
2359 55 77007
2354 36 77010
2366 39 77013
2364 44 77016
2356 44 77019
2364 46 77022
2362 42 77025
2362 42 77028
2363 46 77031
2361 42 77034
2361 43 77037
2369 20 77040
2359 42 77043
2355 41 77046
2369 39 77049
2356 50 77052
2360 47 77054
2361 41 77057
2362 47 77060
2362 44 77063
2361 41 77066
2362 43 77069
2356 43 77072
2361 42 77075
2359 29 77078
2361 41 77081
2361 34 77084
2366 52 77087
2353 36 77090
2364 43 77093
2363 40 77096
2361 42 77099
2363 43 77102
2362 45 77105
2360 43 77108
2362 44 77111
2360 44 77114
2355 61 77117
2358 44 77120
2360 31 77123
2363 57 77126
2358 34 77129
2359 48 77132
2362 44 77135
2359 43 77138
2361 43 77141
2363 43 77144
2360 47 77147
2361 41 77150
2361 45 77153
2361 31 77156
2362 41 77159
2359 30 77162
2363 49 77165
2356 40 77168
2364 48 77171
2363 39 77174
2359 43 77177
2364 46 77180
2363 41 77183
2360 44 77186
2360 44 77189
2361 45 77192
2360 53 77195
2361 42 77198
2359 41 77201
2368 48 77204
2353 37 77207
2359 43 77210
2362 40 77213
2359 40 77216
2362 45 77219
2361 43 77222
2363 45 77225
2359 44 77228
2360 43 77231
2368 74 77234
2361 46 77237
2359 44 77240
2374 45 77243
2352 39 77246
2362 44 77249
2362 43 77252
2360 45 77255
2363 42 77258
2359 41 77261
2360 45 77264
2361 45 77267
2360 43 77270
2371 59 77273
2361 45 77276
2357 50 77279
2372 32 77282
2352 47 77285
2364 46 77288
2360 40 77291
2360 44 77294
2360 45 77297
2362 43 77300
2363 42 77303
2360 43 77306
2364 44 77309
2368 39 77312
2360 43 77315
2357 53 77318
2358 36 77321
2354 48 77324
2366 45 77327
2358 41 77330
2361 44 77333
2363 44 77336
2360 46 77339
2363 45 77342
2360 41 77345
2361 43 77348
2370 21 77351
2361 43 77354
2356 43 77357
2372 34 77360
2352 45 77363
2359 47 77366
2360 41 77369
2359 46 77372
2362 43 77375
2359 43 77378
2361 42 77381
2364 44 77384
2361 43 77387
2355 28 77390
2360 42 77393
2359 31 77396
2364 52 77399
2357 37 77402
2367 45 77405
2364 47 77408
2358 43 77411
2362 44 77414
2361 42 77417
2362 42 77420
2363 44 77423
2359 46 77426
2332 33 77429
2362 42 77432
2361 23 77435
2354 44 77438
2370 41 77441
2354 39 77444
2369 44 77447
2362 41 77450
2360 44 77453
2363 43 77456
2360 43 77459
2361 43 77462
2361 43 77465
2342 45 77468
2356 42 77471
2360 49 77474
2341 80 77477
2358 48 77480
2366 40 77483
2357 38 77486
2364 47 77489
2362 40 77492
2361 42 77495
2360 43 77498
2360 45 77501
2359 45 77504
2361 51 77507
2350 43 77510
2359 38 77513
2370 51 77516
2352 36 77519
2363 50 77522
2364 38 77525
2357 41 77528
2359 45 77531
2360 43 77534
2358 41 77537
2361 44 77540
2359 43 77543
2362 21 77546
2427 43 77549
2360 43 77552
2335 57 77555
2364 51 77558
2358 38 77561
2360 46 77564
2363 45 77567
2356 42 77570
2363 48 77573
2360 43 77576
2361 42 77579
2361 43 77582
2361 9 77585
2360 44 77588
2360 42 77591
2371 53 77594
2351 39 77597
2367 46 77600
2364 42 77603
2357 44 77606
2360 42 77609
2361 42 77612
2360 44 77615
2359 44 77618
2363 44 77621
2361 41 77624
2340 140 77627
2362 42 77630
2362 65 77633
2353 43 77636
2369 41 77639
2355 42 77642
2362 43 77645
2359 43 77648
2362 45 77651
2362 41 77654
2359 41 77657
2361 44 77660
2362 45 77663
2362 53 77666
2402 42 77669
2359 38 77672
2359 51 77675
2355 31 77678
2364 43 77681
2366 43 77684
2358 40 77687
2362 43 77690
2361 44 77693
2361 43 77696
2360 40 77699
2358 46 77702
2362 19 77705
2357 47 77708
2362 40 77711
2376 36 77714
2349 52 77717
2359 50 77720
2364 39 77723
2359 46 77726
2361 43 77729
2359 41 77732
2359 46 77735
2364 42 77738
2360 43 77741
2359 40 77744
2334 0 77747
2360 42 77750
2358 15 77753
2369 47 77756
2373 45 77759
2357 41 77762
2363 46 77765
2361 41 77768
2360 43 77771
2358 42 77774
2360 42 77777
2363 44 77780
2360 43 77783
2362 28 77786
2405 44 77789
2359 42 77792
2380 41 77795
2369 40 77798
2355 46 77801
2359 45 77804
2360 40 77807
2360 46 77810
2363 44 77813
2361 41 77816
2361 45 77819
2360 44 77822
2362 41 77825
2368 50 77828
2360 43 77831
2366 64 77834
2365 31 77837
2351 43 77840
2362 45 77843
2358 40 77846
2362 45 77849
2363 46 77852
2362 44 77855
2361 43 77858
2360 42 77861
2362 44 77864
2610 40 77867
2348 48 77870
2358 61 77873
2356 23 77876
2356 53 77879
2370 43 77882
2358 44 77885
2363 43 77888
2362 42 77891
2361 48 77894
2363 41 77897
2357 43 77900
2360 43 77903
2359 35 77906
2266 48 77909
2363 43 77912
2329 15 77915
2371 62 77918
2367 36 77921
2353 42 77924
2363 49 77927
2362 39 77930
2358 40 77933
2357 43 77936
2358 36 77939
2361 41 77942
2361 47 77945
2344 105 77948
2363 43 77951
2362 16 77954
2382 67 77957
2362 33 77960
2355 45 77963
2363 42 77966
2357 40 77969
2359 46 77972
2363 40 77975
2360 45 77978
2360 46 77981
2362 43 77984
2361 49 77987
2374 37 77990
2363 55 77993
2402 37 77996
2339 30 78000
2365 52 78003
2367 39 78006
2358 41 78009
2360 45 78012
2360 43 78015
2362 45 78018
2360 42 78021
2361 43 78024
2359 87 78027
2353 30 78030
2367 37 78033
2359 10 78036
2346 51 78039
2378 48 78042
2355 43 78045
2363 48 78047
2360 41 78050
2359 40 78053
2361 43 78056
2360 44 78059
2359 35 78062
2359 47 78065
2351 95 78068
2353 43 78071
2358 65 78074
2393 46 78077
2346 32 78080
2363 49 78083
2363 43 78086
2356 41 78089
2362 43 78092
2360 40 78095
2364 44 78098
2362 44 78101
2360 20 78104
2354 46 78107
2365 40 78110
2344 7 78113
2357 62 78116
2374 40 78119
2350 41 78122
2365 47 78125
2358 40 78128
2361 44 78131
2360 43 78134
2362 43 78137
2362 44 78140
2361 39 78143
2348 45 78146
2359 73 78149
2363 13 78152
2347 48 78155
2375 45 78158
2355 37 78161
2360 45 78164
2361 43 78167
2358 43 78170
2363 46 78173
2362 44 78176
2360 43 78179
2376 55 78182
2355 45 78185
2362 87 78188
2372 25 78191
2344 40 78194
2370 48 78197
2360 38 78200
2360 44 78203
2363 46 78206
2361 41 78209
2364 43 78212
2359 43 78215
2362 31 78218
2462 34 78221
2361 46 78224
2363 74 78227
2373 33 78230
2348 39 78233
2367 48 78236
2361 40 78239
2358 42 78242
2362 42 78245
2361 41 78248
2363 47 78251
2359 42 78254
2345 58 78257
2356 42 78260
2367 26 78263
2390 64 78266
2359 31 78269
2356 45 78272
2367 42 78275
2359 42 78278
2358 43 78281
2362 41 78284
2360 40 78287
2361 45 78290
2361 8 78293
2420 45 78296
2355 47 78299
2324 52 78302
2387 51 78305
2353 32 78308
2358 48 78311
2365 44 78314
2359 41 78317
2358 43 78320
2362 45 78323
2364 40 78326
2361 42 78329
2329 43 78332
2364 38 78335
2362 4 78338
2365 69 78341
2370 36 78344
2350 41 78347
2366 44 78350
2356 38 78353
2358 45 78356
2360 41 78359
2361 40 78362
2360 43 78365
2360 0 78368
2332 55 78371
2356 43 78374
2320 25 78377
2379 60 78380
2362 34 78383
2351 44 78386
2367 48 78389
2360 39 78392
2360 42 78395
2361 46 78398
2355 43 78401
2361 39 78404
2311 36 78407
2357 51 78410
2358 29 78413
2325 35 78416
2372 54 78419
2365 36 78422
2354 38 78425
2366 45 78428
2359 43 78431
2364 44 78434
2360 43 78437
2362 43 78440
2361 85 78443
2357 19 78446
2367 43 78449
2385 36 78452
2335 35 78455
2369 53 78458
2363 38 78461
2357 47 78464
2364 46 78467
2361 43 78470
2361 42 78473
2361 41 78476
2361 42 78479
2360 53 78482
2385 36 78485
2364 42 78488
2399 57 78491
2349 27 78494
2356 53 78497
2367 41 78500
2357 41 78503
2364 44 78506
2360 41 78509
2360 42 78512
2361 44 78515
2361 43 78518
2311 19 78521
2373 40 78524
2361 0 78527
2356 67 78530
2377 40 78533
2346 40 78536
2363 45 78539
2362 41 78542
2358 43 78545
2362 46 78548
2358 39 78551
2362 46 78554
2360 44 78557
2373 52 78560
2357 46 78563
2376 79 78566
2352 22 78569
2355 53 78572
2369 44 78575
2356 38 78578
2364 47 78581
2360 40 78584
2360 44 78587
2363 43 78590
2360 41 78593
2359 35 78596
2354 49 78599
2364 39 78602
2330 10 78605
2368 60 78608
2370 40 78611
2355 43 78614
2363 44 78617
2360 41 78620
2359 40 78623
2360 41 78626
2359 42 78629
2360 44 78632
2362 24 78635
2381 33 78638
2357 48 78641
2362 76 78644
2376 31 78647
2347 37 78650
2368 49 78653
2362 38 78656
2360 42 78659
2361 45 78662
2360 43 78665
2361 41 78668
2361 40 78671
2358 59 78674
2373 36 78677
2366 47 78680
2400 42 78683
2342 32 78686
2364 51 78689
2365 38 78692
2356 47 78695
2363 45 78698
2360 43 78701
2359 42 78704
2363 41 78707
2362 43 78710
2362 41 78713
2342 51 78716
2362 72 78719
2350 12 78722
2349 52 78725
2370 45 78728
2357 41 78731
2363 44 78734
2360 34 78737
2358 43 78740
2364 46 78743
2361 46 78746
2361 43 78749
2469 37 78752
2349 50 78755
2357 25 78758
2324 36 78761
2376 56 78764
2364 36 78767
2355 44 78770
2366 42 78773
2359 42 78776
2358 46 78779
2360 42 78782
2361 46 78785
2361 40 78788
2315 0 78791
2374 40 78794
2360 2 78797
2360 68 78800
2371 39 78803
2350 42 78806
2367 47 78809
2363 39 78812
2356 42 78815
2363 44 78818
