3186 263 4525406
3188 322 4525409
3187 324 4525412
3189 320 4525415
3184 320 4525418
3187 320 4525421
3185 319 4525424
3186 323 4525427
3188 320 4525430
3188 319 4525433
3187 323 4525436
3188 318 4525439
3187 316 4525442
3187 319 4525445
3186 319 4525448
3187 330 4525451
3184 321 4525454
3189 319 4525457
3186 318 4525460
3187 321 4525463
3186 321 4525466
3186 321 4525469
3189 319 4525472
3188 321 4525475
3185 321 4525478
3187 320 4525481
3188 320 4525484
3188 323 4525487
3185 321 4525490
3187 438 4525493
3677 318 4525496
3187 324 4525499
3186 319 4525502
3188 320 4525505
3188 323 4525508
3184 321 4525511
3188 320 4525514
3188 321 4525517
3187 324 4525520
3187 321 4525523
3188 322 4525526
3188 322 4525529
3187 323 4525532
3189 319 4525535
3188 323 4525538
3185 320 4525541
3188 321 4525544
3185 319 4525547
3189 321 4525550
3187 319 4525553
3185 320 4525556
3186 320 4525559
3187 321 4525562
3186 323 4525565
3188 321 4525568
3186 320 4525571
3187 320 4525574
3186 320 4525577
3186 320 4525580
3187 318 4525583
3242 323 4525586
3185 320 4525589
3184 321 4525592
3190 323 4525595
3184 323 4525598
3187 321 4525601
3188 321 4525604
3187 322 4525607
3186 320 4525610
3186 322 4525613
3188 323 4525616
3189 320 4525619
3186 320 4525622
3187 322 4525625
3186 358 4525628
3069 322 4525631
3187 322 4525634
3185 322 4525637
3189 324 4525640
3187 320 4525643
3186 323 4525646
3188 324 4525649
3187 321 4525652
3186 319 4525655
3186 323 4525658
3187 322 4525661
3189 321 4525664
3188 326 4525667
3188 325 4525670
3187 282 4525673
2231 324 4525676
3187 321 4525679
3183 320 4525682
3187 323 4525685
3187 322 4525688
3184 323 4525691
3188 323 4525694
3189 323 4525697
3188 322 4525700
3188 319 4525703
3186 320 4525706
3187 321 4525709
3188 320 4525712
3187 322 4525715
3187 132 4525718
3184 319 4525721
3187 323 4525724
3186 320 4525727
3187 324 4525730
3187 323 4525733
3187 319 4525736
3186 322 4525739
3186 320 4525742
3188 321 4525745
3183 320 4525748
3187 324 4525751
3186 320 4525754
3188 323 4525757
3187 322 4525760
3187 323 4525763
3188 314 4525766
3190 320 4525769
3184 303 4525772
3194 332 4525775
3190 314 4525778
3185 321 4525781
3192 320 4525784
3185 321 4525787
3188 316 4525790
3188 318 4525793
3189 323 4525796
3189 324 4525799
3183 319 4525802
3187 322 4525805
3188 322 4525808
3187 320 4525811
3187 320 4525814
3196 314 4525817
3173 332 4525820
3197 320 4525823
3184 316 4525826
3189 328 4525829
3189 322 4525832
3189 322 4525835
3188 322 4525838
3186 321 4525841
3186 319 4525844
3188 321 4525847
3187 324 4525850
3185 320 4525853
3188 321 4525856
3186 322 4525859
3177 327 4525862
3174 313 4525865
3195 325 4525868
3184 318 4525871
3184 323 4525874
3188 320 4525877
3185 319 4525880
3188 323 4525883
3188 320 4525886
3186 321 4525889
3188 322 4525892
3185 323 4525895
3187 320 4525898
3188 319 4525901
3185 323 4525904
3178 328 4525907
3175 313 4525910
3196 326 4525913
3186 319 4525916
3183 320 4525919
3189 324 4525922
3187 323 4525925
3189 326 4525928
3188 323 4525931
3186 322 4525934
3186 322 4525937
3185 320 4525940
3188 320 4525943
3187 331 4525946
3187 324 4525949
3176 327 4525952
3178 313 4525955
3196 330 4525958
3184 319 4525961
3184 323 4525964
3190 321 4525967
3187 324 4525970
3185 321 4525973
3184 317 4525976
3188 321 4525979
3187 321 4525982
3186 318 4525985
3188 321 4525988
3190 327 4525991
3186 321 4525994
3194 319 4525997
3174 327 4526001
3195 321 4526004
3182 315 4526007
3188 323 4526010
3185 322 4526013
3187 323 4526016
3188 323 4526019
3188 323 4526022
3187 322 4526025
3186 319 4526028
3186 319 4526031
3185 294 4526033
3187 315 4526036
3188 320 4526039
3186 300 4526042
3198 333 4526045
3184 316 4526048
3181 323 4526051
3191 326 4526054
3188 319 4526057
3188 320 4526060
3186 320 4526063
3188 322 4526066
3188 321 4526069
3188 318 4526072
3186 321 4526075
3188 306 4526078
3119 323 4526081
3189 320 4526084
3190 342 4526087
3159 322 4526090
3182 320 4526093
3192 323 4526096
3186 321 4526099
3186 322 4526102
3188 319 4526105
3185 320 4526108
3188 319 4526111
3189 320 4526114
3188 326 4526117
3187 323 4526120
3186 322 4526123
3193 319 4526126
3196 283 4526129
3177 328 4526132
3176 322 4526135
3194 322 4526138
3183 319 4526141
3185 322 4526144
3188 316 4526147
3186 322 4526150
3189 324 4526153
3185 323 4526156
3187 322 4526159
3188 323 4526162
3187 322 4526165
3242 322 4526168
3182 321 4526171
3185 313 4526174
3171 330 4526177
3195 309 4526180
3185 320 4526183
3189 326 4526186
3187 318 4526189
3188 323 4526192
3187 323 4526195
3187 320 4526198
3186 319 4526201
3186 321 4526204
3185 323 4526207
3187 320 4526210
3196 320 4526213
3183 327 4526216
3187 320 4526219
3169 332 4526222
3197 322 4526225
3184 318 4526228
3188 327 4526231
3188 318 4526234
3186 321 4526237
3189 322 4526240
3185 319 4526243
3187 322 4526246
3189 323 4526249
3188 322 4526252
3186 320 4526255
3056 323 4526258
3184 324 4526261
3187 320 4526264
3171 329 4526267
3198 309 4526270
3184 314 4526273
3187 323 4526276
3188 321 4526279
3186 321 4526282
3187 319 4526285
3185 321 4526288
3187 322 4526291
3187 320 4526294
3187 320 4526297
3186 322 4526300
3151 370 4526303
3187 321 4526306
3187 307 4526309
3188 335 4526312
3191 317 4526315
3181 318 4526318
3187 324 4526321
3188 320 4526324
3187 321 4526327
3187 318 4526330
3187 322 4526333
3189 320 4526336
3185 320 4526339
3186 319 4526342
3188 319 4526345
3175 309 4526348
3190 321 4526351
3187 317 4526354
3204 328 4526357
3184 314 4526360
3184 322 4526363
3188 322 4526366
3187 319 4526369
3187 322 4526372
3189 323 4526375
3185 320 4526378
3186 321 4526381
3185 321 4526384
3184 320 4526387
3188 320 4526390
3191 328 4526393
3185 322 4526396
3188 339 4526399
3205 316 4526402
3185 316 4526405
3188 327 4526408
3188 317 4526411
3185 323 4526414
3189 323 4526417
3188 320 4526420
3187 322 4526423
3189 320 4526426
3187 324 4526429
3189 319 4526432
3189 320 4526435
3189 335 4526438
3186 322 4526441
3207 322 4526444
3193 310 4526447
3182 328 4526450
3190 319 4526453
3181 318 4526456
3188 323 4526459
3187 325 4526462
3187 321 4526465
3188 320 4526468
3188 323 4526471
3186 321 4526474
3187 319 4526477
3186 322 4526480
3188 319 4526483
3185 319 4526486
3186 318 4526489
3178 329 4526492
3192 318 4526495
3184 317 4526498
3188 321 4526501
2359 41 4530909
2365 42 4530912
2363 42 4530915
2362 43 4530918
2518 43 4530921
2351 50 4530924
2357 14 4530927
2340 49 4530930
2376 49 4530932
2358 36 4530935
2360 46 4530938
2364 43 4530941
2360 40 4530944
2361 39 4530947
2363 44 4530950
2361 44 4530953
2360 43 4530956
2364 44 4530959
2361 44 4530962
2364 37 4530965
2379 37 4530968
2361 56 4530971
2346 42 4530974
2357 45 4530977
2363 37 4530980
2361 45 4530983
2365 45 4530986
2362 44 4530989
2361 45 4530992
2362 42 4530995
2361 41 4530998
2361 41 4531002
2361 45 4531005
2361 41 4531008
2363 60 4531011
2355 45 4531014
2361 45 4531017
2354 50 4531020
2354 43 4531023
2362 44 4531026
2361 44 4531029
2361 42 4531032
2361 44 4531034
2364 45 4531037
2363 42 4531040
2360 41 4531043
2362 45 4531046
2362 46 4531049
2362 43 4531052
2362 41 4531055
2363 48 4531058
2362 43 4531061
2365 42 4531064
2360 41 4531067
2363 43 4531070
2361 44 4531073
2362 43 4531076
2361 44 4531079
2363 41 4531082
2362 40 4531085
2360 43 4531088
2360 42 4531091
2363 43 4531094
2358 43 4531097
2360 41 4531100
2355 18 4531103
2364 43 4531106
2361 39 4531109
2359 45 4531112
2364 39 4531115
2360 41 4531118
2360 45 4531121
2360 44 4531124
2358 45 4531127
2362 45 4531130
2360 43 4531133
2361 43 4531136
2362 42 4531139
2360 44 4531142
2359 44 4531145
2362 47 4531148
2365 43 4531151
2359 47 4531154
2363 43 4531157
2360 42 4531160
2361 44 4531163
2357 42 4531166
2361 43 4531169
2362 44 4531172
2362 46 4531175
2363 44 4531178
2362 40 4531181
2361 47 4531184
2361 43 4531187
2360 40 4531190
2361 52 4531193
2437 43 4531196
2361 41 4531199
2356 44 4531202
2364 44 4531205
2360 44 4531208
2363 43 4531211
2364 41 4531214
2361 43 4531217
2362 40 4531220
2361 42 4531223
2361 43 4531226
2362 44 4531229
2358 42 4531232
2362 42 4531235
2362 19 4531238
2346 44 4531241
2362 42 4531244
2359 40 4531247
2363 45 4531250
2361 40 4531253
2360 41 4531256
2363 44 4531259
2361 43 4531262
2359 42 4531265
2361 44 4531268
2361 41 4531271
2362 43 4531274
2362 41 4531277
2362 41 4531280
2363 28 4531283
2225 41 4531286
2359 41 4531289
2357 43 4531292
2361 43 4531295
2358 39 4531298
2360 42 4531301
2362 44 4531304
2365 44 4531307
2361 41 4531310
2362 43 4531313
2360 41 4531316
2359 39 4531319
2361 41 4531322
2363 43 4531325
2362 43 4531328
2365 40 4531331
2361 46 4531334
2364 42 4531337
2361 37 4531340
2362 44 4531343
2362 43 4531346
2361 41 4531349
2362 40 4531352
2360 43 4531355
2360 46 4531358
2362 44 4531361
2359 40 4531364
2363 45 4531367
2364 42 4531370
2381 0 4531373
2361 43 4531376
2361 41 4531379
2362 45 4531382
2362 44 4531385
2359 43 4531388
2360 44 4531391
2361 42 4531394
2359 42 4531397
2360 44 4531400
2361 45 4531403
2360 44 4531406
2361 45 4531409
2362 41 4531412
2361 35 4531415
2223 40 4531418
2361 42 4531421
2359 41 4531424
2362 42 4531427
2358 40 4531430
2360 44 4531433
2363 43 4531436
2359 44 4531439
2361 46 4531442
2360 41 4531445
2360 42 4531448
2359 41 4531451
2361 42 4531454
2360 41 4531457
2359 0 4531460
2359 40 4531463
2358 41 4531466
2363 45 4531469
2361 43 4531472
2360 44 4531475
2360 43 4531478
2358 43 4531481
2359 42 4531484
2360 42 4531487
2359 45 4531490
2362 44 4531493
2360 45 4531496
2362 44 4531499
2676 40 4531502
2360 47 4531505
2362 50 4531508
2363 38 4531511
2358 42 4531514
2362 42 4531517
2358 42 4531520
2363 42 4531523
2364 43 4531526
2357 45 4531529
2362 44 4531532
2363 44 4531535
2362 43 4531538
2360 43 4531541
2363 38 4531544
2376 40 4531547
2360 38 4531550
2360 43 4531553
2362 39 4531556
2360 43 4531559
2362 44 4531562
2363 41 4531565
2362 42 4531568
2362 45 4531571
2362 42 4531574
2364 40 4531577
2361 44 4531580
2359 38 4531583
2360 51 4531586
2272 42 4531589
2361 43 4531592
2358 39 4531595
2362 42 4531598
2361 43 4531601
2360 43 4531604
2364 41 4531607
2361 39 4531610
2358 41 4531613
2362 42 4531616
2361 42 4531619
2362 43 4531622
2361 45 4531625
2363 49 4531628
2284 43 4531631
2365 44 4531634
2360 40 4531637
2362 44 4531640
2361 41 4531643
2359 42 4531646
2361 41 4531649
2362 41 4531652
2362 43 4531655
2361 46 4531658
2360 42 4531661
2363 44 4531664
2359 43 4531667
2361 49 4531670
2322 42 4531673
2363 39 4531676
2358 43 4531679
2362 40 4531682
2362 38 4531685
2362 44 4531688
2362 44 4531691
2359 39 4531694
2362 43 4531697
2362 44 4531700
2362 45 4531703
2362 41 4531706
2361 43 4531709
2362 39 4531712
2359 37 4531715
2359 40 4531718
2361 46 4531721
2361 41 4531724
2358 41 4531727
2357 45 4531730
2361 42 4531733
2360 43 4531736
2360 43 4531739
2361 43 4531742
2359 43 4531745
2360 40 4531748
2362 114 4531751
2363 46 4531754
2362 43 4531757
2361 50 4531760
2358 45 4531763
2363 43 4531766
2360 45 4531769
2361 45 4531772
2362 44 4531775
2360 43 4531778
2359 42 4531781
2360 42 4531784
2362 43 4531787
2362 43 4531790
2341 270 4531793
2362 44 4531796
2362 41 4531799
2358 43 4531802
2362 45 4531805
2361 42 4531808
2364 44 4531811
2358 41 4531814
2359 43 4531817
2361 43 4531820
2360 43 4531823
2359 42 4531826
2362 45 4531829
2364 38 4531832
2316 42 4531835
2360 43 4531838
2358 41 4531841
2363 42 4531844
2361 39 4531847
2360 41 4531850
2362 42 4531853
2361 43 4531856
2359 42 4531859
2360 44 4531862
2361 40 4531865
2359 43 4531868
2360 43 4531871
2370 21 4531874
2361 40 4531877
2360 40 4531880
2361 45 4531883
2361 40 4531886
2359 44 4531889
2361 45 4531892
2361 43 4531895
2359 43 4531898
2361 44 4531901
2360 44 4531904
2362 43 4531907
2361 45 4531910
2361 34 4531913
2214 40 4531916
2361 41 4531919
2358 40 4531922
2360 43 4531925
2362 42 4531928
2362 42 4531931
2363 44 4531934
2363 44 4531937
2358 41 4531940
2359 41 4531943
2359 40 4531946
2361 41 4531949
2361 40 4531952
2296 42 4531955
2360 39 4531958
2364 45 4531961
2364 42 4531964
2358 44 4531967
2362 42 4531970
2362 38 4531973
2360 44 4531976
2361 42 4531979
2360 39 4531982
2362 43 4531985
2362 43 4531988
2361 41 4531991
2361 41 4531994
2335 115 4531997
2362 43 4532001
2361 39 4532004
2360 43 4532007
2360 45 4532010
2360 42 4532013
2361 43 4532016
2360 47 4532019
2362 46 4532022
2362 42 4532025
2361 45 4532028
2360 42 4532031
2361 44 4532034
2362 43 4532037
2369 70 4532039
2361 45 4532042
2358 44 4532045
2365 42 4532048
2362 43 4532051
2363 44 4532054
2362 45 4532057
2361 41 4532060
2361 42 4532063
2360 41 4532066
2362 42 4532069
2360 42 4532072
2361 42 4532075
2359 40 4532078
2363 0 4532081
2362 45 4532084
2356 44 4532087
2361 43 4532090
2360 39 4532093
2359 43 4532096
2365 44 4532099
2361 44 4532102
2356 42 4532105
2358 38 4532108
2363 42 4532111
2360 46 4532114
2360 44 4532117
2363 39 4532120
2369 166 4532123
2357 41 4532126
2358 39 4532129
2359 43 4532132
2362 45 4532135
2357 41 4532138
2361 40 4532141
2362 43 4532144
2360 45 4532147
2360 43 4532150
2362 42 4532153
2359 45 4532156
2360 41 4532159
2361 42 4532162
2363 42 4532165
2350 42 4532168
2359 46 4532171
2364 40 4532174
2360 43 4532177
2361 47 4532180
2360 42 4532183
2364 42 4532186
2362 44 4532189
2361 45 4532192
2361 42 4532195
2361 41 4532198
2361 44 4532201
2360 43 4532204
2359 41 4532207
865 44 4532210
2362 44 4532213
2357 39 4532216
2361 42 4532219
2362 42 4532222
2359 40 4532225
2359 42 4532228
2361 43 4532231
2360 44 4532234
2361 44 4532237
2361 41 4532240
2361 42 4532243
2360 45 4532246
2360 42 4532249
2417 175 4532252
2359 43 4532255
2361 38 4532258
2359 40 4532261
2361 44 4532264
2360 43 4532267
2358 36 4532270
2362 42 4532273
2361 43 4532276
2361 43 4532279
2362 42 4532282
2362 42 4532285
2361 43 4532288
2359 39 4532291
2362 29 4532294
2538 43 4532297
2364 44 4532300
2357 40 4532303
2364 45 4532306
2362 43 4532309
2361 42 4532312
2362 42 4532315
2361 40 4532318
2362 42 4532321
2360 39 4532324
2361 39 4532327
2362 46 4532330
2360 41 4532333
2359 40 4532336
2317 21 4532339
2357 42 4532342
2362 41 4532345
2358 42 4532348
2362 45 4532351
2359 43 4532354
2361 39 4532357
2360 41 4532360
2358 42 4532363
2362 41 4532366
2360 41 4532369
2361 46 4532372
2361 43 4532375
2361 43 4532378
2359 44 4532381
2361 40 4532384
2362 42 4532387
2363 40 4532390
2358 42 4532393
2360 45 4532396
2363 41 4532399
2360 42 4532402
2364 44 4532405
2363 42 4532408
2360 43 4532411
2360 44 4532414
2361 42 4532417
2362 42 4532420
2361 40 4532423
2357 41 4532426
2375 42 4532429
2363 47 4532432
2362 36 4532435
2357 44 4532438
2361 43 4532441
2360 44 4532444
2361 45 4532447
2362 40 4532450
2359 42 4532453
2358 42 4532456
2357 43 4532459
2362 44 4532462
2360 44 4532465
2360 44 4532468
2355 81 4532471
2360 43 4532474
2361 48 4532477
2359 43 4532480
2358 41 4532483
2359 40 4532486
2360 41 4532489
2360 43 4532492
2362 42 4532495
2363 44 4532498
2358 45 4532501
2361 43 4532504
2362 42 4532507
2361 46 4532510
2360 42 4532513
2346 40 4532516
2361 39 4532519
2358 44 4532522
2363 41 4532525
2360 40 4532528
2360 45 4532531
2359 42 4532534
2361 41 4532537
2363 43 4532540
2359 46 4532543
2359 41 4532546
2360 43 4532549
2357 42 4532552
2359 42 4532555
2377 0 4532558
2364 44 4532561
2354 42 4532564
2359 43 4532567
2361 42 4532570
2361 43 4532573
2361 43 4532576
2360 45 4532579
2360 40 4532582
2361 43 4532585
2362 44 4532588
2361 42 4532591
2363 43 4532594
2362 44 4532597
2358 48 4532600
2319 41 4532603
2360 38 4532606
2361 42 4532609
2364 42 4532612
2362 47 4532615
2359 54 4532618
2364 55 4532621
2361 49 4532624
2359 50 4532627
2340 42 4532630
2262 35 4532633
2128 36 4532636
1976 46 4532639
1835 65 4532642
1721 81 4532645
1603 112 4532648
1517 139 4532651
1472 135 4532654
1476 132 4532657
1502 131 4532660
1512 127 4532663
1507 126 4532666
1502 131 4532669
1498 133 4532672
1495 132 4532675
1494 129 4532678
1495 127 4532681
1493 130 4532684
1411 120 4532687
1494 131 4532690
1493 132 4532693
1491 129 4532696
1494 131 4532699
1495 131 4532702
1493 131 4532705
1495 133 4532708
1492 132 4532711
1495 133 4532714
1495 132 4532717
1492 132 4532720
1492 132 4532723
1495 135 4532726
1495 126 4532729
1513 132 4532732
1495 130 4532735
1496 135 4532738
1495 134 4532741
1493 132 4532744
1494 133 4532747
1495 132 4532750
1492 130 4532753
1494 132 4532756
1495 134 4532759
1496 141 4532762
1492 131 4532765
1497 134 4532768
1494 76 4532771
1510 132 4532774
1493 132 4532777
1492 130 4532780
1494 133 4532783
1493 131 4532786
1492 131 4532789
1493 135 4532792
1494 132 4532795
1493 131 4532798
1495 133 4532801
1493 130 4532804
1495 131 4532807
1492 131 4532810
1495 229 4532813
1527 129 4532816
1493 131 4532819
1494 130 4532822
1491 133 4532825
1494 132 4532828
1490 132 4532831
1494 133 4532834
1494 133 4532837
1494 133 4532840
1495 136 4532843
1495 131 4532846
1494 132 4532849
1493 131 4532852
1493 116 4532855
488 131 4532858
1495 132 4532861
1492 132 4532864
1492 136 4532867
1495 132 4532870
1494 134 4532873
1495 139 4532876
1494 135 4532879
1496 138 4532882
1496 139 4532885
1496 139 4532888
1500 139 4532891
1499 142 4532894
1496 161 4532897
1606 148 4532900
1502 142 4532903
1496 145 4532906
1501 146 4532909
1501 141 4532912
1501 147 4532915
1501 145 4532918
1500 145 4532921
1502 147 4532924
1502 148 4532927
1500 144 4532930
1500 147 4532933
1504 146 4532936
1500 138 4532939
1464 148 4532942
1503 142 4532945
1500 149 4532948
1501 141 4532951
1501 146 4532954
1499 147 4532957
1504 146 4532960
1501 146 4532963
1502 147 4532966
1502 147 4532969
1501 147 4532972
1503 145 4532975
1500 144 4532978
1577 146 4532981
1500 147 4532984
1500 148 4532987
1500 143 4532990
1500 147 4532993
1499 143 4532996
1498 143 4533000
1501 145 4533003
1503 144 4533006
1505 142 4533009
1503 145 4533012
1501 145 4533015
1504 148 4533018
1498 142 4533021
1488 104 4533024
1500 142 4533027
1500 138 4533030
1499 143 4533032
1500 144 4533035
1499 145 4533038
1501 139 4533041
1502 141 4533044
1499 142 4533047
1499 143 4533050
1501 140 4533053
1499 142 4533056
1497 141 4533059
1496 0 4533062
1503 146 4533065
1499 141 4533068
1502 141 4533071
1498 136 4533074
1498 141 4533077
1503 140 4533080
1499 138 4533083
1500 141 4533086
1496 147 4533089
1498 138 4533092
1498 137 4533095
1497 142 4533098
1495 140 4533101
1497 137 4533104
1496 130 4533107
1497 138 4533110
1502 139 4533113
1498 138 4533116
1498 140 4533119
1496 139 4533122
1497 140 4533125
1499 138 4533128
1498 139 4533131
1498 140 4533134
1499 137 4533137
1495 138 4533140
1499 137 4533143
1495 137 4533146
1502 145 4533149
1499 138 4533152
1500 140 4533155
1497 137 4533158
1497 138 4533161
1498 140 4533164
1496 138 4533167
1497 135 4533170
1496 138 4533173
1495 136 4533176
1496 136 4533179
1499 138 4533182
1497 138 4533185
1492 138 4533188
1494 127 4533191
1497 136 4533194
1497 140 4533197
1495 134 4533200
1497 133 4533203
1496 138 4533206
1493 135 4533209
1494 135 4533212
1496 135 4533215
1498 136 4533218
1492 134 4533221
1496 135 4533224
1495 136 4533227
1493 138 4533230
1491 125 4533233
1496 135 4533236
1497 141 4533239
1496 135 4533242
1494 135 4533245
1498 135 4533248
1494 135 4533251
1495 136 4533254
1497 134 4533257
1496 136 4533260
1496 136 4533263
1497 138 4533266
1496 136 4533269
1495 138 4533272
1496 126 4533275
1497 135 4533278
1497 139 4533281
1497 134 4533284
1491 133 4533287
1496 137 4533290
1493 135 4533293
1494 133 4533296
1494 138 4533299
1496 135 4533302
1495 135 4533305
1496 134 4533308
1494 134 4533311
1496 136 4533314
1504 144 4533317
1494 131 4533320
1492 137 4533323
1498 135 4533326
1493 134 4533329
1495 135 4533332
1494 133 4533335
1495 133 4533338
1494 134 4533341
1495 133 4533344
1495 134 4533347
1496 133 4533350
1494 132 4533353
1493 136 4533356
1503 191 4533359
1496 134 4533362
1496 134 4533365
1498 134 4533368
1496 132 4533371
1495 132 4533374
1493 133 4533377
1497 133 4533380
1497 133 4533383
1494 130 4533386
1495 134 4533389
1498 132 4533392
1495 134 4533395
1494 136 4533398
1525 0 4533401
1496 134 4533404
1490 130 4533407
1491 132 4533410
1496 135 4533413
1494 131 4533416
1491 132 4533419
1495 135 4533422
1494 133 4533425
1497 134 4533428
1495 134 4533431
1493 132 4533434
1496 130 4533437
1492 132 4533440
1489 136 4533443
1499 133 4533446
1495 137 4533449
1493 132 4533452
1493 133 4533455
1496 132 4533458
1492 134 4533461
1495 134 4533464
1495 130 4533467
1494 133 4533470
1494 135 4533473
1493 132 4533476
1495 133 4533479
1492 133 4533482
1492 140 4533485
1534 131 4533488
1495 129 4533491
1495 139 4533494
1496 130 4533497
1495 132 4533500
1494 134 4533503
1494 132 4533506
1495 132 4533509
1494 134 4533512
1494 132 4533515
1493 132 4533518
1493 133 4533521
1493 133 4533524
1494 99 4533527
1594 136 4533530
1495 133 4533533
1491 131 4533536
1493 133 4533539
1493 132 4533542
1492 133 4533545
1493 135 4533548
1491 133 4533551
1493 134 4533554
1495 134 4533557
1494 136 4533560
1493 134 4533563
1494 133 4533566
1495 133 4533569
1490 126 4533572
1495 132 4533575
1496 134 4533578
1495 133 4533581
1491 132 4533584
1493 133 4533587
1495 134 4533590
1495 134 4533593
1492 132 4533596
1494 132 4533599
1495 135 4533602
1493 131 4533605
1492 130 4533608
1493 131 4533611
1500 398 4533614
1492 131 4533617
1495 129 4533620
1493 135 4533623
1496 136 4533626
1490 132 4533629
1496 132 4533632
1493 132 4533635
1491 132 4533638
1494 130 4533641
1493 134 4533644
1496 134 4533647
1492 131 4533650
1493 133 4533653
1492 126 4533656
1496 133 4533659
1494 135 4533662
1496 135 4533665
1494 130 4533668
1492 131 4533671
1493 132 4533674
1493 133 4533677
1495 135 4533680
1494 131 4533683
1494 134 4533686
1495 132 4533689
1493 134 4533692
1496 132 4533695
1496 0 4533698
1492 133 4533701
1492 129 4533704
1493 130 4533707
1494 133 4533710
1497 133 4533713
1493 131 4533716
1494 135 4533719
1495 135 4533722
1492 132 4533725
1490 133 4533728
1493 131 4533731
1492 132 4533734
1492 131 4533737
1492 133 4533740
1501 258 4533743
1495 133 4533746
1493 128 4533749
1494 135 4533752
1494 133 4533755
1494 132 4533758
1493 134 4533761
1494 126 4533764
1493 131 4533767
1492 130 4533770
1494 133 4533773
1496 133 4533776
1494 131 4533779
1493 132 4533782
1494 123 4533785
1477 134 4533788
1494 131 4533791
1498 135 4533794
1495 130 4533797
1493 132 4533800
1494 131 4533803
1494 132 4533806
1494 132 4533809
1496 134 4533812
1494 132 4533815
1493 134 4533818
1496 132 4533821
1493 133 4533824
1494 132 4533827
1491 133 4533830
1494 132 4533833
1495 133 4533836
1492 129 4533839
1495 133 4533842
1495 132 4533845
1491 134 4533848
1493 131 4533851
1491 132 4533854
1493 134 4533857
1493 133 4533860
1495 132 4533863
1492 131 4533866
1492 132 4533869
1575 0 4533872
1493 132 4533875
1494 133 4533878
1488 130 4533881
1495 133 4533884
1496 133 4533887
1491 135 4533890
1492 131 4533893
1492 131 4533896
1492 134 4533899
1491 132 4533902
1491 130 4533905
1494 134 4533908
1495 134 4533911
1492 139 4533914
1492 132 4533917
1492 128 4533920
1492 135 4533923
1495 133 4533926
1494 131 4533929
1493 134 4533932
1495 134 4533935
1491 132 4533938
1495 135 4533941
1494 134 4533944
1492 132 4533947
1495 133 4533950
1495 133 4533953
1492 134 4533956
1491 132 4533959
1493 131 4533962
1496 135 4533965
1490 130 4533968
1492 131 4533971
1497 136 4533974
1495 134 4533977
1490 133 4533980
1494 133 4533983
1493 132 4533986
1493 133 4533989
1494 134 4533992
1494 130 4533995
1491 132 4533998
1478 68 4534002
1490 134 4534005
1494 127 4534008
1492 133 4534011
1494 133 4534014
1492 132 4534017
1495 131 4534020
1494 132 4534023
1495 131 4534026
1494 134 4534029
1493 131 4534032
1494 133 4534034
1493 135 4534037
1492 133 4534040
1493 129 4534043
1501 132 4534046
1495 140 4534049
1496 135 4534052
1494 128 4534055
1495 132 4534058
1493 130 4534061
1493 131 4534064
1494 132 4534067
1495 133 4534070
1498 133 4534073
1494 133 4534076
1494 133 4534079
1492 130 4534082
1494 142 4534085
1625 132 4534088
1493 137 4534091
1491 133 4534094
1496 133 4534097
1493 131 4534100
1495 134 4534103
1495 133 4534106
1494 134 4534109
1494 132 4534112
1495 131 4534115
1495 131 4534118
1494 130 4534121
1493 130 4534124
1493 132 4534127
1491 121 4534130
1493 131 4534133
1499 135 4534136
1494 129 4534139
1492 133 4534142
1495 131 4534145
1494 132 4534148
1494 132 4534151
1493 131 4534154
1492 134 4534157
1493 132 4534160
1495 131 4534163
1494 131 4534166
1493 134 4534169
1496 182 4534172
1495 133 4534175
1490 133 4534178
1495 132 4534181
1492 132 4534184
1492 132 4534187
1493 131 4534190
1494 132 4534193
1496 134 4534196
1492 134 4534199
1494 134 4534202
1497 134 4534205
1495 134 4534208
1493 136 4534211
1384 0 4534214
1494 132 4534217
1493 131 4534220
1492 131 4534223
1492 133 4534226
1494 131 4534229
1491 135 4534232
1496 134 4534235
1494 133 4534238
1494 135 4534241
1494 134 4534244
1493 131 4534247
1494 130 4534250
1491 131 4534253
1493 138 4534256
1502 133 4534259
1493 139 4534262
1495 131 4534265
1493 131 4534268
1494 135 4534271
1491 134 4534274
1494 132 4534277
1493 135 4534280
1494 130 4534283
1491 132 4534286
1494 132 4534289
1493 130 4534292
1494 134 4534295
1492 131 4534298
1489 133 4534301
1495 130 4534304
1494 135 4534307
1495 131 4534310
1493 130 4534313
1494 134 4534316
1493 132 4534319
1494 132 4534322
1495 134 4534325
1495 135 4534328
1493 132 4534331
1497 133 4534334
1493 132 4534337
1492 147 4534340
1557 134 4534343
1495 130 4534346
1489 130 4534349
1493 135 4534352
1495 130 4534355
1491 134 4534358
1495 136 4534361
1491 130 4534364
1494 132 4534367
1495 133 4534370
1493 134 4534373
1493 134 4534376
1495 131 4534379
1492 269 4534382
1493 131 4534385
1491 130 4534388
1499 133 4534391
1493 133 4534394
1494 128 4534397
1494 132 4534400
1495 134 4534403
1493 133 4534406
1494 132 4534409
1492 131 4534412
1491 132 4534415
1493 133 4534418
1493 131 4534421
1495 137 4534424
1500 139 4534427
1485 130 4534430
1498 134 4534433
1493 130 4534436
1494 133 4534439
1493 131 4534442
1495 132 4534445
1492 133 4534448
1493 130 4534451
1492 133 4534454
1492 132 4534457
1495 133 4534460
1495 131 4534463
1494 132 4534466
1498 129 4534469
1495 134 4534472
1494 136 4534475
1494 130 4534478
1495 133 4534481
1495 132 4534484
1495 132 4534487
1495 135 4534490
1496 131 4534493
1492 131 4534496
1496 132 4534499
1497 130 4534502
1495 133 4534505
1493 130 4534508
1487 96 4534511
1494 131 4534514
1491 134 4534517
1498 133 4534520
1496 131 4534523
1494 134 4534526
1492 131 4534529
1494 134 4534532
1495 133 4534535
1493 131 4534538
1494 133 4534541
1494 132 4534544
1492 130 4534547
1493 131 4534550
1493 107 4534553
1492 130 4534556
1488 130 4534559
1493 134 4534562
1492 132 4534565
1492 132 4534568
1497 132 4534571
1492 133 4534574
1494 130 4534577
1495 131 4534580
1495 133 4534583
1492 133 4534586
1495 132 4534589
1495 134 4534592
1504 235 4534595
1493 132 4534598
1495 128 4534601
1490 133 4534604
1494 134 4534607
1495 130 4534610
1494 135 4534613
1493 133 4534616
1496 133 4534619
1494 133 4534622
1493 133 4534625
1492 132 4534628
1493 132 4534631
1496 132 4534634
1479 0 4534637
1494 134 4534640
1494 129 4534643
1489 132 4534646
1493 134 4534649
1492 130 4534652
1492 134 4534655
1494 134 4534658
1492 132 4534661
1493 134 4534664
1493 133 4534667
1491 135 4534670
1492 133 4534673
1491 129 4534676
1455 137 4534679
1497 132 4534682
1495 135 4534685
1495 131 4534688
1492 133 4534691
1494 131 4534694
1491 132 4534697
1493 130 4534700
1493 132 4534703
1494 132 4534706
1494 131 4534709
1493 133 4534712
1493 132 4534715
1490 130 4534718
1493 141 4534721
1496 135 4534724
1492 132 4534727
1495 135 4534730
1494 132 4534733
1492 137 4534736
1494 132 4534739
1492 132 4534742
1494 135 4534745
1493 132 4534748
1494 131 4534751
1495 133 4534754
1498 135 4534757
1494 131 4534760
1495 124 4534763
1453 130 4534766
1493 134 4534769
1491 133 4534772
1497 135 4534775
1493 131 4534778
1492 132 4534781
1494 133 4534784
1495 134 4534787
1495 132 4534790
1490 131 4534793
1495 133 4534796
1495 133 4534799
1495 131 4534802
1493 133 4534805
1495 135 4534808
1492 131 4534811
1497 128 4534814
1493 129 4534817
1494 133 4534820
1493 131 4534823
1490 128 4534826
1492 133 4534829
1495 130 4534832
1494 132 4534835
1494 133 4534838
1495 132 4534841
1493 132 4534844
1494 131 4534847
1502 170 4534850
1497 132 4534853
1490 130 4534856
1493 132 4534859
1494 131 4534862
1495 132 4534865
1495 132 4534868
1492 132 4534871
1494 132 4534874
1496 132 4534877
1492 132 4534880
1493 133 4534883
1495 133 4534886
1493 131 4534889
1313 132 4534892
1496 134 4534895
1497 135 4534898
1493 132 4534901
1494 135 4534904
1496 132 4534907
1490 132 4534910
1494 132 4534913
1495 132 4534916
1495 133 4534919
1494 131 4534922
1494 130 4534925
1494 134 4534928
1496 130 4534931
1493 128 4534934
1537 137 4534937
1496 129 4534940
1492 130 4534943
1496 131 4534946
1492 130 4534949
1494 133 4534952
1496 131 4534955
1490 133 4534958
1492 134 4534961
1495 131 4534964
1496 135 4534967
1494 133 4534970
1493 132 4534973
1491 165 4534976
1493 132 4534979
1494 132 4534982
1498 132 4534985
1492 132 4534988
1491 133 4534991
1494 133 4534994
1496 132 4534997
1492 135 4535001
1493 136 4535004
1493 134 4535007
1490 134 4535010
1494 131 4535013
1493 133 4535016
1493 135 4535019
1515 173 4535022
1495 132 4535025
1493 129 4535028
1493 133 4535031
1497 135 4535034
1494 132 4535037
1496 134 4535039
1496 134 4535042
1497 132 4535045
1494 131 4535048
1494 133 4535051
1492 135 4535054
1494 136 4535057
1494 130 4535060
1492 131 4535063
1488 135 4535066
1494 133 4535069
1493 131 4535072
1493 132 4535075
1495 133 4535078
1493 132 4535081
1501 132 4535084
1496 133 4535087
1492 133 4535090
1492 131 4535093
1493 131 4535096
1493 133 4535099
1493 133 4535102
1492 125 4535105
1201 135 4535108
1493 134 4535111
1493 130 4535114
1493 132 4535117
1495 132 4535120
1493 132 4535123
1493 130 4535126
1495 131 4535129
1495 136 4535132
1494 131 4535135
1492 132 4535138
1493 134 4535141
1494 131 4535144
1493 131 4535147
1503 120 4535150
1495 132 4535153
1494 134 4535156
1494 134 4535159
1493 132 4535162
1494 133 4535165
1496 131 4535168
1490 131 4535171
1494 133 4535174
1495 134 4535177
1496 133 4535180
1493 135 4535183
1495 132 4535186
1495 132 4535189
1440 128 4535192
1497 133 4535195
1495 133 4535198
1492 130 4535201
1493 132 4535204
1497 132 4535207
1495 132 4535210
1495 130 4535213
1493 133 4535216
1495 132 4535219
1493 132 4535222
1493 133 4535225
1495 131 4535228
1496 132 4535231
1495 141 4535234
1556 132 4535237
1493 128 4535240
1494 132 4535243
1495 133 4535246
1492 131 4535249
1495 132 4535252
1494 132 4535255
1493 133 4535258
1494 131 4535261
1493 131 4535264
1495 133 4535267
1494 134 4535270
1496 133 4535273
1495 132 4535276
1491 130 4535279
1495 133 4535282
1500 132 4535285
1494 131 4535288
1492 132 4535291
1496 131 4535294
1494 132 4535297
1494 134 4535300
1493 132 4535303
1494 134 4535306
1495 131 4535309
1493 136 4535312
1494 133 4535315
1494 129 4535318
1501 341 4535321
1495 133 4535324
1493 128 4535327
1494 135 4535330
1498 134 4535333
1492 133 4535336
1494 133 4535339
1495 132 4535342
1495 137 4535345
1494 132 4535348
1492 131 4535351
1495 132 4535354
1492 132 4535357
1492 133 4535360
1493 132 4535363
1483 132 4535366
1492 134 4535369
1498 132 4535372
1496 132 4535375
1493 135 4535378
1495 131 4535381
1492 129 4535384
1492 134 4535387
1492 132 4535390
1494 130 4535393
1493 134 4535396
1494 131 4535399
1493 130 4535402
1494 130 4535405
1757 134 4535408
1487 133 4535411
1493 132 4535414
1495 132 4535417
1495 134 4535420
1493 133 4535423
1493 133 4535426
1495 134 4535429
1495 134 4535432
1494 131 4535435
1497 133 4535438
1494 133 4535441
1496 132 4535444
1495 133 4535447
1501 163 4535450
1494 134 4535453
1491 134 4535456
1494 132 4535459
1494 133 4535462
1494 135 4535465
1492 131 4535468
1494 133 4535471
1494 131 4535474
1493 131 4535477
1492 132 4535480
1494 132 4535483
1490 133 4535486
1493 129 4535489
1571 147 4535492
1497 133 4535495
1495 133 4535498
1491 129 4535501
1493 133 4535504
1495 131 4535507
1493 131 4535510
1493 133 4535513
1494 133 4535516
1493 131 4535519
1493 130 4535522
1494 131 4535525
1494 130 4535528
1495 131 4535531
1492 136 4535534
1493 131 4535537
1496 127 4535540
1495 133 4535543
1498 133 4535546
1494 131 4535549
1495 132 4535552
1492 131 4535555
1494 132 4535558
1493 132 4535561
1496 129 4535564
1492 130 4535567
1493 133 4535570
1496 131 4535573
1495 0 4535576
1495 132 4535579
1496 130 4535582
1500 133 4535585
1492 131 4535588
1493 133 4535591
1493 130 4535594
1495 132 4535597
1493 133 4535600
1497 133 4535603
1496 131 4535606
1494 133 4535609
1495 135 4535612
1495 131 4535615
1494 131 4535618
1494 148 4535621
1495 132 4535624
1491 130 4535627
1497 135 4535630
1492 131 4535633
1493 135 4535636
1493 132 4535639
1493 133 4535642
1494 131 4535645
1495 131 4535648
1490 133 4535651
1494 131 4535654
1493 132 4535657
1496 131 4535660
2016 128 4535663
1494 132 4535666
1493 137 4535669
1496 130 4535672
1493 134 4535675
1495 135 4535678
1493 130 4535681
1492 133 4535684
1492 133 4535687
1495 131 4535690
1495 132 4535693
1493 134 4535696
1492 134 4535699
1494 133 4535702
1494 129 4535705
1450 136 4535708
1494 127 4535711
1492 134 4535714
1495 135 4535717
1491 133 4535720
1493 134 4535723
1495 133 4535726
1495 136 4535729
1494 131 4535732
1495 132 4535735
1495 135 4535738
1494 137 4535741
1496 133 4535744
1494 115 4535747
1493 133 4535750
1493 132 4535753
1494 129 4535756
1490 133 4535759
1496 133 4535762
1491 129 4535765
1494 134 4535768
1496 135 4535771
1494 135 4535774
1496 130 4535777
1494 131 4535780
1495 132 4535783
1492 131 4535786
1494 130 4535789
1496 127 4535792
1494 134 4535795
1511 140 4535798
1482 126 4535801
1501 139 4535804
1498 131 4535807
1489 132 4535810
1495 131 4535813
1495 131 4535816
1492 132 4535819
1494 132 4535822
1495 134 4535825
1494 133 4535828
1490 131 4535831
1476 149 4535834
1496 134 4535837
1489 143 4535840
1504 125 4535843
1485 131 4535846
1495 137 4535849
1492 127 4535852
1493 133 4535855
1493 133 4535858
1494 134 4535861
1493 132 4535864
1493 131 4535867
1494 135 4535870
1496 133 4535873
1470 85 4535876
1493 131 4535879
1491 130 4535882
1503 128 4535885
1482 128 4535888
1497 139 4535891
1497 129 4535894
1491 134 4535897
1496 136 4535900
1497 133 4535903
1495 133 4535906
1494 133 4535909
1494 132 4535912
1493 132 4535915
1476 0 4535918
1493 132 4535921
1492 129 4535924
1508 134 4535927
1483 126 4535930
1494 136 4535933
1497 131 4535936
1491 133 4535939
1493 133 4535942
1494 129 4535945
1487 133 4535948
1494 133 4535951
1494 132 4535954
1494 136 4535957
1480 0 4535960
1492 133 4535963
1492 128 4535966
1505 139 4535969
1486 127 4535972
1494 136 4535975
1494 129 4535978
1493 132 4535981
1492 131 4535984
1493 131 4535987
1492 133 4535990
1493 131 4535993
1494 133 4535996
1494 133 4536000
1479 209 4536003
1493 131 4536006
1496 130 4536009
1505 133 4536012
1486 125 4536015
1496 133 4536018
1496 132 4536021
1490 132 4536024
1498 130 4536027
1494 132 4536030
1495 134 4536033
1494 133 4536036
1493 132 4536039
1493 130 4536042
1480 113 4536045
1493 132 4536047
1490 144 4536050
1505 123 4536053
1487 135 4536056
1500 135 4536059
1493 131 4536062
1490 132 4536065
1495 135 4536068
1491 138 4536071
1495 132 4536074
1494 132 4536077
1494 132 4536080
1491 133 4536083
1510 133 4536086
1494 130 4536089
1508 142 4536092
1479 124 4536095
1495 138 4536098
1494 129 4536101
1491 133 4536104
1494 135 4536107
1493 132 4536110
1491 132 4536113
1495 131 4536116
1493 129 4536119
1495 133 4536122
1496 225 4536125
1496 134 4536128
1494 132 4536131
1493 111 4536134
1494 132 4536137
1499 137 4536140
1490 129 4536143
1493 137 4536146
1497 131 4536149
1493 129 4536152
1496 133 4536155
1493 133 4536158
1493 133 4536161
1494 135 4536164
1493 144 4536167
1517 132 4536170
1494 133 4536173
1473 154 4536176
1487 138 4536179
1500 127 4536182
1489 132 4536185
1497 132 4536188
1494 132 4536191
1494 137 4536194
1495 133 4536197
1495 131 4536200
1494 133 4536203
1494 131 4536206
1494 120 4536209
1575 133 4536212
1493 132 4536215
1514 126 4536218
1504 133 4536221
1487 128 4536224
1496 136 4536227
1496 131 4536230
1492 133 4536233
1494 133 4536236
1495 133 4536239
1493 133 4536242
1491 131 4536245
1495 131 4536248
1493 111 4536251
1521 131 4536254
1495 128 4536257
1495 144 4536260
1493 124 4536263
1491 134 4536266
1497 132 4536269
1490 129 4536272
1494 131 4536275
1491 128 4536278
1494 134 4536281
1495 133 4536284
1494 131 4536287
1495 133 4536290
1494 132 4536293
1497 132 4536296
1492 141 4536299
1508 122 4536302
1487 137 4536305
1499 137 4536308
1494 125 4536311
1495 132 4536314
1491 134 4536317
1492 128 4536320
1494 133 4536323
1495 133 4536326
1492 133 4536329
1493 131 4536332
1495 135 4536335
1492 133 4536338
1495 150 4536341
1489 117 4536344
1512 136 4536347
1497 132 4536350
1491 127 4536353
1495 134 4536356
1494 132 4536359
1496 134 4536362
1493 132 4536365
1492 132 4536368
1494 132 4536371
1493 134 4536374
1490 137 4536377
1489 133 4536380
1492 149 4536383
1485 120 4536386
1501 136 4536389
1499 131 4536392
1490 131 4536395
1494 131 4536398
1495 130 4536401
1492 135 4536404
1496 132 4536407
1491 131 4536410
1487 134 4536413
1491 130 4536416
1495 132 4536419
1495 130 4536422
1493 139 4536425
1480 133 4536428
1491 136 4536431
1496 131 4536434
1492 131 4536437
1497 134 4536440
1492 132 4536443
1495 136 4536446
1492 132 4536449
1492 131 4536452
1494 135 4536455
1495 131 4536458
1492 140 4536461
1496 131 4536464
1492 151 4536467
1485 117 4536470
1496 137 4536473
1499 134 4536476
1492 131 4536479
1495 134 4536482
1495 131 4536485
1492 135 4536488
1494 132 4536491
1494 132 4536494
1492 132 4536497
1493 133 4536500
1493 136 4536503
1498 133 4536506
1493 152 4536509
1496 121 4536512
1487 133 4536515
1498 134 4536518
1492 132 4536521
1495 135 4536524
1495 132 4536527
1493 132 4536530
1493 132 4536533
1493 132 4536536
1493 135 4536539
1492 131 4536542
1495 129 4536545
1475 132 4536548
1494 142 4536551
1509 125 4536554
1486 145 4536557
1497 136 4536560
1492 128 4536563
1492 135 4536566
1494 135 4536569
1493 133 4536572
1491 132 4536575
1492 132 4536578
1493 132 4536581
1496 134 4536584
1494 114 4536587
1488 131 4536590
1495 130 4536593
1499 144 4536596
1490 121 4536599
1490 136 4536602
1498 133 4536605
1490 129 4536608
1493 134 4536611
1495 132 4536614
1492 130 4536617
1494 134 4536620
1496 133 4536623
1492 134 4536626
1492 127 4536629
1580 132 4536632
1494 134 4536635
1475 131 4536638
1496 140 4536641
1491 127 4536644
1492 134 4536647
1497 131 4536650
1494 132 4536653
1491 134 4536656
1493 131 4536659
1492 133 4536662
1495 133 4536665
1498 136 4536668
1496 132 4536671
1495 135 4536674
1495 134 4536677
1491 117 4536680
1524 131 4536683
1500 134 4536686
1490 131 4536689
1497 136 4536692
1494 130 4536695
1492 130 4536698
1495 135 4536701
1495 130 4536704
1491 131 4536707
1495 133 4536710
1490 131 4536713
1474 144 4536716
1495 132 4536719
1488 137 4536722
1506 124 4536725
1479 131 4536728
1497 137 4536731
1492 133 4536734
1496 135 4536737
1494 133 4536740
1493 132 4536743
1492 132 4536746
1494 138 4536749
1493 133 4536752
1494 134 4536755
1514 137 4536758
1493 130 4536761
1493 108 4536764
1495 131 4536767
1503 133 4536770
1486 129 4536773
1498 133 4536776
1492 132 4536779
1495 131 4536782
1496 133 4536785
1492 134 4536788
1493 131 4536791
1494 131 4536794
1495 134 4536797
1492 131 4536800
1491 133 4536803
1491 147 4536806
1505 124 4536809
1485 134 4536812
1495 135 4536815
1492 130 4536818
1491 137 4536821
1496 133 4536824
1494 130 4536827
1495 134 4536830
1492 132 4536833
1495 132 4536836
1494 130 4536839
1495 138 4536842
1174 131 4536845
1494 130 4536848
1473 131 4536851
1494 140 4536854
1489 125 4536857
1493 136 4536860
1497 131 4536863
1493 133 4536866
1496 134 4536869
1491 133 4536872
1494 134 4536875
1493 132 4536878
1493 131 4536881
1492 136 4536884
1486 160 4536887
1494 132 4536890
1503 149 4536893
1485 123 4536896
1499 135 4536899
1498 134 4536902
1489 131 4536905
1494 134 4536908
1491 128 4536911
1492 130 4536914
1493 135 4536917
1493 130 4536920
1494 136 4536923
1492 133 4536926
1500 0 4536929
1494 135 4536932
1493 117 4536935
1488 141 4536938
1501 126 4536941
1485 131 4536944
1498 131 4536947
1495 133 4536950
1494 132 4536953
1496 133 4536956
1493 131 4536959
1491 133 4536962
1494 133 4536965
1495 131 4536968
1490 132 4536971
1503 132 4536974
1491 144 4536977
1502 119 4536980
1482 141 4536983
1499 135 4536986
1493 131 4536989
1494 134 4536992
1494 132 4536995
1494 132 4536998
1494 131 4537002
1493 128 4537005
1495 131 4537008
1492 135 4537011
1494 107 4537014
1476 130 4537017
1494 129 4537020
1502 129 4537023
1505 131 4537026
1487 128 4537029
1495 138 4537032
1496 130 4537035
1492 134 4537038
1494 133 4537041
1494 133 4537044
1495 133 4537046
1492 133 4537049
1493 135 4537052
1496 133 4537055
1500 127 4537058
1494 132 4537061
1500 114 4537064
1488 134 4537067
1499 139 4537070
1492 127 4537073
1494 143 4537076
1495 132 4537079
1493 132 4537082
1495 135 4537085
1492 130 4537088
1497 134 4537091
1495 135 4537094
1495 134 4537097
1474 148 4537100
1495 134 4537103
1491 138 4537106
1507 123 4537109
1485 134 4537112
1499 137 4537115
1493 129 4537118
1492 130 4537121
1493 133 4537124
1492 133 4537127
1495 132 4537130
1492 132 4537133
1496 131 4537136
1492 131 4537139
1490 318 4537142
1492 133 4537145
1495 151 4537148
1486 141 4537151
1498 126 4537154
1487 132 4537157
1498 135 4537160
1495 132 4537163
1492 132 4537166
1494 129 4537169
1491 131 4537172
1494 130 4537175
1492 132 4537178
1496 133 4537181
1495 118 4537184
1467 131 4537187
1493 133 4537190
1502 138 4537193
1504 128 4537196
1483 130 4537199
1498 135 4537202
1493 130 4537205
1496 130 4537208
1496 134 4537211
1495 134 4537214
1494 133 4537217
1493 129 4537220
1493 133 4537223
1495 134 4537226
1479 153 4537229
1492 129 4537232
1491 144 4537235
1502 123 4537238
1488 133 4537241
1498 137 4537244
1492 131 4537247
1491 135 4537250
1494 131 4537253
1494 132 4537256
1494 133 4537259
1495 132 4537262
1491 129 4537265
1491 134 4537268
1493 137 4537271
1502 129 4537274
1492 155 4537277
1488 118 4537280
1494 136 4537283
1498 135 4537286
1489 130 4537289
1494 133 4537292
1495 131 4537295
1489 132 4537298
1494 134 4537301
1494 131 4537304
1492 129 4537307
1492 136 4537310
1493 128 4537313
1508 132 4537316
1492 132 4537319
1468 142 4537322
1496 143 4537325
1493 127 4537328
1490 132 4537331
1499 135 4537334
1491 130 4537337
1493 132 4537340
1497 135 4537343
1498 135 4537346
1494 133 4537349
1496 133 4537352
1496 133 4537355
1494 137 4537358
1494 130 4537361
1499 152 4537364
1487 121 4537367
1494 134 4537370
1501 130 4537373
1492 134 4537376
1494 135 4537379
1494 132 4537382
1491 131 4537385
1494 131 4537388
1494 132 4537391
1496 133 4537394
1492 133 4537397
1481 131 4537400
1492 122 4537403
1494 134 4537406
1496 144 4537409
1492 124 4537412
1492 136 4537415
1496 132 4537418
1490 134 4537421
1493 133 4537424
1494 132 4537427
1491 133 4537430
1494 134 4537433
1494 132 4537436
1496 132 4537439
1577 132 4537442
1492 133 4537445
1495 115 4537448
1482 131 4537451
1495 137 4537454
1490 126 4537457
1494 136 4537460
1493 130 4537463
1496 131 4537466
1495 132 4537469
1493 133 4537472
1493 134 4537475
1492 133 4537478
1497 134 4537481
1493 133 4537484
1493 134 4537487
1494 145 4537490
1481 121 4537493
1502 131 4537496
1500 132 4537499
1490 132 4537502
1497 133 4537505
1494 133 4537508
1494 133 4537511
1494 134 4537514
1492 132 4537517
1494 131 4537520
1493 131 4537523
1494 143 4537526
1487 130 4537529
1493 156 4537532
1499 116 4537535
1487 135 4537538
1496 136 4537541
1493 129 4537544
1494 137 4537547
1494 130 4537550
1491 132 4537553
1493 132 4537556
1495 133 4537559
1494 129 4537562
1493 135 4537565
1493 140 4537568
1488 132 4537571
1491 149 4537574
1498 117 4537577
1487 136 4537580
1498 134 4537583
1490 128 4537586
1494 135 4537589
1496 134 4537592
1491 129 4537595
1495 133 4537598
1493 132 4537601
1492 132 4537604
1495 133 4537607
1495 136 4537610
1487 136 4537613
1492 131 4537616
1505 130 4537619
1480 131 4537622
1501 137 4537625
1495 128 4537628
1493 135 4537631
1496 133 4537634
1490 128 4537637
1493 131 4537640
1493 134 4537643
1494 140 4537646
1499 142 4537649
1501 129 4537652
1521 145 4537655
1483 154 4537658
1406 201 4537661
1304 244 4537664
1162 322 4537667
1053 392 4537670
948 460 4537673
858 535 4537676
784 586 4537679
743 598 4537682
743 589 4537685
758 575 4537688
768 571 4537691
764 572 4537694
640 582 4537697
758 581 4537700
730 587 4537703
755 590 4537706
757 574 4537709
755 583 4537712
756 580 4537715
754 584 4537718
757 582 4537721
755 582 4537724
755 585 4537727
756 586 4537730
754 582 4537733
756 584 4537736
763 583 4537739
757 585 4537742
777 573 4537745
742 580 4537748
758 591 4537751
756 581 4537754
755 585 4537757
756 585 4537760
755 583 4537763
754 583 4537766
759 586 4537769
759 586 4537772
758 584 4537775
754 582 4537778
759 543 4537781
755 584 4537784
755 573 4537787
762 590 4537790
763 579 4537793
751 584 4537796
757 586 4537799
756 582 4537802
754 587 4537805
755 585 4537808
757 585 4537811
755 587 4537814
756 582 4537817
757 585 4537820
757 568 4537823
788 582 4537826
755 581 4537829
752 593 4537832
757 573 4537835
752 586 4537838
758 584 4537841
756 583 4537844
754 584 4537847
757 582 4537850
753 583 4537853
757 586 4537856
755 584 4537859
757 585 4537862
757 582 4537865
739 570 4537868
757 588 4537871
756 573 4537874
766 588 4537877
748 576 4537880
757 587 4537883
758 584 4537886
755 585 4537889
757 585 4537892
759 587 4537895
758 588 4537898
761 587 4537901
761 589 4537904
761 586 4537907
764 628 4537910
786 589 4537913
765 590 4537916
744 587 4537919
767 603 4537922
763 581 4537925
768 596 4537928
769 593 4537931
768 590 4537934
771 594 4537937
773 594 4537940
772 596 4537943
771 591 4537946
772 589 4537949
773 594 4537952
774 578 4537955
756 593 4537958
773 594 4537961
783 591 4537964
764 607 4537967
774 601 4537970
774 590 4537973
772 597 4537976
771 593 4537979
772 595 4537982
773 598 4537985
774 596 4537988
767 592 4537991
771 594 4537994
770 593 4537997
769 598 4538001
767 593 4538004
769 611 4538007
764 583 4538010
773 590 4538013
778 596 4538016
765 590 4538019
772 595 4538022
770 593 4538025
770 596 4538028
771 591 4538031
771 593 4538034
768 592 4538037
772 592 4538040
768 594 4538043
770 582 4538045
754 592 4538048
769 604 4538051
773 582 4538054
765 591 4538057
772 595 4538060
763 591 4538063
768 593 4538066
770 591 4538069
766 594 4538072
768 590 4538075
767 589 4538078
770 591 4538081
767 590 4538084
765 588 4538087
766 589 4538090
647 589 4538093
765 586 4538096
779 586 4538099
770 591 4538102
760 587 4538105
767 590 4538108
764 589 4538111
764 592 4538114
766 590 4538117
763 587 4538120
766 591 4538123
764 588 4538126
767 588 4538129
764 587 4538132
762 590 4538135
748 609 4538138
761 586 4538141
775 601 4538144
754 581 4538147
766 593 4538150
767 586 4538153
761 589 4538156
764 590 4538159
763 585 4538162
763 592 4538165
762 590 4538168
762 587 4538171
763 588 4538174
763 590 4538177
762 589 4538180
763 595 4538183
765 589 4538186
763 595 4538189
747 577 4538192
759 590 4538195
765 587 4538198
759 587 4538201
764 586 4538204
761 586 4538207
760 591 4538210
764 588 4538213
760 587 4538216
759 587 4538219
760 589 4538222
761 587 4538225
759 584 4538228
766 594 4538231
761 586 4538234
767 572 4538237
753 583 4538240
766 591 4538243
756 583 4538246
762 589 4538249
760 586 4538252
760 585 4538255
757 583 4538258
761 584 4538261
759 589 4538264
761 583 4538267
760 587 4538270
759 585 4538273
761 571 4538276
769 589 4538279
762 598 4538282
764 573 4538285
757 588 4538288
763 587 4538291
757 583 4538294
760 590 4538297
760 586 4538300
757 589 4538303
760 585 4538306
759 585 4538309
762 586 4538312
761 588 4538315
759 584 4538318
760 585 4538321
743 574 4538324
760 586 4538327
756 600 4538330
768 574 4538333
752 594 4538336
761 589 4538339
758 584 4538342
759 588 4538345
762 588 4538348
756 583 4538351
759 586 4538354
758 585 4538357
758 587 4538360
761 584 4538363
758 587 4538366
759 655 4538369
710 587 4538372
760 586 4538375
763 584 4538378
768 589 4538381
751 582 4538384
758 585 4538387
758 583 4538390
758 585 4538393
759 587 4538396
759 584 4538399
760 587 4538402
761 579 4538405
758 585 4538408
759 585 4538411
759 584 4538414
754 591 4538417
769 586 4538420
758 577 4538423
741 595 4538426
754 589 4538429
759 584 4538432
761 587 4538435
761 584 4538438
756 583 4538441
760 586 4538444
759 584 4538447
757 585 4538450
761 586 4538453
758 584 4538456
759 582 4538459
757 584 4538462
750 581 4538465
762 583 4538468
776 578 4538471
744 591 4538474
757 589 4538477
762 582 4538480
754 584 4538483
760 584 4538486
755 583 4538489
760 582 4538492
757 585 4538495
758 589 4538498
756 586 4538501
755 583 4538504
759 585 4538507
757 567 4538510
776 582 4538513
753 580 4538516
773 582 4538519
746 590 4538522
755 585 4538525
760 583 4538528
755 586 4538531
759 586 4538534
755 581 4538537
757 585 4538540
758 585 4538543
761 584 4538546
756 582 4538549
758 587 4538552
757 584 4538555
738 531 4538558
760 588 4538561
756 590 4538564
765 578 4538567
757 586 4538570
757 588 4538573
754 577 4538576
757 587 4538579
755 583 4538582
756 586 4538585
757 586 4538588
758 584 4538591
757 588 4538594
759 587 4538597
757 584 4538600
750 572 4538603
757 586 4538606
758 581 4538609
763 587 4538612
750 581 4538615
762 589 4538618
759 581 4538621
755 582 4538624
758 587 4538627
757 584 4538630
757 584 4538633
755 584 4538636
755 585 4538639
758 585 4538642
758 583 4538645
715 593 4538648
757 582 4538651
755 571 4538654
765 584 4538657
751 602 4538660
756 589 4538663
759 581 4538666
753 584 4538669
759 586 4538672
757 587 4538675
758 585 4538678
755 585 4538681
758 584 4538684
757 584 4538687
757 585 4538690
741 660 4538693
756 582 4538696
753 601 4538699
759 574 4538702
765 582 4538705
761 586 4538708
754 580 4538711
754 587 4538714
761 577 4538717
754 582 4538720
761 584 4538723
756 583 4538726
757 582 4538729
759 587 4538732
757 584 4538735
763 582 4538738
756 583 4538741
750 565 4538744
751 581 4538747
763 588 4538750
753 580 4538753
758 589 4538756
758 584 4538759
755 585 4538762
757 585 4538765
755 582 4538768
753 585 4538771
753 583 4538774
756 583 4538777
757 553 4538780
852 581 4538783
757 585 4538786
751 593 4538789
767 578 4538792
752 590 4538795
761 588 4538798
754 582 4538801
757 583 4538804
757 585 4538807
758 583 4538810
756 583 4538813
758 584 4538816
756 584 4538819
757 583 4538822
755 593 4538825
759 585 4538828
758 573 4538831
739 590 4538834
753 587 4538837
756 582 4538840
758 589 4538843
758 584 4538846
754 583 4538849
756 586 4538852
759 583 4538855
756 587 4538858
759 584 4538861
757 586 4538864
755 585 4538867
757 598 4538870
757 585 4538873
775 578 4538876
743 614 4538879
757 591 4538882
759 582 4538885
755 584 4538888
758 584 4538891
754 583 4538894
758 585 4538897
756 583 4538900
755 588 4538903
756 584 4538906
759 584 4538909
3187 320 4524512
3187 318 4524515
3188 322 4524518
3185 317 4524521
3187 325 4524524
3188 320 4524527
3186 319 4524530
3189 319 4524533
3185 321 4524536
3185 322 4524539
3186 320 4524542
3188 322 4524545
3186 322 4524548
3187 319 4524551
3186 322 4524554
3186 322 4524557
3186 308 4524560
3192 320 4524563
3188 315 4524566
3186 325 4524569
3190 321 4524572
3183 319 4524575
3187 324 4524578
3188 322 4524581
3188 320 4524584
3188 323 4524587
3188 323 4524590
3187 322 4524593
3185 321 4524596
3186 322 4524599
3186 324 4524602
3187 321 4524605
3189 372 4524608
3186 321 4524611
3186 322 4524614
3188 320 4524617
3185 323 4524620
3188 324 4524623
3188 322 4524626
3186 319 4524629
3185 321 4524632
3186 320 4524635
3188 321 4524638
3183 318 4524641
3188 323 4524644
3186 320 4524647
3187 320 4524650
3187 320 4524653
3174 324 4524656
3186 323 4524659
3187 316 4524662
3185 322 4524665
3187 323 4524668
3190 319 4524671
3187 320 4524674
3186 324 4524677
3187 319 4524680
3188 320 4524683
3187 324 4524686
3186 321 4524689
3188 320 4524692
3186 319 4524695
3186 307 4524698
3341 318 4524701
3188 321 4524704
3183 323 4524707
3189 322 4524710
3185 317 4524713
3188 321 4524716
3188 323 4524719
3188 321 4524722
3189 321 4524725
3186 320 4524728
3187 319 4524731
3188 320 4524734
3191 322 4524737
3186 321 4524740
3189 321 4524743
3187 332 4524746
3187 321 4524749
3191 321 4524752
3187 319 4524755
3188 321 4524758
3185 319 4524761
3187 320 4524764
3189 320 4524767
3187 323 4524770
3186 321 4524773
3187 321 4524776
3184 319 4524779
3187 318 4524782
3187 321 4524785
3186 209 4524788
2857 325 4524791
3188 319 4524794
3185 319 4524797
3190 320 4524800
3186 320 4524803
3185 320 4524806
3189 317 4524809
3187 320 4524812
3188 319 4524815
3190 322 4524818
3186 320 4524821
3187 318 4524824
3186 321 4524827
3189 320 4524830
3188 328 4524833
3172 325 4524836
3186 319 4524839
3192 323 4524842
3189 319 4524845
3187 322 4524848
3187 323 4524851
3188 320 4524854
3187 324 4524857
3188 321 4524860
3189 321 4524863
3191 322 4524866
3189 325 4524869
3188 321 4524872
3189 323 4524875
3176 0 4524878
3188 320 4524881
3186 319 4524884
3185 322 4524887
3188 324 4524890
3186 319 4524893
3185 321 4524896
3186 322 4524899
3188 322 4524902
3185 320 4524905
3187 321 4524908
3187 320 4524911
3187 318 4524914
3186 322 4524917
3185 321 4524920
3184 337 4524923
3187 319 4524926
3190 323 4524929
3185 320 4524932
3187 323 4524935
3187 321 4524938
3186 321 4524941
3185 322 4524944
3187 320 4524947
3187 322 4524950
3185 323 4524953
3188 323 4524956
3188 320 4524959
3185 321 4524962
3188 317 4524965
3225 319 4524968
3186 318 4524971
3189 323 4524974
3184 320 4524977
3188 322 4524980
3189 323 4524983
3187 323 4524986
3187 323 4524989
3187 318 4524992
3187 322 4524995
3188 322 4524998
3189 320 4525002
3185 317 4525005
3187 324 4525008
3204 439 4525011
3188 323 4525014
3181 320 4525017
3188 322 4525020
3186 320 4525023
3189 319 4525026
3188 324 4525029
3186 322 4525032
3187 320 4525035
3185 321 4525038
3186 320 4525041
3184 323 4525044
3188 321 4525046
3186 321 4525049
3188 314 4525052
3337 322 4525055
3189 319 4525058
3184 320 4525061
3186 322 4525064
3188 318 4525067
3187 322 4525070
3187 319 4525073
3188 319 4525076
3185 321 4525079
3188 320 4525082
3189 322 4525085
3188 318 4525088
3190 322 4525091
3187 323 4525094
3218 321 4525097
3184 321 4525100
3188 323 4525103
3185 319 4525106
3189 320 4525109
3188 323 4525112
3188 325 4525115
3190 321 4525118
3188 320 4525121
3187 324 4525124
3194 323 4525127
3189 319 4525130
3185 319 4525133
3188 321 4525136
3187 320 4525139
3193 307 4525142
3187 324 4525145
3192 321 4525148
3186 317 4525151
3188 321 4525154
3187 320 4525157
3188 321 4525160
3188 320 4525163
3185 321 4525166
3187 321 4525169
3186 320 4525172
3187 319 4525175
3185 322 4525178
3189 323 4525181
3189 329 4525184
3181 318 4525187
3187 323 4525190
3190 323 4525193
3185 319 4525196
3185 321 4525199
3188 323 4525202
3186 318 4525205
3187 320 4525208
3186 324 4525211
3188 320 4525214
3188 318 4525217
3188 324 4525220
3186 321 4525223
3188 322 4525226
3208 395 4525229
3183 322 4525232
3183 319 4525235
3186 319 4525238
3186 321 4525241
3184 322 4525244
3188 321 4525247
3188 321 4525250
3186 324 4525253
3187 322 4525256
3189 321 4525259
3187 322 4525262
3186 323 4525265
3189 321 4525268
3187 257 4525271
3186 323 4525274
3187 321 4525277
3186 319 4525280
3186 325 4525283
3189 322 4525286
3187 322 4525289
3188 324 4525292
3188 320 4525295
3184 322 4525298
3188 323 4525301
3185 322 4525304
3187 321 4525307
3188 321 4525310
3188 322 4525313
3184 323 4525316
3150 323 4525319
3188 322 4525322
3189 324 4525325
3187 321 4525328
3185 322 4525331
3187 320 4525334
3186 318 4525337
3187 321 4525340
3187 322 4525343
3188 322 4525346
3187 322 4525349
3186 321 4525352
3187 323 4525355
3188 321 4525358
3153 1323 4525361
3187 321 4525364
3188 316 4525367
3181 321 4525370
3189 322 4525373
3186 321 4525376
3187 322 4525379
3189 323 4525382
3187 320 4525385
3186 324 4525388
3186 323 4525391
3187 321 4525394
3184 319 4525397
3187 320 4525400
3187 322 4525403
