3815 904 4014827
3815 901 4014830
3816 903 4014833
3818 904 4014836
3816 908 4014839
3812 901 4014842
3818 904 4014845
3819 905 4014848
3819 904 4014851
3815 904 4014854
3802 1077 4014857
3818 904 4014860
3816 898 4014863
3816 905 4014866
3816 904 4014869
3816 904 4014872
3815 902 4014875
3817 906 4014878
3818 905 4014881
3818 904 4014884
3816 903 4014887
3816 903 4014890
3815 902 4014893
3816 901 4014896
3815 917 4014899
4090 904 4014902
3819 905 4014905
3811 900 4014908
3816 905 4014911
3818 908 4014914
3817 903 4014917
3818 905 4014920
3817 902 4014923
3823 903 4014926
3816 902 4014929
3817 902 4014932
3818 907 4014935
3816 902 4014938
3812 902 4014941
3816 901 4014944
3818 902 4014947
3816 905 4014950
3817 901 4014953
3816 903 4014956
3816 903 4014959
3816 902 4014962
3818 901 4014965
3817 904 4014968
3817 904 4014971
3814 900 4014974
3817 905 4014977
3818 900 4014980
3819 902 4014983
3817 904 4014986
3809 913 4014989
3817 902 4014992
3813 903 4014995
3819 903 4014998
3815 903 4015002
3818 902 4015005
3819 904 4015008
3816 904 4015011
3819 899 4015014
3817 905 4015017
3815 906 4015020
3816 905 4015023
3820 900 4015026
3818 903 4015029
3815 901 4015032
3815 897 4015035
3817 901 4015038
3819 905 4015040
3817 902 4015043
3820 904 4015046
3817 901 4015049
3816 904 4015052
3818 902 4015055
3816 904 4015058
3818 901 4015061
3817 902 4015064
3817 902 4015067
3817 902 4015070
3816 903 4015073
3815 873 4015076
4095 904 4015079
3818 903 4015082
3814 902 4015085
3820 903 4015088
3815 902 4015091
3815 902 4015094
3818 902 4015097
3817 902 4015100
3816 900 4015103
3813 904 4015106
3817 904 4015109
3817 903 4015112
3818 905 4015115
3818 904 4015118
3817 898 4015121
3833 901 4015124
3817 896 4015127
3816 904 4015130
3818 903 4015133
3814 906 4015136
3817 905 4015139
3815 903 4015142
3820 906 4015145
3816 906 4015148
3815 905 4015151
3815 901 4015154
3816 904 4015157
3817 904 4015160
3818 902 4015163
3818 899 4015166
3765 906 4015169
3814 904 4015172
3819 904 4015175
3815 904 4015178
3816 906 4015181
3816 903 4015184
3815 901 4015187
3816 904 4015190
3815 903 4015193
3814 901 4015196
3818 903 4015199
3815 904 4015202
3814 902 4015205
3817 904 4015208
3816 900 4015211
3792 905 4015214
3817 904 4015217
3821 902 4015220
3814 902 4015223
3815 903 4015226
3818 901 4015229
3817 903 4015232
3818 904 4015235
3816 901 4015238
3816 907 4015241
3817 904 4015244
3817 901 4015247
3816 904 4015250
3811 904 4015253
3817 915 4015256
3844 903 4015259
3818 900 4015262
3817 907 4015265
3817 903 4015268
3814 900 4015271
3818 906 4015274
3818 906 4015277
3819 903 4015280
3818 904 4015283
3816 903 4015286
3815 902 4015289
3817 903 4015292
3816 902 4015295
3816 903 4015298
3819 882 4015301
3852 902 4015304
3816 899 4015307
3819 907 4015310
3818 905 4015313
3816 902 4015316
3817 902 4015319
3817 903 4015322
3815 900 4015325
3819 902 4015328
3816 903 4015331
3818 902 4015334
3818 902 4015337
3817 905 4015340
3817 903 4015343
3817 896 4015346
3841 903 4015349
3818 901 4015352
3813 902 4015355
3819 901 4015358
3816 900 4015361
3816 902 4015364
3817 901 4015367
3814 901 4015370
3817 905 4015373
3818 904 4015376
3816 904 4015379
3817 902 4015382
3818 903 4015385
3816 902 4015388
3817 705 4015391
3817 898 4015394
3817 904 4015397
3819 900 4015400
3816 904 4015403
3819 905 4015406
3817 902 4015409
3817 903 4015412
3816 905 4015415
3817 903 4015418
3819 902 4015421
3814 903 4015424
3816 902 4015427
3817 903 4015430
3819 902 4015433
3816 305 4015436
3817 903 4015439
3817 904 4015442
3817 902 4015445
3816 905 4015448
3820 900 4015451
3816 902 4015454
3815 901 4015457
3816 900 4015460
3816 903 4015463
3817 904 4015466
3813 902 4015469
3817 904 4015472
3817 904 4015475
3815 903 4015478
3815 903 4015481
3813 899 4015484
3816 903 4015487
3817 900 4015490
3816 901 4015493
3818 902 4015496
3816 903 4015499
3814 903 4015502
3815 904 4015505
3816 905 4015508
3816 905 4015511
3816 903 4015514
3817 901 4015517
3817 904 4015520
3815 902 4015523
3816 900 4015526
3819 897 4015529
3817 905 4015532
3817 903 4015535
3816 903 4015538
3820 905 4015541
3816 904 4015544
3816 905 4015547
3817 902 4015550
3816 902 4015553
3815 903 4015556
3817 903 4015559
3816 905 4015562
3819 905 4015565
3816 904 4015568
3816 902 4015571
3818 904 4015574
3816 905 4015577
3801 910 4015580
3811 907 4015583
3819 900 4015586
3817 908 4015589
3816 903 4015592
3817 905 4015595
3817 905 4015598
3809 901 4015601
3817 905 4015604
3817 905 4015607
3816 904 4015610
3816 902 4015613
3817 973 4015616
3807 905 4015619
3816 903 4015622
3799 905 4015625
3825 909 4015628
3812 900 4015631
3814 905 4015634
3817 905 4015637
3818 902 4015640
3817 904 4015643
3815 901 4015646
3817 904 4015649
3815 903 4015652
3817 902 4015655
3818 900 4015658
3817 892 4015661
3788 904 4015664
3814 899 4015667
3816 919 4015670
3814 892 4015673
3818 906 4015676
3823 904 4015679
3816 901 4015682
3818 904 4015685
3817 901 4015688
3816 903 4015691
3816 905 4015694
3818 902 4015697
3814 901 4015700
3818 905 4015703
3818 903 4015706
3813 903 4015709
3817 919 4015712
3808 889 4015715
3819 904 4015718
3823 902 4015721
3813 901 4015724
3819 907 4015727
3819 903 4015730
3817 900 4015733
3817 905 4015736
3816 903 4015739
3817 904 4015742
3816 904 4015745
3817 902 4015748
3823 929 4015751
3818 903 4015754
3817 919 4015757
3814 913 4015760
3820 895 4015763
3808 905 4015766
3822 905 4015769
3814 901 4015772
3817 906 4015775
3817 905 4015778
3820 903 4015781
3818 902 4015784
3817 902 4015787
3815 903 4015790
3817 902 4015793
3817 893 4015796
3813 903 4015799
3832 896 4015802
3805 901 4015805
3820 911 4015808
3817 899 4015811
3815 903 4015814
3817 903 4015817
3816 902 4015820
3818 904 4015823
3819 902 4015826
3819 905 4015829
3816 904 4015832
3818 902 4015835
3817 879 4015838
3795 905 4015841
3815 903 4015844
3810 915 4015847
3817 893 4015850
3813 907 4015853
3820 902 4015856
3815 903 4015859
3816 906 4015862
3814 902 4015865
3815 905 4015868
3818 904 4015871
3815 903 4015874
3818 904 4015877
3818 900 4015880
3861 944 4015883
3815 904 4015886
3816 878 4015889
3824 905 4015892
3825 903 4015895
3808 899 4015898
3819 905 4015901
3818 902 4015904
3814 906 4015907
3817 902 4015910
3817 900 4015913
3816 906 4015916
3817 905 4015919
3819 903 4015922
3817 902 4015925
3885 903 4015928
3815 903 4015931
3816 879 4015934
3821 904 4015937
3828 904 4015940
3812 901 4015943
3819 904 4015946
3818 903 4015949
3815 903 4015952
3815 902 4015955
3815 905 4015958
3817 906 4015961
3814 903 4015964
3817 904 4015967
3819 905 4015970
3847 939 4015973
3819 902 4015976
3816 880 4015979
3820 906 4015982
3825 898 4015985
3812 899 4015988
3820 907 4015991
3821 902 4015994
3815 902 4015997
3817 904 4016001
3816 904 4016004
3819 904 4016007
3815 901 4016010
3816 905 4016013
3816 902 4016016
3815 654 4016019
3818 904 4016022
3817 883 4016025
3812 907 4016028
3823 896 4016031
3810 904 4016033
3819 906 4016036
3816 901 4016039
3817 901 4016042
3820 901 4016045
3815 905 4016048
3817 903 4016051
3813 903 4016054
3818 904 4016057
3819 904 4016060
3807 928 4016063
3818 904 4016066
3815 898 4016069
3824 909 4016072
3811 896 4016075
3817 907 4016078
3819 902 4016081
3815 904 4016084
3818 906 4016087
3815 902 4016090
3818 905 4016093
3818 901 4016096
3816 905 4016099
3817 904 4016102
3816 900 4016105
3800 948 4016108
3817 903 4016111
3813 906 4016114
3829 900 4016117
3810 901 4016120
3818 906 4016123
3816 902 4016126
3815 905 4016129
3818 906 4016132
3819 902 4016135
3816 901 4016138
3815 903 4016141
3816 904 4016144
3816 902 4016147
3815 903 4016150
3803 920 4016153
3815 902 4016156
3816 916 4016159
3815 892 4016162
3812 909 4016165
3820 903 4016168
3815 902 4016171
3818 906 4016174
3818 901 4016177
3815 901 4016180
3817 904 4016183
3819 905 4016186
3817 901 4016189
3817 903 4016192
3817 904 4016195
3815 912 4016198
3816 902 4016201
3832 907 4016204
3801 897 4016207
3818 903 4016210
3819 901 4016213
3816 905 4016216
3818 905 4016219
3814 901 4016222
3816 904 4016225
3817 907 4016228
3816 904 4016231
3818 902 4016234
3816 902 4016237
3815 904 4016240
3815 901 4016243
3818 902 4016246
3832 893 4016249
3801 903 4016252
3808 905 4016255
3814 900 4016258
3816 904 4016261
3819 899 4016264
3817 902 4016267
3817 901 4016270
3819 902 4016273
3817 902 4016276
3818 902 4016279
3817 902 4016282
3817 903 4016285
3817 890 4016288
3818 903 4016291
3832 901 4016294
3798 915 4016297
3804 914 4016300
3811 905 4016303
3802 888 4016306
3780 828 4016309
3733 767 4016312
3692 712 4016315
3636 654 4016318
3577 592 4016321
3514 535 4016324
3444 469 4016327
3360 398 4016330
3248 316 4016333
3161 295 4016336
3159 296 4016339
3158 320 4016342
3198 339 4016345
3214 327 4016348
3201 326 4016351
3193 320 4016354
3185 317 4016357
3190 316 4016360
3190 322 4016363
3190 322 4016366
3192 319 4016369
3190 320 4016372
3188 324 4016375
3177 322 4016378
3187 320 4016381
3196 323 4016384
3176 312 4016387
3189 328 4016390
3190 318 4016393
3183 323 4016396
3190 321 4016399
3186 320 4016402
3186 321 4016405
3186 320 4016408
3187 320 4016411
3188 321 4016414
3187 321 4016417
3185 322 4016420
3165 350 4016423
3187 319 4016426
3182 340 4016429
3194 312 4016432
3182 326 4016435
3187 321 4016438
3184 318 4016441
3186 320 4016444
3188 321 4016447
3186 321 4016450
3186 321 4016453
3187 321 4016456
3188 321 4016459
3187 325 4016462
3187 321 4016465
3161 357 4016468
3187 322 4016471
3185 317 4016474
3198 327 4016477
3176 316 4016480
3188 326 4016483
3192 321 4016486
3185 322 4016489
3188 323 4016492
3186 325 4016495
3187 323 4016498
3187 322 4016501
3187 321 4016504
3185 321 4016507
3185 320 4016510
3191 322 4016513
3185 324 4016516
3182 291 4016519
3196 320 4016522
3188 329 4016525
3179 325 4016528
3184 330 4016531
3186 327 4016534
3180 332 4016537
3182 329 4016540
3180 326 4016543
3179 332 4016546
3182 333 4016549
3180 332 4016552
3180 332 4016555
3182 336 4016558
3174 334 4016561
3180 348 4016564
3171 321 4016567
3180 334 4016570
3186 330 4016573
3174 327 4016576
3180 336 4016579
3180 333 4016582
3179 331 4016585
3179 334 4016588
3180 331 4016591
3180 334 4016594
3180 333 4016597
3181 334 4016600
3182 316 4016603
3187 332 4016606
3178 331 4016609
3181 345 4016612
3186 323 4016615
3168 333 4016618
3184 336 4016621
3181 331 4016624
3182 331 4016627
3181 330 4016630
3180 328 4016633
3182 331 4016636
3180 331 4016639
3181 327 4016642
3180 333 4016645
3183 352 4016648
3182 330 4016651
3182 331 4016654
3161 317 4016657
3186 335 4016660
3185 326 4016663
3179 332 4016666
3184 331 4016669
3180 326 4016672
3180 330 4016675
3183 329 4016678
3185 327 4016681
3180 329 4016684
3181 330 4016687
3184 329 4016690
3181 328 4016693
3162 326 4016696
3182 327 4016699
3196 344 4016702
3174 316 4016705
3184 326 4016708
3186 329 4016711
3180 326 4016714
3181 330 4016717
3184 329 4016720
3183 327 4016723
3184 328 4016726
3184 330 4016729
3183 327 4016732
3182 327 4016735
3183 326 4016738
3248 279 4016741
3187 327 4016744
3186 302 4016747
3177 333 4016750
3190 325 4016753
3178 325 4016756
3185 332 4016759
3183 324 4016762
3183 326 4016765
3183 326 4016768
3184 327 4016771
3184 326 4016774
3182 326 4016777
3184 328 4016780
3182 327 4016783
3185 324 4016786
3166 325 4016789
3186 344 4016792
3182 317 4016795
3180 330 4016798
3194 323 4016801
3179 320 4016804
3184 325 4016807
3185 326 4016810
3184 327 4016813
3183 327 4016816
3185 326 4016819
3186 324 4016822
3184 325 4016825
3185 325 4016828
3183 317 4016831
3174 321 4016834
3185 322 4016837
3179 328 4016840
3196 316 4016843
3176 325 4016846
3186 325 4016849
3181 323 4016852
3185 326 4016855
3186 327 4016858
3184 326 4016861
3184 322 4016864
3186 326 4016867
3185 326 4016870
3187 321 4016873
3186 326 4016876
3189 330 4016879
3183 324 4016882
3199 309 4016885
3171 330 4016888
3185 330 4016891
3183 321 4016894
3185 323 4016897
3186 323 4016900
3186 324 4016903
3185 321 4016906
3189 327 4016909
3188 326 4016912
3186 323 4016915
3185 322 4016918
3187 324 4016921
3183 303 4016924
3184 325 4016927
3182 330 4016930
3190 335 4016933
3181 315 4016936
3185 325 4016939
3190 324 4016942
3185 322 4016945
3185 321 4016948
3184 323 4016951
3188 324 4016954
3186 322 4016957
3187 322 4016960
3183 321 4016963
3184 324 4016966
3185 324 4016969
3192 322 4016972
3187 331 4016975
3170 357 4016978
3182 326 4016981
3189 318 4016984
3182 320 4016987
3187 324 4016990
3184 319 4016993
3187 323 4016996
3187 323 4017000
3184 323 4017003
3186 319 4017006
3188 325 4017009
3186 322 4017012
3187 310 4017015
3156 323 4017018
3186 323 4017021
3185 334 4017024
3193 311 4017027
3179 326 4017030
3189 324 4017032
3187 321 4017035
3188 327 4017038
3187 323 4017041
3188 322 4017044
3189 324 4017047
3188 325 4017050
3189 320 4017053
3188 320 4017056
3185 264 4017059
3187 322 4017062
3186 320 4017065
3164 309 4017068
3190 328 4017071
3189 319 4017074
3182 321 4017077
3189 322 4017080
3187 323 4017083
3186 322 4017086
3185 318 4017089
3185 322 4017092
3187 326 4017095
3187 319 4017098
3186 324 4017101
3187 324 4017104
3170 323 4017107
3186 323 4017110
3199 339 4017113
3178 313 4017116
3191 319 4017119
3189 319 4017122
3182 322 4017125
3189 322 4017128
3183 320 4017131
3185 324 4017134
3188 324 4017137
3187 323 4017140
3186 320 4017143
3186 319 4017146
3186 323 4017149
3188 326 4017152
3187 319 4017155
3187 332 4017158
3182 330 4017161
3187 314 4017164
3184 326 4017167
3192 326 4017170
3183 320 4017173
3186 323 4017176
3187 321 4017179
3187 321 4017182
3185 319 4017185
3185 322 4017188
3185 323 4017191
3188 321 4017194
3185 325 4017197
3188 321 4017200
3187 310 4017203
3171 327 4017206
3188 332 4017209
3185 317 4017212
3186 324 4017215
3187 320 4017218
3185 320 4017221
3189 323 4017224
3188 321 4017227
3183 321 4017230
3187 322 4017233
3187 321 4017236
3186 321 4017239
3186 319 4017242
3166 323 4017245
3185 334 4017248
3185 304 4017251
3179 325 4017254
3203 324 4017257
3184 318 4017260
3183 325 4017263
3189 324 4017266
3185 321 4017269
3188 322 4017272
3185 320 4017275
3188 322 4017278
3186 322 4017281
3187 323 4017284
3185 304 4017287
3204 320 4017290
3186 318 4017293
3204 328 4017296
3175 317 4017299
3190 323 4017302
3187 323 4017305
3187 324 4017308
3189 321 4017311
3186 320 4017314
3181 321 4017317
3188 320 4017320
3188 322 4017323
3188 322 4017326
3185 322 4017329
3189 292 4017332
3265 322 4017335
3187 322 4017338
3189 336 4017341
3185 314 4017344
3189 323 4017347
3190 325 4017350
3184 319 4017353
3186 322 4017356
3187 326 4017359
3186 321 4017362
3188 321 4017365
3186 321 4017368
3186 322 4017371
3187 321 4017374
3187 390 4017377
3184 323 4017380
3184 322 4017383
3159 325 4017386
3186 325 4017389
3189 315 4017392
3183 325 4017395
3190 324 4017398
3188 318 4017401
3188 323 4017404
3187 322 4017407
3187 318 4017410
3184 322 4017413
3186 321 4017416
3185 321 4017419
3189 322 4017422
3191 324 4017425
3183 321 4017428
3181 305 4017431
3198 322 4017434
3194 324 4017437
3181 318 4017440
3187 320 4017443
3186 320 4017446
3186 321 4017449
3190 319 4017452
3187 323 4017455
3187 323 4017458
3185 319 4017461
3187 323 4017464
3190 322 4017467
3192 330 4017470
3187 323 4017473
3200 308 4017476
3172 339 4017479
3193 325 4017482
3185 314 4017485
3188 323 4017488
3190 323 4017491
3185 319 4017494
3187 324 4017497
3188 321 4017500
3187 320 4017503
3187 321 4017506
3187 320 4017509
3187 275 4017512
3188 322 4017515
3185 320 4017518
3178 302 4017521
3198 326 4017524
3193 317 4017527
3184 321 4017530
3188 321 4017533
3188 320 4017536
3188 321 4017539
3187 320 4017542
3188 322 4017545
3185 320 4017548
3185 322 4017551
3186 324 4017554
3186 312 4017557
3177 318 4017560
3183 321 4017563
3211 318 4017566
3191 327 4017569
3180 322 4017572
3187 324 4017575
3189 320 4017578
3184 320 4017581
3183 321 4017584
3189 323 4017587
3188 323 4017590
3184 318 4017593
3185 321 4017596
3192 322 4017599
3189 324 4017602
3200 320 4017605
3186 342 4017608
3200 306 4017611
3182 318 4017614
3188 327 4017617
3185 317 4017620
3185 325 4017623
3186 320 4017626
4080 2515 4003229
4082 2514 4003232
4080 2518 4003235
4082 2517 4003238
4080 2516 4003241
4080 2517 4003244
4082 2518 4003247
4081 2515 4003250
4080 2517 4003253
4082 2516 4003256
4081 2518 4003259
4078 2516 4003262
4080 2518 4003265
4081 2511 4003268
4095 2519 4003271
4079 2516 4003274
4078 2517 4003277
4083 2520 4003280
4079 2516 4003283
4082 2517 4003286
4081 2520 4003289
4083 2517 4003292
4080 2516 4003295
4083 2518 4003298
4083 2519 4003301
4080 2516 4003304
4080 2518 4003307
4082 2519 4003310
4095 2511 4003313
4083 2516 4003316
4079 2520 4003319
4085 2519 4003322
4081 2517 4003325
4078 2517 4003328
4081 2517 4003331
4081 2518 4003334
4083 2518 4003337
4080 2522 4003340
4083 2519 4003343
4083 2517 4003346
4081 2517 4003349
4080 2517 4003352
4082 2515 4003355
4077 2518 4003358
4081 2519 4003361
4083 2518 4003364
4081 2517 4003367
4081 2519 4003370
4081 2519 4003373
4084 2517 4003376
4084 2517 4003379
4081 2519 4003382
4081 2516 4003385
4081 2516 4003388
4080 2517 4003391
4077 2516 4003394
4081 2643 4003397
4082 2511 4003400
4080 2518 4003403
4085 2516 4003406
4080 2514 4003409
4082 2520 4003412
4081 2518 4003415
4081 2514 4003418
4082 2518 4003421
4081 2519 4003424
4079 2515 4003427
4080 2517 4003430
4082 2518 4003433
4083 2518 4003436
4084 2518 4003439
4095 2298 4003442
4085 2519 4003445
4083 2513 4003448
4080 2514 4003451
4083 2517 4003454
4081 2516 4003457
4080 2517 4003460
4081 2517 4003463
4084 2516 4003466
4082 2521 4003469
4082 2517 4003472
4082 2515 4003475
4083 2518 4003478
4079 2516 4003481
4082 2518 4003484
4095 2518 4003487
4085 2518 4003490
4077 2513 4003493
4084 2517 4003496
4083 2518 4003499
4078 2517 4003502
4083 2516 4003505
4083 2515 4003508
4081 2521 4003511
4080 2514 4003514
4080 2515 4003517
4082 2516 4003520
4082 2518 4003523
4079 2517 4003526
4086 2682 4003529
4083 2517 4003532
4082 2515 4003535
4079 2518 4003538
4082 2517 4003541
4080 2517 4003544
4079 2516 4003547
4081 2515 4003550
4080 2518 4003553
4082 2516 4003556
4079 2515 4003559
4081 2515 4003562
4083 2519 4003565
4084 2518 4003568
4082 2490 4003571
4095 2518 4003574
4080 2519 4003577
4079 2514 4003580
4081 2517 4003583
4079 2518 4003586
4080 2518 4003589
4077 2517 4003592
4081 2518 4003595
4083 2519 4003598
4084 2517 4003601
4082 2518 4003604
4083 2517 4003607
4080 2518 4003610
4081 2516 4003613
4089 2458 4003616
4079 2519 4003619
4083 2515 4003622
4081 2517 4003625
4082 2521 4003628
4083 2518 4003631
4083 2518 4003634
4082 2518 4003637
4089 2518 4003640
4082 2519 4003643
4079 2517 4003646
4081 2512 4003649
4081 2518 4003652
4081 2520 4003655
4080 2501 4003658
4095 2519 4003661
4084 2516 4003664
4078 2517 4003667
4081 2520 4003670
4083 2517 4003673
4080 2518 4003676
4079 2516 4003679
4081 2515 4003682
4080 2519 4003685
4081 2517 4003688
4078 2515 4003691
4081 2517 4003694
4083 2519 4003697
4081 2518 4003700
4067 2422 4003703
4078 2517 4003706
4081 2515 4003709
4081 2517 4003712
4083 2518 4003715
4080 2517 4003718
4081 2517 4003721
4080 2517 4003724
4082 2517 4003727
4084 2518 4003730
4082 2521 4003733
4082 2518 4003736
4082 2517 4003739
4082 2521 4003742
4082 2527 4003745
4095 2517 4003748
4082 2519 4003751
4080 2515 4003754
4080 2519 4003757
4083 2517 4003760
4083 2517 4003763
4083 2520 4003766
4082 2518 4003769
4083 2516 4003772
4081 2517 4003775
4080 2516 4003778
4083 2517 4003781
4082 2518 4003784
4081 2518 4003787
4078 2455 4003790
4082 2516 4003793
4084 2515 4003796
4079 2520 4003799
4083 2517 4003802
4081 2515 4003805
4079 2517 4003808
4081 2516 4003811
4081 2516 4003814
4080 2517 4003817
4081 2517 4003820
4080 2515 4003823
4081 2517 4003826
4084 2518 4003829
4083 2528 4003832
4095 2517 4003835
4081 2517 4003838
4077 2516 4003841
4081 2519 4003844
4081 2515 4003847
4080 2515 4003850
4083 2519 4003853
4079 2516 4003856
4083 2517 4003859
4083 2518 4003862
4083 2518 4003865
4082 2517 4003868
4082 2516 4003871
4081 2517 4003874
4086 2504 4003877
4083 2517 4003880
4081 2516 4003883
4083 2520 4003886
4081 2514 4003889
4080 2517 4003892
4083 2519 4003895
4083 2519 4003898
4081 2518 4003901
4082 2516 4003904
4082 2519 4003907
4081 2518 4003910
4080 2515 4003913
4081 2520 4003916
4082 2517 4003919
4085 2514 4003922
4083 2519 4003925
4086 2520 4003928
4080 2517 4003931
4081 2516 4003934
4082 2516 4003937
4081 2516 4003940
4079 2516 4003943
4083 2514 4003946
4080 2520 4003949
4083 2517 4003952
4081 2515 4003955
4081 2517 4003958
4084 2618 4003961
4095 2517 4003964
4081 2518 4003967
4080 2515 4003970
4079 2519 4003973
4083 2519 4003976
4081 2516 4003979
4081 2519 4003982
4083 2516 4003985
4074 2517 4003988
4080 2519 4003991
4083 2519 4003994
4081 2518 4003997
4080 2518 4004001
4082 2518 4004004
4082 2519 4004007
4082 2514 4004010
4079 2518 4004013
4085 2519 4004016
4080 2516 4004019
4083 2518 4004022
4082 2519 4004025
4080 2518 4004028
4079 2517 4004031
4079 2517 4004033
4078 2516 4004036
4078 2519 4004039
4081 2517 4004042
4081 2518 4004045
4068 2643 4004048
4082 2517 4004051
4081 2514 4004054
4081 2520 4004057
4081 2514 4004060
4078 2516 4004063
4083 2519 4004066
4081 2517 4004069
4081 2516 4004072
4082 2518 4004075
4079 2518 4004078
4080 2517 4004081
4081 2517 4004084
4082 2518 4004087
4079 2608 4004090
4080 2517 4004093
4081 2513 4004096
4077 2520 4004099
4082 2517 4004102
4080 2514 4004105
4082 2517 4004108
4082 2518 4004111
4080 2516 4004114
4082 2518 4004117
4082 2518 4004120
4080 2518 4004123
4082 2518 4004126
4082 2519 4004129
4081 2469 4004132
4079 2517 4004135
4082 2512 4004138
4083 2521 4004141
4083 2518 4004144
4080 2515 4004147
4082 2517 4004150
4082 2518 4004153
4080 2518 4004156
4082 2517 4004159
4083 2516 4004162
4081 2517 4004165
4081 2515 4004168
4081 2515 4004171
4080 2511 4004174
4084 2516 4004177
4080 2517 4004180
4084 2518 4004183
4082 2517 4004186
4083 2518 4004189
4081 2517 4004192
4083 2514 4004195
4081 2517 4004198
4079 2515 4004201
4078 2514 4004204
4082 2516 4004207
4083 2517 4004210
4080 2525 4004213
4044 2518 4004216
4085 2514 4004219
4081 2517 4004222
4083 2519 4004225
4082 2517 4004228
4081 2518 4004231
4082 2516 4004234
4082 2518 4004237
4084 2517 4004240
4082 2515 4004243
4078 2518 4004246
4081 2518 4004249
4081 2517 4004252
4095 2580 4004255
4083 2518 4004258
4082 2515 4004261
4081 2517 4004264
4082 2513 4004267
4078 2518 4004270
4082 2519 4004273
4082 2518 4004276
4080 2519 4004279
4083 2518 4004282
4082 2519 4004285
4080 2517 4004288
4079 2515 4004291
4082 2527 4004294
4090 2515 4004297
4079 2515 4004300
4079 2517 4004303
4082 2517 4004306
4085 2516 4004309
4079 2517 4004312
4080 2517 4004315
4082 2515 4004318
4080 2519 4004321
4080 2518 4004324
4081 2517 4004327
4082 2518 4004330
4079 2516 4004333
4095 2584 4004336
4082 2517 4004339
4083 2515 4004342
4077 2518 4004345
4082 2516 4004348
4080 2516 4004351
4080 2518 4004354
4080 2518 4004357
4081 2516 4004360
4078 2518 4004363
4079 2516 4004366
4082 2515 4004369
4081 2518 4004372
4082 2522 4004375
4095 2519 4004378
4080 2519 4004381
4080 2518 4004384
4081 2520 4004387
4082 2518 4004390
4081 2517 4004393
4079 2517 4004396
4078 2518 4004399
4081 2516 4004402
4082 2519 4004405
4082 2519 4004408
4079 2517 4004411
4079 2518 4004414
4085 2467 4004417
4082 2518 4004420
4083 2514 4004423
4082 2517 4004426
4081 2519 4004429
4078 2515 4004432
4080 2516 4004435
4079 2519 4004438
4081 2519 4004441
4081 2517 4004444
4081 2518 4004447
4081 2517 4004450
4080 2517 4004453
4081 2512 4004456
4073 2517 4004459
4080 2519 4004462
4079 2515 4004465
4082 2516 4004468
4079 2517 4004471
4081 2519 4004474
4080 2516 4004477
4079 2518 4004480
4082 2518 4004483
4082 2518 4004486
4080 2516 4004489
4081 2516 4004492
4082 2520 4004495
4095 2379 4004498
4080 2517 4004501
4082 2518 4004504
4079 2518 4004507
4081 2516 4004510
4081 2516 4004513
4080 2518 4004516
4083 2518 4004519
4082 2517 4004522
4081 2517 4004525
4080 2517 4004528
4082 2514 4004531
4081 2517 4004534
4082 2107 4004537
4082 2522 4004540
4081 2516 4004543
4084 2520 4004546
4081 2516 4004549
4079 2517 4004552
4082 2516 4004555
4081 2519 4004558
4083 2516 4004561
4082 2514 4004564
4082 2517 4004567
4083 2518 4004570
4084 2515 4004573
4080 2516 4004576
4081 2519 4004579
3943 2515 4004582
4081 2516 4004585
4078 2516 4004588
4081 2518 4004591
4083 2518 4004594
4081 2517 4004597
4081 2516 4004600
4084 2516 4004603
4081 2517 4004606
4079 2517 4004609
4082 2517 4004612
4084 2517 4004615
4081 2518 4004618
4081 2518 4004621
3946 2515 4004624
4081 2516 4004627
4078 2515 4004630
4082 2519 4004633
4083 2516 4004636
4079 2517 4004639
4080 2515 4004642
4079 2516 4004645
4082 2518 4004648
4082 2518 4004651
4081 2520 4004654
4083 2517 4004657
4083 2517 4004660
4081 2518 4004663
4080 2507 4004666
4082 2516 4004669
4084 2518 4004672
4077 2514 4004675
4082 2518 4004678
4082 2517 4004681
4082 2519 4004684
4081 2519 4004687
4082 2516 4004690
4081 2517 4004693
4081 2518 4004696
4079 2517 4004699
4082 2517 4004702
4081 2519 4004705
4036 2516 4004708
4081 2518 4004711
4082 2519 4004714
4079 2517 4004717
4082 2521 4004720
4082 2517 4004723
4080 2519 4004726
4079 2519 4004729
4081 2515 4004732
4081 2518 4004735
4080 2518 4004738
4079 2518 4004741
4081 2518 4004744
4081 2518 4004747
4080 2519 4004750
4074 2549 4004753
4081 2517 4004756
4080 2521 4004759
4082 2517 4004762
4077 2517 4004765
4081 2521 4004768
4080 2517 4004771
4077 2516 4004774
4082 2520 4004777
4081 2516 4004780
4082 2518 4004783
4082 2518 4004786
4080 2516 4004789
4080 2519 4004792
4081 2515 4004795
4089 2510 4004798
4082 2519 4004801
4084 2521 4004804
4078 2515 4004807
4081 2517 4004810
4082 2516 4004813
4082 2520 4004816
4082 2518 4004819
4083 2517 4004822
4083 2521 4004825
4080 2516 4004828
4083 2518 4004831
4082 2519 4004834
4082 2518 4004837
4079 2516 4004840
4081 2406 4004843
4079 2517 4004846
4080 2517 4004849
4084 2519 4004852
4084 2516 4004855
4080 2520 4004858
4081 2516 4004861
4080 2515 4004864
4083 2518 4004867
4081 2519 4004870
4078 2515 4004873
4079 2517 4004876
4080 2518 4004879
4082 2515 4004882
4081 2517 4004885
4082 2503 4004888
4022 2518 4004891
4083 2515 4004894
4082 2520 4004897
4081 2515 4004900
4083 2518 4004903
4080 2514 4004906
4081 2515 4004909
4083 2518 4004912
4084 2516 4004915
4082 2520 4004918
4083 2517 4004921
4082 2518 4004924
4082 2515 4004927
4081 2515 4004930
4082 2518 4004933
4095 2064 4004936
4086 2515 4004939
4083 2515 4004942
4085 2518 4004945
4082 2518 4004948
4081 2517 4004951
4082 2516 4004954
4081 2518 4004957
4082 2516 4004960
4081 2515 4004963
4082 2518 4004966
4085 2518 4004969
4082 2516 4004972
4080 2518 4004975
4082 2513 4004978
4083 2517 4004981
4087 2462 4004984
4083 2518 4004987
4078 2517 4004990
4083 2518 4004993
4078 2514 4004996
4081 2518 4005000
4083 2513 4005003
4080 2518 4005006
4081 2516 4005009
4080 2516 4005012
4079 2518 4005015
4081 2519 4005018
4082 2516 4005021
4080 2514 4005024
4083 2515 4005027
4083 2515 4005030
4036 2664 4005032
4080 2518 4005035
4077 2518 4005038
4084 2518 4005041
4082 2514 4005044
4080 2516 4005047
4080 2520 4005050
4079 2517 4005053
4082 2515 4005056
4080 2518 4005059
4081 2519 4005062
4084 2519 4005065
4081 2516 4005068
4080 2519 4005071
4082 2519 4005074
4081 2516 4005077
3575 2521 4005080
4082 2520 4005083
4082 2515 4005086
4077 2517 4005089
4081 2520 4005092
4083 2518 4005095
4082 2519 4005098
4080 2517 4005101
4080 2518 4005104
4081 2516 4005107
4081 2516 4005110
4081 2517 4005113
4082 2519 4005116
4082 2518 4005119
4077 2518 4005122
4080 2519 4005125
4082 2511 4005128
4057 2519 4005131
4080 2521 4005134
4084 2517 4005137
4082 2515 4005140
4080 2519 4005143
4082 2517 4005146
4082 2518 4005149
4083 2519 4005152
4078 2517 4005155
4081 2519 4005158
4081 2517 4005161
4080 2517 4005164
4081 2514 4005167
4083 2517 4005170
4080 2517 4005173
4081 2426 4005176
3599 2517 4005179
4082 2516 4005182
4076 2517 4005185
4081 2517 4005188
4080 2517 4005191
4081 2517 4005194
4081 2518 4005197
4082 2521 4005200
4084 2518 4005203
4083 2518 4005206
4082 2517 4005209
4081 2518 4005212
4081 2517 4005215
4082 2517 4005218
4095 1677 4009626
4095 1682 4009629
4095 1682 4009632
4095 1678 4009635
4095 1682 4009638
4095 1679 4009641
4095 1687 4009644
4095 1684 4009647
4095 1680 4009649
4095 1661 4009652
4095 1695 4009655
4095 1674 4009658
4095 1683 4009661
4095 1682 4009664
4095 1679 4009667
4095 1679 4009670
4095 1682 4009673
4095 1681 4009676
4095 1679 4009679
4095 1678 4009682
4095 1652 4009685
4095 1677 4009688
4095 1674 4009691
4095 1663 4009694
4095 1698 4009697
4095 1673 4009700
4095 1679 4009703
4095 1682 4009706
4095 1679 4009709
4095 1677 4009712
4095 1680 4009715
4095 1682 4009718
4095 1681 4009721
4095 1679 4009724
4095 1682 4009727
4095 1663 4009730
4095 1679 4009733
4095 1662 4009736
4095 1676 4009739
4095 1688 4009742
4095 1673 4009745
4095 1681 4009748
4095 1682 4009751
4095 1679 4009754
4095 1682 4009757
4095 1680 4009760
4095 1682 4009763
4095 1680 4009766
4095 1671 4009769
4095 1671 4009772
4095 1681 4009775
4095 1702 4009778
4095 1665 4009781
4095 1685 4009784
4095 1682 4009787
4095 1678 4009790
4095 1684 4009793
4095 1680 4009796
4095 1680 4009799
4095 1679 4009802
4095 1679 4009805
4095 1672 4009808
4095 1669 4009811
4095 1676 4009814
4095 1654 4009817
4095 1685 4009820
4095 1686 4009823
4095 1676 4009826
4095 1681 4009829
4095 1681 4009832
4095 1680 4009835
4095 1678 4009838
4095 1678 4009841
4095 1679 4009844
4095 1687 4009847
4095 1672 4009850
4095 1682 4009853
4095 1709 4009856
4095 1669 4009859
4095 1677 4009862
4095 1686 4009865
4095 1678 4009868
4095 1678 4009871
4095 1676 4009874
4095 1681 4009877
4095 1679 4009880
4095 1648 4009883
4054 1684 4009886
4095 1683 4009889
4095 1644 4009892
4095 1692 4009895
4095 1682 4009898
4095 1677 4009901
4095 1681 4009904
4095 1679 4009907
4095 1682 4009910
4095 1677 4009913
4095 1683 4009916
4095 1480 4009919
4095 1684 4009922
4095 1706 4009925
4095 1655 4009928
4095 1690 4009931
4095 1683 4009934
4095 1675 4009937
4095 1681 4009940
4095 1678 4009943
4095 1670 4009946
4095 1683 4009949
4095 1686 4009952
4095 1682 4009955
4095 1707 4009958
4095 1657 4009961
4095 1688 4009964
4095 1686 4009967
4095 1674 4009970
4095 1683 4009973
4095 1679 4009976
4095 1677 4009979
4095 1645 4009982
4095 1683 4009985
4095 1678 4009988
4095 1701 4009991
4095 1663 4009994
4095 1690 4009997
4095 1677 4010001
4095 1678 4010004
4095 1682 4010007
4095 1678 4010010
4095 1657 4010013
4092 1681 4010016
4095 1678 4010019
4095 1686 4010022
4095 1665 4010025
4095 1689 4010028
4095 1678 4010031
4095 1677 4010033
4095 1682 4010036
4095 1682 4010039
4095 1578 4010042
4095 1680 4010045
4095 1704 4010048
4095 1664 4010051
4095 1674 4010054
4095 1689 4010057
4095 1676 4010060
4095 1679 4010063
4095 1679 4010066
4095 1682 4010069
4095 1683 4010072
4095 1680 4010075
4095 1713 4010078
4095 1669 4010081
4095 1679 4010084
4095 1685 4010087
4095 1677 4010090
4095 1684 4010093
4095 1671 4010096
4095 1681 4010099
4095 1707 4010102
4095 1656 4010105
4095 1682 4010108
4095 1687 4010111
4095 1673 4010114
4095 1683 4010117
4095 1660 4010120
4090 1681 4010123
4095 1677 4010126
4095 1712 4010129
4095 1676 4010132
4095 1674 4010135
4095 1685 4010138
4095 1678 4010141
4095 1684 4010144
4095 1577 4010147
4095 1680 4010150
4095 1692 4010153
4095 1687 4010156
4095 1670 4010159
4095 1686 4010162
4095 1680 4010165
4095 1679 4010168
4095 1689 4010171
4095 1677 4010174
4095 1682 4010177
4095 1670 4010180
4095 1671 4010183
4095 1690 4010186
4095 1676 4010189
4095 1682 4010192
4095 1685 4010195
4095 1712 4010198
4095 1679 4010201
4095 1662 4010204
4095 1672 4010207
4095 1693 4010210
4095 1673 4010213
4095 1681 4010216
4095 1681 4010219
4095 1682 4010222
4095 1671 4010225
4095 1682 4010228
4095 1656 4010231
4095 1696 4010234
4095 1674 4010237
4095 1681 4010240
4095 1685 4010243
4095 1679 4010246
4095 1732 4010249
4095 1680 4010252
4095 1675 4010255
4095 1661 4010258
4095 1694 4010261
4095 1677 4010264
4095 1680 4010267
4095 1684 4010270
4095 1692 4010273
4095 1672 4010276
4095 1677 4010279
4095 1670 4010282
4095 1696 4010285
4095 1668 4010288
4095 1683 4010291
4095 1675 4010294
4095 1678 4010297
4095 1801 4010300
4095 1682 4010303
4095 1680 4010306
4095 1654 4010309
4095 1703 4010312
4095 1671 4010315
4095 1679 4010318
4095 1681 4010321
4095 1678 4010324
4095 1679 4010327
4095 1685 4010330
4095 1687 4010333
4095 1679 4010336
4095 1707 4010339
4095 1666 4010342
4095 1683 4010345
4095 1684 4010348
4095 1678 4010351
4095 1681 4010354
4095 1680 4010357
4095 1722 4010360
4095 1681 4010363
4095 1647 4010366
4095 1686 4010369
4095 1688 4010372
4095 1675 4010375
4095 1686 4010378
4095 1678 4010381
4095 1679 4010384
4095 1682 4010387
4095 1736 4010390
4095 1677 4010393
4095 1685 4010396
4095 1656 4010399
4095 1695 4010402
4095 1677 4010405
4095 1680 4010408
4095 1683 4010411
4095 1680 4010414
4095 1681 4010417
4095 1665 4010420
4095 1679 4010423
4095 1681 4010426
4095 1648 4010429
4095 1700 4010432
4095 1679 4010435
4095 1676 4010438
4095 1685 4010441
4095 1679 4010444
4095 1681 4010447
4095 1677 4010450
4095 1679 4010453
4095 1682 4010456
4095 1680 4010459
4095 1705 4010462
4095 1665 4010465
4095 1683 4010468
4095 1682 4010471
4095 1679 4010474
4095 1680 4010477
4095 1680 4010480
4095 1678 4010483
4095 1692 4010486
4095 1671 4010489
4095 1680 4010492
4095 1706 4010495
4095 1678 4010498
4095 1673 4010501
4095 1688 4010504
4095 1679 4010507
4095 1679 4010510
4095 1680 4010513
4095 1681 4010516
4095 1685 4010519
4095 1666 4010522
4095 1679 4010525
4095 1712 4010528
4095 1658 4010531
4095 1689 4010534
4095 1680 4010537
4095 1679 4010540
4095 1681 4010543
4095 1679 4010546
4095 1675 4010549
4095 1680 4010552
4095 1686 4010555
4095 1670 4010558
4095 1681 4010561
4095 1701 4010564
4095 1674 4010567
4095 1675 4010570
4095 1687 4010573
4095 1677 4010576
4095 1681 4010579
4095 1683 4010582
4095 1679 4010585
4095 1678 4010588
4095 1677 4010591
4095 1687 4010594
4095 1703 4010597
4095 1667 4010600
4095 1677 4010603
4095 1692 4010606
4095 1673 4010609
4095 1681 4010612
4095 1683 4010615
4095 1679 4010618
4095 1679 4010621
4095 1681 4010624
4095 1678 4010627
4095 1687 4010630
4095 1705 4010633
4095 1654 4010636
4095 1688 4010639
4095 1679 4010642
4095 1677 4010645
4095 1683 4010648
4095 1679 4010651
4095 1682 4010654
4095 1679 4010657
4095 1681 4010660
4095 1678 4010663
4095 1687 4010666
4095 1704 4010669
4095 1654 4010672
4095 1687 4010675
4095 1685 4010678
4095 1677 4010681
4095 1682 4010684
4095 1680 4010687
4095 1681 4010690
4095 1683 4010693
4095 1678 4010696
4095 1597 4010699
4095 1685 4010702
4095 1686 4010705
4095 1659 4010708
4095 1694 4010711
4095 1676 4010714
4095 1679 4010717
4095 1684 4010720
4095 1677 4010723
4095 1680 4010726
4095 1678 4010729
4095 1679 4010732
4095 1697 4010735
4095 1680 4010738
4095 1692 4010741
4095 1678 4010744
4095 1672 4010747
4095 1684 4010750
4095 1679 4010753
4095 1682 4010756
4095 1681 4010759
4095 1680 4010762
4095 1680 4010765
4095 1682 4010768
4095 1675 4010771
4095 1679 4010774
4095 1689 4010777
4095 1679 4010780
4095 1680 4010783
4095 1683 4010786
4095 1679 4010789
4095 1683 4010792
4095 1681 4010795
4095 1680 4010798
4095 1710 4010801
4095 1677 4010804
4095 1680 4010807
4095 1696 4010810
4095 1682 4010813
4095 1682 4010816
4095 1681 4010819
4095 1678 4010822
4095 1681 4010825
4095 1681 4010828
4095 1679 4010831
4095 1656 4010834
4095 1685 4010837
4095 1679 4010840
4095 1680 4010843
4095 1683 4010846
4095 1681 4010849
4095 1681 4010852
4095 1678 4010855
4095 1682 4010858
4095 1682 4010861
4095 1680 4010864
4095 1691 4010867
4095 1681 4010870
4095 1678 4010873
4095 1682 4010876
4095 1683 4010879
4095 1682 4010882
4095 1681 4010885
4095 1679 4010888
4095 1680 4010891
4095 1679 4010894
4095 1681 4010897
4095 1679 4010900
4095 1683 4010903
4095 1677 4010906
4095 1681 4010909
4095 1683 4010912
4095 1681 4010915
4095 1683 4010918
4095 1680 4010921
4095 1681 4010924
4095 1679 4010927
4095 1662 4010930
4095 1681 4010933
4095 1682 4010936
4095 1682 4010939
4095 1680 4010942
4095 1682 4010945
4095 1681 4010948
4095 1682 4010951
4095 1681 4010954
4095 1681 4010957
4095 1678 4010960
4095 1679 4010963
4095 1681 4010966
4095 1680 4010969
4095 1680 4010972
4095 1680 4010975
4095 1681 4010978
4095 1679 4010981
4095 1682 4010984
4095 1681 4010987
4095 1682 4010990
4020 1679 4010993
4095 1679 4010996
4095 1685 4011000
4095 1678 4011003
4095 1677 4011006
4095 1683 4011009
4095 1681 4011012
4095 1680 4011015
4095 1681 4011018
4095 1680 4011021
4095 1680 4011024
4095 1679 4011027
4095 1680 4011030
4095 1681 4011033
4095 1678 4011036
4095 1680 4011039
4095 1683 4011041
4095 1680 4011044
4095 1584 4011047
4095 1673 4011050
4095 1680 4011053
4095 1677 4011056
4095 1679 4011059
4095 1680 4011062
4095 1683 4011065
4095 1677 4011068
4095 1680 4011071
4095 1683 4011074
4095 1706 4011077
4095 1679 4011080
4095 1678 4011083
4095 1683 4011086
4095 1681 4011089
4095 1680 4011092
4095 1680 4011095
4095 1679 4011098
4095 1680 4011101
4095 1686 4011104
4095 1681 4011107
4095 1679 4011110
4095 1682 4011113
4095 1677 4011116
4095 1681 4011119
4095 1679 4011122
4095 1679 4011125
4095 1678 4011128
4095 1079 4011131
4095 1683 4011134
4095 1681 4011137
4095 1678 4011140
4095 1679 4011143
4095 1679 4011146
4095 1678 4011149
4095 1681 4011152
4095 1680 4011155
4095 1681 4011158
4095 1681 4011161
4095 1681 4011164
4095 1676 4011167
4095 1682 4011170
4095 1680 4011173
4095 1680 4011176
4095 1679 4011179
4095 1681 4011182
4095 1681 4011185
4095 1682 4011188
4095 1679 4011191
4095 1681 4011194
4095 1681 4011197
4095 1681 4011200
4095 1682 4011203
4095 1680 4011206
4095 1682 4011209
4095 1681 4011212
4095 1677 4011215
4095 1495 4011218
4095 1679 4011221
4095 1683 4011224
4095 1682 4011227
4095 1679 4011230
4095 1683 4011233
4095 1681 4011236
4095 1679 4011239
4095 1681 4011242
4095 1674 4011245
4095 1675 4011248
4095 1680 4011251
4095 1680 4011254
4095 1683 4011257
4095 1678 4011260
4095 1680 4011263
4095 1682 4011266
4095 1681 4011269
4095 1678 4011272
4095 1683 4011275
4095 1677 4011278
4095 1678 4011281
4095 1679 4011284
4095 1682 4011287
4095 1682 4011290
4095 1679 4011293
4095 1681 4011296
4095 1679 4011299
4095 1679 4011302
4079 1671 4011305
4095 1628 4011308
4095 1526 4011311
4078 1393 4011314
4038 1271 4011317
3990 1154 4011320
3936 1052 4011323
3882 957 4011326
3830 896 4011329
3804 883 4011332
3807 897 4011335
3801 913 4011338
3828 918 4011341
3822 909 4011344
3822 909 4011347
3820 905 4011350
3818 905 4011353
3820 905 4011356
3820 902 4011359
3820 905 4011362
3820 927 4011365
3543 906 4011368
3818 901 4011371
3821 908 4011374
3817 901 4011377
3819 900 4011380
3818 906 4011383
3818 903 4011386
3816 903 4011389
3819 903 4011392
3819 903 4011395
3822 1176 4011398
3818 902 4011401
3816 908 4011404
3817 902 4011407
3813 901 4011410
3818 903 4011413
3816 904 4011416
3819 904 4011419
3819 903 4011422
3817 902 4011425
3816 891 4011428
3513 904 4011431
3817 902 4011434
3818 904 4011437
3821 903 4011440
3815 901 4011443
3817 902 4011446
3817 904 4011449
3817 902 4011452
3818 904 4011455
3818 902 4011458
3714 903 4011461
3826 903 4011464
3819 903 4011467
3812 904 4011470
3817 903 4011473
3817 901 4011476
3816 904 4011479
3818 903 4011482
3818 902 4011485
3819 904 4011488
3815 903 4011491
3803 92 4011494
3818 905 4011497
3817 908 4011500
3817 903 4011503
3818 905 4011506
3817 903 4011509
3819 903 4011512
3816 904 4011515
3815 905 4011518
3815 904 4011521
3813 904 4011524
3814 541 4011527
3810 906 4011530
3812 909 4011533
3808 904 4011536
3809 906 4011539
3806 906 4011542
3808 906 4011545
3808 909 4011548
3808 908 4011551
3806 909 4011554
3806 908 4011557
3803 892 4011560
3806 909 4011563
3806 910 4011566
3801 906 4011569
3805 908 4011572
3804 909 4011575
3805 909 4011578
3804 911 4011581
3804 910 4011584
3805 910 4011587
3804 908 4011590
3813 863 4011593
3803 909 4011596
3805 911 4011599
3802 909 4011602
3806 910 4011605
3804 908 4011608
3805 908 4011611
3810 909 4011614
3805 909 4011617
3806 911 4011620
3805 906 4011623
3799 1026 4011626
3806 911 4011629
3808 914 4011632
3804 905 4011635
3804 909 4011638
3805 910 4011641
3806 905 4011644
3806 910 4011647
3808 910 4011650
3806 908 4011653
3806 906 4011656
3747 909 4011659
3809 908 4011662
3808 903 4011665
3807 906 4011668
3809 907 4011671
3807 907 4011674
3809 905 4011677
3805 908 4011680
3807 909 4011683
3809 907 4011686
3808 905 4011689
3807 931 4011692
4095 906 4011695
3811 906 4011698
3807 907 4011701
3810 908 4011704
3808 905 4011707
3811 905 4011710
3811 908 4011713
3810 907 4011716
3809 905 4011719
3809 905 4011722
3810 905 4011725
3811 880 4011728
3810 907 4011731
3809 902 4011734
3810 907 4011737
3811 904 4011740
3811 904 4011743
3813 907 4011746
3813 908 4011749
3811 906 4011752
3811 905 4011755
3811 906 4011758
4067 904 4011761
3807 904 4011764
3811 901 4011767
3813 908 4011770
3812 902 4011773
3812 905 4011776
3815 908 4011779
3812 906 4011782
3814 904 4011785
3812 904 4011788
3812 904 4011791
3812 722 4011794
3816 907 4011797
3811 905 4011800
3810 907 4011803
3814 903 4011806
3812 904 4011809
3812 907 4011812
3814 903 4011815
3813 906 4011818
3811 905 4011821
3813 905 4011824
3812 903 4011827
3813 894 4011830
3835 904 4011833
3813 903 4011836
3810 901 4011839
3814 907 4011842
3812 904 4011845
3814 906 4011848
3815 905 4011851
3811 904 4011854
3809 904 4011857
3814 905 4011860
3812 904 4011863
3813 902 4011866
3759 904 4011869
3812 904 4011872
3811 903 4011875
3815 907 4011878
3813 905 4011881
3815 906 4011884
3814 903 4011887
3813 906 4011890
3813 905 4011893
3815 907 4011896
3815 903 4011899
3815 903 4011902
3813 911 4011905
3815 906 4011908
3813 907 4011911
3818 906 4011914
3816 906 4011917
3810 904 4011920
3816 904 4011923
3815 906 4011926
3815 903 4011929
3813 903 4011932
3815 905 4011935
3813 906 4011938
3823 911 4011941
4041 904 4011944
3815 905 4011947
3814 903 4011950
3813 903 4011953
3816 903 4011956
3813 905 4011959
3818 905 4011962
3811 900 4011965
3815 906 4011968
3814 904 4011971
3814 902 4011974
3814 905 4011977
3813 966 4011980
3812 905 4011983
3816 902 4011986
3819 904 4011989
3811 903 4011992
3815 904 4011995
3814 901 4011998
3817 905 4012002
3816 905 4012005
3815 902 4012008
3814 905 4012011
3818 905 4012014
3816 903 4012017
3814 905 4012020
3731 903 4012023
3816 907 4012026
3818 905 4012029
3816 902 4012032
3815 908 4012035
3817 904 4012038
3816 902 4012041
3818 906 4012044
3815 903 4012047
3819 904 4012050
3816 906 4012053
3817 904 4012055
3817 904 4012058
3818 903 4012061
3786 906 4012064
3816 905 4012067
3815 903 4012070
3813 901 4012073
3815 906 4012076
3817 903 4012079
3816 905 4012082
3815 901 4012085
3815 902 4012088
3817 902 4012091
3814 902 4012094
3814 902 4012097
3817 905 4012100
3815 900 4012103
3818 795 4012106
2786 907 4012109
3818 903 4012112
3815 902 4012115
3816 902 4012118
3818 903 4012121
3816 902 4012124
3819 904 4012127
3819 902 4012130
3819 903 4012133
3816 902 4012136
3816 903 4012139
3818 904 4012142
3817 905 4012145
3816 904 4012148
3816 910 4012151
3803 901 4012154
3817 899 4012157
3816 904 4012160
3818 905 4012163
3817 902 4012166
3815 903 4012169
3818 901 4012172
3815 905 4012175
3817 905 4012178
3816 902 4012181
3817 902 4012184
3817 904 4012187
3817 903 4012190
3818 903 4012193
3815 902 4012196
3814 913 4012199
3816 900 4012202
3820 903 4012205
3815 902 4012208
3816 903 4012211
3816 905 4012214
3814 902 4012217
3816 902 4012220
3817 902 4012223
3818 905 4012226
3814 901 4012229
3815 902 4012232
3814 905 4012235
3815 903 4012238
3816 901 4012241
3818 888 4012244
3835 904 4012247
3816 901 4012250
3818 904 4012253
3816 900 4012256
3814 904 4012259
3815 901 4012262
3816 903 4012265
3809 902 4012268
3817 902 4012271
3817 904 4012274
3817 907 4012277
3817 905 4012280
3817 903 4012283
3816 902 4012286
3818 906 4012289
3819 879 4012292
3857 903 4012295
3818 907 4012298
3820 904 4012301
3818 900 4012304
3816 908 4012307
3817 904 4012310
3817 905 4012313
3817 902 4012316
3815 904 4012319
3817 906 4012322
3818 904 4012325
3814 904 4012328
3816 902 4012331
3815 901 4012334
3817 903 4012337
3816 468 4012340
3802 909 4012343
3817 905 4012346
3813 901 4012349
3817 907 4012352
3817 904 4012355
3816 904 4012358
3816 901 4012361
3818 904 4012364
3815 902 4012367
3816 902 4012370
3815 903 4012373
3816 906 4012376
3816 904 4012379
3816 900 4012382
3816 904 4012385
3817 905 4012388
3816 833 4012391
3815 902 4012394
3818 906 4012397
3817 904 4012400
3815 901 4012403
3818 905 4012406
3815 905 4012409
3818 903 4012412
3816 902 4012415
3818 905 4012418
3815 903 4012421
3818 903 4012424
3814 902 4012427
3818 904 4012430
3817 903 4012433
3819 902 4012436
3817 911 4012439
3795 904 4012442
3817 906 4012445
3819 902 4012448
3814 903 4012451
3817 903 4012454
3817 903 4012457
3814 904 4012460
3819 904 4012463
3816 902 4012466
3817 902 4012469
3816 905 4012472
3817 904 4012475
3817 902 4012478
3814 902 4012481
3815 903 4012484
3817 901 4012487
3809 903 4012490
3814 901 4012493
3821 903 4012496
3814 900 4012499
3817 903 4012502
3818 903 4012505
3818 904 4012508
3818 902 4012511
3816 901 4012514
3817 902 4012517
3815 903 4012520
3817 904 4012523
3816 903 4012526
3819 904 4012529
3816 901 4012532
3817 903 4012535
3852 1093 4012538
3817 905 4012541
3816 899 4012544
3818 905 4012547
3817 904 4012550
3814 903 4012553
3820 903 4012556
3818 902 4012559
3817 904 4012562
3817 903 4012565
3818 902 4012568
3817 906 4012571
3817 902 4012574
3820 903 4012577
3816 903 4012580
3818 905 4012583
3818 906 4012586
3815 904 4012589
3815 903 4012592
3817 901 4012595
3818 903 4012598
3817 902 4012601
3816 908 4012604
3817 902 4012607
3817 907 4012610
3817 902 4012613
3813 900 4012616
3817 903 4012619
3816 903 4012622
3815 902 4012625
3818 904 4012628
3815 902 4012631
4030 1005 4012634
3813 903 4012637
3815 901 4012640
3815 906 4012643
3817 903 4012646
3815 902 4012649
3814 904 4012652
3816 905 4012655
3814 903 4012658
3815 902 4012661
3814 903 4012664
3817 905 4012667
3818 902 4012670
3815 907 4012673
3818 906 4012676
3817 902 4012679
3815 890 4012682
3817 905 4012685
3820 902 4012688
3814 901 4012691
3817 903 4012694
3817 904 4012697
3818 903 4012700
3817 903 4012703
3816 905 4012706
3816 903 4012709
3819 904 4012712
3815 902 4012715
3815 904 4012718
3817 905 4012721
3813 902 4012724
4095 901 4012727
3816 904 4012730
3817 902 4012733
3817 902 4012736
3815 907 4012739
3819 905 4012742
3815 902 4012745
3815 904 4012748
3816 904 4012751
3817 904 4012754
3815 901 4012757
3817 904 4012760
3815 902 4012763
3817 901 4012766
3816 903 4012769
3816 904 4012772
3831 903 4012775
3817 904 4012778
3818 903 4012781
3814 903 4012784
3819 903 4012787
3814 899 4012790
3819 903 4012793
3816 901 4012796
3818 900 4012799
3817 904 4012802
3817 907 4012805
3819 904 4012808
3815 903 4012811
3819 904 4012814
3846 1069 4012817
3818 903 4012820
3813 899 4012823
3816 906 4012826
3819 903 4012829
3818 900 4012832
3818 906 4012835
3818 903 4012838
3818 903 4012841
3816 901 4012844
3818 903 4012847
3818 905 4012850
3818 902 4012853
3815 900 4012856
3818 851 4012859
3805 901 4012862
3818 902 4012865
3816 902 4012868
3818 905 4012871
3818 902 4012874
3816 903 4012877
3818 902 4012880
3817 902 4012883
3817 902 4012886
3814 901 4012889
3820 904 4012892
3815 901 4012895
3817 903 4012898
3815 904 4012901
3815 895 4012904
3817 904 4012907
3817 904 4012910
3819 902 4012913
3817 902 4012916
3818 901 4012919
3820 901 4012922
3818 903 4012925
3818 901 4012928
3820 896 4012931
3820 903 4012934
3815 901 4012937
3820 902 4012940
3818 901 4012943
3814 905 4012946
3818 902 4012949
3816 906 4012952
3817 904 4012955
3817 902 4012958
3817 901 4012961
3816 904 4012964
3816 905 4012967
3817 903 4012970
3817 905 4012973
3818 905 4012976
3817 904 4012979
3816 901 4012982
3815 859 4012985
3816 897 4012988
3817 903 4012991
3817 902 4012994
3817 904 4012997
3817 905 4013001
3817 903 4013004
3815 904 4013007
3815 904 4013010
3818 903 4013013
3816 901 4013016
3813 903 4013019
3819 902 4013022
3817 903 4013025
3818 907 4013028
3827 904 4013031
3818 905 4013034
3817 904 4013037
3813 903 4013040
3818 903 4013043
3817 901 4013046
3819 903 4013049
3814 908 4013052
3817 900 4013054
3814 904 4013057
3816 903 4013060
3816 902 4013063
3817 903 4013066
3816 892 4013069
3816 905 4013072
3818 908 4013075
3818 902 4013078
3814 902 4013081
3820 904 4013084
3819 903 4013087
3817 902 4013090
3817 904 4013093
3817 901 4013096
3817 904 4013099
3816 902 4013102
3817 902 4013105
3816 905 4013108
4029 902 4013111
3820 906 4013114
3815 900 4013117
3817 908 4013120
3818 905 4013123
3818 905 4013126
3813 901 4013129
3817 902 4013132
3815 903 4013135
3816 902 4013138
3816 906 4013141
3816 902 4013144
3817 905 4013147
3817 902 4013150
3821 902 4013153
3816 906 4013156
3823 905 4013159
3813 899 4013162
3816 904 4013165
3816 901 4013168
3815 902 4013171
3817 905 4013174
3817 903 4013177
3819 905 4013180
3818 901 4013183
3817 903 4013186
3817 904 4013189
3829 920 4013192
3818 901 4013195
3819 899 4013198
3815 901 4013201
3820 902 4013204
3818 903 4013207
3815 905 4013210
3819 904 4013213
3818 900 4013216
3816 904 4013219
3817 905 4013222
3821 903 4013225
3816 901 4013228
3818 790 4013231
4095 905 4013234
3819 904 4013237
3821 903 4013240
3815 904 4013243
3818 904 4013246
3813 900 4013249
3817 905 4013252
3818 905 4013255
3819 896 4013258
3815 902 4013261
3820 904 4013264
3816 903 4013267
3819 901 4013270
3816 908 4013273
3809 904 4013276
3818 904 4013279
3819 903 4013282
3817 904 4013285
3819 903 4013288
3819 903 4013291
3815 902 4013294
3820 904 4013297
3816 901 4013300
3817 902 4013303
3817 905 4013306
3819 903 4013309
3817 902 4013312
3813 821 4013315
3815 905 4013318
3816 900 4013321
3817 904 4013324
3816 902 4013327
3818 903 4013330
3817 903 4013333
3816 900 4013336
3816 906 4013339
3819 905 4013342
3815 902 4013345
3816 903 4013348
3815 905 4013351
3815 430 4013354
3818 909 4013357
3815 903 4013360
3820 906 4013363
3816 901 4013366
3815 905 4013369
3816 904 4013372
3818 902 4013375
3817 904 4013378
3815 904 4013381
3814 904 4013384
3818 904 4013387
3818 904 4013390
3813 903 4013393
3817 914 4013396
3781 902 4013399
3816 899 4013402
3814 905 4013405
3819 902 4013408
3817 903 4013411
3818 904 4013414
3819 904 4013417
3817 904 4013420
3818 904 4013423
3816 902 4013426
3817 903 4013429
3816 901 4013432
3815 902 4013435
3877 676 4013438
3817 904 4013441
3817 907 4013444
3813 900 4013447
3816 904 4013450
3818 902 4013453
3816 904 4013456
3813 902 4013459
3818 903 4013462
3814 902 4013465
3816 901 4013468
3818 902 4013471
3817 903 4013474
3817 905 4013477
3816 892 4013480
3816 901 4013483
3816 907 4013486
3821 902 4013489
3814 902 4013492
3816 905 4013495
3816 903 4013498
3817 903 4013501
3817 904 4013504
3816 904 4013507
3819 905 4013510
3817 903 4013513
3816 904 4013516
3818 794 4013519
3818 906 4013522
3815 903 4013525
3822 901 4013528
3814 901 4013531
3819 905 4013534
3818 901 4013537
3817 904 4013540
3817 906 4013543
3817 901 4013546
3816 902 4013549
3818 903 4013552
3817 902 4013555
3816 901 4013558
3816 925 4013561
3776 901 4013564
3819 902 4013567
3817 902 4013570
3818 906 4013573
3820 904 4013576
3817 900 4013579
3818 904 4013582
3817 903 4013585
3818 904 4013588
3816 901 4013591
3818 904 4013594
3811 903 4013597
3819 901 4013600
3817 917 4013603
3695 910 4013606
3819 904 4013609
3814 902 4013612
3818 905 4013615
3817 902 4013618
3817 903 4013621
3816 901 4013624
3817 902 4013627
3816 904 4013630
3817 901 4013633
3817 905 4013636
3817 904 4013639
3816 904 4013642
3818 921 4013645
3573 904 4013648
3818 904 4013651
3815 902 4013654
3814 902 4013657
3819 905 4013660
3817 903 4013663
3819 902 4013666
3816 905 4013669
3818 906 4013672
3817 903 4013675
3818 900 4013678
3816 906 4013681
3818 903 4013684
3817 903 4013687
3815 888 4013690
3816 906 4013693
3818 904 4013696
3818 900 4013699
3815 905 4013702
3817 905 4013705
3817 902 4013708
3816 904 4013711
3815 905 4013714
3817 903 4013717
3817 902 4013720
3814 902 4013723
3817 904 4013726
3817 899 4013729
4095 901 4013732
3819 908 4013735
3817 907 4013738
3817 902 4013741
3815 904 4013744
3818 904 4013747
3817 903 4013750
3819 903 4013753
3814 903 4013756
3818 904 4013759
3815 901 4013762
3816 903 4013765
3816 906 4013768
3817 904 4013771
3819 905 4013774
3816 895 4013777
3816 905 4013780
3820 906 4013783
3818 902 4013786
3813 905 4013789
3818 903 4013792
3817 901 4013795
3820 903 4013798
3818 904 4013801
3817 902 4013804
3814 905 4013807
3818 903 4013810
3815 904 4013813
3817 903 4013816
3817 1002 4013819
3930 901 4013822
3819 904 4013825
3816 897 4013828
3817 905 4013831
3819 905 4013834
3814 903 4013837
3817 901 4013840
3816 902 4013843
3818 904 4013846
3817 901 4013849
3816 904 4013852
3817 901 4013855
3817 902 4013858
3815 901 4013861
3819 983 4013864
3807 905 4013867
3819 906 4013870
3817 903 4013873
3817 904 4013876
3817 902 4013879
3816 902 4013882
3819 904 4013885
3816 902 4013888
3819 902 4013891
3816 903 4013894
3817 902 4013897
3818 904 4013900
3816 903 4013903
3817 903 4013906
3815 904 4013909
3816 900 4013912
3818 901 4013915
3823 905 4013918
3815 899 4013921
3818 901 4013924
3817 904 4013927
3818 902 4013930
3817 908 4013933
3817 903 4013936
3817 905 4013939
3817 903 4013942
3817 902 4013945
3817 902 4013948
3816 903 4013951
3818 901 4013954
3798 1260 4013957
3815 904 4013960
3818 898 4013963
3815 903 4013966
3816 904 4013969
3817 902 4013972
3816 903 4013975
3815 901 4013978
3815 906 4013981
3819 904 4013984
3815 901 4013987
3816 905 4013990
3816 903 4013993
3816 902 4013996
3818 904 4014000
3819 883 4014003
3808 904 4014006
3819 896 4014009
3816 905 4014012
3818 901 4014015
3815 903 4014018
3816 905 4014021
3819 901 4014024
3817 904 4014027
3818 904 4014030
3817 902 4014033
3817 904 4014036
3818 903 4014039
3817 901 4014042
3815 904 4014044
3816 904 4014047
3812 831 4014050
3818 902 4014053
3815 904 4014056
3819 904 4014059
3817 901 4014062
3816 904 4014065
3816 906 4014068
3817 903 4014071
3819 903 4014074
3817 904 4014077
3818 903 4014080
3820 901 4014083
3815 904 4014086
3816 905 4014089
3817 904 4014092
3817 859 4014095
3824 900 4014098
3816 904 4014101
3816 903 4014104
3819 902 4014107
3814 903 4014110
3819 904 4014113
3817 901 4014116
3815 905 4014119
3816 904 4014122
3815 902 4014125
3817 904 4014128
3815 904 4014131
3817 903 4014134
3816 902 4014137
3819 904 4014140
3778 1344 4014143
3817 901 4014146
3816 901 4014149
3815 904 4014152
3820 905 4014155
3815 902 4014158
3816 903 4014161
3816 904 4014164
3817 903 4014167
3818 903 4014170
3819 904 4014173
3817 904 4014176
3817 904 4014179
3816 903 4014182
3817 905 4014185
3816 460 4014188
3815 903 4014191
3818 906 4014194
3816 899 4014197
3815 906 4014200
3817 902 4014203
3815 906 4014206
3815 902 4014209
3817 903 4014212
3815 903 4014215
3817 899 4014218
3818 904 4014221
3815 903 4014224
3816 903 4014227
3814 901 4014230
3816 902 4014233
3992 943 4014236
3819 906 4014239
3817 899 4014242
3817 904 4014245
3818 904 4014248
3819 901 4014251
3817 903 4014254
3818 904 4014257
3816 895 4014260
3816 900 4014263
3818 900 4014266
3817 902 4014269
3816 905 4014272
3815 900 4014275
3816 902 4014278
3816 986 4014281
3550 904 4014284
3819 904 4014287
3814 903 4014290
3817 905 4014293
3818 899 4014296
3816 901 4014299
3816 903 4014302
3819 903 4014305
3816 902 4014308
3817 904 4014311
3817 904 4014314
3819 902 4014317
3818 905 4014320
3818 906 4014323
3817 902 4014326
3825 910 4014329
3817 903 4014332
3813 906 4014335
3821 906 4014338
3815 901 4014341
3819 905 4014344
3815 904 4014347
3818 901 4014350
3817 904 4014353
3818 903 4014356
3819 903 4014359
3816 900 4014362
3816 902 4014365
3816 904 4014368
3819 903 4014371
3777 899 4014374
3820 903 4014377
3817 902 4014380
3814 900 4014383
3816 906 4014386
3817 903 4014389
3817 902 4014392
3817 901 4014395
3814 903 4014398
3816 904 4014401
3816 901 4014404
3815 903 4014407
3818 906 4014410
3815 901 4014413
3816 903 4014416
3816 903 4014419
3838 904 4014422
3817 904 4014425
3816 902 4014428
3815 905 4014431
3817 906 4014434
3819 903 4014437
3816 904 4014440
3816 905 4014443
3816 902 4014446
3816 901 4014449
3817 905 4014452
3817 904 4014455
3818 903 4014458
3816 904 4014461
3816 917 4014464
3739 905 4014467
3818 898 4014470
3814 906 4014473
3818 904 4014476
3815 900 4014479
3820 904 4014482
3817 906 4014485
3816 903 4014488
3818 903 4014491
3815 904 4014494
3817 906 4014497
3818 902 4014500
3817 905 4014503
3816 903 4014506
3709 108 4014509
3818 902 4014512
3818 901 4014515
3814 904 4014518
3817 904 4014521
3816 901 4014524
3815 902 4014527
3817 902 4014530
3816 903 4014533
3818 905 4014536
3815 900 4014539
3817 903 4014542
3813 901 4014545
3817 901 4014548
3817 1014 4014551
3816 907 4014554
3817 904 4014557
3818 899 4014560
3815 904 4014563
3816 904 4014566
3820 904 4014569
3814 902 4014572
3818 904 4014575
3816 902 4014578
3816 901 4014581
3817 904 4014584
3817 894 4014587
3817 902 4014590
3817 902 4014593
3850 902 4014596
3822 902 4014599
3818 905 4014602
3814 901 4014605
3818 905 4014608
3816 900 4014611
3817 903 4014614
3817 905 4014617
3818 904 4014620
3818 906 4014623
3818 901 4014626
3817 901 4014629
3817 906 4014632
3819 904 4014635
3815 983 4014638
3819 897 4014641
3816 903 4014644
3817 899 4014647
3813 902 4014650
3817 902 4014653
3815 904 4014656
3817 900 4014659
3818 903 4014662
3816 903 4014665
3817 902 4014668
3816 903 4014671
3816 903 4014674
3816 903 4014677
3818 903 4014680
3912 904 4014683
3813 905 4014686
3816 902 4014689
3814 898 4014692
3818 907 4014695
3817 905 4014698
3815 903 4014701
3815 902 4014704
3817 904 4014707
3815 903 4014710
3817 904 4014713
3819 902 4014716
3816 903 4014719
3819 903 4014722
3816 850 4014725
3636 905 4014728
3817 905 4014731
3815 903 4014734
3814 902 4014737
3816 904 4014740
3816 902 4014743
3818 901 4014746
3817 904 4014749
3817 904 4014752
3819 904 4014755
3818 900 4014758
3819 904 4014761
3817 905 4014764
3817 905 4014767
3808 924 4014770
3816 905 4014773
3816 898 4014776
3817 902 4014779
3815 904 4014782
3816 905 4014785
3818 905 4014788
3816 902 4014791
3816 905 4014794
3816 904 4014797
3816 904 4014800
3815 900 4014803
3818 904 4014806
3815 903 4014809
3817 925 4014812
3821 904 4014815
3818 903 4014818
3815 903 4014821
3816 903 4014824
