2359 46 479744
2364 44 479747
2359 40 479750
2360 42 479753
2364 44 479756
2361 43 479759
2362 43 479762
2359 43 479765
2361 42 479768
2358 39 479771
2360 43 479774
2361 43 479777
2363 43 479780
2360 47 479783
2362 45 479786
2357 45 479789
2356 42 479792
2361 43 479795
2361 40 479798
2361 43 479801
2357 42 479804
2360 44 479807
2361 47 479810
2362 44 479813
2359 47 479816
2361 48 479819
2359 48 479822
2357 48 479825
2361 0 479828
2362 53 479831
2362 51 479834
2357 48 479837
2358 55 479840
2364 55 479843
2362 55 479846
2365 58 479849
2363 58 479852
2352 57 479855
2361 56 479858
2360 56 479861
2361 57 479864
2362 58 479867
2359 57 479870
2361 59 479873
2364 60 479876
2362 58 479879
2363 59 479882
2360 56 479885
2361 57 479888
2357 57 479891
2360 58 479894
2362 56 479897
2362 57 479900
2359 59 479903
2361 59 479906
2360 55 479909
2360 59 479912
2361 59 479915
2363 53 479918
2360 52 479921
2359 57 479924
2361 55 479927
2357 54 479930
2361 57 479933
2358 57 479936
2362 59 479939
2361 55 479942
2360 57 479945
2361 57 479948
2362 52 479951
2360 55 479954
2360 55 479957
2359 53 479960
2360 720 479963
2360 55 479966
2358 53 479969
2364 52 479972
2357 54 479975
2361 56 479978
2361 52 479981
2361 51 479984
2361 52 479987
2359 52 479990
2362 51 479993
2362 50 479996
2359 55 480000
2361 55 480003
2361 48 480006
2364 200 480009
2339 54 480012
2360 52 480015
2363 49 480018
2359 50 480021
2361 49 480024
2359 48 480027
2362 52 480030
2360 53 480033
2362 53 480035
2362 47 480038
2363 53 480041
2361 51 480044
2361 50 480047
2362 50 480050
2362 4 480053
2293 51 480056
2362 48 480059
2356 48 480062
2362 50 480065
2362 46 480068
2360 50 480071
2362 49 480074
2356 47 480077
2361 48 480080
2360 48 480083
2362 51 480086
2361 49 480089
2361 45 480092
2361 49 480095
2359 23 480098
2425 47 480101
2361 45 480104
2363 54 480107
2360 46 480110
2360 49 480113
2361 49 480116
2361 49 480119
2362 50 480122
2360 48 480125
2359 50 480128
2360 47 480131
2359 46 480134
2360 50 480137
2363 50 480140
2359 49 480143
2386 47 480146
2362 48 480149
2364 49 480152
2360 42 480155
2360 46 480158
2360 51 480161
2360 45 480164
2361 47 480167
2362 48 480170
2362 48 480173
2361 44 480176
2361 47 480179
2364 48 480182
2360 46 480185
2362 46 480188
2351 44 480191
2360 48 480194
2364 43 480197
2358 45 480200
2361 48 480203
2362 46 480206
2357 44 480209
2361 44 480212
2362 45 480215
2359 47 480218
2359 45 480221
2361 43 480224
2361 44 480227
2360 44 480230
2361 45 480233
2360 46 480236
2363 51 480239
2360 40 480242
2357 44 480245
2362 47 480248
2360 46 480251
2361 47 480254
2362 44 480257
2360 43 480260
2361 44 480263
2357 46 480266
2361 45 480269
2361 45 480272
2359 45 480275
2263 48 480278
2359 45 480281
2358 45 480284
2355 45 480287
2365 46 480290
2361 43 480293
2361 49 480296
2361 43 480299
2362 45 480302
2362 44 480305
2360 44 480308
2359 44 480311
2363 44 480314
2359 45 480317
2361 45 480320
2354 162 480323
2362 45 480326
2362 42 480329
2359 45 480332
2361 43 480335
2360 45 480338
2360 44 480341
2360 43 480344
2360 43 480347
2362 45 480350
2360 47 480353
2362 41 480356
2360 45 480359
2360 42 480362
2358 43 480365
2374 63 480368
2361 44 480371
2355 43 480374
2364 47 480377
2362 44 480380
2362 45 480383
2361 43 480386
2359 41 480389
2360 41 480392
2361 45 480395
2361 43 480398
2362 44 480401
2360 44 480404
2358 43 480407
2362 43 480410
2376 182 480413
2358 45 480416
2356 42 480419
2364 43 480422
2360 45 480425
2358 45 480428
2361 42 480431
2360 44 480434
2362 46 480437
2360 42 480440
2361 44 480443
2359 44 480446
2360 45 480449
2359 43 480452
2358 45 480455
2438 55 480458
2361 43 480461
2359 40 480464
2361 45 480467
2361 44 480470
2358 41 480473
2362 43 480476
2362 44 480479
2362 44 480482
2361 46 480485
2362 42 480488
2360 43 480491
1502 184 484899
1502 142 484902
1501 146 484905
1504 159 484908
1496 142 484911
1510 151 484914
1499 142 484917
1499 152 484919
1504 150 484922
1502 145 484925
1503 146 484928
1501 150 484931
1501 150 484934
1418 150 484937
1501 147 484940
1501 169 484943
1495 153 484946
1495 141 484949
1508 152 484952
1502 144 484955
1503 147 484958
1503 149 484961
1501 147 484964
1501 145 484967
1502 145 484970
1500 147 484973
1500 147 484976
1499 145 484979
1512 170 484982
1487 147 484985
1493 147 484988
1508 146 484991
1499 145 484994
1502 148 484997
1503 143 485001
1502 145 485004
1498 149 485007
1503 142 485010
1374 143 485013
1489 145 485016
1500 163 485019
1502 148 485022
1484 138 485025
1507 146 485028
1500 139 485031
1496 153 485033
1500 143 485036
1496 142 485039
1500 143 485042
1500 140 485045
1496 138 485048
1512 145 485051
1498 141 485054
1510 136 485057
1490 147 485060
1502 140 485063
1494 136 485066
1499 144 485069
1498 139 485072
1498 140 485075
1495 138 485078
1494 139 485081
1498 139 485084
1498 145 485087
1495 140 485090
1505 165 485093
1498 137 485096
1489 141 485099
1504 143 485102
1495 137 485105
1496 139 485108
1496 137 485111
1496 139 485114
1497 139 485117
1497 152 485120
1497 141 485123
1496 140 485126
1512 160 485129
1489 137 485132
1490 142 485135
1504 138 485138
1490 134 485141
1495 144 485144
1496 137 485147
1496 138 485150
1496 139 485153
1495 137 485156
1504 136 485159
1497 139 485162
1506 153 485165
1486 136 485168
1490 139 485171
1500 138 485174
1492 137 485177
1494 136 485180
1497 138 485183
1495 138 485186
1494 128 485189
1497 132 485192
1499 135 485195
1505 120 485198
1498 126 485201
1496 142 485204
1499 134 485207
1494 134 485210
1494 135 485213
1497 135 485216
1496 137 485219
1495 154 485222
1497 132 485225
1499 133 485228
1516 85 485231
1500 129 485234
1491 141 485237
1500 137 485240
1493 134 485243
1495 135 485246
1496 133 485249
1494 136 485252
1493 132 485255
1529 134 485258
1495 136 485261
1496 118 485264
1502 148 485267
1496 133 485270
1492 135 485273
1497 134 485276
1493 133 485279
1498 137 485282
1497 136 485285
1493 81 485288
1495 135 485291
1495 143 485294
1485 132 485297
1507 140 485300
1494 135 485303
1491 136 485306
1496 136 485309
1493 128 485312
1495 137 485315
1465 135 485318
1490 132 485321
1494 135 485324
1509 148 485327
1490 137 485330
1491 134 485333
1497 136 485336
1493 132 485339
1494 134 485342
1494 137 485345
1513 137 485348
1488 133 485351
1498 132 485354
1506 153 485357
1487 135 485360
1489 135 485363
1500 138 485366
1492 131 485369
1489 135 485372
1494 133 485375
1495 125 485378
1493 134 485381
1493 123 485384
1498 123 485387
1490 141 485390
1499 135 485393
1492 133 485396
1496 137 485399
1495 132 485402
1493 137 485405
1458 136 485408
1495 133 485411
1513 132 485414
1497 123 485417
1490 141 485420
1500 134 485423
1493 132 485426
1495 138 485429
1493 135 485432
1493 145 485435
1494 135 485438
1494 139 485441
1499 121 485444
1495 145 485447
1499 133 485450
1488 133 485453
1497 135 485456
1495 132 485459
1474 135 485462
1507 133 485465
1494 130 485468
1482 143 485471
1505 122 485474
1488 124 485477
1496 139 485480
1496 133 485483
1489 130 485486
1494 136 485489
1434 132 485492
1492 135 485495
1468 132 485498
1495 123 485501
1494 142 485504
1494 131 485507
1488 133 485510
1497 132 485513
1495 102 485516
1493 137 485519
1493 136 485522
1495 125 485525
1512 130 485528
1498 134 485531
1489 134 485534
1497 137 485537
1491 133 485540
1492 132 485543
1497 106 485546
1491 136 485549
1492 133 485552
1498 117 485555
1494 143 485558
1498 136 485561
1487 133 485564
1496 136 485567
1494 133 485570
1515 133 485573
1492 136 485576
1493 136 485579
1492 157 485582
1499 127 485585
1490 130 485588
1496 140 485591
1493 134 485594
1496 137 485597
1498 137 485600
903 133 485603
1493 130 485606
1509 153 485609
1487 130 485612
1489 138 485615
1497 133 485618
1491 131 485621
1494 135 485624
1494 131 485627
1493 169 485630
1493 132 485633
1494 117 485636
1497 126 485639
1484 139 485642
1500 133 485645
1489 131 485648
1494 134 485651
1494 132 485654
1494 130 485657
1322 136 485660
1494 135 485663
1515 125 485666
1498 124 485669
1490 142 485672
1498 131 485675
1491 135 485678
1489 135 485681
1492 131 485684
1519 133 485687
1497 132 485690
1494 134 485693
1486 149 485696
1498 131 485699
1485 127 485702
1496 135 485705
1495 131 485708
1496 134 485711
1495 134 485714
1468 132 485717
1489 138 485720
1494 142 485723
1513 129 485726
1498 126 485729
1495 137 485732
1496 129 485735
1493 133 485738
1495 133 485741
1495 133 485744
1516 133 485747
1487 137 485750
1494 135 485753
1508 134 485756
1490 127 485759
1488 139 485762
1501 130 485765
1490 131 485768
1491 133 485771
1492 130 485774
1494 130 485777
1523 129 485780
1493 133 485783
1492 119 485786
1493 145 485789
1500 130 485792
1490 133 485795
1495 133 485798
1492 131 485801
1493 133 485804
1493 131 485807
1497 144 485810
1493 133 485813
1492 116 485816
1503 147 485819
1498 127 485822
1488 136 485825
1497 135 485828
1492 130 485831
1494 135 485834
1494 133 485837
1494 132 485840
1504 130 485843
1495 129 485846
1476 142 485849
1508 130 485852
1488 126 485855
1496 140 485858
1494 130 485861
1492 131 485864
1495 134 485867
1492 132 485870
1492 155 485873
1493 131 485876
1496 132 485879
1481 122 485882
1502 139 485885
1497 130 485888
1491 136 485891
1499 131 485894
1493 130 485897
1493 133 485900
1497 125 485903
1493 125 485906
1497 130 485909
1502 155 485912
1472 122 485915
1486 136 485918
1501 138 485921
1491 133 485924
1491 135 485927
1494 133 485930
1494 134 485933
1492 130 485936
1505 129 485939
1491 132 485942
1500 126 485945
1481 140 485948
1502 131 485951
1491 131 485954
1489 132 485957
1495 131 485960
1494 132 485963
1493 133 485966
1491 131 485969
1494 129 485972
1493 135 485975
1488 153 485978
1500 133 485981
1490 132 485984
1498 138 485987
1493 131 485990
1492 136 485993
1497 134 485996
1493 134 486000
1437 133 486003
1486 134 486006
1494 154 486009
1488 138 486012
1487 129 486015
1501 138 486018
1493 123 486021
1491 136 486024
1490 133 486027
1493 131 486030
1492 136 486032
1494 135 486035
1492 134 486038
1495 132 486041
1475 137 486044
1504 138 486047
1489 133 486050
1493 133 486053
1495 131 486056
1492 134 486059
1495 134 486062
1491 171 486065
1495 136 486068
1494 134 486071
1495 152 486074
1504 128 486077
1488 130 486080
1498 139 486083
1493 127 486086
1492 132 486089
1495 133 486092
1495 138 486095
1492 134 486098
1502 133 486101
1493 132 486104
1503 128 486107
1481 142 486110
1502 134 486113
1491 129 486116
1495 134 486119
1493 131 486122
1491 134 486125
1490 133 486128
1491 130 486131
1496 134 486134
1495 133 486137
1480 120 486140
1507 145 486143
1495 128 486146
1490 135 486149
1495 133 486152
1492 130 486155
1494 138 486158
1495 135 486161
1522 133 486164
1486 136 486167
1493 137 486170
1519 140 486173
1489 130 486176
1489 139 486179
1496 133 486182
1490 132 486185
1492 131 486188
1494 132 486191
1496 132 486194
1491 150 486197
1492 137 486200
1495 113 486203
1487 148 486206
1497 131 486209
1491 129 486212
1498 135 486215
1492 131 486218
1492 133 486221
1495 132 486224
1495 131 486227
1490 129 486230
1494 135 486233
1497 122 486236
1489 144 486239
1500 131 486242
1488 129 486245
1496 139 486248
1493 131 486251
1492 131 486254
1494 134 486257
1495 191 486260
1490 133 486263
1495 137 486266
1483 130 486269
1502 144 486272
1492 128 486275
1492 134 486278
1497 133 486281
1491 131 486284
1493 131 486287
1403 132 486290
1507 132 486293
1492 133 486296
1482 145 486299
1505 130 486302
1487 128 486305
1493 135 486308
1492 129 486311
1492 133 486314
1492 132 486317
1493 134 486320
1464 134 486323
1495 134 486326
1471 123 486329
1498 120 486332
1500 142 486335
1495 135 486338
1490 131 486341
1497 133 486344
1493 132 486347
1492 138 486350
1493 122 486353
1492 132 486356
1494 147 486359
1511 133 486362
1490 127 486365
1495 141 486368
1494 134 486371
1494 135 486374
1496 136 486377
1491 161 486380
1492 127 486383
1493 129 486386
1497 140 486389
1511 127 486392
1488 123 486395
1494 140 486398
1499 134 486401
1491 134 486404
1494 133 486407
1495 179 486410
1492 129 486413
1495 129 486416
1496 147 486419
1492 131 486422
1490 127 486425
1497 136 486428
1494 133 486431
1493 135 486434
1496 133 486437
1492 132 486440
1424 136 486443
1495 132 486446
1464 124 486449
1490 121 486452
1493 142 486455
1503 127 486458
1488 130 486461
1497 134 486464
1495 133 486467
1494 134 486470
1511 131 486473
1495 132 486476
1495 121 486479
1497 141 486482
1494 127 486485
1490 134 486488
1496 133 486491
1492 128 486494
1492 134 486497
1507 133 486500
1489 136 486503
1492 136 486506
1510 96 486509
1495 129 486512
1489 136 486515
1496 132 486518
1491 131 486521
1496 133 486524
1490 131 486527
1493 146 486530
1493 132 486533
1494 142 486536
1490 119 486539
1500 139 486542
1494 127 486545
1489 132 486548
1492 137 486551
1492 131 486554
1496 161 486557
1493 131 486560
1492 132 486563
1495 134 486566
1511 138 486569
1493 128 486572
1492 135 486575
1496 131 486578
1489 134 486581
1495 135 486584
1496 134 486587
1401 135 486590
1491 132 486593
1464 121 486596
1495 124 486599
1497 143 486602
1491 129 486605
1493 128 486608
1496 134 486611
1491 131 486614
1494 132 486617
1489 127 486620
1494 135 486623
1491 116 486626
1495 143 486629
1494 130 486632
1489 132 486635
1496 136 486638
1493 129 486641
1492 134 486644
1651 131 486647
1500 131 486650
1493 132 486653
1474 144 486656
1507 129 486659
1494 128 486662
1495 136 486665
1495 131 486668
1491 136 486671
1495 132 486674
1489 133 486677
1496 129 486680
1493 133 486683
1483 151 486686
1505 135 486689
1492 127 486692
1495 137 486695
1495 133 486698
1483 136 486701
1495 134 486704
1492 132 486707
1499 133 486710
1496 136 486713
1477 135 486716
1506 124 486719
1497 133 486722
1490 135 486725
1493 132 486728
1494 132 486731
1494 136 486734
1494 133 486737
1463 130 486740
1491 133 486743
1498 128 486746
1480 137 486749
1502 137 486752
1493 131 486755
1492 135 486758
1496 134 486761
1493 134 486764
1495 100 486767
1494 130 486770
1496 133 486773
1495 153 486776
1495 128 486779
1488 129 486782
1500 134 486785
1496 132 486788
1490 132 486791
1496 134 486794
1494 134 486797
1491 143 486800
1491 135 486803
1493 137 486806
1483 123 486809
1502 138 486812
1489 129 486815
1489 136 486818
1497 134 486821
1490 132 486824
1495 134 486827
1497 134 486830
1505 130 486833
1493 134 486836
1480 143 486839
1506 127 486842
1493 129 486845
1494 138 486848
1495 130 486851
1494 133 486854
1494 132 486857
1493 84 486860
1492 127 486863
1492 131 486866
1492 145 486869
1504 131 486872
1494 126 486875
1493 139 486878
1496 129 486881
1493 135 486884
1496 134 486887
1486 129 486890
1542 133 486893
1497 134 486896
1493 133 486899
1502 136 486902
1497 129 486905
1488 134 486908
1499 133 486911
1492 132 486914
1495 134 486917
1496 132 486920
1490 134 486923
1496 145 486926
1493 129 486929
1494 125 486932
1503 144 486935
1484 124 486938
1491 132 486941
1497 134 486944
1491 130 486947
1493 132 486950
1494 133 486953
1492 132 486956
1697 136 486959
1497 131 486962
1455 131 486965
1494 125 486968
1495 139 486971
1495 132 486974
1490 131 486977
1494 134 486980
1494 133 486983
1491 135 486986
1492 130 486989
1430 138 486992
1493 135 486995
1496 142 486998
1483 127 487002
1500 134 487005
1493 132 487008
1496 136 487011
1501 136 487014
1492 125 487017
1491 131 487020
1494 128 487023
1637 132 487026
1486 131 487029
1487 140 487032
1484 124 487035
1501 143 487038
1493 132 487040
1492 133 487043
1495 133 487046
1493 134 487049
1494 132 487052
1499 131 487055
1493 141 487058
1483 132 487061
1495 136 487064
1513 114 487067
1495 129 487070
1492 135 487073
1496 134 487076
1491 131 487079
1492 133 487082
1495 133 487085
1490 135 487088
1492 133 487091
1507 130 487094
1495 135 487097
1494 148 487100
1495 132 487103
1486 131 487106
1497 138 487109
1495 131 487112
1493 136 487115
1494 130 487118
1491 129 487121
1494 132 487124
1497 141 487127
1494 133 487130
1493 135 487133
1510 137 487136
1489 126 487139
1492 136 487142
1494 132 487145
1490 133 487148
1494 134 487151
1491 131 487154
1493 134 487157
1495 342 487160
1492 136 487163
1498 135 487166
1516 101 487169
1498 124 487172
1487 138 487175
1494 134 487178
1492 135 487181
1494 135 487184
1492 130 487187
1492 131 487190
1495 133 487193
1491 132 487196
1494 95 487199
1496 132 487202
1493 127 487205
1477 141 487208
1501 131 487211
1489 125 487214
1494 134 487217
1492 131 487220
1493 134 487223
1496 133 487226
1494 135 487229
1493 133 487232
1492 132 487235
1493 143 487238
1491 132 487241
1509 150 487244
1487 131 487247
1488 137 487250
1495 134 487253
1492 126 487256
1494 133 487259
1495 136 487262
1492 133 487265
1495 131 487268
1494 133 487271
1492 132 487274
1497 136 487277
1494 133 487280
1491 122 487283
1501 142 487286
1489 124 487289
1491 136 487292
1500 136 487295
1495 134 487298
1494 132 487301
1495 132 487304
1492 133 487307
1494 131 487310
1490 134 487313
1494 240 487316
1494 128 487319
1495 130 487322
1499 121 487325
1490 143 487328
1499 130 487331
1488 130 487334
1496 136 487337
1492 129 487340
1492 133 487343
1492 131 487346
1493 131 487349
1494 130 487352
1489 134 487355
1495 126 487358
1494 143 487361
1490 133 487364
1466 125 487367
1494 124 487370
1493 139 487373
1494 128 487376
1489 135 487379
1498 136 487382
1491 131 487385
1495 135 487388
1496 133 487391
1492 133 487394
1493 134 487397
1494 133 487400
1486 125 487403
1495 133 487406
1498 135 487409
1510 141 487412
1491 127 487415
1488 134 487418
1499 135 487421
1493 134 487424
1494 135 487427
1494 133 487430
1492 132 487433
1494 131 487436
1494 131 487439
1491 133 487442
1491 134 487445
1492 174 487448
1498 131 487451
1496 134 487454
1486 149 487457
1505 135 487460
1487 127 487463
1495 134 487466
1494 132 487469
1490 131 487472
1495 134 487475
1495 133 487478
1495 132 487481
1491 132 487484
1492 136 487487
1494 131 487490
1493 131 487493
1494 132 487496
1490 131 487499
1492 112 487502
1499 147 487505
1496 127 487508
1489 131 487511
1497 136 487514
1490 132 487517
1492 135 487520
1494 131 487523
1494 135 487526
1491 133 487529
1493 131 487532
1494 131 487535
1491 132 487538
1492 130 487541
1433 0 487544
1494 136 487547
1491 144 487550
1507 130 487553
1487 125 487556
1494 141 487559
1496 132 487562
1492 131 487565
1496 132 487568
1493 134 487571
1494 138 487574
1493 131 487577
1493 124 487580
1492 133 487583
1492 132 487586
1497 134 487589
1464 123 487592
1492 136 487595
1493 141 487598
1509 133 487601
1483 124 487604
1491 136 487607
1496 131 487610
1491 134 487613
1492 133 487616
1492 131 487619
1494 133 487622
1496 134 487625
1493 133 487628
1495 127 487631
1494 132 487634
1493 132 487637
1492 128 487640
1481 133 487643
1495 155 487646
1503 127 487649
1485 127 487652
1500 138 487655
1492 129 487658
1491 133 487661
1496 130 487664
1488 134 487667
1496 131 487670
1494 131 487673
1494 137 487676
1490 133 487679
1488 130 487682
1494 132 487685
1498 134 487688
1509 128 487691
1494 130 487694
1513 133 487697
1494 122 487700
1490 136 487703
1498 134 487706
1492 134 487709
1496 134 487712
1491 131 487715
1493 134 487718
1494 127 487721
1492 132 487724
1494 133 487727
1493 133 487730
1494 132 487733
1493 131 487736
1492 122 487739
1485 133 487742
1495 152 487745
1493 136 487748
1490 126 487751
1499 137 487754
1491 130 487757
1490 134 487760
1500 134 487763
1493 133 487766
1490 128 487769
1493 133 487772
1495 136 487775
1495 131 487778
1491 129 487781
1493 132 487784
1493 131 487787
1495 145 487790
1491 133 487793
1494 117 487796
1488 146 487799
1498 128 487802
1487 132 487805
1496 136 487808
1493 131 487811
1491 133 487814
1495 134 487817
1492 131 487820
1494 134 487823
1491 134 487826
1495 131 487829
1493 131 487832
1492 134 487835
1477 91 487838
1495 133 487841
1494 151 487844
1504 128 487847
1487 129 487850
1496 138 487853
1493 132 487856
1490 136 487859
1496 132 487862
1493 133 487865
1490 133 487868
1493 135 487871
1494 133 487874
1494 134 487877
1492 136 487880
1493 131 487883
1521 464 487886
1494 135 487889
1488 138 487892
1511 112 487895
1491 123 487898
1492 133 487901
1497 132 487904
1492 132 487907
1496 135 487910
1492 133 487913
1491 133 487916
1495 130 487919
1490 134 487922
1493 135 487925
1493 132 487928
1493 134 487931
1487 158 487934
1490 131 487937
1496 119 487940
1495 125 487943
1493 141 487946
1496 129 487949
1490 131 487952
1495 136 487955
1493 131 487958
1492 130 487961
1492 134 487964
1493 131 487967
1493 130 487970
1493 133 487973
1493 136 487976
1488 123 487979
1538 128 487982
1492 153 487985
1511 121 487988
1493 126 487991
1500 138 487994
1492 132 487997
1492 134 488001
1496 132 488004
1492 133 488007
1493 135 488010
1496 132 488013
1494 130 488016
1491 135 488019
1495 131 488022
1495 123 488025
1492 136 488028
1498 136 488030
1488 158 488033
1509 127 488036
1481 130 488039
1496 138 488042
1493 129 488045
1491 132 488048
1495 132 488051
1494 133 488054
1495 132 488057
1495 132 488060
1493 132 488063
1494 133 488066
1493 137 488069
1520 125 488072
1496 156 488075
1487 103 488078
1482 140 488081
1501 136 488084
1488 129 488087
1495 136 488090
1493 134 488093
1492 132 488096
1493 133 488099
1492 139 488102
1492 132 488105
1494 132 488108
1496 133 488111
1502 145 488114
1489 134 488117
1506 110 488120
1469 132 488123
1507 142 488126
1491 125 488129
1493 135 488132
1497 134 488135
1492 133 488138
1494 136 488141
1494 132 488144
1493 134 488147
1495 135 488150
1495 132 488153
1481 169 488156
1485 129 488159
1504 170 488162
1496 113 488165
1482 136 488168
1499 136 488171
1491 126 488174
1494 135 488177
1494 136 488180
1494 133 488183
1494 133 488186
1495 135 488189
1493 133 488192
1494 376 488195
1495 117 488198
1498 132 488201
1490 102 488204
1476 136 488207
1506 140 488210
1490 128 488213
1489 133 488216
1497 131 488219
1490 136 488222
1492 134 488225
1499 132 488228
1493 133 488231
1494 134 488234
1491 137 488237
1493 133 488240
1492 153 488243
1487 105 488246
1483 143 488249
1504 135 488252
1489 127 488255
1494 134 488258
1494 129 488261
1495 135 488264
1496 135 488267
1493 131 488270
1494 133 488273
1495 108 488276
1493 127 488279
1505 132 488282
1468 104 488285
1494 146 488288
1504 130 488291
1486 129 488294
1497 138 488297
1495 132 488300
1491 132 488303
1494 135 488306
1495 133 488309
1494 134 488312
1493 135 488315
1488 175 488318
1487 133 488321
1499 169 488324
1507 120 488327
1481 130 488330
1501 137 488333
1490 127 488336
1493 135 488339
1496 132 488342
1491 131 488345
1492 133 488348
1495 131 488351
1494 133 488354
1470 113 488357
1499 132 488360
1494 99 488363
1502 156 488366
1504 124 488369
1484 133 488372
1499 135 488375
1494 131 488378
1493 134 488381
1495 133 488384
1493 131 488387
1494 132 488390
1493 131 488393
1492 127 488396
1489 142 488399
1487 105 488402
1465 135 488405
1514 142 488408
1491 128 488411
1491 138 488414
1496 132 488417
1492 134 488420
1491 132 488423
1493 132 488426
1493 134 488429
1494 134 488432
1490 138 488435
1490 133 488438
1495 162 488441
1492 109 488444
1481 142 488447
1504 133 488450
1487 127 488453
1493 134 488456
1495 130 488459
1493 131 488462
1493 134 488465
1493 133 488468
1494 134 488471
1495 113 488474
1501 136 488477
1490 139 488480
1482 156 488483
1512 130 488486
1479 126 488489
1495 135 488492
1496 130 488495
1491 132 488498
1490 132 488501
1494 134 488504
1495 134 488507
1492 134 488510
1495 133 488513
1463 133 488516
1479 138 488519
1494 134 488522
1467 111 488525
1493 147 488528
1499 129 488531
1485 131 488534
1495 136 488537
1494 124 488540
1494 137 488543
1495 133 488546
1494 131 488549
1494 133 488552
1492 135 488555
1457 115 488558
1498 133 488561
1493 97 488564
1493 155 488567
1506 127 488570
1484 128 488573
1493 137 488576
1494 132 488579
1494 132 488582
1494 133 488585
1492 133 488588
1494 132 488591
1493 133 488594
1491 132 488597
1513 90 488600
1488 143 488603
1491 95 488606
1472 148 488609
1510 138 488612
1490 124 488615
1494 136 488618
1493 128 488621
1490 132 488624
1494 133 488627
1494 134 488630
1492 133 488633
1494 132 488636
1494 133 488639
1495 108 488642
1526 129 488645
1488 139 488648
1530 149 488651
1479 118 488654
1489 142 488657
1498 132 488660
1490 132 488663
1494 134 488666
1493 133 488669
1496 132 488672
1496 136 488675
1492 136 488678
1494 131 488681
1501 130 488684
1474 200 488687
1489 131 488690
1497 171 488693
1514 127 488696
1478 129 488699
1501 140 488702
1495 132 488705
1490 138 488708
1494 133 488711
1494 131 488714
1495 133 488717
1494 130 488720
1494 132 488723
1495 131 488726
1495 136 488729
1502 133 488732
1493 134 488735
1493 102 488738
1475 140 488741
1506 137 488744
1488 128 488747
1492 135 488750
1495 130 488753
1491 131 488756
1493 133 488759
1494 135 488762
1489 131 488765
1493 134 488768
1491 134 488771
1493 135 488774
1499 148 488777
1489 130 488780
1493 103 488783
1475 141 488786
1506 136 488789
1491 130 488792
1495 137 488795
1493 130 488798
1493 133 488801
1496 133 488804
1493 134 488807
1491 133 488810
1494 131 488813
1491 133 488816
1490 133 488819
1492 119 488822
1507 140 488825
1492 138 488828
1522 145 488831
1486 120 488834
1491 138 488837
1497 136 488840
1492 133 488843
1496 134 488846
1492 132 488849
1492 131 488852
1494 131 488855
1494 136 488858
1494 135 488861
1493 132 488864
1494 138 488867
1366 137 488870
1496 134 488873
1510 161 488876
1498 122 488879
1480 134 488882
1497 135 488885
1493 131 488888
1495 138 488891
1494 134 488894
1491 136 488897
1493 135 488900
1493 133 488903
1494 133 488906
1492 134 488909
1493 131 488912
1494 142 488915
1493 134 488918
1494 103 488921
1463 141 488924
1511 141 488927
1484 125 488930
1491 137 488933
1498 132 488936
1490 133 488939
1494 134 488942
1493 133 488945
1493 133 488948
1494 133 488951
1494 134 488954
1493 134 488957
1494 134 488960
1527 0 488963
1490 140 488966
1492 136 488969
1523 148 488972
1485 122 488975
1492 136 488978
1499 132 488981
1489 132 488984
1493 137 488987
1496 133 488990
1497 132 488993
1491 133 488996
1493 131 489000
1495 131 489003
1493 133 489006
1496 133 489009
1462 34 489012
1490 136 489015
1492 150 489018
1522 146 489021
1483 120 489024
1493 139 489027
1500 130 489030
1486 137 489032
1494 132 489035
1493 130 489038
1494 133 489041
1495 131 489044
1494 133 489047
1493 135 489050
1493 133 489053
1493 131 489056
1587 0 489059
1489 140 489062
1492 131 489065
1523 150 489068
1487 118 489071
1488 137 489074
1498 129 489077
1491 131 489080
1496 136 489083
1495 133 489086
1494 130 489089
1495 132 489092
1497 132 489095
1495 134 489098
1494 135 489101
1493 131 489104
1498 137 489107
1475 144 489110
1492 93 489113
1493 157 489116
1505 129 489119
1483 137 489122
1497 138 489125
1495 130 489128
1494 134 489131
1495 133 489134
1496 131 489137
1493 135 489140
1492 132 489143
1492 133 489146
1495 133 489149
1497 135 489152
1492 144 489155
1480 136 489158
1493 91 489161
1476 156 489164
1507 135 489167
1486 124 489170
1494 137 489173
1494 132 489176
1491 133 489179
1494 136 489182
1494 135 489185
1491 132 489188
1494 134 489191
1494 132 489194
1493 133 489197
1494 135 489200
1494 135 489203
1477 141 489206
1491 91 489209
1485 154 489212
1506 130 489215
1487 128 489218
1497 136 489221
1495 132 489224
1492 133 489227
1495 135 489230
1495 134 489233
1493 130 489236
1493 133 489239
1494 132 489242
1493 132 489245
1495 134 489248
1540 0 489251
1489 140 489254
1491 124 489257
1522 149 489260
1486 124 489263
1489 138 489266
1499 132 489269
1491 135 489272
1493 136 489275
1493 132 489278
1493 134 489281
1491 137 489284
1492 132 489287
1494 132 489290
1496 134 489293
1494 134 489296
1487 166 489299
1485 132 489302
1507 115 489305
1468 131 489308
1502 141 489311
1494 127 489314
1491 137 489317
1494 131 489320
1491 130 489323
1495 132 489326
1495 134 489329
1497 131 489332
1494 134 489335
1496 136 489338
1493 133 489341
1493 95 489344
1547 129 489347
1492 146 489350
1532 134 489353
1475 121 489356
1494 143 489359
1499 133 489362
1490 139 489365
1495 134 489368
1492 131 489371
1494 134 489374
1493 133 489377
1495 135 489380
1494 134 489383
1492 136 489386
1492 131 489389
1474 182 489392
1488 132 489395
1513 169 489398
1487 112 489401
1486 140 489404
1501 138 489407
1491 132 489410
1494 137 489413
1495 132 489416
1491 133 489419
1494 134 489422
1494 134 489425
1494 133 489428
1494 133 489431
1493 131 489434
1493 140 489437
1478 134 489440
1494 109 489443
1461 133 489446
1510 144 489449
1492 123 489452
1490 137 489455
1497 132 489458
1492 134 489461
1494 139 489464
1495 132 489467
1493 131 489470
1492 132 489473
1493 133 489476
1494 134 489479
1495 120 489482
1529 123 489485
1494 161 489488
1517 113 489491
1475 133 489494
1501 144 489497
1494 128 489500
1491 132 489503
1494 132 489506
1494 132 489509
1496 136 489512
1494 133 489515
1492 133 489518
1499 133 489521
1493 132 489524
1496 139 489527
1519 132 489530
1496 143 489533
1487 118 489536
1486 139 489539
1503 135 489542
1490 133 489545
1491 136 489548
1491 133 489551
1493 134 489554
1496 133 489557
1492 135 489560
1493 135 489563
1495 130 489566
1493 133 489569
1534 163 489572
1493 138 489575
1492 131 489578
1488 143 489581
1497 134 489584
1494 131 489587
1493 133 489590
1495 135 489593
1494 135 489596
1494 132 489599
1493 133 489602
1493 133 489605
1494 131 489608
1495 132 489611
1493 134 489614
1493 135 489617
1492 131 489620
1499 137 489623
1490 136 489626
1501 143 489629
1502 146 489632
1500 145 489635
1497 143 489638
1477 156 489641
1405 198 489644
1286 262 489647
1153 330 489650
1037 399 489653
938 470 489656
849 541 489659
783 587 489662
745 588 489665
752 590 489668
759 574 489671
768 572 489674
769 578 489677
766 583 489680
759 582 489683
756 584 489686
758 585 489689
756 584 489692
757 582 489695
755 583 489698
757 583 489701
755 584 489704
753 582 489707
761 588 489710
758 583 489713
754 582 489716
759 587 489719
760 583 489722
756 586 489725
756 585 489728
758 583 489731
758 583 489734
758 583 489737
756 583 489740
758 584 489743
798 580 489746
751 585 489749
758 588 489752
760 582 489755
758 587 489758
758 586 489761
759 584 489764
758 584 489767
759 582 489770
754 584 489773
758 586 489776
757 584 489779
757 584 489782
757 587 489785
758 604 489788
800 586 489791
758 586 489794
756 582 489797
757 585 489800
758 581 489803
757 585 489806
760 585 489809
762 586 489812
758 585 489815
759 585 489818
758 584 489821
756 586 489824
757 587 489827
759 582 489830
751 545 489833
756 584 489836
755 581 489839
758 585 489842
757 583 489845
753 585 489848
757 586 489851
758 584 489854
756 586 489857
758 586 489860
757 582 489863
756 585 489866
757 585 489869
760 588 489872
758 585 489875
788 588 489878
758 581 489881
761 590 489884
763 589 489887
762 589 489890
764 591 489893
764 592 489896
766 590 489899
767 594 489902
767 592 489905
769 592 489908
771 596 489911
769 593 489914
770 593 489917
772 577 489920
771 597 489923
768 596 489926
781 594 489929
770 594 489932
761 597 489935
772 591 489938
773 596 489941
775 597 489944
769 595 489947
773 595 489950
774 596 489953
772 594 489956
773 595 489959
772 706 489962
769 594 489965
774 594 489968
771 588 489971
769 595 489974
773 598 489977
770 592 489980
771 595 489983
770 595 489986
770 594 489989
770 592 489992
769 592 489995
771 594 489998
769 592 490002
769 593 490005
769 612 490008
853 596 490011
774 593 490014
765 594 490017
771 592 490020
769 594 490023
769 591 490026
768 592 490029
766 593 490032
770 592 490034
769 593 490037
768 593 490040
769 591 490043
768 591 490046
766 593 490049
768 592 490052
685 589 490055
769 585 490058
766 593 490061
771 591 490064
764 590 490067
768 594 490070
768 591 490073
765 593 490076
766 590 490079
765 589 490082
767 590 490085
765 590 490088
767 587 490091
767 593 490094
769 613 490097
669 587 490100
765 590 490103
762 590 490106
767 591 490109
765 588 490112
764 589 490115
764 589 490118
765 587 490121
762 586 490124
765 590 490127
765 589 490130
762 589 490133
764 591 490136
764 588 490139
765 591 490142
761 586 490145
765 588 490148
767 590 490151
760 586 490154
761 588 490157
766 588 490160
764 588 490163
762 587 490166
765 590 490169
764 590 490172
762 588 490175
764 590 490178
765 587 490181
761 586 490184
760 586 490187
761 645 490190
762 588 490193
761 586 490196
760 590 490199
763 589 490202
761 590 490205
761 588 490208
761 587 490211
761 584 490214
762 587 490217
759 586 490220
760 586 490223
762 587 490226
763 588 490229
759 585 490232
762 579 490235
808 586 490238
761 583 490241
760 589 490244
763 587 490247
761 585 490250
759 587 490253
758 584 490256
762 586 490259
763 589 490262
758 587 490265
756 584 490268
763 587 490271
759 588 490274
759 587 490277
761 587 490280
759 584 490283
758 586 490286
760 587 490289
761 586 490292
759 586 490295
766 588 490298
760 585 490301
761 586 490304
759 584 490307
762 585 490310
755 586 490313
760 590 490316
758 587 490319
759 584 490322
759 587 490325
761 606 490328
690 587 490331
759 581 490334
762 589 490337
761 585 490340
760 584 490343
762 586 490346
759 579 490349
761 587 490352
760 585 490355
760 589 490358
759 587 490361
761 575 490364
755 585 490367
758 588 490370
758 585 490373
802 556 490376
757 589 490379
757 584 490382
760 588 490385
758 587 490388
758 586 490391
761 587 490394
760 585 490397
757 587 490400
758 585 490403
759 584 490406
761 584 490409
758 588 490412
762 588 490415
760 586 490418
756 378 490421
755 587 490424
759 585 490427
759 585 490430
753 587 490433
760 587 490436
756 583 490439
758 585 490442
759 589 490445
758 586 490448
761 587 490451
758 587 490454
757 586 490457
756 585 490460
761 586 490463
756 584 490466
757 582 490469
755 584 490472
760 585 490475
761 586 490478
755 587 490481
759 586 490484
758 584 490487
758 587 490490
759 585 490493
759 585 490496
756 585 490499
758 584 490502
757 585 490505
757 587 490508
756 588 490511
756 585 490514
748 729 490517
759 586 490520
755 583 490523
759 588 490526
758 585 490529
755 583 490532
761 585 490535
757 587 490538
757 586 490541
760 586 490544
761 585 490547
756 586 490550
756 582 490553
758 583 490556
756 586 490559
761 817 490562
754 583 490565
758 583 490568
757 582 490571
756 585 490574
760 586 490577
757 585 490580
758 587 490583
757 583 490586
755 586 490589
759 586 490592
756 586 490595
756 585 490598
759 585 490601
754 584 490604
758 573 490607
757 586 490610
749 585 490613
758 590 490616
760 583 490619
757 585 490622
760 586 490625
759 586 490628
754 584 490631
760 584 490634
760 587 490637
756 583 490640
758 585 490643
759 586 490646
756 586 490649
756 584 490652
758 588 490655
745 581 490658
757 584 490661
752 584 490664
756 585 490667
756 585 490670
759 583 490673
756 577 490676
756 586 490679
759 584 490682
756 581 490685
757 584 490688
757 585 490691
758 585 490694
754 583 490697
758 585 490700
756 560 490703
704 581 490706
757 586 490709
755 587 490712
758 584 490715
758 582 490718
755 582 490721
756 582 490724
759 585 490727
756 583 490730
758 586 490733
756 583 490736
757 584 490739
756 586 490742
758 586 490745
757 585 490748
693 598 490751
753 586 490754
757 584 490757
755 585 490760
759 585 490763
758 586 490766
756 584 490769
757 584 490772
759 587 490775
758 586 490778
759 585 490781
759 585 490784
759 585 490787
757 585 490790
759 584 490793
756 1146 490796
756 588 490799
756 583 490802
761 583 490805
755 585 490808
760 586 490811
757 584 490814
758 586 490817
757 583 490820
757 586 490823
758 585 490826
757 584 490829
758 582 490832
755 584 490835
756 584 490838
757 585 490841
757 584 490844
758 587 490847
756 589 490850
754 582 490853
756 584 490856
759 584 490859
754 583 490862
759 584 490865
756 584 490868
758 584 490871
757 584 490874
759 585 490877
758 586 490880
756 584 490883
756 582 490886
757 583 490889
762 584 490892
758 583 490895
762 584 490898
756 585 490901
760 586 490904
756 583 490907
760 586 490910
760 586 490913
757 585 490916
758 583 490919
757 585 490922
758 586 490925
756 583 490928
760 586 490931
757 585 490934
759 586 490937
760 580 490940
756 588 490943
757 584 490946
756 583 490949
757 582 490952
755 585 490955
758 584 490958
754 582 490961
757 584 490964
758 586 490967
756 583 490970
758 584 490973
757 584 490976
758 584 490979
756 814 490982
756 585 490985
757 585 490988
759 581 490991
755 584 490994
759 588 490997
753 583 491001
757 584 491004
758 583 491007
757 585 491010
757 586 491013
755 581 491016
758 585 491019
758 583 491022
757 584 491025
757 586 491028
819 473 491031
761 585 491034
756 580 491037
756 587 491040
761 585 491042
757 584 491045
759 583 491048
755 584 491051
759 585 491054
759 585 491057
759 585 491060
758 583 491063
758 586 491066
758 582 491069
756 583 491072
755 578 491075
754 584 491078
755 580 491081
757 588 491084
761 584 491087
755 586 491090
760 587 491093
754 584 491096
758 585 491099
757 584 491102
758 586 491105
756 586 491108
755 583 491111
756 585 491114
755 584 491117
758 584 491120
754 586 491123
758 587 491126
757 587 491129
758 584 491132
754 587 491135
757 586 491138
756 585 491141
754 583 491144
756 586 491147
757 583 491150
758 583 491153
757 586 491156
758 586 491159
755 583 491162
757 583 491165
1490 584 491168
764 582 491171
756 585 491174
754 583 491177
757 586 491180
755 582 491183
757 586 491186
759 588 491189
758 588 491192
755 585 491195
759 584 491198
757 583 491201
757 584 491204
756 583 491207
754 587 491210
757 586 491213
799 583 491216
759 589 491219
755 587 491222
758 586 491225
754 582 491228
758 587 491231
757 584 491234
757 579 491237
754 586 491240
754 586 491243
759 583 491246
757 582 491249
758 588 491252
758 585 491255
759 582 491258
754 567 491261
758 585 491264
759 585 491267
758 582 491270
755 584 491273
758 587 491276
759 583 491279
755 584 491282
760 586 491285
758 584 491288
757 586 491291
754 583 491294
759 583 491297
756 583 491300
758 582 491303
756 590 491306
750 583 491309
758 587 491312
758 584 491315
755 585 491318
759 586 491321
758 586 491324
755 581 491327
758 586 491330
758 583 491333
755 582 491336
756 586 491339
762 585 491342
760 584 491345
758 584 491348
756 666 491351
1053 583 491354
760 585 491357
754 580 491360
759 588 491363
755 581 491366
755 584 491369
756 586 491372
757 583 491375
757 585 491378
755 586 491381
759 586 491384
758 582 491387
758 585 491390
755 587 491393
757 587 491396
756 562 491399
757 585 491402
755 589 491405
759 585 491408
756 586 491411
756 584 491414
757 585 491417
755 586 491420
758 584 491423
755 584 491426
757 584 491429
757 586 491432
757 584 491435
758 586 491438
757 548 491441
757 587 491444
756 584 491447
758 579 491450
756 585 491453
758 586 491456
756 584 491459
756 585 491462
757 584 491465
757 586 491468
757 585 491471
757 586 491474
759 583 491477
757 583 491480
758 584 491483
758 587 491486
757 585 491489
756 584 491492
760 587 491495
757 583 491498
756 585 491501
757 586 491504
757 586 491507
756 587 491510
758 584 491513
758 584 491516
758 584 491519
759 584 491522
756 584 491525
756 583 491528
507 583 491531
759 582 491534
758 585 491537
755 581 491540
757 588 491543
757 583 491546
756 586 491549
757 587 491552
758 584 491555
756 583 491558
757 586 491561
756 584 491564
758 583 491567
756 587 491570
758 587 491573
757 541 491576
757 582 491579
753 586 491582
758 589 491585
757 586 491588
757 583 491591
758 585 491594
756 582 491597
759 582 491600
761 588 491603
759 587 491606
759 583 491609
755 583 491612
757 586 491615
755 585 491618
754 591 491621
759 581 491624
762 587 491627
755 582 491630
757 585 491633
757 583 491636
756 584 491639
760 585 491642
753 584 491645
755 584 491648
756 586 491651
758 584 491654
754 585 491657
756 585 491660
759 480 491663
755 584 491666
760 585 491669
757 581 491672
757 586 491675
756 575 491678
755 584 491681
757 584 491684
758 583 491687
753 584 491690
759 584 491693
756 583 491696
758 586 491699
758 586 491702
758 585 491705
759 529 491708
783 585 491711
759 584 491714
754 585 491717
760 587 491720
754 583 491723
757 585 491726
756 583 491729
759 584 491732
761 586 491735
758 583 491738
761 584 491741
757 584 491744
757 585 491747
757 586 491750
757 578 491753
680 585 491756
757 582 491759
755 586 491762
759 585 491765
756 584 491768
758 583 491771
757 585 491774
754 585 491777
756 586 491780
756 583 491783
755 586 491786
754 582 491789
758 584 491792
756 585 491795
757 610 491798
878 585 491801
756 584 491804
756 587 491807
758 584 491810
757 585 491813
756 585 491816
757 587 491819
754 584 491822
757 586 491825
754 585 491828
759 583 491831
757 586 491834
758 586 491837
754 586 491840
756 649 491843
593 583 491846
757 585 491849
762 584 491852
759 583 491855
757 585 491858
757 584 491861
758 586 491864
758 582 491867
757 586 491870
759 585 491873
756 583 491876
757 584 491879
754 586 491882
757 585 491885
754 416 491888
762 586 491891
758 586 491894
758 579 491897
754 585 491900
759 585 491903
756 585 491906
756 586 491909
754 582 491912
756 582 491915
758 584 491918
755 585 491921
759 586 491924
755 586 491927
757 583 491930
756 585 491933
759 587 491936
757 584 491939
760 584 491942
755 584 491945
757 586 491948
760 583 491951
756 585 491954
758 585 491957
757 583 491960
760 581 491963
757 586 491966
755 582 491969
757 585 491972
757 584 491975
756 585 491978
776 633 491981
760 587 491984
753 587 491987
761 585 491990
755 582 491993
756 583 491996
760 585 492000
757 584 492003
759 583 492006
755 583 492009
758 583 492012
757 584 492015
758 587 492018
757 588 492021
761 582 492024
756 528 492027
757 585 492030
759 579 492033
757 587 492036
759 583 492039
756 584 492042
756 579 492044
759 583 492047
758 585 492050
757 588 492053
758 583 492056
757 587 492059
757 585 492062
757 586 492065
756 587 492068
758 586 492071
758 585 492074
757 583 492077
758 581 492080
759 587 492083
759 585 492086
758 587 492089
759 586 492092
757 582 492095
755 582 492098
758 585 492101
758 585 492104
757 586 492107
756 583 492110
759 584 492113
758 584 492116
741 585 492119
759 585 492122
760 587 492125
756 584 492128
757 584 492131
755 585 492134
757 587 492137
758 585 492140
756 581 492143
758 585 492146
756 585 492149
756 582 492152
757 585 492155
757 584 492158
758 585 492161
718 585 492164
755 579 492167
755 587 492170
761 583 492173
755 582 492176
759 587 492179
757 584 492182
757 583 492185
758 585 492188
757 586 492191
757 585 492194
756 583 492197
756 584 492200
756 586 492203
755 719 492206
754 577 492209
756 586 492212
753 582 492215
756 583 492218
759 586 492221
757 585 492224
758 585 492227
755 582 492230
752 587 492233
754 586 492236
759 584 492239
756 584 492242
759 585 492245
756 581 492248
759 582 492251
753 592 492254
757 589 492257
762 587 492260
756 581 492263
758 586 492266
756 583 492269
758 585 492272
756 586 492275
758 585 492278
754 585 492281
759 583 492284
757 587 492287
757 584 492290
757 584 492293
764 584 492296
763 620 492299
756 586 492302
759 590 492305
756 583 492308
757 585 492311
759 584 492314
757 583 492317
756 587 492320
756 583 492323
754 584 492326
756 587 492329
759 586 492332
757 584 492335
758 586 492338
755 583 492341
749 562 492344
759 584 492347
755 586 492350
759 586 492353
757 584 492356
758 583 492359
757 583 492362
756 584 492365
759 586 492368
760 586 492371
755 584 492374
758 585 492377
755 582 492380
757 585 492383
758 587 492386
774 573 492389
757 587 492392
752 583 492395
759 586 492398
756 584 492401
759 587 492404
758 587 492407
759 585 492410
757 585 492413
756 581 492416
755 585 492419
755 586 492422
756 585 492425
755 582 492428
755 585 492431
744 638 492434
760 585 492437
752 582 492440
761 589 492443
755 583 492446
757 579 492449
758 583 492452
755 583 492455
758 585 492458
755 581 492461
756 586 492464
758 585 492467
761 585 492470
754 584 492473
759 587 492476
769 571 492479
756 584 492482
753 582 492485
758 588 492488
759 586 492491
756 585 492494
759 585 492497
756 586 492500
758 585 492503
757 582 492506
758 587 492509
756 585 492512
758 583 492515
761 586 492518
757 584 492521
765 595 492524
753 584 492527
754 587 492530
762 588 492533
757 584 492536
757 585 492539
759 585 492542
757 582 492545
758 583 492548
757 586 492551
756 585 492554
758 584 492557
756 584 492560
757 586 492563
758 584 492566
771 609 492569
756 587 492572
756 586 492575
758 585 492578
754 580 492581
756 586 492584
759 583 492587
757 584 492590
757 585 492593
756 585 492596
754 585 492599
757 584 492602
753 583 492605
755 585 492608
756 581 492611
754 538 492614
754 587 492617
759 587 492620
757 584 492623
755 586 492626
759 585 492629
756 584 492632
758 590 492635
756 583 492638
759 583 492641
756 582 492644
755 584 492647
760 583 492650
757 583 492653
757 585 492656
756 580 492659
757 583 492662
761 586 492665
756 583 492668
748 585 492671
757 582 492674
755 582 492677
757 587 492680
757 586 492683
758 586 492686
757 589 492689
756 585 492692
758 585 492695
758 584 492698
757 585 492701
758 586 492704
757 582 492707
758 583 492710
755 582 492713
759 587 492716
756 583 492719
756 587 492722
757 585 492725
755 584 492728
755 585 492731
757 586 492734
755 582 492737
755 585 492740
757 585 492743
758 630 492746
641 584 492749
758 581 492752
758 582 492755
757 586 492758
758 589 492761
755 585 492764
759 585 492767
754 582 492770
756 584 492773
757 586 492776
758 583 492779
759 586 492782
758 587 492785
760 587 492788
756 569 492791
760 588 492794
758 583 492797
757 586 492800
757 583 492803
757 584 492806
757 586 492809
757 581 492812
758 588 492815
758 587 492818
758 586 492821
757 584 492824
757 587 492827
757 585 492830
758 583 492833
754 580 492836
749 587 492839
758 582 492842
758 585 492845
757 586 492848
758 585 492851
758 584 492854
756 584 492857
755 586 492860
756 583 492863
756 580 492866
756 583 492869
757 584 492872
757 585 492875
758 584 492878
756 587 492881
880 587 492884
757 587 492887
754 585 492890
757 585 492893
756 584 492896
757 585 492899
3185 324 478502
3187 319 478505
3185 321 478508
3186 324 478511
3187 293 478514
3232 313 478517
3182 326 478520
3223 344 478523
3181 304 478526
3179 322 478529
3194 324 478532
3181 318 478535
3188 321 478538
3186 320 478541
3187 325 478544
3187 323 478547
3187 320 478550
3185 322 478553
3186 321 478556
3177 359 478559
3173 321 478562
3204 363 478565
3179 298 478568
3177 325 478571
3196 326 478574
3184 315 478577
3188 323 478580
3186 319 478583
3184 323 478586
3186 320 478589
3189 322 478592
3184 321 478595
3188 326 478598
3189 332 478601
3180 323 478604
3183 339 478607
3162 294 478610
3187 338 478613
3196 319 478616
3178 318 478619
3190 324 478622
3186 319 478625
3178 322 478628
3187 323 478631
3187 321 478634
3187 323 478637
3186 322 478640
3186 344 478643
3178 308 478646
3194 318 478649
3148 299 478652
3203 339 478655
3189 312 478658
3176 320 478661
3192 324 478664
3186 321 478667
3187 324 478670
3188 321 478673
3185 324 478676
3186 322 478679
3185 319 478682
3187 322 478685
3174 341 478688
3199 316 478691
3184 305 478694
3212 345 478697
3184 308 478700
3177 325 478703
3190 322 478706
3184 318 478709
3186 326 478712
3186 312 478715
3185 320 478718
3188 320 478721
3186 324 478724
3194 319 478727
3188 295 478730
3230 327 478733
3179 323 478736
3201 354 478739
3194 308 478742
3175 325 478745
3192 327 478748
3185 317 478751
3185 325 478754
3189 324 478757
3184 319 478760
3187 321 478763
3190 321 478766
3186 320 478769
3187 323 478772
3129 208 478775
3197 314 478778
3188 331 478781
3220 331 478784
3177 309 478787
3186 326 478790
3188 319 478793
3182 320 478796
3185 324 478799
3186 320 478802
3185 325 478805
3187 321 478808
3185 322 478811
3186 320 478814
3187 261 478817
3131 329 478820
3181 323 478823
3201 351 478826
3193 306 478829
3174 321 478832
3193 322 478835
3183 319 478838
3186 321 478841
3185 321 478844
3185 318 478847
3185 323 478850
3188 324 478853
3190 322 478856
3185 322 478859
3169 251 478862
3195 322 478865
3184 296 478868
3209 346 478871
3189 308 478874
3181 325 478877
3191 323 478880
3183 319 478883
3187 324 478886
3188 322 478889
3183 321 478892
3188 324 478895
3186 320 478898
3187 321 478901
3184 323 478904
3206 330 478907
3185 324 478910
3197 290 478913
3160 325 478916
3200 329 478919
3182 314 478922
3183 326 478925
3192 321 478928
3184 321 478931
3187 322 478934
3186 314 478937
3185 324 478940
3187 323 478943
3186 319 478946
3187 427 478949
3162 328 478952
3194 319 478955
3156 345 478958
3211 323 478961
3175 311 478964
3187 329 478967
3190 323 478970
3185 322 478973
3187 320 478976
3185 317 478979
3187 319 478982
3187 319 478985
3186 320 478988
3183 319 478991
3189 272 478994
2821 334 478997
3186 321 479001
3183 357 479004
3203 311 479007
3171 317 479010
3190 325 479013
3189 318 479016
3184 321 479019
3190 323 479022
3186 324 479025
3186 320 479028
3185 321 479031
3189 321 479034
3187 318 479037
3187 322 479040
3182 305 479043
3198 318 479045
3144 320 479048
3214 336 479051
3181 312 479054
3181 324 479057
3190 323 479060
3183 317 479063
3187 323 479066
3189 322 479069
3186 321 479072
3185 321 479075
3189 321 479078
3187 320 479081
3186 322 479084
3156 426 479087
3177 321 479090
3206 354 479093
3170 299 479096
3180 330 479099
3195 319 479102
3182 321 479105
3185 323 479108
3186 320 479111
3185 322 479114
3188 323 479117
3184 321 479120
3185 322 479123
3186 317 479126
3185 319 479129
3184 340 479132
3196 316 479135
3186 310 479138
3149 311 479141
3201 335 479144
3184 315 479147
3183 325 479150
3188 320 479153
3186 320 479156
3186 317 479159
3189 320 479162
3185 322 479165
3187 322 479168
3187 323 479171
3187 319 479174
3186 320 479177
3200 313 479180
3186 321 479183
3153 287 479186
3194 343 479189
3194 315 479192
3178 317 479195
3191 326 479198
3185 321 479201
3186 323 479204
3187 319 479207
3186 318 479210
3186 325 479213
3187 322 479216
3185 321 479219
3187 322 479222
3184 333 479225
3192 315 479228
3186 302 479231
3148 318 479234
3200 333 479237
3186 310 479240
3184 326 479243
3188 321 479246
3184 322 479249
3183 318 479252
3187 318 479255
3182 318 479258
3186 320 479261
3186 321 479264
3187 323 479267
3186 320 479270
3170 371 479273
3173 324 479276
3216 326 479279
3158 306 479282
3191 332 479285
3190 316 479288
3179 318 479291
3187 322 479294
3185 321 479297
3189 322 479300
3188 320 479303
3181 320 479306
3188 324 479309
3188 317 479312
3186 324 479315
3186 445 479318
3046 333 479321
3187 318 479324
3198 357 479327
3195 310 479330
3175 320 479333
3195 324 479336
3184 319 479339
3186 323 479342
3187 321 479345
3187 322 479348
3186 322 479351
3188 321 479354
3186 319 479357
3190 321 479360
3185 324 479363
3187 340 479366
3180 321 479369
3187 289 479372
3152 330 479375
3202 331 479378
3180 313 479381
3183 324 479384
3188 317 479387
3185 309 479390
3185 325 479393
3188 341 479396
3214 359 479399
3221 351 479402
3182 310 479405
3114 268 479408
3060 244 479411
3003 353 479414
3101 344 479417
3308 468 479420
3382 476 479423
3423 480 479426
3359 393 479429
3236 317 479432
3126 261 479435
3032 221 479438
2974 204 479441
2941 193 479444
2911 180 479447
2873 164 479450
2840 147 479453
2790 133 479456
2753 209 479459
2743 125 479462
2711 111 479465
2697 145 479468
2711 99 479471
2683 109 479474
2702 116 479477
2698 108 479480
2693 108 479483
2696 108 479486
2695 108 479489
2696 107 479492
2697 108 479495
2698 110 479498
2700 110 479501
2687 103 479504
2673 108 479507
2634 101 479510
2638 57 479513
2623 99 479516
2614 92 479519
2620 92 479522
2627 91 479525
2632 93 479528
2634 94 479531
2634 93 479534
2632 94 479537
2635 95 479540
2636 94 479543
2641 96 479546
2639 93 479549
2644 97 479552
2650 105 479555
2645 94 479558
2654 79 479561
2658 96 479564
2649 99 479567
2646 94 479570
2645 95 479573
2647 95 479576
2647 95 479579
2644 94 479582
2647 100 479585
2644 96 479588
2646 97 479591
2649 99 479594
2649 99 479597
2649 99 479600
2655 93 479603
2646 107 479606
2639 94 479609
2646 94 479612
2643 95 479615
2647 100 479618
2646 94 479621
2646 91 479624
2647 98 479627
2643 95 479630
2640 93 479633
2639 93 479636
2637 94 479639
2639 94 479642
2638 92 479645
2642 79 479648
2640 93 479651
2642 94 479654
2640 93 479657
2643 98 479660
2643 93 479663
2640 95 479666
2639 93 479669
2641 95 479672
2644 97 479675
2648 97 479678
2621 87 479681
2513 63 479684
2415 46 479687
2373 43 479690
2423 53 479693
2359 42 479696
2361 40 479699
2358 41 479702
2360 43 479705
2358 41 479708
2361 44 479711
2358 43 479714
2360 39 479717
2358 42 479720
2357 43 479723
2357 45 479726
2360 43 479729
2360 44 479732
2360 45 479735
2364 41 479738
2395 43 479741
