757 585 4339338
756 585 4339341
758 579 4339344
756 584 4339347
757 583 4339350
758 582 4339353
729 583 4339356
753 659 4339359
772 585 4339363
752 588 4339365
758 570 4339368
762 593 4339371
753 584 4339374
757 582 4339377
757 588 4339380
756 581 4339383
755 583 4339386
758 585 4339389
755 584 4339392
758 584 4339396
755 584 4339398
703 584 4339401
763 616 4339404
758 578 4339407
777 628 4339410
740 574 4339413
764 577 4339416
758 591 4339419
754 579 4339422
760 587 4339425
756 585 4339429
757 581 4339431
757 585 4339434
756 585 4339437
758 582 4339440
758 585 4339443
751 584 4339446
773 508 4339449
758 578 4339452
786 608 4339455
742 584 4339458
759 572 4339462
762 588 4339464
756 582 4339467
759 584 4339470
755 584 4339473
757 582 4339476
756 582 4339479
757 583 4339482
757 585 4339485
755 585 4339488
746 587 4339491
771 577 4339495
756 582 4339497
788 605 4339500
744 588 4339503
758 573 4339506
758 592 4339509
754 583 4339512
758 584 4339515
755 583 4339518
756 583 4339521
759 584 4339524
758 583 4339528
757 579 4339530
758 584 4339533
739 586 4339536
771 433 4339539
756 579 4339542
785 614 4339545
742 583 4339548
760 574 4339551
757 592 4339554
754 581 4339557
759 587 4339561
756 582 4339563
757 582 4339566
756 585 4339569
755 578 4339572
757 581 4339575
756 581 4339578
735 585 4339581
748 672 4339584
772 584 4339587
748 624 4339590
748 564 4339594
765 587 4339596
752 585 4339599
757 580 4339602
760 588 4339605
756 582 4339608
757 583 4339611
757 586 4339614
756 585 4339617
757 582 4339620
757 585 4339623
771 584 4339627
753 578 4339629
752 585 4339632
742 549 4339635
771 594 4339638
752 589 4339641
754 581 4339644
757 586 4339647
755 580 4339650
754 582 4339653
757 584 4339656
756 586 4339660
756 582 4339662
755 586 4339665
758 585 4339668
668 574 4339671
755 598 4339674
760 585 4339677
769 619 4339680
743 573 4339683
762 579 4339686
756 590 4339689
757 582 4339693
755 582 4339695
755 584 4339698
759 584 4339701
756 582 4339704
756 584 4339707
756 587 4339710
757 583 4339713
764 598 4339716
756 577 4339719
730 599 4339722
759 559 4339726
765 595 4339728
750 579 4339731
758 583 4339734
757 585 4339737
757 582 4339740
757 584 4339743
756 582 4339746
756 582 4339749
756 584 4339752
757 584 4339755
726 586 4339759
759 666 4339761
760 580 4339764
781 622 4339767
738 578 4339770
759 578 4339773
756 592 4339776
756 580 4339779
758 586 4339782
756 582 4339785
760 587 4339788
757 584 4339792
757 582 4339794
758 585 4339797
759 586 4339800
755 584 4339803
769 562 4339806
716 584 4339809
775 565 4339812
761 601 4339815
748 574 4339818
764 585 4339821
756 588 4339825
756 584 4339827
756 586 4339830
757 583 4339833
757 585 4339836
756 583 4339839
760 585 4339842
756 583 4339845
770 591 4339848
757 576 4339851
750 613 4339854
744 554 4339858
767 591 4339860
751 585 4339863
756 580 4339866
758 586 4339869
756 585 4339872
756 583 4339875
755 581 4339878
756 582 4339881
753 584 4339884
755 585 4339887
757 584 4339891
826 551 4339893
752 588 4339896
786 590 4339899
753 609 4339902
746 568 4339905
773 587 4339908
756 586 4339911
766 583 4339914
770 594 4339917
768 591 4339920
766 592 4339924
735 599 4339926
668 648 4339929
583 745 4339932
500 857 4339935
426 1040 4339938
384 1071 4339941
293 1174 4339944
326 1278 4339947
287 1332 4339950
293 1310 4339953
307 1307 4339957
302 1290 4339959
306 1290 4339962
303 1300 4339965
304 1301 4339968
301 1305 4339971
299 1302 4339974
299 1303 4339977
299 1301 4339980
310 1303 4339983
298 1297 4339986
304 1307 4339990
279 1264 4339992
316 1311 4339995
293 1314 4340000
298 1308 4340003
302 1302 4340006
296 1305 4340009
303 1304 4340012
300 1301 4340015
298 1304 4340018
297 1306 4340021
300 1305 4340024
298 1306 4340027
283 1339 4340030
288 1307 4340033
320 1339 4340036
285 1284 4340039
294 1313 4340042
307 1307 4340045
293 1300 4340048
297 1305 4340051
303 1306 4340054
299 1305 4340057
298 1305 4340060
302 1308 4340063
300 1305 4340066
299 1306 4340069
303 1303 4340072
246 1150 4340075
312 1298 4340078
298 1317 4340081
330 1315 4340084
289 1290 4340087
299 1314 4340090
301 1301 4340093
298 1304 4340096
297 1309 4340099
300 1309 4340102
300 1307 4340105
300 1308 4340108
300 1306 4340111
296 1304 4340114
298 1304 4340117
335 1296 4340120
292 1315 4340123
294 1264 4340126
298 1332 4340129
313 1302 4340132
287 1300 4340135
300 1309 4340138
299 1302 4340141
298 1306 4340144
299 1304 4340147
300 1305 4340150
301 1308 4340153
302 1305 4340156
296 1304 4340159
299 1304 4340162
300 1315 4340165
293 1302 4340168
301 1312 4340171
269 1283 4340174
308 1321 4340177
312 1301 4340180
300 1303 4340183
313 1306 4340186
309 1307 4340189
308 1307 4340192
313 1308 4340195
314 1308 4340198
315 1307 4340201
313 1310 4340204
317 1306 4340207
315 1298 4340210
368 1296 4340213
318 1330 4340216
345 1290 4340219
299 1306 4340222
327 1314 4340225
320 1305 4340228
318 1308 4340231
320 1310 4340234
329 1311 4340237
318 1306 4340240
319 1310 4340243
320 1307 4340246
321 1308 4340249
320 1312 4340252
321 1243 4340255
219 1312 4340258
311 1311 4340261
337 1342 4340264
324 1295 4340267
307 1311 4340270
326 1309 4340273
314 1305 4340276
315 1307 4340279
318 1307 4340282
317 1311 4340285
320 1310 4340288
316 1307 4340291
320 1311 4340294
317 1308 4340297
316 1308 4340300
312 1289 4340303
327 1302 4340306
274 1289 4340309
329 1324 4340312
319 1295 4340315
309 1308 4340318
319 1311 4340321
312 1304 4340324
315 1310 4340327
288 1302 4344735
300 1310 4344738
300 1304 4344741
298 1305 4344744
301 1306 4344747
298 1306 4344750
301 1307 4344752
300 1303 4344755
299 1303 4344758
298 1305 4344761
300 1304 4344764
299 1305 4344767
302 1305 4344770
299 1304 4344773
306 1305 4344776
299 1306 4344779
298 1304 4344782
300 1304 4344785
299 1303 4344788
300 1306 4344791
298 1302 4344794
298 1303 4344797
301 1305 4344800
300 1307 4344803
298 1306 4344806
300 1305 4344809
300 1306 4344812
298 1306 4344815
299 1313 4344818
415 1302 4344821
299 1307 4344824
294 1302 4344827
300 1306 4344830
301 1309 4344833
299 1306 4344836
300 1305 4344839
301 1305 4344842
298 1304 4344845
300 1305 4344848
300 1304 4344851
300 1306 4344854
296 1308 4344857
297 1302 4344860
302 1310 4344863
299 1310 4344866
300 1310 4344869
299 1304 4344872
300 1306 4344875
306 1306 4344878
297 1301 4344881
298 1304 4344884
298 1301 4344887
301 1307 4344890
297 1301 4344893
300 1307 4344896
299 1305 4344899
297 1305 4344902
295 1305 4344905
303 1309 4344908
309 1307 4344911
316 1311 4344914
315 1305 4344917
310 1320 4344920
299 1373 4344923
267 1478 4344926
242 1618 4344929
218 1748 4344932
203 1870 4344935
199 1986 4344938
201 2093 4344941
208 2158 4344944
210 2165 4344947
209 2167 4344950
231 2136 4344953
210 2133 4344956
204 2137 4344959
213 2143 4344962
212 2143 4344965
209 2146 4344968
209 2148 4344971
207 2144 4344974
208 2145 4344977
206 2142 4344980
206 2146 4344983
209 2148 4344986
209 2146 4344989
207 2144 4344992
242 922 4344995
212 2145 4344998
207 2144 4345002
211 2145 4345005
209 2146 4345008
210 2146 4345011
210 2147 4345015
209 2142 4345017
211 2146 4345020
212 2146 4345023
211 2145 4345026
210 2148 4345029
208 2147 4345032
210 2142 4345035
209 1751 4345038
210 2147 4345041
212 2147 4345044
208 2144 4345048
211 2146 4345050
210 2146 4345053
210 2144 4345056
209 2148 4345059
210 2146 4345062
210 2144 4345065
209 2145 4345068
209 2144 4345071
210 2144 4345074
209 2142 4345077
209 2147 4345081
206 2137 4345083
214 2143 4345086
214 2149 4345089
210 2145 4345092
213 2145 4345095
209 2146 4345098
210 2144 4345101
211 2144 4345104
211 2142 4345107
210 2145 4345110
212 2146 4345114
211 2143 4345116
214 2144 4345119
213 2148 4345122
212 1533 4345125
213 2141 4345128
218 2144 4345131
217 2143 4345134
217 2140 4345137
220 2143 4345140
222 2143 4345143
224 2145 4345147
224 2139 4345149
225 2142 4345152
226 2144 4345155
228 2142 4345158
228 2142 4345161
227 2144 4345164
28 2141 4345167
229 2140 4345170
229 2139 4345173
228 2142 4345176
231 2139 4345180
230 2137 4345182
231 2142 4345185
231 2142 4345188
234 2141 4345191
232 2138 4345194
231 2140 4345197
231 2140 4345200
234 2139 4345203
231 2139 4345206
232 2141 4345209
298 2120 4345213
231 2139 4345215
229 2141 4345218
230 2140 4345221
229 2140 4345224
229 2137 4345227
230 2142 4345230
229 2140 4345233
228 2139 4345236
227 2139 4345239
229 2143 4345242
228 2142 4345246
229 2140 4345248
229 2145 4345251
227 2142 4345254
231 2107 4345257
226 2143 4345260
227 2144 4345263
229 2142 4345266
225 2140 4345269
226 2142 4345272
227 2143 4345275
226 2143 4345279
226 2140 4345281
227 2143 4345284
226 2144 4345287
224 2142 4345290
225 2142 4345293
226 2143 4345296
219 2141 4345299
224 2140 4345302
226 2145 4345305
223 2144 4345308
224 2142 4345312
224 2141 4345314
223 2142 4345317
222 2143 4345320
223 2141 4345323
220 2141 4345326
220 2143 4345329
222 2143 4345332
219 2142 4345335
222 2141 4345338
577 2092 4345341
221 2142 4345345
220 2143 4345347
222 2143 4345350
223 2146 4345353
220 2142 4345356
221 2143 4345359
220 2145 4345362
221 2142 4345365
219 2142 4345368
219 2144 4345371
221 2144 4345374
221 2144 4345378
219 2143 4345380
210 2146 4345383
218 2141 4345386
218 2142 4345389
221 2146 4345392
215 2143 4345395
219 2141 4345398
218 2142 4345401
217 2144 4345404
219 2143 4345407
221 2145 4345411
218 2141 4345413
219 2144 4345416
217 2145 4345419
218 2143 4345422
197 2143 4345425
216 2564 4345428
216 2143 4345431
213 2142 4345434
215 2143 4345437
217 2144 4345440
219 2145 4345444
216 2140 4345446
215 2143 4345449
216 2144 4345452
217 2143 4345455
216 2141 4345458
214 2144 4345461
215 2143 4345464
213 2143 4345467
214 2142 4345470
215 2144 4345473
218 2147 4345477
214 2141 4345479
216 2142 4345482
216 2146 4345485
215 2144 4345488
215 2142 4345491
215 2144 4345494
216 2144 4345497
212 2146 4345500
212 2142 4345503
216 2144 4345506
216 2145 4345510
427 2147 4345512
214 2144 4345515
212 2147 4345518
215 2141 4345521
216 2145 4345524
212 2144 4345527
216 2145 4345530
213 2143 4345533
214 2145 4345536
213 2146 4345539
215 2150 4345543
212 2140 4345545
214 2145 4345548
212 2146 4345551
0 2226 4345554
213 2146 4345557
212 2144 4345560
213 2142 4345563
215 2143 4345566
214 2143 4345569
214 2145 4345572
213 2147 4345576
212 2140 4345578
214 2143 4345581
213 2144 4345584
214 2143 4345587
214 2144 4345590
211 2147 4345593
212 2203 4345596
213 2146 4345599
214 2143 4345602
208 2146 4345605
212 2145 4345609
213 2142 4345611
212 2144 4345614
211 2146 4345617
212 2144 4345620
211 2144 4345623
210 2147 4345626
210 2145 4345629
211 2143 4345632
214 2148 4345635
213 2147 4345638
214 2138 4345642
215 2143 4345644
211 2150 4345647
209 2144 4345650
211 2145 4345653
211 2148 4345656
211 2146 4345659
211 2144 4345662
209 2145 4345665
211 2145 4345668
211 2145 4345671
211 2145 4345675
211 2142 4345677
219 2146 4345680
213 2137 4345683
210 2142 4345686
215 2147 4345689
209 2146 4345692
210 2146 4345695
211 2145 4345698
212 2145 4345701
211 2147 4345704
212 2144 4345708
211 2143 4345710
211 2144 4345713
210 2146 4345716
210 2141 4345719
217 2146 4345722
209 2174 4345725
212 2144 4345728
226 2157 4345731
206 2142 4345734
214 2138 4345737
213 2152 4345741
209 2138 4345743
211 2146 4345746
209 2149 4345749
210 2144 4345752
211 2147 4345755
209 2145 4345758
209 2143 4345761
254 2147 4345764
210 2118 4345767
211 2146 4345770
198 2136 4345774
220 2156 4345776
205 2143 4345779
211 2143 4345782
210 2146 4345785
211 2143 4345788
208 2144 4345791
207 2145 4345794
211 2143 4345797
211 2146 4345800
210 2144 4345803
210 2146 4345807
212 2142 4345809
210 2144 4345812
219 2144 4345815
210 2131 4345818
215 2157 4345821
206 2141 4345824
214 2146 4345827
210 2145 4345830
208 2141 4345833
210 2144 4345836
210 2147 4345840
209 2142 4345842
210 2146 4345845
213 2146 4345848
239 2144 4345851
211 2145 4345854
221 2148 4345857
191 2165 4345860
201 2136 4345863
214 2146 4345866
208 2145 4345869
210 2143 4345873
210 2145 4345875
203 2145 4345878
213 2145 4345881
211 2146 4345884
210 2143 4345887
210 2144 4345890
211 2308 4345893
212 2140 4345896
208 2143 4345899
212 2130 4345902
213 2160 4345906
205 2140 4345908
212 2142 4345911
209 2150 4345914
210 2144 4345917
209 2145 4345920
210 2145 4345923
211 2146 4345926
208 2145 4345929
209 2147 4345932
209 2145 4345935
209 2160 4345939
228 2143 4345941
214 2109 4345944
205 2137 4345947
216 2152 4345950
208 2143 4345953
209 2143 4345956
210 2146 4345959
210 2141 4345962
210 2144 4345965
212 2146 4345968
211 2145 4345972
210 2142 4345974
247 2144 4345977
213 2181 4345980
211 2147 4345983
200 2131 4345986
220 2161 4345989
204 2141 4345992
211 2142 4345995
208 2147 4346000
209 2144 4346003
209 2145 4346006
208 2146 4346009
211 2148 4346012
210 2144 4346015
208 2146 4346018
210 2145 4346021
204 2141 4346024
209 2162 4346027
229 2143 4346030
205 2136 4346033
216 2152 4346036
211 2144 4346039
207 2148 4346042
212 2146 4346045
212 2144 4346048
209 2146 4346051
210 2146 4346054
209 2143 4346057
210 2147 4346060
213 2193 4346063
210 2139 4346066
211 2143 4346069
211 2127 4346072
212 2159 4346075
215 2141 4346078
206 2143 4346081
213 2148 4346084
209 2143 4346087
208 2145 4346090
211 2144 4346093
209 2146 4346096
207 2144 4346099
207 2145 4346102
207 2145 4346105
214 2108 4346108
209 2146 4346111
210 2162 4346114
224 2142 4346117
202 2140 4346120
213 2147 4346123
210 2143 4346126
210 2145 4346129
211 2143 4346132
212 2145 4346135
211 2146 4346138
210 2146 4346141
209 2144 4346144
209 2145 4346147
211 2148 4346150
214 2143 4346153
208 2148 4346156
218 2131 4346159
209 2156 4346162
214 2141 4346165
207 2143 4346168
211 2151 4346171
211 2148 4346174
210 2144 4346177
210 2143 4346180
211 2147 4346183
212 2143 4346186
208 2144 4346189
211 2164 4346192
79 2151 4346195
206 2144 4346198
194 2157 4346201
228 2134 4346204
202 2141 4346207
208 2149 4346210
210 2147 4346213
209 2140 4346216
209 2143 4346219
209 2146 4346222
210 2145 4346225
211 2146 4346228
208 2146 4346231
206 2145 4346234
213 2163 4346237
208 2146 4346240
215 2170 4346243
173 2145 4346246
202 2146 4346249
214 2145 4346252
205 2142 4346255
212 2147 4346258
212 2146 4346261
207 2144 4346264
211 2147 4346267
211 2148 4346270
210 2147 4346273
210 2147 4346276
213 2146 4346279
214 2144 4346282
208 2141 4346285
211 2131 4346288
207 2158 4346291
211 2144 4346294
204 2143 4346297
211 2148 4346300
212 2146 4346303
210 2147 4346306
211 2145 4346309
209 2145 4346312
209 2146 4346315
208 2145 4346318
211 2179 4346321
223 2148 4346324
211 2145 4346327
191 2135 4346330
225 2154 4346333
207 2143 4346336
206 2147 4346339
214 2148 4346342
211 2139 4346345
210 2145 4346348
209 2145 4346351
208 2144 4346354
209 2146 4346357
210 2144 4346360
206 2145 4346363
211 2190 4346366
210 2145 4346369
214 2171 4346372
207 2149 4346375
203 2141 4346378
213 2147 4346381
205 2145 4346384
208 2146 4346387
212 2146 4346390
209 2146 4346393
206 2146 4346396
210 2146 4346399
211 2144 4346402
209 2149 4346405
213 2148 4346408
216 2143 4346411
211 2138 4346414
212 2132 4346417
207 2151 4346420
210 2145 4346423
207 2143 4346426
208 2148 4346429
210 2144 4346432
211 2146 4346435
210 2148 4346438
210 2147 4346441
209 2144 4346444
210 2144 4346447
208 2143 4346450
58 2144 4346453
207 2144 4346456
194 2156 4346459
221 2144 4346462
213 2142 4346465
210 2149 4346468
211 2145 4346471
209 2146 4346474
209 2147 4346477
208 2147 4346480
211 2147 4346483
210 2144 4346486
210 2143 4346489
209 2147 4346492
205 2155 4346495
206 2143 4346498
231 2121 4346501
214 2139 4346504
205 2148 4346507
214 2145 4346510
205 2143 4346513
210 2148 4346516
209 2144 4346519
208 2143 4346522
209 2145 4346525
208 2144 4346528
210 2147 4346531
209 2147 4346534
209 2489 4346537
211 2143 4346540
206 2135 4346543
207 2163 4346546
211 2144 4346549
206 2142 4346552
209 2149 4346555
209 2148 4346558
209 2144 4346561
211 2146 4346564
211 2148 4346567
208 2146 4346570
208 2145 4346573
210 2145 4346576
208 2148 4346579
207 2143 4346582
209 2165 4346585
166 2152 4346588
206 2143 4346591
213 2149 4346594
209 2142 4346597
210 2149 4346600
212 2145 4346603
210 2145 4346606
212 2145 4346609
209 2146 4346612
209 2145 4346615
206 2145 4346618
210 2115 4346621
683 2147 4346624
208 2140 4346627
194 2144 4346630
226 2138 4346633
212 2142 4346636
208 2148 4346639
214 2144 4346642
208 2145 4346645
210 2144 4346648
206 2145 4346651
210 2148 4346654
211 2144 4346657
208 2144 4346660
210 2143 4346663
213 2158 4346666
208 2146 4346669
228 2155 4346672
214 2141 4346675
202 2153 4346678
215 2142 4346681
204 2140 4346684
211 2149 4346687
213 2144 4346690
208 2144 4346693
211 2146 4346696
212 2145 4346699
210 2145 4346702
213 2147 4346705
218 2143 4346708
207 2148 4346711
208 2136 4346714
193 2156 4346717
219 2147 4346720
206 2140 4346723
209 2153 4346726
211 2147 4346729
212 2146 4346732
211 2146 4346735
208 2147 4346738
212 2146 4346741
206 2146 4346744
208 2146 4346747
208 2149 4346750
234 2145 4346753
212 2162 4346756
223 2148 4346759
208 2140 4346762
216 2152 4346765
210 2143 4346768
209 2148 4346771
211 2146 4346774
208 2142 4346777
208 2145 4346780
209 2144 4346783
212 2147 4346786
210 2146 4346789
207 2099 4346792
213 2148 4346795
212 2144 4346798
194 2139 4346801
221 2151 4346804
208 2140 4346807
204 2146 4346810
211 2145 4346813
207 2144 4346816
210 2146 4346819
210 2146 4346822
209 2146 4346825
211 2146 4346828
213 2148 4346831
210 2147 4346834
208 2153 4346837
208 2145 4346840
224 2132 4346843
214 2137 4346846
210 2152 4346849
213 2146 4346852
208 2147 4346855
211 2146 4346858
211 2145 4346861
211 2146 4346864
211 2145 4346867
212 2140 4346870
210 2145 4346873
209 2146 4346876
221 2076 4346879
215 2144 4346882
211 2140 4346885
228 2154 4346888
205 2144 4346891
206 2149 4346894
213 2146 4346897
208 2147 4346900
209 2145 4346903
210 2143 4346906
209 2147 4346909
208 2145 4346912
209 2141 4346915
210 2147 4346918
181 2127 4346921
210 2149 4346924
208 2128 4346927
203 2161 4346930
217 2144 4346933
205 2143 4346936
212 2148 4346939
209 2145 4346942
209 2144 4346945
210 2144 4346948
206 2146 4346951
210 2147 4346954
208 2146 4346957
208 2146 4346960
187 2147 4346963
202 2147 4346966
207 2142 4346969
192 2150 4346972
219 2134 4346975
206 2137 4346978
209 2148 4346981
211 2146 4346984
210 2148 4346987
207 2142 4346990
210 2146 4346993
209 2147 4346996
210 2148 4347000
211 2148 4347003
210 2146 4347006
209 2150 4347009
209 2152 4347012
213 2134 4347015
215 2152 4347018
211 2143 4347021
205 2145 4347024
214 2146 4347027
209 2144 4347030
210 2150 4347032
210 2143 4347035
210 2144 4347038
207 2146 4347041
211 2145 4347044
208 2145 4347047
209 2144 4347050
211 2167 4347053
210 2145 4347056
199 2146 4347059
215 2148 4347062
208 2138 4347065
208 2150 4347068
209 2148 4347071
209 2144 4347074
210 2146 4347077
210 2154 4347080
210 2146 4347083
210 2146 4347086
210 2147 4347089
208 2143 4347092
208 2153 4347095
231 2111 4347098
209 2139 4347101
206 2154 4347104
209 2142 4347107
206 2147 4347110
209 2149 4347113
211 2146 4347116
208 2145 4347119
208 2147 4347122
209 2147 4347125
211 2145 4347128
208 2143 4347131
137 2146 4347134
210 2144 4347137
206 2163 4347140
217 2144 4347143
210 2144 4347146
212 2149 4347149
210 2143 4347152
209 2146 4347155
210 2146 4347158
207 2145 4347161
209 2146 4347164
212 2147 4347167
212 2146 4347170
209 2195 4347173
211 2139 4347176
211 2145 4347179
199 2132 4347182
217 2155 4347185
202 2141 4347188
206 2148 4347191
216 2145 4347194
208 2143 4347197
209 2148 4347200
210 2144 4347203
205 2142 4347206
212 2147 4347209
211 2146 4347212
209 2147 4347215
212 2150 4347218
209 2145 4347221
199 2150 4347224
197 2139 4347227
213 2150 4347230
209 2139 4347233
208 2146 4347236
212 2145 4347239
209 2148 4347242
211 2144 4347245
208 2145 4347248
209 2146 4347251
210 2147 4347254
209 2145 4347257
216 2167 4347260
207 2146 4347263
212 2166 4347266
221 2143 4347269
204 2142 4347272
214 2150 4347275
211 2144 4347278
207 2150 4347281
212 2146 4347284
209 2145 4347287
211 2147 4347290
207 2146 4347293
209 2147 4347296
212 2146 4347299
173 2146 4347302
204 2147 4347305
207 2139 4347308
197 2156 4347311
219 2147 4347314
205 2141 4347317
208 2149 4347320
211 2143 4347323
205 2146 4347326
210 2144 4347329
209 2144 4347332
210 2146 4347335
207 2145 4347338
209 2145 4347341
209 2144 4347344
219 2143 4347347
209 2164 4347350
227 2138 4347353
206 2138 4347356
210 2150 4347359
209 2140 4347362
210 2147 4347365
212 2147 4347368
207 2145 4347371
209 2147 4347374
211 2146 4347377
208 2148 4347380
211 2146 4347383
209 2098 4347386
485 2146 4347389
209 2144 4347392
190 2143 4347395
224 2151 4347398
209 2139 4347401
205 2151 4347404
212 2146 4347407
207 2145 4347410
208 2147 4347413
207 2142 4347416
209 2144 4347419
207 2147 4347422
208 2145 4347425
210 2144 4347428
208 2149 4347431
207 2147 4347434
224 2138 4347437
212 2135 4347440
211 2154 4347443
212 2143 4347446
207 2147 4347449
212 2146 4347452
209 2146 4347455
208 2144 4347458
209 2145 4347461
211 2147 4347464
211 2146 4347467
207 2144 4347470
180 2250 4347473
211 2147 4347476
208 2123 4347479
217 2158 4347482
192 2140 4347485
203 2145 4347488
212 2146 4347491
209 2143 4347494
210 2147 4347497
212 2147 4347500
208 2144 4347503
211 2148 4347506
211 2146 4347509
209 2145 4347512
207 2146 4347515
223 2144 4347518
211 2167 4347521
207 2147 4347524
198 2145 4347527
217 2149 4347530
207 2141 4347533
207 2148 4347536
210 2147 4347539
210 2145 4347542
212 2144 4347545
207 2147 4347548
210 2147 4347551
209 2146 4347554
211 2112 4347557
258 2145 4347560
211 2145 4347563
191 2153 4347566
223 2126 4347569
206 2140 4347572
208 2153 4347575
213 2145 4347578
206 2145 4347581
210 2144 4347584
208 2145 4347587
208 2145 4347590
210 2146 4347593
210 2145 4347596
210 2146 4347599
208 2154 4347602
204 2146 4347605
178 2143 4347608
208 2136 4347611
211 2154 4347614
211 2141 4347617
205 2145 4347620
212 2145 4347623
208 2144 4347626
209 2148 4347629
211 2145 4347632
206 2144 4347635
210 2148 4347638
210 2144 4347641
173 2235 4347644
209 2149 4347647
209 2127 4347650
216 2156 4347653
200 2142 4347656
203 2145 4347659
213 2147 4347662
211 2145 4347665
207 2146 4347668
209 2145 4347671
208 2146 4347674
207 2149 4347677
209 2147 4347680
210 2146 4347683
210 2147 4347686
217 2142 4347689
209 2140 4347692
206 2148 4347695
200 2147 4347698
215 2146 4347701
206 2144 4347704
211 2146 4347707
212 2147 4347710
208 2145 4347713
208 2145 4347716
209 2146 4347719
209 2146 4347722
209 2144 4347725
212 2147 4347728
240 2149 4347731
208 2139 4347734
197 2159 4347737
220 2136 4347740
203 2140 4347743
214 2149 4347746
210 2144 4347749
207 2148 4347752
208 2143 4347755
209 2144 4347758
211 2146 4347761
210 2145 4347764
208 2144 4347767
209 2144 4347770
210 2147 4347773
208 2146 4347776
213 2147 4347779
198 2147 4347782
218 2149 4347785
206 2139 4347788
208 2147 4347791
210 2146 4347794
208 2146 4347797
206 2144 4347800
209 2144 4347803
212 2147 4347806
210 2147 4347809
209 2147 4347812
206 2162 4347815
207 2146 4347818
212 2163 4347821
210 2149 4347824
205 2141 4347827
216 2150 4347830
207 2142 4347833
208 2146 4347836
211 2147 4347839
209 2144 4347842
210 2145 4347845
209 2146 4347848
210 2144 4347851
208 2145 4347854
203 2606 4347857
208 2148 4347860
210 2133 4347863
207 2156 4347866
212 2142 4347869
204 2152 4347872
212 2148 4347875
211 2146 4347878
210 2148 4347881
209 2145 4347884
207 2145 4347887
210 2144 4347890
211 2146 4347893
210 2147 4347896
208 2145 4347899
208 2147 4347902
213 2153 4347905
209 2135 4347908
214 2155 4347911
210 2140 4347914
204 2144 4347917
209 2147 4347920
207 2145 4347923
209 2146 4347926
209 2144 4347929
209 2145 4347932
208 2146 4347935
208 2144 4347938
208 2146 4347941
223 2144 4347944
210 2163 4347947
206 2153 4347950
204 2138 4347953
216 2149 4347956
209 2143 4347959
210 2147 4347962
208 2146 4347965
209 2145 4347968
210 2145 4347971
210 2150 4347974
210 2150 4347977
211 2144 4347980
210 2144 4347983
187 2144 4347986
209 2145 4347989
213 2161 4347992
203 2147 4347995
202 2142 4347998
213 2145 4348002
207 2143 4348005
208 2147 4348008
210 2145 4348011
206 2147 4348014
209 2146 4348017
208 2145 4348020
212 2146 4348023
210 2165 4348026
0 2146 4348029
211 2144 4348032
196 2145 4348035
222 2126 4348038
208 2141 4348040
208 2148 4348043
213 2146 4348046
209 2143 4348049
212 2145 4348052
208 2144 4348055
210 2146 4348058
208 2149 4348061
209 2145 4348064
207 2191 4348067
211 2143 4348070
212 2147 4348073
210 2131 4348076
212 2154 4348079
210 2144 4348082
202 2143 4348085
212 2148 4348088
212 2145 4348091
211 2149 4348094
209 2146 4348097
208 2144 4348100
212 2146 4348103
209 2148 4348106
208 2145 4348109
212 2148 4348112
210 2149 4348115
216 2144 4348118
201 2147 4348121
218 2149 4348124
205 2143 4348127
207 2147 4348130
210 2146 4348133
208 2147 4348136
208 2145 4348139
208 2145 4348142
209 2145 4348145
210 2145 4348148
209 2143 4348151
209 2156 4348154
208 2147 4348157
233 2132 4348160
210 2136 4348163
206 2152 4348166
217 2146 4348169
207 2145 4348172
211 2148 4348175
209 2146 4348178
208 2144 4348181
208 2144 4348184
208 2144 4348187
211 2145 4348190
211 2145 4348193
211 2150 4348196
209 2148 4348199
218 2166 4348202
213 2148 4348205
203 2142 4348208
213 2150 4348211
209 2144 4348214
208 2143 4348217
208 2145 4348220
208 2145 4348223
212 2144 4348226
207 2144 4348229
215 2149 4348232
211 2148 4348235
205 2170 4348238
209 2145 4348241
210 2143 4348244
225 2144 4348247
211 2139 4348250
205 2150 4348253
212 2148 4348256
207 2143 4348259
209 2146 4348262
209 2145 4348265
209 2146 4348268
210 2152 4348271
209 2146 4348274
206 2146 4348277
207 2153 4348280
280 2146 4348283
209 2148 4348286
197 2149 4348289
220 2124 4348292
202 2139 4348295
210 2151 4348298
213 2144 4348301
209 2147 4348304
210 2146 4348307
208 2143 4348310
206 2144 4348313
209 2144 4348316
208 2143 4348319
210 2146 4348322
246 2128 4348325
207 2149 4348328
208 2142 4348331
196 2151 4348334
219 2146 4348337
202 2142 4348340
208 2149 4348343
211 2144 4348346
207 2145 4348349
209 2145 4348352
209 2144 4348355
208 2148 4348358
208 2146 4348361
210 2143 4348364
210 2248 4348367
210 2145 4348370
212 2145 4348373
209 2139 4348376
197 2152 4348379
217 2145 4348382
203 2141 4348385
210 2148 4348388
211 2146 4348391
207 2146 4348394
209 2146 4348397
211 2148 4348400
209 2148 4348403
208 2146 4348406
209 2144 4348409
209 2144 4348412
212 2146 4348415
211 2150 4348418
215 2134 4348421
214 2158 4348424
210 2141 4348427
206 2144 4348430
212 2147 4348433
209 2146 4348436
208 2147 4348439
209 2143 4348442
209 2146 4348445
206 2146 4348448
208 2142 4348451
211 2146 4348454
213 2157 4348457
205 2146 4348460
200 2151 4348463
201 2140 4348466
217 2154 4348469
208 2142 4348472
206 2145 4348475
208 2147 4348478
210 2144 4348481
208 2145 4348484
212 2149 4348487
214 2146 4348490
208 2141 4348493
208 2146 4348496
210 2147 4348499
222 2144 4348502
207 2112 4348505
208 2145 4348508
200 2148 4348511
219 2145 4348514
205 2143 4348517
210 2147 4348520
210 2146 4348523
207 2147 4348526
208 2147 4348529
211 2146 4348532
210 2145 4348535
211 2146 4348538
208 2144 4348541
210 2155 4348544
205 2145 4348547
229 2137 4348550
207 2136 4348553
208 2152 4348556
210 2144 4348559
208 2144 4348562
211 2147 4348565
208 2145 4348568
210 2145 4348571
208 2145 4348574
209 2145 4348577
208 2144 4348580
210 2146 4348583
211 2144 4348586
215 2143 4348589
207 2164 4348592
170 2147 4348595
200 2141 4348598
215 2152 4348601
208 2142 4348604
207 2146 4348607
210 2145 4348610
206 2144 4348613
209 2146 4348616
209 2146 4348619
209 2144 4348622
207 2142 4348625
212 2147 4348628
210 2148 4348631
205 2144 4348634
198 2138 4348637
210 2136 4348640
213 2150 4348643
211 2141 4348646
205 2145 4348649
212 2146 4348652
210 2145 4348655
207 2145 4348658
210 2147 4348661
210 2144 4348664
207 2146 4348667
208 2146 4348670
211 2147 4348673
212 2144 4348676
208 2146 4348679
210 2132 4348682
209 2156 4348685
213 2142 4348688
204 2143 4348691
211 2147 4348694
210 2145 4348697
208 2146 4348700
209 2147 4348703
210 2142 4348706
210 2145 4348709
208 2147 4348712
209 2205 4348715
211 2142 4348718
211 2146 4348721
210 2131 4348724
205 2157 4348727
216 2142 4348730
203 2141 4348733
211 2149 4348736
211 2143 4348739
209 2148 4348742
211 2145 4348745
210 2145 4348748
210 2144 4348751
209 2148 4348754
208 2145 4348757
171 1637 4348760
210 2144 4348763
206 2130 4348766
203 2161 4348769
219 2140 4348772
203 2143 4348775
210 2152 4348778
209 2142 4348781
210 2145 4348784
212 2145 4348787
207 2145 4348790
209 2144 4348793
209 2145 4348796
208 2148 4348799
211 2157 4348802
194 2146 4348805
208 2146 4348808
190 2154 4348811
223 2145 4348814
204 2140 4348817
211 2151 4348820
208 2142 4348823
206 2146 4348826
210 2147 4348829
208 2147 4348832
206 2146 4348835
208 2145 4348838
210 2146 4348841
210 2144 4348844
206 2149 4348847
210 2145 4348850
209 2147 4348853
224 2152 4348856
205 2138 4348859
206 2150 4348862
221 2148 4348865
205 2144 4348868
210 2146 4348871
207 2147 4348874
206 2143 4348877
207 2143 4348880
210 2147 4348883
209 2147 4348886
206 2152 4348889
201 2143 4348892
209 2146 4348895
219 2161 4348898
198 2136 4348901
203 2147 4348904
215 2147 4348907
208 2142 4348910
210 2145 4348913
211 2146 4348916
209 2145 4348919
208 2143 4348922
208 2145 4348925
209 2148 4348928
211 2148 4348931
206 2173 4348934
209 2145 4348937
211 2160 4348940
224 2137 4348943
200 2138 4348946
212 2150 4348949
211 2142 4348952
206 2144 4348955
210 2146 4348958
209 2144 4348961
208 2147 4348964
211 2143 4348967
210 2146 4348970
209 2146 4348973
207 2150 4348976
252 2145 4348979
211 2149 4348982
227 2158 4348985
203 2134 4348988
205 2151 4348991
216 2149 4348994
206 2143 4348997
210 2147 4349001
210 2146 4349004
208 2147 4349007
210 2144 4349010
212 2144 4349013
209 2147 4349016
207 2145 4349019
210 2105 4349022
208 2149 4349025
209 2155 4349028
225 2135 4349031
203 2138 4349033
210 2151 4349036
211 2143 4349039
208 2145 4349042
211 2146 4349045
211 2142 4349048
208 2147 4349051
207 2146 4349054
207 2148 4349057
212 2142 4349060
209 2148 4349063
172 2146 4349066
208 2145 4349069
216 2158 4349072
207 2139 4349075
205 2148 4349078
212 2144 4349081
206 2142 4349084
209 2147 4349087
209 2146 4349090
207 2147 4349093
209 2147 4349096
209 2147 4349099
208 2144 4349102
207 2145 4349105
212 2124 4349108
211 2148 4349111
206 2138 4349114
224 2154 4349117
207 2139 4349120
206 2148 4349123
215 2145 4349126
210 2145 4349129
211 2150 4349132
202 2144 4349135
207 2144 4349138
210 2148 4349141
209 2146 4349144
207 2146 4349147
209 2183 4349150
53 2149 4349153
210 2144 4349156
191 2147 4349159
225 2151 4349162
205 2141 4349165
208 2146 4349168
211 2143 4349171
210 2148 4349174
211 2146 4349177
206 2142 4349180
209 2146 4349183
209 2147 4349186
208 2146 4349189
206 2146 4349192
182 2146 4349195
208 2149 4349198
206 2139 4349201
194 2152 4349204
222 2146 4349207
207 2141 4349210
209 2146 4349213
211 2145 4349216
210 2148 4349219
210 2146 4349222
206 2146 4349225
211 2146 4349228
209 2146 4349231
208 2142 4349234
208 2146 4349237
210 2144 4349240
209 2145 4349243
212 2141 4349246
196 2151 4349249
219 2146 4349252
205 2143 4349255
209 2150 4349258
211 2145 4349261
208 2144 4349264
209 2146 4349267
209 2144 4349270
209 2146 4349273
210 2145 4349276
206 2144 4349279
210 2145 4349282
218 2142 4349285
210 2139 4349288
215 2137 4349291
206 2153 4349294
213 2144 4349297
205 2141 4349300
209 2145 4349303
209 2145 4349306
208 2145 4349309
208 2146 4349312
210 2148 4349315
211 2145 4349318
209 2146 4349321
210 2148 4349324
209 2165 4349327
204 2147 4349330
229 2111 4349333
212 2135 4349336
205 2152 4349339
215 2144 4349342
203 2145 4349345
211 2147 4349348
210 2143 4349351
206 2147 4349354
209 2147 4349357
210 2146 4349360
209 2143 4349363
208 2143 4349366
209 2127 4349369
234 2140 4349372
206 2151 4349375
231 2138 4349378
200 2140 4349381
208 2150 4349384
213 2147 4349387
208 2144 4349390
209 2146 4349393
209 2145 4349396
208 2146 4349399
211 2146 4349402
210 2145 4349405
209 2146 4349408
207 2145 4349411
191 2172 4349414
210 2144 4349417
210 2164 4349420
232 2153 4349423
202 2135 4349426
209 2152 4349429
214 2144 4349432
207 2143 4349435
209 2145 4349438
209 2147 4349441
209 2145 4349444
209 2145 4349447
209 2147 4349450
211 2150 4349453
210 2102 4349456
132 2150 4349459
209 2147 4349462
184 2162 4349465
231 2147 4349468
200 2138 4349471
211 2155 4349474
210 2144 4349477
208 2147 4349480
210 2147 4349483
208 2146 4349486
208 2146 4349489
209 2144 4349492
207 2146 4349495
206 2145 4349498
178 2154 4349501
204 2154 4349504
208 2106 4349507
196 2161 4349510
221 2143 4349513
202 2142 4349516
211 2152 4349519
211 2144 4349522
208 2146 4349525
210 2150 4349528
206 2145 4349531
208 2144 4349534
207 2146 4349537
205 2147 4349540
208 2242 4349543
209 2131 4349546
219 2145 4349549
175 2122 4349552
218 2165 4349555
214 2137 4349558
201 2145 4349561
212 2146 4349564
208 2142 4349567
212 2151 4349570
212 2147 4349573
207 2144 4349576
210 2146 4349579
210 2146 4349582
207 2145 4349585
267 2143 4349588
192 2154 4349591
207 2113 4349594
183 2150 4349597
223 2150 4349600
206 2138 4349603
208 2149 4349606
212 2143 4349609
208 2146 4349612
211 2147 4349615
210 2147 4349618
210 2146 4349621
211 2145 4349624
210 2146 4349627
207 2171 4349630
195 2137 4349633
218 2142 4349636
172 2127 4349639
222 2164 4349642
213 2139 4349645
201 2147 4349648
212 2147 4349651
208 2143 4349654
209 2145 4349657
209 2150 4349660
207 2143 4349663
207 2146 4349666
211 2147 4349669
212 2145 4349672
167 2008 4349675
214 2146 4349678
210 2122 4349681
226 2168 4349684
211 2137 4349687
201 2145 4349690
214 2148 4349693
207 2144 4349696
209 2147 4349699
210 2144 4349702
209 2145 4349705
208 2145 4349708
211 2147 4349711
209 2146 4349714
210 2115 4349717
235 2149 4349720
206 2147 4349723
215 2175 4349726
218 2135 4349729
198 2144 4349732
217 2150 4349735
210 2144 4349738
207 2146 4349741
212 2146 4349744
208 2142 4349747
210 2146 4349750
210 2146 4349753
210 2143 4349756
208 2147 4349759
195 2195 4349762
200 2141 4349765
219 2183 4349768
218 2132 4349771
195 2146 4349774
217 2150 4349777
207 2142 4349780
206 2149 4349783
208 2141 4349786
209 2142 4349789
205 2144 4349792
207 2145 4349795
208 2143 4349798
209 2146 4349801
210 2155 4349804
201 2148 4349807
211 2153 4349810
191 2122 4349813
209 2161 4349816
215 2143 4349819
202 2140 4349822
212 2151 4349825
209 2148 4349828
208 2145 4349831
211 2147 4349834
208 2147 4349837
209 2144 4349840
209 2146 4349843
207 2151 4349846
210 2144 4349849
214 2143 4349852
174 2146 4349855
233 2159 4349858
203 2136 4349861
205 2149 4349864
226 2147 4349867
211 2147 4349870
208 2147 4349873
210 2147 4349876
209 2145 4349879
211 2149 4349882
208 2145 4349885
210 2145 4349888
183 2220 4349891
206 2144 4349894
213 2175 4349897
232 2140 4349900
194 2139 4349903
214 2151 4349906
212 2142 4349909
206 2146 4349912
210 2145 4349915
208 2141 4349918
207 2145 4349921
210 2148 4349924
209 2144 4349927
210 2146 4349930
206 2154 4349933
219 2139 4349936
209 2171 4349939
210 2118 4349942
196 2154 4349945
220 2148 4349948
203 2142 4349951
210 2149 4349954
210 2146 4349957
203 2146 4349960
211 2147 4349963
217 2150 4349966
230 2218 4349969
257 2364 4349972
298 2556 4349975
358 2736 4349978
465 2947 4349981
559 3158 4349984
792 3246 4349987
758 2494 4349990
996 1459 4349993
2090 1521 4349996
2904 2501 4350000
2483 3054 4350003
1404 2619 4350006
689 1684 4350009
702 861 4350012
1201 405 4350015
1820 260 4350018
2313 322 4350021
2674 358 4350024
2897 462 4350027
3040 473 4350030
3082 512 4350033
3153 547 4350036
3180 554 4350039
3200 566 4350042
3220 571 4350045
3224 587 4350047
3232 596 4350050
3232 604 4350053
3225 613 4350056
3230 613 4350059
3235 621 4350062
3225 622 4350065
3238 610 4350068
3206 581 4350071
3228 600 4350074
3219 575 4350077
3200 570 4350080
3210 573 4350083
3207 567 4350086
3208 573 4350089
3214 573 4350092
3216 574 4350095
3217 573 4350098
3219 572 4350101
3218 552 4350104
3260 576 4350107
3221 575 4350110
3212 599 4350113
3242 571 4350116
3214 569 4350119
3231 580 4350122
3229 577 4350125
3232 582 4350128
3237 579 4350131
3232 579 4350134
3236 582 4350137
3233 577 4350140
3233 575 4350143
3225 575 4350146
3234 601 4350149
3219 574 4350152
3249 593 4350155
3205 557 4350158
3222 583 4350161
3230 570 4350164
3217 571 4350167
3224 574 4350170
3224 571 4350173
3221 572 4350176
3223 574 4350179
3224 574 4350182
3225 571 4350185
3224 572 4350188
3228 172 4350191
3210 577 4350194
3216 529 4350197
3206 589 4350200
3232 563 4350203
3208 560 4350206
3216 570 4350209
3211 563 4350212
3210 565 4350215
3210 563 4350218
3208 562 4350221
3207 566 4350224
3206 562 4350227
3207 561 4350230
3205 546 4350233
3238 553 4350236
3200 568 4350239
3242 567 4350242
3189 548 4350245
3207 570 4350248
3207 554 4350251
3165 529 4350254
3124 506 4350257
3094 492 4350260
3085 493 4350263
3084 492 4350266
3086 490 4350269
3087 493 4350272
3086 495 4350275
3089 476 4350278
3092 490 4350281
3079 460 4350284
3072 498 4350287
3099 494 4350290
3083 487 4350293
3086 495 4350296
3085 490 4350299
3086 490 4350302
3087 490 4350305
3085 492 4350308
3084 489 4350311
3086 490 4350314
3085 491 4350317
3047 354 4350320
3093 493 4350323
3084 467 4350326
3102 516 4350329
3088 479 4350332
3077 490 4350335
3091 493 4350338
3086 488 4350341
3083 492 4350344
3088 492 4350347
3084 492 4350350
3087 492 4350353
3086 492 4350356
3085 490 4350359
3087 475 4350362
3125 482 4350365
3084 501 4350368
3123 500 4350371
3074 478 4350374
3087 496 4350377
3089 489 4350380
3081 493 4350383
3086 494 4350386
3083 493 4350389
3082 497 4350392
3083 498 4350395
3083 495 4350398
3082 498 4350401
3081 499 4350404
3091 506 4350407
3075 499 4350410
3106 500 4350413
3055 486 4350416
3090 509 4350419
3083 497 4350422
3078 503 4350425
3083 500 4350428
3078 498 4350431
3074 502 4350434
3081 502 4350437
3080 502 4350440
3079 501 4350443
3080 503 4350446
3214 501 4350449
3063 508 4350452
3075 482 4350455
3047 496 4350458
3092 513 4350461
3079 493 4350464
3076 504 4350467
3079 503 4350470
3080 500 4350473
3078 500 4350476
3081 503 4350479
3080 500 4350482
3080 501 4350485
3077 500 4350488
3080 621 4350491
3079 489 4350494
3088 495 4350497
3040 480 4350500
3092 519 4350503
3087 493 4350506
3073 502 4350509
3084 506 4350512
3079 498 4350515
3080 499 4350518
3082 502 4350521
3079 500 4350524
3081 498 4350527
3081 493 4350530
3079 501 4350533
3054 512 4350536
3077 509 4350539
3076 459 4350542
3072 523 4350545
3098 495 4350548
3072 493 4350551
3084 505 4350554
3082 497 4350557
3081 500 4350560
3081 501 4350563
3083 496 4350566
3083 498 4350569
3082 496 4350572
3079 499 4350575
3085 552 4350578
3056 491 4350581
3089 493 4350584
3043 481 4350587
3099 516 4350590
3083 489 4350593
3074 500 4350596
3086 498 4350599
3081 494 4350602
3084 500 4350605
3080 496 4350608
3084 497 4350611
3082 495 4350614
3082 495 4350617
3083 497 4350620
3147 493 4350623
3065 505 4350626
3080 459 4350629
3062 508 4350632
3100 502 4350635
3077 489 4350638
3080 499 4350641
3085 495 4350644
3081 496 4350647
3085 496 4350650
3084 497 4350653
3083 492 4350656
3085 497 4350659
3083 495 4350662
3084 544 4350665
3087 482 4350668
3092 493 4350671
3067 462 4350674
3077 509 4350677
3095 497 4350680
3076 491 4350683
3085 498 4350686
3085 494 4350689
3082 495 4350692
3086 494 4350695
3087 496 4350698
3086 497 4350701
3086 497 4350704
3084 494 4350707
3083 505 4350710
3085 494 4350713
3082 501 4350716
3062 472 4350719
3083 507 4350722
3091 493 4350725
3078 492 4350728
3086 495 4350731
3086 496 4350734
3085 493 4350737
3084 492 4350740
3085 492 4350743
3083 493 4350746
3086 492 4350749
3087 494 4350752
3088 515 4350755
3079 494 4350758
3109 493 4350761
3059 479 4350764
3090 504 4350767
3089 488 4350770
3079 492 4350773
3089 495 4350776
3084 491 4350779
3083 489 4350782
3085 493 4350785
3083 493 4350788
3085 494 4350791
3084 491 4350794
3085 483 4350797
3131 487 4350800
3085 515 4350803
3118 487 4350806
3066 483 4350809
3091 500 4350812
3089 490 4350815
3081 494 4350818
3088 497 4350821
3085 495 4350824
3085 494 4350827
3086 494 4350830
3085 492 4350833
3087 495 4350836
3084 491 4350839
3064 538 4350842
3083 493 4350845
3086 505 4350848
3107 493 4350851
3078 488 4350854
3087 497 4350857
3087 489 4350860
3082 493 4350863
3087 494 4350866
3085 492 4350869
3084 491 4350872
3084 491 4350875
3084 492 4350878
3086 490 4350881
3084 490 4350884
3036 498 4350887
3087 491 4350890
3079 498 4350893
3097 489 4350896
3087 490 4350899
3086 491 4350902
3082 492 4350905
3084 492 4350908
3085 492 4350911
3086 492 4350914
3084 495 4350917
3087 493 4350920
3086 493 4350923
3085 494 4350926
3066 493 4350929
3084 497 4350932
3086 493 4350935
3076 491 4350938
3092 490 4350941
3086 490 4350944
3085 491 4350947
3086 494 4350950
3088 491 4350953
3086 495 4350956
3086 492 4350959
3087 493 4350962
3087 490 4350965
3087 493 4350968
3085 492 4350971
3086 494 4350974
3087 491 4350977
3094 492 4350980
3083 494 4350983
3085 492 4350986
3088 492 4350989
3085 491 4350992
3085 492 4350995
3084 493 4350998
3086 491 4351002
3084 488 4351005
3086 494 4351008
3087 491 4351011
3088 495 4351014
3087 495 4351017
3093 490 4351020
3086 492 4351023
3090 492 4351026
3085 490 4351029
3085 491 4351032
3086 489 4351035
3085 491 4351038
3083 491 4351041
3083 493 4351044
3085 494 4351046
3088 491 4351049
3088 491 4351052
3085 495 4351055
3086 491 4351058
3085 493 4351061
3086 491 4351064
3089 493 4351067
3085 492 4351070
3084 489 4351073
3086 492 4351076
3086 493 4351079
3086 490 4351082
3086 492 4351085
3088 492 4351088
3088 493 4351091
3085 492 4351094
3087 494 4351097
3088 491 4351100
3087 495 4351103
3085 492 4351106
3087 495 4351109
3089 492 4351112
3085 491 4351115
3087 495 4351118
3086 491 4351121
3087 492 4351124
3087 493 4351127
3087 492 4351130
3085 492 4351133
3086 490 4351136
3083 490 4351139
3085 492 4351142
3086 685 4351145
3084 494 4351148
3086 493 4351151
3087 490 4351154
3083 489 4351157
3086 493 4351160
3086 488 4351163
3082 490 4351166
3087 491 4351169
3084 491 4351172
3087 490 4351175
3086 490 4351178
3087 491 4351181
3086 502 4351184
3087 491 4351187
3184 73 4351190
3085 493 4351193
3091 491 4351196
3082 489 4351199
3087 492 4351202
3086 489 4351205
3089 489 4351208
3087 492 4351211
3087 493 4351214
3089 492 4351217
3086 491 4351220
3086 492 4351223
3086 492 4351226
3087 491 4351229
3084 514 4351232
3118 491 4351235
3085 491 4351238
3085 489 4351241
3087 495 4351244
3087 493 4351247
3085 494 4351250
3088 492 4351253
3086 492 4351256
3086 492 4351259
3086 491 4351262
3084 488 4351265
3086 489 4351268
3085 491 4351271
3087 489 4351274
3088 437 4351277
3085 492 4351280
3084 489 4351283
3088 489 4351286
3086 489 4351289
3085 493 4351292
3087 489 4351295
3084 489 4351298
3085 494 4351301
3085 492 4351304
3087 490 4351307
3086 493 4351310
3084 492 4351313
3088 492 4351316
3086 489 4351319
3084 490 4351322
3085 492 4351325
3089 492 4351328
3083 488 4351331
3085 493 4351334
3087 489 4351337
3087 490 4351340
3085 495 4351343
3088 493 4351346
3086 490 4351349
3086 491 4351352
3085 491 4351355
3087 492 4351358
3088 490 4351361
3081 481 4351364
3087 493 4351367
3090 491 4351370
3085 491 4351373
3085 493 4351376
3086 492 4351379
3087 493 4351382
3085 491 4351385
3085 491 4351388
3085 492 4351391
3086 490 4351394
3082 490 4351397
3086 490 4351400
3085 490 4351403
3328 491 4351406
3092 494 4351409
3085 493 4351412
3084 487 4351415
3084 491 4351418
3086 490 4351421
3085 490 4351424
3086 491 4351427
3083 492 4351430
3086 490 4351433
3086 488 4351436
3087 491 4351439
3086 492 4351442
3086 491 4351445
3087 458 4351448
3091 489 4351451
3085 490 4351454
3083 488 4351457
3087 495 4351460
3084 490 4351463
3088 491 4351466
3085 492 4351469
3087 492 4351472
3088 494 4351475
3086 493 4351478
3086 493 4351481
3085 492 4351484
3085 492 4351487
3087 492 4351490
3097 610 4351493
3086 492 4351496
3087 489 4351499
3083 494 4351502
3087 491 4351505
3085 495 4351508
3085 494 4351511
3088 494 4351514
3086 492 4351517
3086 491 4351520
3086 488 4351523
3087 493 4351526
3086 490 4351529
3089 484 4351532
3085 492 4351535
3115 490 4351538
3087 490 4351541
3088 493 4351544
3088 489 4351547
3085 490 4351550
3087 489 4351553
3085 492 4351556
3086 492 4351559
3083 487 4351562
3087 490 4351565
3086 490 4351568
3088 489 4351571
3087 491 4351574
3086 493 4351577
3084 496 4351580
3086 490 4351583
3089 492 4351586
3084 489 4351589
3089 493 4351592
3086 489 4351595
3086 492 4351598
3086 493 4351601
3087 490 4351604
3084 492 4351607
3086 489 4351610
3085 492 4351613
3085 491 4351616
3087 492 4351619
3873 490 4351622
3093 490 4351625
3085 495 4351628
3087 491 4351631
3085 493 4351634
3089 490 4351637
3086 493 4351640
3086 490 4351643
3088 492 4351646
3088 489 4351649
3085 489 4351652
3086 492 4351655
3087 492 4351658
3084 490 4351661
3088 381 4351664
3099 487 4351667
3085 489 4351670
3087 489 4351673
3083 494 4351676
3088 491 4351679
3084 487 4351682
3086 491 4351685
3086 491 4351688
3087 489 4351691
3086 489 4351694
3087 491 4351697
3086 490 4351700
3088 488 4351703
3086 492 4351706
3032 851 4351709
3087 490 4351712
3086 485 4351715
3082 493 4351718
3088 491 4351721
3087 490 4351724
3083 490 4351727
3088 493 4351730
3085 488 4351733
3086 490 4351736
3084 492 4351739
3086 491 4351742
3086 492 4351745
3084 491 4351748
3084 518 4351751
3026 492 4351754
3087 493 4351757
3082 492 4351760
3089 493 4351763
3085 489 4351766
3086 492 4351769
3085 492 4351772
3086 493 4351775
3086 492 4351778
3084 489 4351781
3085 492 4351784
3085 490 4351787
3084 493 4351790
3083 492 4351793
3097 543 4351796
3086 490 4351799
3084 489 4351802
3088 495 4351805
3086 492 4351808
3086 492 4351811
3086 491 4351814
3086 493 4351817
3085 493 4351820
3086 492 4351823
3084 489 4351826
3085 492 4351829
3084 489 4351832
3085 489 4351835
3085 497 4351838
3056 490 4351841
3086 484 4351844
3084 493 4351847
3092 491 4351850
3086 491 4351853
3087 492 4351856
3085 486 4351859
3085 491 4351862
3085 489 4351865
3087 490 4351868
3085 493 4351871
3086 490 4351874
3084 492 4351877
3085 492 4351880
3081 516 4351883
3086 490 4351886
3086 494 4351889
3085 490 4351892
3087 491 4351895
3086 491 4351898
3085 487 4351901
3086 493 4351904
3087 491 4351907
3085 491 4351910
3085 490 4351913
3088 491 4351916
3088 492 4351919
3088 493 4351922
3084 492 4351925
3049 492 4351928
3087 490 4351931
3087 493 4351934
3087 492 4351937
3083 491 4351940
3086 491 4351943
3087 489 4351946
3087 492 4351949
3086 494 4351952
3087 490 4351955
3085 489 4351958
3087 490 4351961
3085 491 4351964
3088 491 4351967
3086 441 4351970
3086 490 4351973
3084 494 4351976
3089 487 4351979
3084 489 4351982
3086 492 4351985
3088 492 4351988
3084 490 4351991
3087 492 4351994
3084 488 4351997
3086 488 4352001
3086 489 4352004
3083 490 4352007
3085 489 4352010
3089 485 4352013
3052 495 4352016
3085 488 4352019
3087 494 4352022
3086 491 4352025
3083 492 4352028
3088 491 4352031
3089 491 4352034
3086 489 4352037
3088 491 4352040
3086 491 4352043
3086 489 4352045
3086 493 4352048
3086 492 4352051
3087 490 4352054
3092 529 4352057
3086 492 4352060
3081 493 4352063
3089 492 4352066
3088 490 4352069
3086 493 4352072
3087 489 4352075
3087 491 4352078
3087 490 4352081
3085 489 4352084
3086 489 4352087
3086 492 4352090
3083 491 4352093
3087 490 4352096
3087 497 4352099
3104 492 4352102
3087 491 4352105
3087 490 4352108
3085 490 4352111
3085 494 4352114
3088 491 4352117
3083 489 4352120
3086 493 4352123
3084 490 4352126
3084 489 4352129
3086 493 4352132
3083 494 4352135
3087 491 4352138
3086 492 4352141
3091 475 4352144
3087 492 4352147
3087 493 4352150
3084 491 4352153
3083 490 4352156
3085 490 4352159
3087 489 4352162
3085 492 4352165
3085 492 4352168
3087 490 4352171
3084 490 4352174
3085 493 4352177
3088 492 4352180
3086 492 4352183
3084 506 4352186
3078 493 4352189
3088 489 4352192
3086 493 4352195
3085 488 4352198
3084 494 4352201
3088 492 4352204
3087 491 4352207
3088 493 4352210
3086 494 4352213
3086 491 4352216
3084 490 4352219
3087 493 4352222
3085 491 4352225
3085 487 4352228
3078 496 4352231
3086 491 4352234
3085 492 4352237
3087 490 4352240
3084 491 4352243
3084 492 4352246
3086 492 4352249
3083 491 4352252
3087 493 4352255
3087 491 4352258
3088 488 4352261
3084 491 4352264
3086 488 4352267
3087 491 4352270
3086 489 4352273
3091 491 4352276
3088 493 4352279
3089 493 4352282
3081 489 4352285
3087 492 4352288
3087 490 4352291
3085 490 4352294
3087 492 4352297
3089 490 4352300
3086 493 4352303
3086 491 4352306
3088 491 4352309
3086 491 4352312
3087 491 4352315
3087 489 4352318
3088 491 4352321
3089 491 4352324
3085 491 4352327
3086 492 4352330
3088 492 4352333
3087 492 4352336
3086 491 4352339
3086 491 4352342
3088 490 4352345
3086 491 4352348
3084 487 4352351
3087 491 4352354
3085 489 4352357
2963 490 4352360
3089 490 4352363
3087 494 4352366
3087 490 4352369
3084 489 4352372
3087 489 4352375
3084 492 4352378
3087 492 4352381
3083 491 4352384
3091 490 4352387
3085 490 4352390
3087 490 4352393
3087 492 4352396
3087 493 4352399
3089 385 4352402
3086 490 4352405
3086 491 4352408
3087 489 4352411
3083 493 4352414
3087 490 4352417
3086 490 4352420
3085 491 4352423
3088 489 4352426
3086 491 4352429
3086 492 4352432
3087 493 4352435
3085 490 4352438
3086 491 4352441
3087 491 4352444
3092 494 4352447
3085 490 4352450
3087 494 4352453
3087 489 4352456
3084 490 4352459
3086 493 4352462
3087 494 4352465
3086 493 4352468
3085 492 4352471
3086 493 4352474
3084 493 4352477
3085 493 4352480
3083 489 4352483
3084 494 4352486
3075 408 4352489
3085 486 4352492
3086 489 4352495
3085 495 4352498
3088 491 4352501
3087 487 4352504
3085 493 4352507
3086 493 4352510
3087 497 4352513
3085 489 4352516
3084 492 4352519
3085 489 4352522
3081 489 4352525
3084 492 4352528
3085 495 4352531
3094 491 4352534
3086 495 4352537
3087 491 4352540
3084 491 4352543
3086 493 4352546
3083 490 4352549
3084 492 4352552
3085 491 4352555
3086 491 4352558
3086 493 4352561
3087 493 4352564
3085 491 4352567
3085 492 4352570
3085 434 4352573
3024 494 4352576
3087 491 4352579
3081 489 4352582
3086 494 4352585
3086 490 4352588
3086 489 4352591
3086 494 4352594
3085 492 4352597
3086 492 4352600
3087 489 4352603
3086 490 4352606
3086 494 4352609
3089 490 4352612
3084 491 4352615
3096 447 4352618
3085 490 4352621
3083 490 4352624
3089 495 4352627
3087 490 4352630
3088 491 4352633
3087 491 4352636
3085 492 4352639
3086 491 4352642
3088 490 4352645
3083 492 4352648
3086 491 4352651
3087 490 4352654
3087 490 4352657
3085 494 4352660
3071 491 4352663
3086 490 4352666
3087 491 4352669
3086 488 4352672
3086 490 4352675
3087 491 4352678
3084 489 4352681
3087 490 4352684
3085 489 4352687
3088 490 4352690
3085 489 4352693
3086 490 4352696
3088 491 4352699
3085 488 4352702
3073 539 4352705
3087 492 4352708
3082 492 4352711
3086 492 4352714
3088 489 4352717
3085 491 4352720
3088 490 4352723
3086 492 4352726
3086 491 4352729
3085 492 4352732
3087 490 4352735
3086 490 4352738
756 585 4338335
759 586 4338338
730 614 4338341
759 583 4338344
757 571 4338347
764 586 4338350
750 582 4338353
758 586 4338356
759 581 4338359
754 584 4338362
757 585 4338365
755 585 4338368
757 587 4338371
755 584 4338374
756 585 4338377
755 582 4338380
753 647 4338383
752 583 4338386
757 581 4338389
732 595 4338392
755 590 4338395
759 581 4338398
752 587 4338401
760 587 4338404
755 584 4338407
757 585 4338410
756 586 4338413
756 582 4338416
756 587 4338419
756 585 4338422
758 587 4338425
755 590 4338428
752 587 4338431
755 603 4338434
755 573 4338437
752 579 4338440
762 586 4338443
751 581 4338446
755 587 4338449
759 584 4338452
756 586 4338455
758 587 4338458
757 584 4338461
754 582 4338464
755 586 4338467
758 549 4338470
792 583 4338473
757 581 4338476
748 589 4338479
765 578 4338482
751 588 4338485
758 588 4338488
758 582 4338491
754 583 4338494
758 584 4338497
757 584 4338500
757 583 4338503
755 583 4338506
756 584 4338509
756 584 4338512
762 595 4338515
759 584 4338518
771 572 4338521
750 585 4338524
756 589 4338527
757 579 4338530
756 589 4338533
760 584 4338536
750 582 4338539
756 585 4338542
755 584 4338545
758 582 4338548
756 586 4338551
758 587 4338554
740 578 4338557
759 581 4338560
754 581 4338563
761 593 4338566
751 579 4338569
754 584 4338572
760 584 4338575
755 584 4338578
754 583 4338581
757 584 4338584
755 587 4338587
760 586 4338590
755 585 4338593
759 587 4338596
756 589 4338599
771 582 4338602
755 599 4338605
755 572 4338608
758 580 4338611
762 584 4338614
756 584 4338617
759 588 4338620
758 584 4338623
756 583 4338626
756 582 4338629
754 584 4338632
759 582 4338635
753 582 4338638
757 653 4338641
751 578 4338644
756 581 4338647
730 591 4338650
752 592 4338653
759 577 4338656
754 583 4338659
760 586 4338662
755 584 4338665
758 585 4338668
756 584 4338671
757 582 4338674
755 581 4338677
758 582 4338680
756 587 4338683
748 546 4338686
757 584 4338689
755 594 4338692
755 592 4338695
755 576 4338698
756 583 4338701
757 584 4338704
756 581 4338707
757 584 4338710
757 584 4338713
757 586 4338716
761 585 4338719
759 585 4338722
755 583 4338725
757 561 4338728
783 586 4338731
756 584 4338734
748 595 4338737
761 578 4338740
752 586 4338743
760 586 4338746
755 584 4338749
756 586 4338752
756 586 4338755
754 583 4338758
758 585 4338761
757 585 4338764
756 584 4338767
754 583 4338770
755 784 4338773
752 581 4338776
759 600 4338779
760 595 4338782
757 575 4338785
756 586 4338788
759 585 4338791
752 582 4338794
757 586 4338797
756 586 4338800
753 584 4338803
756 585 4338806
755 583 4338809
758 586 4338812
757 587 4338815
762 583 4338818
757 581 4338821
738 567 4338824
761 587 4338827
764 580 4338830
752 589 4338833
758 585 4338836
757 582 4338839
754 585 4338842
758 581 4338845
756 584 4338848
756 584 4338851
758 585 4338854
757 582 4338857
755 558 4338860
756 587 4338863
754 583 4338866
766 589 4338869
749 576 4338872
760 586 4338875
760 580 4338878
755 584 4338881
758 586 4338884
756 583 4338887
755 584 4338890
755 582 4338893
755 585 4338896
759 585 4338899
757 582 4338902
758 593 4338905
751 586 4338908
756 575 4338911
738 592 4338914
753 589 4338917
757 581 4338920
754 583 4338923
758 584 4338926
756 583 4338929
758 584 4338932
756 582 4338935
757 588 4338938
756 583 4338941
757 582 4338944
758 585 4338947
809 581 4338950
758 585 4338953
757 641 4338956
748 587 4338959
762 580 4338962
751 584 4338965
756 583 4338968
755 583 4338971
756 583 4338974
757 582 4338977
758 581 4338980
757 587 4338983
757 585 4338986
757 581 4338989
755 587 4338992
790 734 4338995
759 582 4339000
759 590 4339003
758 595 4339006
755 577 4339009
761 585 4339012
755 587 4339015
756 582 4339018
759 586 4339021
757 585 4339024
757 584 4339027
756 585 4339030
757 581 4339033
758 584 4339036
824 587 4339039
760 552 4339042
757 584 4339045
755 573 4339048
760 591 4339051
750 576 4339054
759 582 4339057
754 584 4339060
756 582 4339063
758 585 4339065
757 589 4339068
760 583 4339071
758 583 4339075
757 581 4339077
757 586 4339080
697 583 4339083
754 583 4339086
758 583 4339089
763 558 4339092
763 584 4339095
750 582 4339098
757 581 4339101
755 585 4339104
755 578 4339108
756 582 4339110
757 586 4339113
755 582 4339116
756 584 4339119
757 585 4339122
756 586 4339125
757 584 4339128
753 597 4339131
757 583 4339134
740 585 4339137
757 597 4339141
760 585 4339143
753 581 4339146
758 583 4339149
754 585 4339152
756 583 4339155
761 583 4339158
756 585 4339161
757 583 4339164
757 583 4339167
756 581 4339170
758 586 4339174
746 566 4339176
754 585 4339179
766 591 4339182
747 575 4339185
759 587 4339188
756 588 4339191
756 579 4339194
757 586 4339197
757 584 4339200
759 584 4339203
757 583 4339207
756 580 4339209
758 585 4339212
755 581 4339215
757 586 4339218
854 543 4339221
757 583 4339224
750 585 4339227
765 589 4339230
749 579 4339233
760 583 4339236
759 587 4339240
757 578 4339242
756 592 4339245
754 582 4339248
757 585 4339251
758 583 4339254
757 584 4339257
758 589 4339260
757 584 4339263
764 583 4339266
757 577 4339269
731 586 4339273
752 583 4339275
758 588 4339278
753 578 4339281
757 589 4339284
757 584 4339287
756 584 4339290
758 586 4339293
755 583 4339296
757 582 4339299
759 583 4339302
758 585 4339306
757 581 4339308
751 584 4339311
752 603 4339314
773 584 4339317
744 572 4339320
755 592 4339323
757 590 4339326
756 578 4339329
758 586 4339332
754 585 4339335
