3213 317 3008117
3193 328 3008120
3207 290 3008123
3192 316 3008126
3187 327 3008129
3192 321 3008132
3187 320 3008135
3192 320 3008138
3182 319 3008141
3186 322 3008144
3191 321 3008147
3190 324 3008150
3190 323 3008153
3177 10 3008156
3189 325 3008159
3189 320 3008162
3175 329 3008165
3199 310 3008168
3187 314 3008171
3188 325 3008174
3192 319 3008177
3188 321 3008180
3190 323 3008183
3189 324 3008186
3186 319 3008189
3190 324 3008192
3191 318 3008195
3189 323 3008198
3190 322 3008201
3177 317 3008204
3179 317 3008207
3197 328 3008210
3189 320 3008213
3187 323 3008216
3192 324 3008219
3189 320 3008222
3190 324 3008225
3191 322 3008228
3187 322 3008231
3188 321 3008234
3190 321 3008237
3195 318 3008240
3189 321 3008243
3204 333 3008246
3187 317 3008249
3187 326 3008252
3191 321 3008255
3189 320 3008258
3189 321 3008261
3188 326 3008264
3190 321 3008267
3190 319 3008270
3189 322 3008273
3188 320 3008276
3189 348 3008279
3190 322 3008282
3189 306 3008285
3199 335 3008288
3190 316 3008291
3183 322 3008294
3192 326 3008297
3187 318 3008300
3188 322 3008303
3192 323 3008306
3188 320 3008309
3191 321 3008312
3191 323 3008315
3189 265 3008318
3189 317 3008321
3191 322 3008324
3197 311 3008327
3181 333 3008330
3197 321 3008333
3184 317 3008336
3190 322 3008339
3190 319 3008342
3187 323 3008345
3192 322 3008348
3190 323 3008351
3187 320 3008354
3188 322 3008357
3192 324 3008360
3204 320 3008363
3191 344 3008366
3154 322 3008369
3181 318 3008372
3195 329 3008375
3190 319 3008378
3190 323 3008381
3191 324 3008384
3187 321 3008387
3189 323 3008390
3191 321 3008393
3186 322 3008396
3188 321 3008399
3186 329 3008402
3191 322 3008405
3189 309 3008408
3201 332 3008411
3189 316 3008414
3186 324 3008417
3192 323 3008420
3187 321 3008423
3188 323 3008426
3188 320 3008429
3189 323 3008432
3189 318 3008435
3190 322 3008438
3190 377 3008441
3190 318 3008444
3190 320 3008447
3193 319 3008450
3175 321 3008453
3198 322 3008456
3186 317 3008459
3189 323 3008462
3189 320 3008465
3185 319 3008468
3189 320 3008471
3189 320 3008474
3190 322 3008477
3188 322 3008480
3190 324 3008483
3194 319 3008486
3189 324 3008489
3205 333 3008492
3184 314 3008495
3185 326 3008498
3194 320 3008501
3190 323 3008504
3189 324 3008507
3188 321 3008510
3187 322 3008513
3190 323 3008516
3187 320 3008519
3188 322 3008522
3217 0 3008525
3189 325 3008528
3188 319 3008531
3176 328 3008534
3201 324 3008537
3182 317 3008540
3189 322 3008543
3189 323 3008546
3188 321 3008549
3188 320 3008552
3190 321 3008555
3191 322 3008558
3189 322 3008561
3188 318 3008564
3190 325 3008567
3187 323 3008570
3205 320 3008573
3189 313 3008576
3188 329 3008579
3192 320 3008582
3186 319 3008585
3189 322 3008588
3189 321 3008591
3189 321 3008594
3191 323 3008597
3190 321 3008600
3191 325 3008603
3189 330 3008606
3216 318 3008609
3189 324 3008612
3186 341 3008615
3197 317 3008618
3187 318 3008621
3194 325 3008624
3191 322 3008627
3189 323 3008630
3192 322 3008633
3189 324 3008636
3189 319 3008639
3193 322 3008642
3190 324 3008645
3051 323 3008648
3186 322 3008651
3190 325 3008654
3187 309 3008657
3187 332 3008660
3193 319 3008663
3187 321 3008666
3190 325 3008669
3189 319 3008672
3189 319 3008675
3189 322 3008678
3189 319 3008681
3188 319 3008684
3188 323 3008687
3185 290 3008690
3189 322 3008693
3191 324 3008696
3206 327 3008699
3182 311 3008702
3185 325 3008705
3191 322 3008708
3187 320 3008711
3190 322 3008714
3188 321 3008717
3188 324 3008720
3190 321 3008723
3189 322 3008726
3189 281 3008729
3188 318 3008732
3192 323 3008735
3193 325 3008738
3177 323 3008741
3200 326 3008744
3185 319 3008747
3186 323 3008750
3189 324 3008753
3189 322 3008756
3191 324 3008759
3190 325 3008762
3191 322 3008765
3190 322 3008768
3189 318 3008771
3209 319 3008774
3187 322 3008777
3196 336 3008780
3166 317 3008783
3184 323 3008786
3195 324 3008789
3188 321 3008792
3188 325 3008795
3191 321 3008798
3190 321 3008801
3188 334 3008804
3189 321 3008807
3188 323 3008810
3191 322 3008813
3188 319 3008816
3189 313 3008819
3196 310 3008822
3184 330 3008825
3197 323 3008828
3187 320 3008831
3190 323 3008834
3188 319 3008837
3187 319 3008840
3189 321 3008843
3188 320 3008846
3186 321 3008849
3189 325 3008852
3197 278 3008855
3192 326 3008858
3189 309 3008861
3180 332 3008864
3196 317 3008867
3183 318 3008870
3191 323 3008873
3188 321 3008876
3188 322 3008879
3187 323 3008882
3189 323 3008885
3190 321 3008888
3190 323 3008891
3190 321 3008894
3171 365 3008897
3186 320 3008900
3188 334 3008903
3208 324 3008906
3181 312 3008909
3187 327 3008912
3192 319 3008915
3189 320 3008918
3191 325 3008921
3189 327 3008924
3191 322 3008927
3190 321 3008930
3192 323 3008933
3188 321 3008936
3165 399 3008939
3186 321 3008942
3192 352 3008945
3211 319 3008948
3175 313 3008951
3195 330 3008954
3191 322 3008957
3188 320 3008960
3191 321 3008963
3190 321 3008966
3189 319 3008969
3190 323 3008972
3187 330 3008975
3200 356 3008978
3189 369 3008981
3215 332 3008984
3159 301 3008987
3115 267 3008990
3037 232 3008993
3061 298 3008996
3204 402 3009000
3354 481 3009003
3424 479 3009006
3389 429 3009009
3299 363 3009012
3207 308 3009015
3130 267 3009018
3063 237 3009021
3010 203 3009024
2909 185 3009027
2857 127 3009030
2771 133 3009032
2772 132 3009035
2727 105 3009038
2706 113 3009041
2704 112 3009044
2696 108 3009047
2698 111 3009050
2696 107 3009053
2693 108 3009056
2694 106 3009059
2693 107 3009062
2690 83 3009065
2730 107 3009068
2689 107 3009071
2694 136 3009074
2701 93 3009077
2659 93 3009080
2656 99 3009083
2631 84 3009086
2620 87 3009089
2616 88 3009092
2617 89 3009095
2620 88 3009098
2627 92 3009101
2631 92 3009104
2630 93 3009107
2611 167 3009110
2630 88 3009113
2642 135 3009116
2654 83 3009119
2626 90 3009122
2646 100 3009125
2640 88 3009128
2633 96 3009131
2641 93 3009134
2639 94 3009137
2642 96 3009140
2643 95 3009143
2646 94 3009146
2646 95 3009149
2644 47 3009152
2551 97 3009155
2643 95 3009158
2638 124 3009161
2656 87 3009164
2627 89 3009167
2644 103 3009170
2640 91 3009173
2639 94 3009176
2642 93 3009179
2639 94 3009182
2638 93 3009185
2638 93 3009188
2639 93 3009191
2640 94 3009194
2636 103 3009197
2643 94 3009200
2637 90 3009203
2612 75 3009206
2644 109 3009209
2647 90 3009212
2632 93 3009215
2640 93 3009218
2636 90 3009221
2636 94 3009224
2636 92 3009227
2633 91 3009230
2633 94 3009233
2634 92 3009236
2633 91 3009239
2793 93 3009242
2611 99 3009245
2626 48 3009248
2606 105 3009251
2645 93 3009254
2621 87 3009257
2617 90 3009260
2522 64 3009263
2428 52 3009266
2383 43 3009269
2365 42 3009272
2364 46 3009275
2365 41 3009278
2363 42 3009281
2363 42 3009284
2365 54 3009287
2365 43 3009290
2364 26 3009293
2327 33 3009296
2375 55 3009299
2368 34 3009302
2360 46 3009305
2367 48 3009308
2362 42 3009311
2365 44 3009314
2363 42 3009317
2364 43 3009320
2365 43 3009323
2363 41 3009326
2361 43 3009329
2364 12 3009332
2391 42 3009335
2361 53 3009338
2402 60 3009341
2351 26 3009344
2362 49 3009347
2369 42 3009350
2360 43 3009353
2365 46 3009356
2365 41 3009359
2361 45 3009362
2366 45 3009365
2363 42 3009368
2363 45 3009371
2365 45 3009374
2363 40 3009377
2351 79 3009380
2354 42 3009383
2386 31 3009386
2338 35 3009389
2374 54 3009392
2364 38 3009395
2360 43 3009398
2368 44 3009401
2364 44 3009404
2364 44 3009407
2365 40 3009410
2362 44 3009413
2363 45 3009416
2365 41 3009419
2365 44 3009422
2363 52 3009425
2381 38 3009428
2366 44 3009431
2336 31 3009434
2370 64 3009437
2369 42 3009440
2359 45 3009443
2368 52 3009446
2362 50 3009449
2363 53 3009452
2366 52 3009455
2364 57 3009458
2363 52 3009461
2365 53 3009464
2365 59 3009467
2367 56 3009470
2359 90 3009473
2355 55 3009476
2376 38 3009479
2337 54 3009482
2377 64 3009485
2364 52 3009488
2361 61 3009491
2367 56 3009494
2363 58 3009497
2365 61 3009500
2366 61 3009503
2361 58 3009506
2362 57 3009509
2363 59 3009512
2364 58 3009515
2364 38 3009518
2408 53 3009521
2363 86 3009524
2388 36 3009527
2345 56 3009530
2374 66 3009533
2365 52 3009536
2362 59 3009539
2366 56 3009542
2362 54 3009545
2365 54 3009548
2364 54 3009551
2363 58 3009554
2365 57 3009557
2360 53 3009560
2364 55 3009563
2353 89 3009566
2357 56 3009569
2375 34 3009572
2340 53 3009575
2374 65 3009578
2360 48 3009581
2361 55 3009584
2365 57 3009587
2363 53 3009590
2363 52 3009593
2367 56 3009596
2364 53 3009599
2365 55 3009602
2363 51 3009605
2366 53 3009608
2364 64 3009611
2355 54 3009614
2363 12 3009617
2339 64 3009620
2384 56 3009623
2358 43 3009626
2366 59 3009629
2370 51 3009632
2362 51 3009635
2363 54 3009638
2365 49 3009641
2362 51 3009644
2363 48 3009647
2363 50 3009650
2365 52 3009653
2365 80 3009656
2132 48 3009659
2371 49 3009662
2361 81 3009665
2381 44 3009668
2351 46 3009671
2368 54 3009674
2365 46 3009677
2360 50 3009680
2364 51 3009683
2364 48 3009686
2364 50 3009689
2364 49 3009692
2365 52 3009695
2364 49 3009698
2361 51 3009701
2340 113 3009704
2362 44 3009707
2384 83 3009710
2354 26 3009713
2357 56 3009716
2372 49 3009719
2359 46 3009722
2364 52 3009725
2363 48 3009728
2366 48 3009731
2364 49 3009734
2364 50 3009737
2364 46 3009740
2362 45 3009743
2362 47 3009746
2364 53 3009749
2380 42 3009752
2364 37 3009755
2332 37 3009758
2376 60 3009761
2368 38 3009764
2357 52 3009767
2369 49 3009770
2363 44 3009773
2364 50 3009776
2364 49 3009779
2365 46 3009782
2365 45 3009785
2364 48 3009788
2364 48 3009791
2368 48 3009794
2311 51 3009797
2365 48 3009800
2373 80 3009803
2376 42 3009806
2352 44 3009809
2366 50 3009812
2362 42 3009815
2364 46 3009818
2366 48 3009821
2362 46 3009824
2363 45 3009827
2364 48 3009830
2361 48 3009833
2363 46 3009836
2364 43 3009839
2371 52 3009842
2360 45 3009845
2348 10 3009848
2356 59 3009851
2377 48 3009854
2357 40 3009857
2365 50 3009860
2367 44 3009863
2362 47 3009866
2365 46 3009869
2364 44 3009872
2361 46 3009875
2366 44 3009878
2364 44 3009881
2364 47 3009884
2354 75 3009887
2353 42 3009890
2390 46 3009893
2335 34 3009896
2372 57 3009899
2366 41 3009902
2362 45 3009905
2366 46 3009908
2362 43 3009911
2363 43 3009914
2366 48 3009917
2365 48 3009920
2364 43 3009923
2363 46 3009926
2367 48 3009929
2342 94 3009932
2355 43 3009935
2388 74 3009938
2349 26 3009941
2359 53 3009944
2370 45 3009947
2357 45 3009950
2366 45 3009953
2363 42 3009956
2363 46 3009959
2366 48 3009962
2363 46 3009965
2362 44 3009968
2366 45 3009971
2362 46 3009974
2366 72 3009977
2358 47 3009980
2382 33 3009983
2338 41 3009986
2374 53 3009989
2365 41 3009992
2361 40 3009995
2368 46 3009998
2362 40 3010002
2361 46 3010005
2368 45 3010008
2365 44 3010011
2365 45 3010014
2366 44 3010017
2363 69 3010020
2477 39 3010023
2369 42 3010026
2330 55 3010029
2388 52 3010032
2353 33 3010035
2363 49 3010038
2368 42 3010040
2362 43 3010043
2362 46 3010046
2365 44 3010049
2364 45 3010052
2363 42 3010055
2364 47 3010058
2365 46 3010061
2362 47 3010064
2395 36 3010067
2365 69 3010070
2364 14 3010073
2348 52 3010076
2375 46 3010079
2359 40 3010082
2366 46 3010085
2365 41 3010088
2363 46 3010091
2364 43 3010094
2366 45 3010097
2365 45 3010100
2365 43 3010103
2364 41 3010106
2344 77 3010109
2355 41 3010112
2382 84 3010115
2361 22 3010118
2351 47 3010121
2370 47 3010124
2364 42 3010127
2364 47 3010130
2368 56 3010133
2365 42 3010136
2364 43 3010139
2362 43 3010142
2363 43 3010145
2364 41 3010148
2367 31 3010151
2413 35 3010154
2364 67 3010157
2397 29 3010160
2344 40 3010163
2371 54 3010166
2365 36 3010169
2362 42 3010172
2365 44 3010175
2363 42 3010178
2366 44 3010181
2366 46 3010184
2361 45 3010187
2364 44 3010190
2366 42 3010193
2373 39 3010196
2367 45 3010199
2363 11 3010202
2347 52 3010205
2375 47 3010208
2358 36 3010211
2363 45 3010214
2365 41 3010217
2360 40 3010220
2365 47 3010223
2365 43 3010226
2363 45 3010229
2368 43 3010232
2366 41 3010235
2348 82 3010238
2366 43 3010241
2363 46 3010244
2392 57 3010247
2356 31 3010250
2360 48 3010253
2369 40 3010256
2362 44 3010259
2365 48 3010262
2365 43 3010265
2364 43 3010268
2365 45 3010271
2363 43 3010274
2362 41 3010277
2363 50 3010280
2378 37 3010283
2364 67 3010286
2361 16 3010289
2354 54 3010292
2376 45 3010295
2359 39 3010298
2365 44 3010301
2364 44 3010304
2362 42 3010307
2364 44 3010310
2362 44 3010313
2365 46 3010316
2362 40 3010319
2364 12 3010322
2309 48 3010325
2363 44 3010328
2357 70 3010331
2381 36 3010334
2351 38 3010337
2368 47 3010340
2363 42 3010343
2363 47 3010346
2365 45 3010349
2360 40 3010352
2363 44 3010355
2364 44 3010358
2364 43 3010361
2364 45 3010364
2369 36 3010367
2367 47 3010370
2357 20 3010373
2351 45 3010376
2375 50 3010379
2363 40 3010382
2363 44 3010385
2366 46 3010388
2365 43 3010391
2366 43 3010394
2363 43 3010397
2365 43 3010400
2363 43 3010403
2363 42 3010406
2346 98 3010409
2362 44 3010412
2365 54 3010415
2371 38 3010418
2360 41 3010421
2367 48 3010424
2361 43 3010427
2363 44 3010430
2364 41 3010433
2364 42 3010436
2362 44 3010439
2365 42 3010442
2365 44 3010445
2365 44 3010448
2361 42 3010451
2374 42 3010454
2366 36 3010457
2365 43 3010460
2360 50 3010463
2362 43 3010466
2363 43 3010469
2357 45 3010472
2365 45 3010475
2363 43 3010478
2366 44 3010481
2362 43 3010484
2363 46 3010487
2365 42 3010490
2364 0 3010493
2365 42 3010496
2368 41 3010499
2364 39 3010502
2364 48 3010505
2363 43 3010508
2365 43 3010511
2364 43 3010514
2361 45 3010517
2364 44 3010520
2364 43 3010523
2366 46 3010526
2364 45 3010529
2365 42 3010532
2364 44 3010535
2377 168 3010538
2363 43 3010541
2366 42 3010544
2363 45 3010547
2363 44 3010550
2365 44 3010553
2365 43 3010556
2365 47 3010559
2364 44 3010562
2364 40 3010565
2362 42 3010568
2362 44 3010571
2365 43 3010574
2366 43 3010577
2364 124 3010580
2360 41 3010583
2365 43 3010586
2364 42 3010589
2363 47 3010592
2365 43 3010595
2362 41 3010598
2363 44 3010601
2363 43 3010604
2364 43 3010607
2365 43 3010610
2363 45 3010613
2363 44 3010616
2363 43 3010619
2366 42 3010622
2365 46 3010625
2368 44 3010628
2364 46 3010631
2365 42 3010634
2362 41 3010637
2365 42 3010640
2364 43 3010643
2364 47 3010646
2363 42 3010649
2364 43 3010652
2367 45 3010655
2364 45 3010658
2365 43 3010661
2365 44 3010664
2363 46 3010667
2393 0 3010670
2364 41 3010673
2363 40 3010676
2362 45 3010679
2366 39 3010682
2366 44 3010685
2364 44 3010688
2366 45 3010691
2364 42 3010694
2364 44 3010697
2364 46 3010700
2364 42 3010703
2364 42 3010706
2364 45 3010709
2366 44 3010712
2352 41 3010715
2365 45 3010718
2363 47 3010721
2366 44 3010724
2364 43 3010727
2364 43 3010730
2363 42 3010733
2363 44 3010736
2364 42 3010739
2363 45 3010742
2366 44 3010745
2364 41 3010748
2365 45 3010751
2365 44 3010754
2364 44 3010757
2353 80 3010760
2364 44 3010763
2361 47 3010766
2365 43 3010769
2362 43 3010772
2363 44 3010775
2367 43 3010778
2361 41 3010781
2363 46 3010784
2364 46 3010787
2364 44 3010790
2364 46 3010793
2364 42 3010796
2368 45 3010799
2363 43 3010802
2334 0 3010805
2365 45 3010808
2364 42 3010811
2363 46 3010814
2365 44 3010817
2363 43 3010820
2363 44 3010823
2364 45 3010826
2364 44 3010829
2364 45 3010832
2362 41 3010835
2362 44 3010838
2364 43 3010841
2364 41 3010844
2362 44 3010847
2365 43 3010850
2374 42 3010853
2364 49 3010856
2363 42 3010859
2364 43 3010862
2365 44 3010865
2361 42 3010868
2363 45 3010871
2366 44 3010874
2364 44 3010877
2362 43 3010880
2366 43 3010883
2365 43 3010886
2363 44 3010889
2364 45 3010892
2364 59 3010895
2476 43 3010898
2364 39 3010901
2365 47 3010904
2366 44 3010907
2364 45 3010910
2363 44 3010913
2365 42 3010916
2363 42 3010919
2365 45 3010922
2365 46 3010925
2364 42 3010928
2365 42 3010931
2361 43 3010934
2363 43 3010937
2365 42 3010940
2367 57 3010943
2363 42 3010946
2368 47 3010949
2364 42 3010952
2364 45 3010955
2365 43 3010958
2365 40 3010961
2363 43 3010964
2363 42 3010967
2366 41 3010970
2364 42 3010973
2364 46 3010976
2365 44 3010979
2364 44 3010982
2365 43 3010985
2364 45 3010988
2353 44 3010991
2364 38 3010994
2366 44 3010997
2363 40 3011001
2363 41 3011004
2364 43 3011007
2362 45 3011010
2365 43 3011013
2366 41 3011016
2363 45 3011019
2363 45 3011022
2365 42 3011025
2364 41 3011028
2367 47 3011030
2365 42 3011033
2300 0 3011036
2366 42 3011039
2361 43 3011042
2364 43 3011045
2366 43 3011048
2364 42 3011051
2365 41 3011054
2364 44 3011057
2365 42 3011060
2363 42 3011063
2367 45 3011066
2365 44 3011069
2362 44 3011072
2365 46 3011075
2366 44 3011078
2363 45 3011081
2365 40 3011084
2365 43 3011087
2364 40 3011090
2362 40 3011093
2364 45 3011096
2366 43 3011099
2366 44 3011102
2361 42 3011105
2363 45 3011108
2366 43 3011111
2365 47 3011114
2363 45 3011117
2364 42 3011120
2365 43 3011123
2367 44 3011126
2364 36 3011129
2362 44 3011132
2364 50 3011135
2362 43 3011138
2362 45 3011141
2366 45 3011144
2362 44 3011147
2365 45 3011150
2364 42 3011153
2364 44 3011156
2362 45 3011159
2364 42 3011162
2362 42 3011165
2365 44 3011168
2361 45 3011171
2363 44 3011174
2359 3 3011177
2363 46 3011180
2363 48 3011183
2366 41 3011186
2363 43 3011189
2363 47 3011192
2366 42 3011195
2364 43 3011198
2363 46 3011201
2362 44 3011204
2364 44 3011207
2364 43 3011210
2364 45 3011213
2363 42 3011216
2366 43 3011219
2360 16 3011222
2380 42 3011225
2363 38 3011228
2364 47 3011231
2366 44 3011234
2363 42 3011237
2364 44 3011240
2363 42 3011243
2364 44 3011246
2364 44 3011249
2363 42 3011252
2363 44 3011255
2364 43 3011258
2363 42 3011261
2364 43 3011264
2365 45 3011267
2340 66 3011270
2361 42 3011273
2362 45 3011276
2365 46 3011279
2361 43 3011282
2365 42 3011285
2364 44 3011288
2363 42 3011291
2363 40 3011294
2365 44 3011297
2365 44 3011300
2362 41 3011303
2364 43 3011306
2364 43 3011309
2364 45 3011312
2364 44 3011315
2414 41 3011318
2361 44 3011321
2367 42 3011324
2365 40 3011327
2364 46 3011330
2367 45 3011333
2362 41 3011336
2364 45 3011339
2365 44 3011342
2364 43 3011345
2365 42 3011348
2364 41 3011351
2362 43 3011354
2363 41 3011357
2366 43 3011360
2365 57 3011363
2366 43 3011366
2365 42 3011369
2364 43 3011372
2365 44 3011375
2363 42 3011378
2362 41 3011381
2364 44 3011384
2366 44 3011387
2363 40 3011390
2363 42 3011393
2365 44 3011396
2364 43 3011399
2362 41 3011402
2364 44 3011405
2364 151 3011408
2364 43 3011411
2364 42 3011414
2364 44 3011417
2365 40 3011420
2363 44 3011423
2363 45 3011426
2363 43 3011429
2365 45 3011432
2361 44 3011435
2363 44 3011438
2365 47 3011441
2365 44 3011444
2362 45 3011447
2366 42 3011450
2358 43 3011453
2375 42 3011456
2363 48 3011459
2364 41 3011462
2362 44 3011465
2362 43 3011468
2365 46 3011471
2365 43 3011474
2364 46 3011477
2363 44 3011480
2364 43 3011483
2365 44 3011486
2362 43 3011489
2361 44 3011492
2364 44 3011495
2365 38 3011498
2370 43 3011501
2363 41 3011504
2368 45 3011507
2364 44 3011510
2362 45 3011513
2366 44 3011516
2363 44 3011519
2362 46 3011522
2364 43 3011525
2366 44 3011528
2364 44 3011531
2362 43 3011534
2363 43 3011537
2364 41 3011540
2363 32 3011543
2423 49 3011546
2363 40 3011549
2360 43 3011552
2364 45 3011555
2361 42 3011558
2365 44 3011561
2366 44 3011564
2362 42 3011567
2363 44 3011570
2365 42 3011573
2363 44 3011576
2362 44 3011579
2365 42 3011582
2364 46 3011585
2364 41 3011588
2361 44 3011591
2364 42 3011594
2361 44 3011597
2364 43 3011600
2364 42 3011603
2364 43 3011606
2363 45 3011609
2363 41 3011612
2366 43 3011615
2364 44 3011618
2363 43 3011621
2364 43 3011624
2363 44 3011627
2364 44 3011630
2361 67 3011633
2394 45 3011636
2365 40 3011639
2366 46 3011642
2366 43 3011645
2362 43 3011648
2365 43 3011651
2365 44 3011654
2363 42 3011657
2365 41 3011660
2363 44 3011663
2361 41 3011666
2364 41 3011669
2365 45 3011672
2366 45 3011675
2363 40 3011678
2368 41 3011681
2365 44 3011684
2366 46 3011687
2365 40 3011690
2364 44 3011693
2365 44 3011696
2361 43 3011699
2366 43 3011702
2363 45 3011705
2366 44 3011708
2365 41 3011711
2366 42 3011714
2365 46 3011717
2364 39 3011720
2363 40 3011723
2367 42 3011726
2365 45 3011729
2366 41 3011732
2363 44 3011735
2365 45 3011738
2365 41 3011741
2364 42 3011744
2365 44 3011747
2364 45 3011750
2363 41 3011753
2361 42 3011756
2364 44 3011759
2364 43 3011762
2362 41 3011765
2087 49 3011768
2369 46 3011771
2364 47 3011774
2363 41 3011777
2366 45 3011780
2364 44 3011783
2363 43 3011786
2363 48 3011789
2366 44 3011792
2363 45 3011795
2363 42 3011798
2360 48 3011801
2367 45 3011804
2364 44 3011807
2364 46 3011810
2268 0 3011813
2364 42 3011816
2363 41 3011819
2360 43 3011822
2366 46 3011825
2364 44 3011828
2361 40 3011831
2364 46 3011834
2365 44 3011837
2363 43 3011840
2364 46 3011843
2365 43 3011846
2363 44 3011849
2364 43 3011852
2365 45 3011855
2361 0 3011858
2364 42 3011861
2356 41 3011864
2365 46 3011867
2365 42 3011870
2364 44 3011873
2363 48 3011876
2365 42 3011879
2366 44 3011882
2363 42 3011885
2362 43 3011888
2364 44 3011891
2363 44 3011894
2362 44 3011897
2365 46 3011900
2362 40 3011903
2366 47 3011906
2365 49 3011909
2367 41 3011912
2361 41 3011915
2364 43 3011918
2365 42 3011921
2362 43 3011924
2365 43 3011927
2361 43 3011930
2364 43 3011933
2366 44 3011936
2364 47 3011939
2364 46 3011942
2364 43 3011945
2363 54 3011948
2363 43 3011951
2367 44 3011954
2363 42 3011957
2364 46 3011960
2361 42 3011963
2364 42 3011966
2366 44 3011969
2363 47 3011972
2364 44 3011975
2365 40 3011978
2361 43 3011981
2363 43 3011984
2365 41 3011987
2365 280 3011990
2363 47 3011993
2361 43 3011996
2365 42 3012000
2360 45 3012003
2364 46 3012006
2366 43 3012009
2364 44 3012012
2363 44 3012015
2366 43 3012018
2365 44 3012021
2365 41 3012024
2366 41 3012027
2366 39 3012030
2363 42 3012032
2363 273 3012035
2363 47 3012038
2365 40 3012041
2365 40 3012044
2363 43 3012047
2364 46 3012050
2362 39 3012053
2367 43 3012056
2364 45 3012059
2362 43 3012062
2366 44 3012065
2366 44 3012068
2364 42 3012071
2366 43 3012074
2363 42 3012077
2365 225 3012080
2365 46 3012083
2363 42 3012086
2363 39 3012089
2363 45 3012092
2367 41 3012095
2363 43 3012098
2366 43 3012101
2365 40 3012104
2366 41 3012107
2365 43 3012110
2362 43 3012113
2364 46 3012116
2366 42 3012119
2363 43 3012122
2366 44 3012125
2369 40 3012128
2365 43 3012131
2366 44 3012134
2364 40 3012137
2364 44 3012140
2364 42 3012143
2364 42 3012146
2365 43 3012149
2364 44 3012152
2361 44 3012155
2365 42 3012158
2364 41 3012161
2364 47 3012164
2365 44 3012167
2364 41 3012170
2360 32 3012173
2364 44 3012176
2368 46 3012179
2363 43 3012182
2364 45 3012185
2359 42 3012188
2363 43 3012191
2365 42 3012194
2365 44 3012197
2365 45 3012200
2364 44 3012203
2364 44 3012206
2364 44 3012209
2364 42 3012212
2364 43 3012215
2371 31 3012218
2362 46 3012221
2365 48 3012224
2367 43 3012227
2363 47 3012230
2365 44 3012233
2364 41 3012236
2365 46 3012239
2362 43 3012242
2362 41 3012245
2364 42 3012248
2362 47 3012251
2363 44 3012254
2363 44 3012257
2365 44 3012260
2385 0 3012263
2364 46 3012266
2360 42 3012269
2365 46 3012272
2364 41 3012275
2363 43 3012278
2364 44 3012281
2363 44 3012284
2364 41 3012287
2365 44 3012290
2367 45 3012293
2365 45 3012296
2363 43 3012299
2363 44 3012302
2362 45 3012305
2301 314 3012308
2366 40 3012311
2366 43 3012314
2360 46 3012317
2367 44 3012320
2365 44 3012323
2365 49 3012326
2365 46 3012329
2365 44 3012332
4095 1676 2997929
4095 1688 2997932
4095 1672 2997935
4095 1680 2997938
4095 1681 2997941
4095 1682 2997944
4095 1682 2997947
4095 1680 2997950
4095 1681 2997953
4095 1681 2997956
4095 1683 2997959
4095 1682 2997962
4095 1681 2997965
4095 1688 2997968
4095 1680 2997971
4095 1683 2997974
4095 1700 2997977
4095 1684 2997980
4095 1676 2997983
4095 1682 2997986
4095 1682 2997989
4095 1679 2997992
4095 1680 2997995
4095 1679 2997998
4095 1679 2998002
4095 1680 2998005
4095 1682 2998008
4095 1679 2998011
4095 1678 2998014
4095 1658 2998017
4095 1677 2998020
4095 1688 2998023
4095 1678 2998026
4095 1683 2998029
4095 1680 2998032
4095 1679 2998035
4095 1679 2998038
4095 1681 2998040
4095 1680 2998043
4095 1682 2998046
4095 1682 2998049
4095 1661 2998052
4095 1680 2998055
4095 1681 2998058
4095 1686 2998061
4095 1681 2998064
4095 1677 2998067
4095 1681 2998070
4095 1679 2998073
4095 1680 2998076
4095 1683 2998079
4095 1682 2998082
4095 1681 2998085
4095 1678 2998088
4095 1683 2998091
4095 1681 2998094
4095 1659 2998097
4095 1680 2998100
4095 1693 2998103
4095 1674 2998106
4095 1677 2998109
4095 1684 2998112
4095 1677 2998115
4095 1682 2998118
4095 1680 2998121
4095 1682 2998124
4095 1682 2998127
4095 1678 2998130
4095 1680 2998133
4095 1682 2998136
4095 1691 2998139
4095 1682 2998142
4095 1700 2998145
4095 1667 2998148
4095 1677 2998151
4095 1680 2998154
4095 1680 2998157
4095 1683 2998160
4095 1678 2998163
4095 1682 2998166
4095 1682 2998169
4095 1684 2998172
4095 1681 2998175
4095 1681 2998178
4095 1748 2998181
4095 1680 2998184
4095 1680 2998187
4095 1665 2998190
4095 1680 2998193
4095 1677 2998196
4095 1684 2998199
4095 1685 2998202
4095 1681 2998205
4095 1684 2998208
4095 1681 2998211
4095 1682 2998214
4095 1680 2998217
4095 1680 2998220
4095 1681 2998223
4095 1785 2998226
4095 1679 2998229
4095 1688 2998232
4095 1693 2998235
4095 1674 2998238
4095 1685 2998241
4095 1682 2998244
4095 1679 2998247
4095 1680 2998250
4095 1680 2998253
4095 1681 2998256
4095 1682 2998259
4095 1678 2998262
4095 1680 2998265
4095 1664 2998268
4092 1681 2998271
4095 1683 2998274
4095 1691 2998277
4095 1671 2998280
4095 1686 2998283
4095 1681 2998286
4095 1680 2998289
4095 1681 2998292
4095 1679 2998295
4095 1681 2998298
4095 1683 2998301
4095 1682 2998304
4095 1683 2998307
4095 1678 2998310
4095 1681 2998313
4095 1681 2998316
4095 1692 2998319
4095 1672 2998322
4095 1685 2998325
4095 1682 2998328
4095 1681 2998331
4095 1683 2998334
4095 1684 2998337
4095 1682 2998340
4095 1679 2998343
4095 1682 2998346
4095 1680 2998349
4095 1680 2998352
4095 1688 2998355
4095 1680 2998358
4095 1695 2998361
4095 1673 2998364
4095 1681 2998367
4095 1680 2998370
4095 1679 2998373
4095 1680 2998376
4095 1680 2998379
4095 1681 2998382
4095 1679 2998385
4095 1680 2998388
4095 1679 2998391
4095 1680 2998394
4095 1730 2998397
4095 1680 2998400
4095 1683 2998403
4095 1665 2998406
4095 1679 2998409
4095 1679 2998412
4095 1679 2998415
4095 1683 2998418
4095 1681 2998421
4095 1685 2998424
4095 1680 2998427
4095 1680 2998430
4095 1682 2998433
4095 1683 2998436
4095 1683 2998439
4095 875 2998442
4095 1681 2998445
4095 1653 2998448
4095 1684 2998451
4095 1681 2998454
4095 1680 2998457
4095 1683 2998460
4095 1678 2998463
4095 1683 2998466
4095 1683 2998469
4095 1680 2998472
4095 1682 2998475
4095 1683 2998478
4095 1680 2998481
4095 1651 2998484
4095 1680 2998487
4095 1683 2998490
4095 1673 2998493
4095 1682 2998496
4095 1681 2998499
4095 1684 2998502
4095 1678 2998505
4095 1681 2998508
4095 1681 2998511
4095 1680 2998514
4095 1680 2998517
4095 1691 2998520
4095 1683 2998523
4095 1679 2998526
4095 1722 2998529
4095 1681 2998532
4095 1696 2998535
4095 1694 2998538
4095 1671 2998541
4095 1683 2998544
4095 1681 2998547
4095 1677 2998550
4095 1683 2998553
4095 1680 2998556
4095 1679 2998559
4095 1684 2998562
4095 1682 2998565
4095 1682 2998568
4095 1670 2998571
3656 1682 2998574
4095 1680 2998577
4095 1675 2998580
4095 1691 2998583
4095 1674 2998586
4095 1682 2998589
4095 1680 2998592
4095 1683 2998595
4095 1681 2998598
4095 1681 2998601
4095 1679 2998604
4095 1678 2998607
4095 1683 2998610
4095 1680 2998613
4095 1686 2998616
4095 1683 2998619
4095 1691 2998622
4095 1711 2998625
4095 1686 2998628
4095 1678 2998631
4095 1681 2998634
4095 1683 2998637
4095 1682 2998640
4095 1681 2998643
4095 1678 2998646
4095 1680 2998649
4095 1681 2998652
4095 1681 2998655
4095 1683 2998658
4095 1635 2998661
4095 1679 2998664
4095 1678 2998667
4095 1681 2998670
4095 1678 2998673
4095 1686 2998676
4095 1677 2998679
4095 1680 2998682
4095 1681 2998685
4095 1684 2998688
4095 1682 2998691
4095 1682 2998694
4095 1685 2998697
4095 1682 2998700
4095 1686 2998703
4095 1680 2998706
4095 1692 2998709
4095 1672 2998712
4095 1680 2998715
4095 1685 2998718
4095 1678 2998721
4095 1683 2998724
4095 1682 2998727
4095 1683 2998730
4095 1682 2998733
4095 1678 2998736
4095 1680 2998739
4095 1680 2998742
4095 1680 2998745
4095 1666 2998748
4095 1681 2998751
4095 1696 2998754
4095 1670 2998757
4095 1680 2998760
4095 1683 2998763
4095 1682 2998766
4095 1682 2998769
4095 1679 2998772
4095 1683 2998775
4095 1682 2998778
4095 1679 2998781
4095 1680 2998784
4095 1684 2998787
4095 1631 2998790
4085 1677 2998793
4095 1682 2998796
4095 1685 2998799
4095 1678 2998802
4095 1681 2998805
4095 1685 2998808
4095 1679 2998811
4095 1680 2998814
4095 1681 2998817
4095 1684 2998820
4095 1681 2998823
4095 1682 2998826
4095 1681 2998829
4095 1681 2998832
4095 1691 2998835
4095 1676 2998838
4095 1697 2998841
4095 1669 2998844
4095 1679 2998847
4095 1682 2998850
4095 1681 2998853
4095 1680 2998856
4095 1681 2998859
4095 1682 2998862
4095 1684 2998865
4095 1680 2998868
4095 1683 2998871
4095 1682 2998874
4095 1681 2998877
4095 1679 2998880
4095 1688 2998883
4095 1650 2998886
4095 1688 2998889
4095 1687 2998892
4095 1678 2998895
4095 1685 2998898
4095 1680 2998901
4095 1680 2998904
4095 1682 2998907
4095 1679 2998910
4095 1682 2998913
4095 1683 2998916
4095 1682 2998919
4095 1679 2998922
4095 1678 2998925
4095 1689 2998928
4095 1640 2998931
4095 1703 2998934
4095 1679 2998937
4095 1680 2998940
4095 1684 2998943
4095 1680 2998946
4095 1683 2998949
4095 1681 2998952
4095 1681 2998955
4095 1681 2998958
4095 1681 2998961
4095 1682 2998964
4095 1682 2998967
4095 1695 2998970
4095 1679 2998973
4095 1666 2998976
4095 1671 2998979
4095 1696 2998982
4095 1674 2998985
4095 1681 2998988
4095 1683 2998991
4095 1679 2998994
4095 1681 2998997
4095 1678 2999001
4095 1680 2999004
4095 1675 2999007
4095 1647 2999010
4095 1561 2999013
4094 1398 2999016
4095 1296 2999019
4008 1203 2999022
3995 1075 2999025
3879 972 2999028
3853 919 2999031
3815 877 2999033
3801 894 2999036
3819 912 2999039
3828 919 2999042
3829 916 2999045
3825 906 2999048
3823 905 2999051
3822 906 2999054
3818 904 2999057
3823 905 2999060
3831 875 2999063
3830 901 2999066
3781 879 2999069
3836 919 2999072
3826 896 2999075
3814 905 2999078
3824 905 2999081
3818 904 2999084
3819 906 2999087
3819 904 2999090
3817 904 2999093
3820 902 2999096
3819 897 2999099
3819 904 2999102
3820 903 2999105
3821 897 2999108
3835 899 2999111
3816 925 2999114
3852 910 2999117
3808 891 2999120
3819 911 2999123
3820 901 2999126
3817 904 2999129
3820 908 2999132
3817 903 2999135
3819 905 2999138
3820 907 2999141
3818 906 2999144
3818 904 2999147
3820 906 2999150
3821 882 2999153
3909 897 2999156
3819 924 2999159
3851 890 2999162
3799 898 2999165
3826 911 2999168
3820 898 2999171
3817 907 2999174
3821 906 2999177
3817 902 2999180
3820 907 2999183
3815 904 2999186
3821 905 2999189
3820 904 2999192
3821 906 2999195
3821 902 2999198
3832 897 2999201
3820 906 2999204
3803 866 2999207
3814 919 2999210
3831 902 2999213
3811 902 2999216
3821 911 2999219
3815 900 2999222
3815 907 2999225
3817 906 2999228
3814 904 2999231
3810 906 2999234
3811 907 2999237
3812 907 2999240
3811 907 2999243
3804 824 2999246
3825 905 2999249
3810 931 2999252
3842 914 2999255
3793 898 2999258
3808 915 2999261
3809 905 2999264
3802 909 2999267
3810 911 2999270
3808 909 2999273
3806 910 2999276
3806 907 2999279
3808 909 2999282
3809 910 2999285
3805 911 2999288
3806 924 2999291
3805 907 2999294
3807 893 2999297
3769 903 2999300
3820 923 2999303
3808 903 2999306
3804 912 2999309
3810 911 2999312
3806 911 2999315
3810 910 2999318
3810 910 2999321
3807 910 2999324
3809 906 2999327
3806 906 2999330
3808 909 2999333
3808 893 2999336
3861 897 2999339
3810 936 2999342
3833 888 2999345
3789 907 2999348
3819 915 2999351
3808 904 2999354
3808 911 2999357
3812 908 2999360
3808 909 2999363
3814 909 2999366
3811 907 2999369
3809 910 2999372
3812 910 2999375
3809 909 2999378
3808 897 2999381
3851 894 2999384
3811 936 2999387
3833 885 2999390
3795 906 2999393
3823 916 2999396
3810 903 2999399
3808 906 2999402
3813 909 2999405
3811 908 2999408
3811 910 2999411
3812 908 2999414
3812 907 2999417
3810 909 2999420
3813 905 2999423
3808 914 2999426
3791 916 2999429
3812 883 2999432
3778 901 2999435
3830 921 2999438
3813 898 2999441
3809 908 2999444
3817 906 2999447
3813 907 2999450
3816 909 2999453
3813 907 2999456
3814 909 2999459
3815 907 2999462
3815 905 2999465
3813 906 2999468
3801 956 2999471
3805 907 2999474
3825 942 2999477
3806 886 2999480
3805 915 2999483
3825 910 2999486
3810 901 2999489
3813 910 2999492
3819 906 2999495
3812 906 2999498
3817 905 2999501
3816 912 2999504
3817 909 2999507
3813 907 2999510
3824 888 2999513
3869 895 2999516
3814 916 2999519
3858 911 2999522
3801 894 2999525
3819 917 2999528
3819 900 2999531
3812 905 2999534
3818 908 2999537
3816 902 2999540
3813 902 2999543
3816 906 2999546
3816 907 2999549
3816 907 2999552
3816 907 2999555
3824 926 2999558
3808 909 2999561
3842 914 2999564
3790 886 2999567
3820 916 2999570
3823 902 2999573
3811 902 2999576
3818 910 2999579
3818 906 2999582
3817 906 2999585
3816 906 2999588
3816 904 2999591
3816 907 2999594
3817 905 2999597
4095 901 2999600
3798 917 2999603
3815 874 2999606
3783 907 2999609
3832 916 2999612
3813 897 2999615
3814 908 2999618
3821 907 2999621
3817 903 2999624
3820 904 2999627
3818 905 2999630
3815 905 2999633
3817 905 2999636
3819 905 2999639
3814 868 2999642
3856 902 2999645
3817 906 2999648
3845 934 2999651
3815 888 2999654
3810 905 2999657
3823 907 2999660
3813 900 2999663
3818 907 2999666
3820 906 2999669
3819 905 2999672
3816 906 2999675
3818 906 2999678
3819 902 2999681
3819 1225 2999684
3811 887 2999687
3828 900 2999690
3791 870 2999693
3819 922 2999696
3828 899 2999699
3815 901 2999702
3822 907 2999705
3815 903 2999708
3817 903 2999711
3819 905 2999714
3818 908 2999717
3817 904 2999720
3818 904 2999723
3817 905 2999726
3812 942 2999729
3805 903 2999732
3828 942 2999735
3814 883 2999738
3807 909 2999741
3829 908 2999744
3816 903 2999747
3819 909 2999750
3820 904 2999753
3817 900 2999756
3818 906 2999759
3819 905 2999762
3818 905 2999765
3819 903 2999768
3811 934 2999771
3832 902 2999774
3818 874 2999777
3837 929 2999780
3824 897 2999783
3810 906 2999786
3825 906 2999789
3817 903 2999792
3819 904 2999795
3820 901 2999798
3818 904 2999801
3818 905 2999804
3817 903 2999807
3821 906 2999810
3821 916 2999813
3841 898 2999816
3824 932 2999819
3831 874 2999822
3802 906 2999825
3831 910 2999828
3815 897 2999831
3817 906 2999834
3820 905 2999837
3808 903 2999840
3819 905 2999843
3820 904 2999846
3821 904 2999849
3819 901 2999852
3821 874 2999855
3810 886 2999858
3829 903 2999861
3778 876 2999864
3830 923 2999867
3825 900 2999870
3811 901 2999873
3823 909 2999876
3817 904 2999879
3819 907 2999882
3818 905 2999885
3820 906 2999888
3816 904 2999891
3820 904 2999894
3821 902 2999897
3796 846 2999900
3836 900 2999903
3819 891 2999906
3847 924 2999909
3814 892 2999912
3813 908 2999915
3824 905 2999918
3182 335 3004327
3183 336 3004330
3185 331 3004333
3183 334 3004336
3184 332 3004339
3142 332 3004342
3184 575 3004345
3183 330 3004348
3182 329 3004351
3184 330 3004354
3183 331 3004357
3184 334 3004360
3187 333 3004363
3182 328 3004365
3183 331 3004368
3184 332 3004371
3185 328 3004374
3183 328 3004377
3185 330 3004380
3184 328 3004383
3184 1065 3004387
3182 327 3004389
3190 331 3004392
3182 325 3004395
3186 328 3004398
3185 332 3004401
3185 329 3004404
3185 329 3004407
3183 327 3004410
3187 329 3004413
3185 327 3004416
3185 328 3004420
3188 325 3004422
3188 330 3004425
3184 323 3004428
3183 329 3004431
3189 328 3004434
3189 331 3004437
3183 328 3004440
3186 325 3004443
3187 328 3004446
3187 327 3004449
3187 327 3004453
3188 326 3004455
3188 328 3004458
3186 324 3004461
3184 327 3004464
3188 325 3004467
3186 326 3004470
3188 327 3004473
3186 318 3004476
3188 326 3004479
3186 326 3004482
3186 326 3004486
3186 324 3004488
3189 325 3004491
3187 323 3004494
3186 327 3004497
3186 324 3004500
3187 324 3004503
3188 326 3004506
3187 323 3004509
3188 326 3004512
3253 323 3004515
3190 325 3004519
3188 321 3004521
3188 329 3004524
3186 321 3004527
3189 325 3004530
3187 324 3004533
3187 323 3004536
3187 325 3004539
3188 323 3004542
3188 325 3004545
3189 322 3004548
3188 327 3004552
3186 322 3004554
3187 325 3004557
3224 307 3004560
3187 327 3004563
3187 325 3004566
3189 325 3004569
3189 326 3004572
3185 323 3004575
3189 323 3004578
3186 322 3004581
3187 326 3004585
3187 322 3004587
3188 325 3004590
3188 325 3004593
3188 326 3004596
3189 324 3004599
3187 481 3004602
3190 330 3004605
3191 323 3004608
3185 324 3004611
3188 323 3004614
3190 328 3004618
3187 322 3004620
3190 327 3004623
3188 325 3004626
3188 323 3004629
3188 324 3004632
3187 326 3004635
3190 326 3004638
3187 324 3004641
3188 322 3004644
3190 330 3004647
3189 326 3004651
3190 323 3004653
3188 325 3004656
3186 324 3004659
3188 327 3004662
3188 322 3004665
3188 323 3004668
3188 326 3004671
3187 321 3004674
3188 322 3004677
3189 325 3004680
3191 325 3004684
3186 321 3004686
3190 333 3004689
3189 323 3004692
3187 325 3004695
3188 323 3004698
3187 325 3004701
3188 326 3004704
3187 321 3004707
3190 324 3004710
3189 323 3004713
3189 323 3004717
3189 322 3004719
3188 326 3004722
3187 323 3004725
3226 326 3004728
3189 321 3004731
3192 324 3004734
3187 323 3004737
3189 319 3004740
3190 323 3004743
3189 323 3004746
3189 321 3004750
3188 321 3004752
3189 327 3004755
3189 321 3004758
3190 321 3004761
3189 324 3004764
3189 323 3004767
3164 331 3004770
3185 320 3004773
3187 323 3004776
3192 322 3004779
3188 323 3004783
3189 320 3004785
3189 326 3004788
3188 320 3004791
3186 323 3004794
3189 322 3004797
3188 322 3004800
3187 323 3004803
3189 321 3004806
3193 319 3004809
3190 539 3004812
3189 323 3004816
3186 319 3004818
3187 321 3004821
3188 322 3004824
3188 322 3004827
3190 321 3004830
3189 322 3004833
3187 322 3004836
3188 318 3004839
3190 322 3004842
3189 321 3004845
3190 323 3004849
3190 436 3004851
3189 319 3004854
3193 319 3004857
3187 322 3004860
3191 320 3004863
3192 323 3004866
3189 322 3004869
3187 321 3004872
3188 322 3004875
3190 321 3004878
3190 324 3004882
3190 321 3004884
3190 322 3004887
3247 322 3004890
3185 324 3004893
3190 321 3004896
3191 326 3004899
3189 321 3004902
3189 321 3004905
3191 322 3004908
3190 320 3004911
3189 324 3004915
3188 318 3004917
3189 323 3004920
3187 320 3004923
3188 321 3004926
3190 321 3004929
3194 228 3004932
3190 321 3004935
3193 321 3004938
3189 319 3004941
3190 322 3004944
3188 325 3004948
3186 320 3004950
3190 323 3004953
3189 321 3004956
3188 321 3004959
3191 321 3004962
3188 322 3004965
3188 323 3004968
3188 319 3004971
3189 442 3004974
3188 322 3004977
3187 324 3004981
3188 317 3004983
3189 326 3004986
3187 321 3004989
3190 323 3004992
3189 325 3004995
3190 322 3005000
3190 322 3005003
3187 321 3005006
3190 325 3005009
3189 317 3005012
3227 324 3005015
3193 324 3005018
3186 321 3005021
3190 323 3005024
3191 320 3005027
3186 322 3005030
3190 323 3005033
3190 321 3005036
3189 321 3005039
3189 323 3005042
3190 323 3005045
3187 323 3005048
3188 321 3005051
3187 325 3005054
3189 322 3005057
3188 323 3005060
3189 322 3005063
3191 322 3005066
3188 321 3005069
3190 322 3005072
3189 322 3005075
3187 322 3005078
3189 323 3005081
3188 321 3005084
3191 321 3005087
3191 324 3005090
3191 326 3005093
3181 320 3005096
3189 322 3005099
3190 324 3005102
3189 321 3005105
3189 326 3005108
3190 325 3005111
3189 322 3005114
3190 321 3005117
3189 324 3005120
3190 323 3005123
3189 323 3005126
3185 322 3005129
3189 145 3005132
3191 319 3005135
3189 325 3005138
3194 325 3005141
3188 313 3005144
3190 324 3005147
3189 323 3005150
3189 320 3005153
3185 320 3005156
3191 324 3005159
3189 321 3005162
3192 322 3005165
3188 321 3005168
3190 320 3005171
3243 324 3005174
3190 322 3005177
3191 327 3005180
3191 319 3005183
3188 322 3005186
3190 321 3005189
3191 325 3005192
3189 320 3005195
3190 321 3005198
3188 322 3005201
3191 320 3005204
3191 321 3005207
3190 322 3005210
3189 346 3005213
3179 320 3005216
3191 321 3005219
3193 320 3005222
3188 321 3005225
3189 321 3005228
3190 323 3005231
3195 324 3005234
3191 318 3005237
3190 323 3005240
3189 322 3005243
3188 323 3005246
3189 322 3005249
3191 321 3005252
3211 323 3005255
3186 327 3005258
3186 319 3005261
3174 318 3005264
3201 328 3005267
3188 315 3005270
3187 327 3005273
3193 323 3005276
3186 323 3005279
3189 323 3005282
3190 320 3005285
3187 324 3005288
3190 322 3005291
3187 320 3005294
3193 320 3005297
3191 323 3005300
3180 329 3005303
3178 316 3005306
3199 330 3005309
3187 319 3005312
3187 321 3005315
3190 322 3005318
3190 324 3005321
3191 320 3005324
3189 319 3005327
3190 323 3005330
3189 321 3005333
3190 316 3005336
3191 321 3005339
3190 334 3005342
3214 317 3005345
3190 311 3005348
3190 331 3005351
3191 322 3005354
3188 323 3005357
3187 322 3005360
3191 325 3005363
3185 323 3005366
3188 321 3005369
3190 325 3005372
3192 324 3005375
3195 365 3005378
3187 320 3005381
3190 307 3005384
3205 333 3005387
3185 318 3005390
3184 324 3005393
3196 326 3005396
3187 320 3005399
3193 322 3005402
3190 322 3005405
3190 322 3005408
3189 323 3005411
3190 320 3005414
3188 324 3005417
3187 319 3005420
3191 321 3005423
3176 324 3005426
3178 314 3005429
3198 325 3005432
3187 317 3005435
3186 323 3005438
3192 323 3005441
3189 319 3005444
3188 322 3005447
3189 322 3005450
3189 322 3005453
3190 323 3005456
3188 326 3005459
3211 322 3005462
3187 322 3005465
3177 335 3005468
3200 317 3005471
3182 318 3005474
3190 327 3005477
3189 320 3005480
3185 322 3005483
3191 321 3005486
3190 323 3005489
3190 320 3005492
3193 323 3005495
3190 322 3005498
3194 321 3005501
3193 320 3005504
3189 316 3005507
3194 322 3005510
3178 326 3005513
3197 323 3005516
3187 319 3005519
3191 327 3005522
3190 320 3005525
3189 321 3005528
3189 324 3005531
3188 321 3005534
3189 322 3005537
3190 321 3005540
3163 0 3005543
3189 321 3005546
3188 307 3005549
3177 334 3005552
3200 323 3005555
3187 317 3005558
3192 324 3005561
3189 320 3005564
3189 320 3005567
3188 323 3005570
3190 323 3005573
3189 323 3005576
3187 322 3005579
3190 333 3005582
3184 325 3005585
3190 323 3005588
3186 302 3005591
3198 334 3005594
3192 317 3005597
3187 320 3005600
3193 323 3005603
3189 320 3005606
3191 324 3005609
3191 321 3005612
3189 320 3005615
3189 323 3005618
3188 320 3005621
3138 320 3005624
3187 326 3005627
3190 319 3005630
3182 321 3005633
3201 329 3005636
3187 316 3005639
3188 325 3005642
3192 320 3005645
3189 322 3005648
3190 326 3005651
3190 322 3005654
3188 322 3005657
3190 325 3005660
3188 329 3005663
3191 316 3005666
3193 318 3005669
3198 317 3005672
3180 330 3005675
3196 319 3005678
3185 320 3005681
3190 327 3005684
3192 322 3005687
3188 322 3005690
3190 323 3005693
3188 321 3005696
3189 321 3005699
3189 323 3005702
3187 323 3005705
3194 320 3005708
3187 302 3005711
3192 317 3005714
3180 330 3005717
3196 320 3005720
3185 321 3005723
3191 324 3005726
3189 319 3005729
3188 321 3005732
3190 322 3005735
3188 323 3005738
3191 321 3005741
3189 322 3005744
3187 321 3005747
3189 322 3005750
3205 274 3005753
3191 316 3005756
3183 330 3005759
3195 321 3005762
3188 317 3005765
3189 325 3005768
3190 321 3005771
3190 323 3005774
3192 322 3005777
3190 324 3005780
3190 322 3005783
3189 320 3005786
3148 320 3005789
3191 324 3005792
3195 337 3005795
3187 324 3005798
3181 325 3005801
3196 324 3005804
3190 320 3005807
3186 323 3005810
3189 322 3005813
3189 323 3005816
3190 330 3005819
3188 322 3005822
3190 323 3005825
3223 399 3005828
3191 320 3005831
3189 306 3005834
3183 337 3005837
3195 320 3005840
3188 319 3005843
3194 328 3005846
3189 321 3005849
3190 323 3005852
3189 322 3005855
3188 320 3005858
3188 319 3005861
3187 320 3005864
3186 206 3005867
3192 316 3005870
3193 322 3005873
3200 317 3005876
3176 331 3005879
3199 319 3005882
3188 319 3005885
3188 324 3005888
3191 324 3005891
3188 322 3005894
3192 323 3005897
3192 324 3005900
3189 322 3005903
3189 323 3005906
3188 321 3005909
3193 320 3005912
3188 322 3005915
3196 325 3005918
3182 322 3005921
3194 324 3005924
3184 319 3005927
3190 323 3005930
3191 322 3005933
3188 321 3005936
3191 323 3005939
3190 323 3005942
3188 323 3005945
3189 322 3005948
3191 326 3005951
3187 322 3005954
3192 344 3005957
3167 325 3005960
3187 319 3005963
3194 325 3005966
3190 319 3005969
3189 326 3005972
3188 320 3005975
3189 322 3005978
3189 323 3005981
3190 321 3005984
3185 319 3005987
3189 321 3005990
3149 322 3005993
3188 320 3005996
3174 333 3006000
3202 323 3006003
3188 322 3006006
3193 322 3006009
3186 322 3006012
3187 320 3006015
3192 323 3006018
3186 322 3006021
3189 319 3006024
3189 322 3006027
3191 320 3006030
3189 321 3006033
3189 327 3006036
3189 323 3006039
3183 309 3006042
3198 332 3006044
3187 316 3006047
3187 323 3006050
3191 324 3006053
3189 320 3006056
3189 323 3006059
3192 321 3006062
3190 322 3006065
3188 328 3006068
3191 320 3006071
3191 321 3006074
3187 324 3006077
3182 324 3006080
3191 312 3006083
3195 325 3006086
3190 319 3006089
3186 322 3006092
3193 323 3006095
3187 320 3006098
3189 324 3006101
3188 322 3006104
3190 323 3006107
3186 319 3006110
3190 317 3006113
3202 319 3006116
3189 332 3006119
3211 319 3006122
3187 314 3006125
3193 328 3006128
3189 320 3006131
3187 321 3006134
3194 323 3006137
3188 320 3006140
3187 323 3006143
3190 318 3006146
3188 319 3006149
3190 320 3006152
3191 362 3006155
3182 323 3006158
3193 331 3006161
3206 318 3006164
3184 316 3006167
3193 325 3006170
3192 319 3006173
3184 322 3006176
3192 323 3006179
3187 317 3006182
3188 322 3006185
3190 322 3006188
3189 323 3006191
3189 322 3006194
3206 322 3006197
3188 323 3006200
3178 334 3006203
3197 319 3006206
3186 316 3006209
3192 326 3006212
3190 320 3006215
3189 323 3006218
3192 325 3006221
3191 319 3006224
3191 324 3006227
3189 321 3006230
3190 321 3006233
3208 323 3006236
3194 324 3006239
3188 302 3006242
3193 339 3006245
3187 323 3006248
3185 320 3006251
3190 323 3006254
3189 320 3006257
3191 325 3006260
3189 322 3006263
3190 320 3006266
3189 323 3006269
3189 322 3006272
3189 271 3006275
3305 321 3006278
3189 321 3006281
3188 305 3006284
3200 334 3006287
3188 318 3006290
3186 327 3006293
3193 321 3006296
3187 321 3006299
3189 325 3006302
3192 322 3006305
3186 320 3006308
3190 321 3006311
3188 322 3006314
3173 144 3006317
3190 322 3006320
3186 310 3006323
3184 336 3006326
3195 316 3006329
3185 318 3006332
3192 326 3006335
3191 321 3006338
3186 319 3006341
3189 320 3006344
3183 322 3006347
3190 320 3006350
3191 323 3006353
3190 343 3006356
3114 324 3006359
3191 319 3006362
3172 310 3006365
3203 333 3006368
3179 319 3006371
3183 321 3006374
3191 324 3006377
3186 322 3006380
3191 321 3006383
3189 322 3006386
3190 325 3006389
3188 322 3006392
3190 321 3006395
3197 460 3006398
3190 326 3006401
3188 307 3006404
3182 336 3006407
3197 317 3006410
3184 319 3006413
3194 321 3006416
3190 322 3006419
3188 324 3006422
3190 323 3006425
3189 319 3006428
3190 324 3006431
3190 323 3006434
3190 317 3006437
3137 322 3006440
3186 325 3006443
3173 331 3006446
3202 315 3006449
3181 318 3006452
3190 328 3006455
3190 322 3006458
3189 321 3006461
3187 324 3006464
3189 320 3006467
3188 322 3006470
3188 321 3006473
3190 323 3006476
3192 343 3006479
3187 323 3006482
3186 335 3006485
3207 303 3006488
3186 316 3006491
3189 328 3006494
3191 322 3006497
3188 322 3006500
3191 323 3006503
3186 322 3006506
3189 320 3006509
3190 319 3006512
3190 321 3006515
3191 324 3006518
3191 321 3006521
3192 340 3006524
3202 316 3006527
3183 317 3006530
3194 327 3006533
3189 318 3006536
3185 321 3006539
3191 321 3006542
3188 319 3006545
3190 323 3006548
3189 323 3006551
3190 323 3006554
3190 399 3006557
3188 315 3006560
3190 324 3006563
3193 327 3006566
3178 322 3006569
3197 327 3006572
3188 319 3006575
3188 326 3006578
3191 323 3006581
3188 322 3006584
3188 321 3006587
3189 322 3006590
3191 322 3006593
3188 324 3006596
3195 542 3006599
3190 324 3006602
3186 318 3006605
3173 330 3006608
3202 319 3006611
3187 319 3006614
3189 326 3006617
3194 323 3006620
3190 324 3006623
3190 322 3006626
3190 322 3006629
3188 323 3006632
3189 322 3006635
3189 318 3006638
3232 321 3006641
3187 326 3006644
3184 342 3006647
3201 316 3006650
3182 318 3006653
3192 329 3006656
3190 318 3006659
3189 320 3006662
3190 324 3006665
3188 322 3006668
3187 322 3006671
3190 321 3006674
3189 321 3006677
3191 337 3006680
3187 318 3006683
3203 340 3006686
3179 321 3006689
3182 324 3006692
3195 320 3006695
3186 320 3006698
3192 323 3006701
3188 320 3006704
3189 322 3006707
3189 319 3006710
3190 322 3006713
3190 322 3006716
3223 324 3006719
3186 327 3006722
3189 326 3006725
3186 309 3006728
3193 336 3006731
3193 318 3006734
3188 323 3006737
3193 324 3006740
3188 321 3006743
3190 322 3006746
3190 323 3006749
3189 321 3006752
3191 323 3006755
3189 324 3006758
3124 325 3006761
3189 323 3006764
3178 325 3006767
3200 327 3006770
3186 315 3006773
3188 327 3006776
3192 319 3006779
3188 323 3006782
3190 325 3006785
3191 323 3006788
3190 319 3006791
3189 322 3006794
3190 324 3006797
3188 348 3006800
3183 324 3006803
3198 347 3006806
3187 323 3006809
3176 319 3006812
3194 326 3006815
3186 319 3006818
3189 324 3006821
3188 320 3006824
3186 322 3006827
3190 322 3006830
3188 323 3006833
3187 322 3006836
3191 324 3006839
3189 319 3006842
3188 283 3006845
3178 317 3006848
3182 325 3006851
3197 322 3006854
3185 317 3006857
3189 323 3006860
3191 320 3006863
3191 322 3006866
3188 321 3006869
3190 323 3006872
3189 321 3006875
3189 322 3006878
3187 324 3006881
3191 321 3006884
3192 304 3006887
3200 333 3006890
3190 315 3006893
3184 322 3006896
3193 324 3006899
3188 319 3006902
3191 325 3006905
3189 321 3006908
3189 321 3006911
3191 326 3006914
3191 322 3006917
3188 321 3006920
3188 326 3006923
3187 323 3006926
3160 315 3006929
3192 313 3006932
3189 328 3006935
3192 320 3006938
3185 317 3006941
3191 322 3006944
3188 322 3006947
3191 323 3006950
3188 321 3006953
3188 322 3006956
3189 320 3006959
3188 324 3006962
3131 325 3006965
3187 320 3006968
3171 330 3006971
3202 317 3006974
3186 315 3006977
3187 327 3006980
3192 319 3006983
3188 323 3006986
3190 322 3006989
3189 320 3006992
3189 323 3006995
3190 324 3007000
3190 320 3007003
3193 321 3007006
3188 318 3007009
3175 339 3007012
3179 310 3007015
3196 325 3007018
3187 326 3007021
3189 320 3007024
3190 319 3007027
3188 324 3007030
3192 322 3007033
3190 324 3007036
3190 319 3007039
3188 321 3007042
3181 321 3007045
3190 264 3007048
3187 321 3007051
3191 304 3007054
3195 334 3007057
3184 316 3007060
3193 323 3007063
3188 326 3007065
3188 323 3007068
3189 323 3007071
3186 325 3007075
3190 320 3007077
3190 323 3007080
3188 324 3007083
3191 324 3007086
3188 328 3007089
3202 321 3007092
3190 312 3007095
3187 309 3007098
3193 329 3007101
3184 320 3007104
3191 326 3007108
3189 320 3007110
3190 319 3007113
3191 320 3007116
3189 322 3007119
3192 321 3007122
3190 321 3007125
3183 323 3007128
3188 320 3007131
3170 323 3007134
3205 330 3007137
3185 323 3007141
3186 312 3007143
3191 325 3007146
3187 321 3007149
3190 320 3007152
3191 323 3007155
3189 323 3007158
3189 323 3007161
3190 321 3007164
3191 322 3007167
3192 323 3007170
3189 322 3007174
3185 284 3007176
3178 321 3007179
3197 325 3007182
3186 323 3007185
3190 320 3007188
3189 328 3007191
3191 321 3007194
3188 320 3007197
3188 323 3007200
3189 321 3007203
3191 324 3007207
3185 316 3007209
3191 346 3007212
3192 321 3007215
3205 311 3007218
3186 332 3007221
3184 315 3007224
3193 327 3007227
3188 323 3007230
3189 321 3007233
3189 321 3007236
3188 321 3007240
3187 318 3007242
3190 323 3007245
3188 320 3007248
3188 321 3007251
3190 323 3007254
3182 321 3007257
3184 317 3007260
3194 312 3007263
3190 327 3007266
3188 317 3007269
3190 324 3007273
3190 318 3007275
3190 324 3007278
3189 320 3007281
3190 322 3007284
3191 322 3007287
3189 321 3007290
3219 321 3007293
3188 320 3007296
3194 320 3007299
3190 340 3007302
3185 318 3007306
3192 318 3007308
3192 323 3007311
3189 317 3007314
3190 322 3007317
3189 320 3007320
3191 323 3007323
3190 324 3007326
3191 320 3007329
3248 320 3007332
3185 322 3007335
3188 320 3007339
3193 327 3007341
3194 309 3007344
3193 330 3007347
3186 319 3007350
3192 321 3007353
3188 324 3007356
3189 323 3007359
3189 321 3007362
3189 322 3007365
3188 318 3007368
3190 323 3007372
3188 319 3007374
3189 332 3007377
3190 322 3007380
3203 334 3007383
3187 316 3007386
3193 315 3007389
3190 329 3007392
3187 320 3007395
3192 321 3007398
3189 323 3007401
3191 324 3007405
3190 320 3007407
3189 322 3007410
3189 322 3007413
3245 291 3007416
3193 325 3007419
3189 322 3007422
3192 307 3007425
3192 333 3007428
3186 319 3007431
3191 318 3007434
3189 324 3007438
3189 317 3007440
3191 323 3007443
3187 321 3007446
3188 322 3007449
3191 323 3007452
3188 320 3007455
3192 323 3007458
3188 317 3007461
3175 341 3007464
3179 317 3007467
3199 320 3007471
3187 324 3007473
3190 323 3007476
3188 324 3007479
3188 320 3007482
3188 321 3007485
3188 323 3007488
3191 320 3007491
3188 321 3007494
3188 322 3007497
3190 345 3007500
3191 320 3007504
3203 318 3007506
3183 327 3007509
3187 311 3007512
3192 326 3007515
3189 321 3007518
3189 321 3007521
3187 323 3007524
3188 322 3007527
3190 322 3007530
3188 321 3007533
3190 324 3007537
3257 301 3007539
3190 324 3007542
3188 322 3007545
3195 310 3007548
3191 332 3007551
3182 317 3007554
3192 323 3007557
3186 321 3007560
3189 321 3007563
3190 322 3007566
3191 319 3007570
3189 319 3007572
3187 325 3007575
3320 320 3007578
3184 323 3007581
3188 322 3007584
3194 313 3007587
3184 312 3007590
3192 328 3007593
3187 320 3007596
3191 318 3007599
3190 324 3007603
3191 318 3007605
3189 325 3007608
3188 320 3007611
3190 321 3007614
3192 322 3007617
3191 319 3007620
3187 328 3007623
3196 319 3007626
3179 340 3007629
3183 316 3007632
3197 324 3007636
3186 324 3007638
3189 321 3007641
3190 322 3007644
3186 322 3007647
3190 321 3007650
3192 321 3007653
3190 325 3007656
3189 321 3007659
3194 317 3007662
3189 318 3007665
3178 324 3007669
3199 331 3007671
3185 323 3007674
3187 314 3007677
3189 325 3007680
3187 324 3007683
3189 316 3007686
3188 321 3007689
3188 318 3007692
3192 322 3007695
3190 320 3007698
3235 326 3007702
3183 320 3007704
3190 325 3007707
3180 327 3007710
3195 312 3007713
3188 325 3007716
3184 318 3007719
3193 321 3007722
3188 322 3007725
3190 322 3007728
3189 322 3007731
3189 321 3007735
3189 319 3007737
3186 323 3007740
3189 320 3007743
3186 336 3007746
3208 321 3007749
3185 332 3007752
3184 317 3007755
3194 328 3007758
3188 320 3007761
3191 319 3007764
3190 325 3007768
3190 318 3007770
3191 325 3007773
3188 319 3007776
3190 322 3007779
3192 321 3007782
3172 314 3007785
3187 324 3007788
3175 321 3007791
3204 331 3007794
3184 314 3007797
3191 319 3007801
3190 322 3007803
3189 322 3007806
3187 320 3007809
3199 322 3007812
3190 319 3007815
3190 321 3007818
3189 323 3007821
3177 321 3007824
3188 319 3007827
3190 324 3007830
3192 327 3007834
3186 304 3007836
3193 331 3007839
3184 320 3007842
3190 321 3007845
3190 324 3007848
3190 320 3007851
3190 324 3007854
3186 320 3007857
3189 320 3007860
3189 321 3007863
3191 323 3007867
3186 327 3007869
3189 324 3007872
3203 332 3007875
3181 304 3007878
3190 315 3007881
3190 325 3007884
3189 321 3007887
3191 320 3007890
3189 322 3007893
3188 322 3007896
3190 324 3007900
3188 316 3007902
3190 322 3007905
3188 281 3007908
3191 320 3007911
3190 319 3007914
3182 309 3007917
3196 335 3007920
3185 317 3007923
3193 317 3007926
3191 324 3007929
3188 321 3007933
3190 320 3007935
3189 322 3007938
3187 319 3007941
3190 322 3007944
3188 320 3007947
3201 323 3007950
3191 321 3007953
3209 327 3007956
3191 312 3007959
3189 311 3007962
3194 329 3007966
3187 318 3007968
3189 322 3007971
3188 321 3007974
3188 320 3007977
3190 321 3007980
3189 320 3007983
3190 323 3007986
3178 319 3007989
3189 396 3007992
3188 323 3007995
3175 323 3007999
3199 321 3008003
3185 317 3008006
3191 325 3008009
3192 322 3008012
3186 319 3008015
3190 322 3008018
3190 320 3008021
3191 321 3008024
3188 322 3008027
3190 320 3008030
3188 324 3008033
3188 322 3008036
3197 345 3008039
3167 318 3008042
3179 319 3008045
3193 325 3008048
3187 318 3008051
3188 325 3008054
3193 321 3008057
3189 323 3008060
3190 323 3008063
3189 323 3008066
3188 321 3008069
3188 322 3008072
3173 320 3008075
3192 322 3008078
3187 306 3008081
3192 334 3008084
3196 317 3008087
3185 320 3008090
3192 325 3008093
3189 320 3008096
3189 323 3008099
3190 321 3008102
3190 322 3008105
3191 322 3008108
3188 323 3008111
3186 322 3008114
