2258 257 5269637
2252 250 5269640
2251 251 5269643
2253 256 5269646
2253 254 5269649
2251 252 5269652
2254 256 5269655
2254 255 5269658
2253 255 5269661
2297 251 5269664
2249 259 5269667
2249 237 5269670
2247 250 5269673
2264 256 5269676
2249 250 5269679
2251 257 5269682
2251 246 5269685
2251 255 5269688
2255 253 5269691
2250 254 5269694
2253 254 5269697
2255 253 5269700
2252 253 5269703
2236 182 5269706
2253 254 5269709
2252 238 5269712
2264 270 5269715
2253 246 5269718
2247 257 5269721
2258 256 5269724
2253 252 5269727
2254 254 5269730
2254 254 5269733
2253 254 5269736
2249 252 5269739
2252 252 5269742
2253 256 5269745
2230 328 5269748
2248 252 5269751
2254 287 5269754
2278 250 5269757
2239 247 5269760
2256 261 5269763
2253 250 5269766
2248 251 5269769
2255 255 5269772
2251 255 5269775
2253 255 5269778
2253 253 5269781
2252 254 5269784
2253 253 5269787
2239 300 5269790
2245 251 5269793
2262 294 5269796
2262 238 5269799
2239 254 5269802
2260 258 5269805
2250 248 5269808
2255 255 5269811
2256 253 5269814
2251 256 5269817
2252 255 5269820
2255 255 5269823
2252 256 5269826
2253 255 5269829
2234 278 5269832
2245 251 5269835
2259 291 5269838
2266 241 5269841
2240 251 5269844
2261 260 5269847
2251 250 5269850
2252 255 5269853
2256 254 5269856
2251 255 5269859
2252 256 5269862
2251 251 5269865
2252 254 5269868
2252 252 5269871
2239 300 5269874
2245 254 5269877
2266 293 5269880
2252 234 5269883
2245 258 5269886
2261 258 5269889
2251 251 5269892
2251 257 5269895
2254 251 5269898
2253 252 5269901
2252 252 5269904
2251 253 5269907
2254 255 5269910
2253 254 5269913
2253 286 5269916
2245 254 5269919
2278 280 5269922
2237 235 5269925
2251 263 5269928
2259 249 5269931
2248 254 5269934
2253 258 5269937
2253 250 5269940
2253 253 5269943
2254 256 5269946
2250 252 5269949
2253 254 5269952
2253 255 5269955
2261 283 5269958
2244 255 5269961
2280 267 5269964
2231 237 5269967
2254 266 5269970
2257 250 5269973
2248 254 5269976
2256 257 5269979
2249 251 5269982
2252 256 5269985
2254 257 5269988
2251 253 5269991
2252 253 5269994
2252 250 5269997
2260 270 5270001
2249 255 5270004
2280 260 5270007
2226 243 5270010
2259 268 5270013
2257 253 5270016
2245 255 5270019
2257 259 5270022
2251 253 5270025
2252 253 5270028
2254 253 5270031
2252 250 5270034
2253 254 5270036
2252 253 5270039
2264 252 5270042
2251 250 5270045
2266 236 5270048
2228 251 5270051
2262 265 5270054
2250 250 5270057
2251 255 5270060
2254 253 5270063
2251 253 5270066
2251 256 5270069
2252 256 5270072
2255 255 5270075
2252 256 5270078
2251 254 5270081
2256 243 5270084
2255 256 5270087
2256 228 5270090
2230 255 5270093
2264 263 5270096
2250 252 5270099
2253 256 5270102
2255 256 5270105
2256 254 5270108
2253 254 5270111
2253 250 5270114
2252 252 5270117
2253 253 5270120
2254 265 5270123
2249 236 5270126
2260 254 5270129
2232 223 5270132
2250 268 5270135
2265 254 5270138
2245 251 5270141
2254 256 5270144
2253 251 5270147
2251 253 5270150
2254 251 5270153
2254 253 5270156
2251 254 5270159
2253 252 5270162
2254 255 5270165
1942 254 5270168
2257 253 5270171
2216 243 5270174
2273 267 5270177
2249 244 5270180
2247 256 5270183
2257 256 5270186
2253 253 5270189
2251 252 5270192
2252 255 5270195
2253 254 5270198
2252 258 5270201
2253 255 5270204
2252 226 5270207
2251 258 5270210
2246 255 5270213
2252 282 5270216
2270 247 5270219
2242 252 5270222
2254 258 5270225
2254 253 5270228
2253 256 5270231
2254 256 5270234
2253 253 5270237
2255 252 5270240
2252 256 5270243
2253 253 5270246
2254 240 5270249
2295 246 5270252
2251 267 5270255
2290 262 5270258
2238 241 5270261
2252 261 5270264
2260 254 5270267
2250 253 5270270
2254 253 5270273
2252 251 5270276
2250 252 5270279
2248 251 5270282
2252 252 5270285
2253 255 5270288
2251 260 5270291
2245 256 5270294
2253 266 5270297
2234 229 5270300
2249 266 5270303
2261 251 5270306
2245 253 5270309
2254 255 5270312
2252 251 5270315
2254 254 5270318
2255 256 5270321
2251 253 5270324
2253 255 5270327
2253 255 5270330
2266 147 5270333
2254 258 5270336
2250 215 5270339
2247 278 5270342
2265 251 5270345
2242 247 5270348
2264 259 5270351
2254 253 5270354
2251 253 5270357
2255 257 5270360
2252 255 5270363
2253 255 5270366
2254 256 5270369
2251 252 5270372
2237 314 5270375
2248 249 5270378
2253 275 5270381
2281 260 5270384
2242 243 5270387
2251 260 5270390
2254 253 5270393
2251 256 5270396
2254 258 5270399
2252 254 5270402
2253 258 5270405
2253 254 5270408
2252 253 5270411
2251 254 5270414
2254 281 5270417
2246 250 5270420
2276 271 5270423
2233 238 5270426
2254 265 5270429
2258 252 5270432
2248 254 5270435
2254 255 5270438
2253 252 5270441
2251 252 5270444
2251 255 5270447
2255 254 5270450
2253 255 5270453
2251 254 5270456
2264 250 5270459
2254 255 5270462
2267 237 5270465
2228 251 5270468
2264 263 5270471
2250 246 5270474
2248 254 5270477
2254 256 5270480
2252 255 5270483
2252 255 5270486
2251 254 5270489
2254 255 5270492
2253 252 5270495
2254 255 5270498
2259 240 5270501
2259 254 5270504
2250 221 5270507
2235 258 5270510
2265 258 5270513
2248 247 5270516
2252 257 5270519
2253 255 5270522
2253 254 5270525
2257 254 5270528
2253 254 5270531
2253 256 5270534
2256 251 5270537
2252 254 5270540
2263 249 5270543
2254 252 5270546
2263 233 5270549
2230 256 5270552
2263 262 5270555
2250 247 5270558
2251 258 5270561
2252 254 5270564
2250 255 5270567
2254 255 5270570
2250 252 5270573
2250 255 5270576
2253 254 5270579
2252 253 5270582
2250 286 5270585
2241 254 5270588
2277 279 5270591
2242 233 5270594
2249 266 5270597
2262 253 5270600
2249 249 5270603
2251 255 5270606
2252 254 5270609
2251 252 5270612
2255 256 5270615
2253 256 5270618
2253 253 5270621
2252 252 5270624
2264 146 5270627
2253 260 5270630
2250 224 5270633
2263 277 5270636
2257 244 5270639
2243 254 5270642
2257 255 5270645
2252 254 5270648
2255 256 5270651
2251 252 5270654
2252 254 5270657
2255 253 5270660
2250 255 5270663
2253 256 5270666
2252 227 5270669
2288 249 5270672
2249 264 5270675
2284 262 5270678
2238 240 5270681
2252 262 5270684
2257 252 5270687
2248 254 5270690
2257 258 5270693
2252 256 5270696
2253 255 5270699
2252 252 5270702
2250 254 5270705
2254 253 5270708
2251 252 5270711
2240 292 5270714
2245 252 5270717
2275 274 5270720
2233 235 5270723
2251 264 5270726
2261 254 5270729
2248 252 5270732
2253 256 5270735
2253 254 5270738
2251 253 5270741
2254 255 5270744
2252 257 5270747
2254 256 5270750
2252 253 5270753
2252 222 5270756
2283 252 5270759
2253 260 5270762
2289 271 5270765
2243 239 5270768
2248 258 5270771
2259 252 5270774
2249 251 5270777
2256 257 5270780
2254 252 5270783
2251 255 5270786
2255 256 5270789
2254 258 5270792
2252 255 5270795
2254 254 5270798
2252 261 5270801
2240 260 5270804
2248 224 5270807
2223 256 5270810
2270 263 5270813
2252 247 5270816
2250 257 5270819
2255 253 5270822
2254 253 5270825
2251 255 5270828
2252 256 5270831
2254 254 5270834
2253 253 5270837
2250 255 5270840
2253 254 5270843
2256 303 5270846
2255 256 5270849
2248 246 5270852
2278 274 5270855
2251 242 5270858
2247 257 5270861
2258 256 5270864
2254 251 5270867
2252 253 5270870
2253 253 5270873
2253 250 5270876
2254 254 5270879
2256 253 5270882
2249 252 5270885
2253 254 5270888
2219 183 5270891
2255 252 5270894
2250 275 5270897
2281 258 5270900
2241 241 5270903
2253 260 5270906
2255 253 5270909
2250 254 5270912
2255 256 5270915
2252 252 5270918
2253 254 5270921
2256 253 5270924
2253 255 5270927
2252 259 5270930
2254 252 5270933
2223 292 5270936
2249 253 5270939
2262 295 5270942
2258 237 5270945
2240 256 5270948
2256 259 5270951
2252 252 5270954
2253 254 5270957
2254 258 5270960
2252 255 5270963
2251 251 5270966
2254 255 5270969
2253 253 5270972
2254 253 5270975
2253 252 5270978
2237 286 5270981
2244 251 5270984
2275 290 5270987
2241 233 5270990
2248 262 5270993
2263 254 5270996
2249 252 5271000
2252 256 5271003
2254 251 5271006
2253 252 5271009
2253 254 5271012
2254 256 5271015
2257 253 5271018
2254 251 5271021
2252 254 5271024
2229 251 5271027
2255 251 5271030
2259 296 5271033
2267 241 5271035
2240 250 5271038
2260 260 5271041
2250 249 5271044
2252 257 5271047
2252 251 5271050
2253 254 5271053
2254 256 5271056
2254 253 5271059
2255 254 5271062
2254 256 5271065
2253 253 5271068
2243 152 5271071
2256 259 5271074
2249 253 5271077
2283 272 5271080
2249 240 5271083
2247 260 5271086
2258 255 5271089
2252 251 5271092
2253 254 5271095
2252 253 5271098
2252 254 5271101
2254 256 5271104
2255 255 5271107
2252 253 5271110
2253 254 5271113
2444 255 5271116
2234 265 5271119
2251 214 5271122
2249 276 5271125
2266 249 5271128
2241 250 5271131
2257 257 5271134
2252 252 5271137
2251 254 5271140
2254 253 5271143
2252 252 5271146
2255 254 5271149
2249 257 5271152
2252 253 5271155
2254 253 5271158
2253 266 5271161
2255 252 5271164
220 2145 5256764
212 2144 5256767
218 2147 5256770
217 2144 5256773
219 2147 5256776
219 2148 5256779
218 2145 5256782
217 2143 5256785
215 2130 5256788
226 2144 5256791
217 2140 5256794
233 2150 5256797
204 2142 5256800
215 2147 5256803
222 2143 5256806
213 2145 5256809
221 2145 5256812
218 2144 5256815
216 2146 5256818
216 2146 5256821
217 2145 5256824
216 2146 5256827
216 2134 5256830
200 2144 5256833
215 2144 5256836
233 2141 5256839
205 2145 5256842
214 2148 5256845
217 2142 5256848
214 2146 5256851
216 2145 5256854
216 2144 5256857
216 2146 5256860
216 2149 5256863
213 2147 5256866
217 2144 5256869
216 2147 5256872
227 2148 5256875
214 2160 5256878
231 2132 5256881
206 2158 5256884
216 2149 5256887
214 2142 5256890
215 2145 5256893
215 2145 5256896
209 2145 5256899
215 2144 5256902
215 2144 5256905
216 2149 5256908
214 2147 5256911
213 2147 5256914
213 2146 5256917
214 2163 5256920
215 2130 5256923
206 2148 5256926
219 2151 5256929
212 2143 5256932
216 2150 5256935
218 2146 5256938
214 2147 5256941
215 2146 5256944
217 2144 5256947
215 2148 5256950
213 2145 5256953
214 2144 5256956
213 2144 5256959
214 2154 5256962
198 2133 5256965
222 2147 5256968
220 2145 5256971
214 2148 5256974
214 2144 5256977
215 2143 5256980
213 2146 5256983
214 2143 5256986
216 2144 5256989
214 2147 5256992
215 2148 5256995
306 2141 5256998
215 2143 5257002
215 2129 5257005
229 2149 5257008
221 2151 5257011
210 2144 5257014
217 2148 5257017
217 2146 5257020
211 2146 5257023
219 2147 5257026
216 2145 5257029
215 2144 5257032
214 2145 5257035
216 2145 5257038
202 2172 5257040
212 2145 5257043
214 2184 5257046
211 2147 5257049
221 2138 5257052
207 2146 5257055
215 2150 5257058
216 2144 5257061
215 2145 5257064
217 2146 5257067
213 2153 5257070
214 2146 5257073
215 2145 5257076
213 2143 5257079
187 2143 5257082
212 2144 5257085
209 2138 5257088
218 2157 5257091
209 2137 5257094
211 2147 5257097
215 2146 5257100
215 2146 5257103
216 2145 5257106
212 2145 5257109
216 2146 5257112
214 2148 5257115
215 2144 5257118
214 2145 5257121
198 2138 5257124
213 2147 5257127
206 2151 5257130
226 2144 5257133
206 2144 5257136
217 2150 5257139
214 2145 5257142
213 2146 5257145
216 2147 5257148
213 2145 5257151
212 2146 5257154
216 2147 5257157
215 2145 5257160
211 2146 5257163
195 2140 5257166
214 2143 5257169
211 2126 5257172
215 2145 5257175
223 2147 5257178
209 2143 5257181
214 2147 5257184
213 2144 5257187
214 2147 5257190
218 2144 5257193
211 2146 5257196
215 2145 5257199
215 2144 5257202
213 2146 5257205
214 2149 5257208
213 2144 5257211
211 2155 5257214
216 2135 5257217
204 2153 5257220
223 2146 5257223
215 2142 5257226
213 2146 5257229
215 2145 5257232
213 2147 5257235
213 2148 5257238
213 2147 5257241
215 2143 5257244
211 2146 5257247
213 2125 5257250
238 2144 5257253
215 2146 5257256
212 2157 5257259
220 2139 5257262
205 2146 5257265
218 2148 5257268
214 2144 5257271
215 2149 5257274
215 2145 5257277
210 2144 5257280
210 2146 5257283
215 2145 5257286
214 2145 5257289
216 2456 5257292
211 2145 5257295
213 2143 5257298
211 2130 5257301
223 2152 5257304
224 2148 5257307
209 2140 5257310
211 2148 5257313
216 2144 5257316
214 2146 5257319
216 2145 5257322
215 2147 5257325
214 2147 5257328
215 2144 5257331
215 2148 5257334
199 2163 5257337
214 2146 5257340
214 2142 5257343
224 2151 5257346
205 2140 5257349
216 2148 5257352
212 2146 5257355
214 2148 5257358
212 2144 5257361
214 2145 5257364
216 2148 5257367
212 2147 5257370
214 2145 5257373
215 2144 5257376
212 2154 5257379
216 2145 5257382
212 2155 5257385
200 2137 5257388
229 2153 5257391
215 2143 5257394
210 2140 5257397
215 2147 5257400
212 2146 5257403
214 2147 5257406
221 2143 5257409
212 2145 5257412
212 2145 5257415
214 2145 5257418
212 2143 5257421
0 2145 5257424
210 2143 5257427
193 2152 5257430
218 2154 5257433
211 2141 5257436
214 2147 5257439
216 2147 5257442
215 2146 5257445
212 2144 5257448
210 2144 5257451
213 2147 5257454
215 2147 5257457
212 2146 5257460
212 2147 5257463
196 2163 5257466
211 2146 5257469
212 2143 5257472
230 2151 5257475
204 2142 5257478
216 2146 5257481
213 2145 5257484
211 2147 5257487
215 2147 5257490
210 2142 5257493
213 2146 5257496
212 2148 5257499
213 2147 5257502
213 2147 5257505
212 2128 5257508
242 2145 5257511
212 2142 5257514
220 2159 5257517
205 2137 5257520
216 2145 5257523
211 2143 5257526
210 2146 5257529
217 2146 5257532
213 2143 5257535
210 2145 5257538
216 2145 5257541
211 2146 5257544
214 2145 5257547
214 2147 5257550
194 2166 5257553
213 2148 5257556
210 2140 5257559
226 2152 5257562
204 2141 5257565
215 2147 5257568
216 2147 5257571
213 2146 5257574
213 2145 5257577
213 2144 5257580
211 2145 5257583
213 2147 5257586
213 2145 5257589
210 2146 5257592
214 2217 5257595
216 2147 5257598
212 2146 5257601
185 2187 5257604
214 2151 5257607
214 2141 5257610
209 2147 5257613
215 2146 5257616
213 2147 5257619
211 2147 5257622
212 2145 5257625
214 2145 5257628
216 2145 5257631
211 2146 5257634
213 2146 5257637
213 2132 5257640
206 2148 5257643
212 2164 5257646
231 2131 5257649
205 2147 5257652
213 2149 5257655
208 2143 5257658
213 2148 5257661
214 2146 5257664
216 2149 5257667
213 2146 5257670
215 2145 5257673
213 2146 5257676
211 2146 5257679
213 2145 5257682
235 2144 5257685
212 2147 5257688
210 2115 5257691
246 2142 5257694
220 2148 5257697
205 2144 5257700
214 2149 5257703
214 2141 5257706
211 2147 5257709
212 2146 5257712
212 2145 5257715
215 2147 5257718
217 2147 5257721
210 2149 5257724
211 2144 5257727
212 2154 5257730
211 2147 5257733
207 2153 5257736
211 2153 5257739
212 2138 5257742
209 2150 5257745
214 2146 5257748
212 2146 5257751
214 2148 5257754
210 2145 5257757
213 2142 5257760
213 2147 5257763
213 2146 5257766
213 2145 5257769
212 2144 5257772
182 2171 5257775
211 2143 5257778
213 2144 5257781
220 2156 5257784
206 2138 5257787
211 2147 5257790
216 2144 5257793
211 2145 5257796
217 2146 5257799
211 2146 5257802
212 2146 5257805
215 2150 5257808
211 2146 5257811
213 2144 5257814
212 2144 5257817
227 2134 5257820
213 2143 5257823
211 2162 5257826
209 2155 5257829
219 2140 5257832
207 2148 5257835
216 2146 5257838
211 2146 5257841
211 2145 5257844
212 2144 5257847
212 2145 5257850
213 2148 5257853
213 2144 5257856
212 2146 5257859
214 2149 5257862
213 2153 5257865
211 2146 5257868
213 2128 5257871
192 2150 5257874
212 2148 5257877
210 2140 5257880
212 2149 5257883
217 2145 5257886
210 2142 5257889
212 2148 5257892
217 2147 5257895
212 2145 5257898
215 2150 5257901
211 2147 5257904
213 2146 5257907
214 2130 5257910
242 2147 5257913
213 2163 5257916
232 2136 5257919
203 2147 5257922
213 2152 5257925
213 2142 5257928
213 2146 5257931
213 2148 5257934
213 2144 5257937
214 2147 5257940
212 2145 5257943
212 2145 5257946
215 2146 5257949
214 2144 5257952
209 2144 5257955
201 2146 5257958
215 2143 5257961
205 2150 5257964
222 2145 5257967
206 2143 5257970
217 2147 5257973
210 2142 5257976
211 2147 5257979
217 2148 5257982
213 2144 5257985
209 2145 5257988
215 2145 5257991
214 2145 5257994
213 2149 5257997
213 2147 5258001
215 2148 5258004
213 2143 5258007
195 2171 5258010
215 2147 5258013
221 2142 5258016
206 2144 5258019
214 2150 5258022
216 2145 5258025
213 2144 5258028
217 2148 5258031
212 2145 5258033
212 2144 5258036
213 2146 5258039
214 2148 5258042
212 2145 5258045
206 2152 5258048
214 2147 5258051
227 2147 5258054
198 2139 5258057
217 2148 5258060
213 2143 5258063
213 2146 5258066
214 2146 5258069
211 2139 5258072
213 2146 5258075
214 2147 5258078
210 2143 5258081
214 2144 5258084
217 2147 5258087
214 2148 5258090
197 2140 5258093
215 2146 5258096
210 2161 5258099
221 2133 5258102
206 2143 5258105
214 2150 5258108
212 2145 5258111
211 2145 5258114
212 2148 5258117
213 2147 5258120
213 2148 5258123
214 2148 5258126
211 2145 5258129
211 2146 5258132
211 2146 5258135
191 2239 5258138
211 2146 5258141
208 2139 5258144
221 2143 5258147
207 2148 5258150
216 2151 5258153
212 2145 5258156
212 2146 5258159
214 2146 5258162
214 2148 5258165
213 2144 5258168
211 2146 5258171
214 2146 5258174
215 2145 5258177
209 2144 5258180
195 2149 5258183
217 2143 5258186
210 2161 5258189
214 2144 5258192
217 2149 5258195
217 2147 5258198
209 2143 5258201
211 2145 5258204
214 2147 5258207
213 2145 5258210
212 2143 5258213
215 2147 5258216
213 2144 5258219
215 2147 5258222
214 2147 5258225
221 2137 5258228
212 2146 5258231
227 2137 5258234
201 2155 5258237
219 2154 5258240
213 2140 5258243
209 2149 5258246
214 2148 5258249
213 2145 5258252
216 2149 5258255
213 2147 5258258
213 2145 5258261
212 2146 5258264
214 2145 5258267
212 2136 5258270
227 2143 5258273
213 2146 5258276
222 2151 5258279
225 2148 5258282
205 2141 5258285
214 2150 5258288
214 2145 5258291
214 2146 5258294
214 2149 5258297
211 2144 5258300
211 2147 5258303
213 2144 5258306
214 2145 5258309
212 2146 5258312
210 2151 5258315
217 2146 5258318
214 2155 5258321
200 2133 5258324
217 2146 5258327
217 2143 5258330
212 2146 5258333
213 2146 5258336
213 2145 5258339
212 2149 5258342
210 2146 5258345
213 2146 5258348
215 2147 5258351
214 2145 5258354
210 2144 5258357
194 2130 5258360
209 2145 5258363
208 2160 5258366
221 2134 5258369
208 2146 5258372
217 2149 5258375
211 2138 5258378
212 2149 5258381
215 2145 5258384
212 2148 5258387
211 2147 5258390
213 2143 5258393
213 2148 5258396
213 2155 5258399
213 2113 5258402
244 2148 5258405
215 2147 5258408
221 2148 5258411
223 2140 5258414
213 2148 5258417
214 2152 5258420
214 2143 5258423
214 2147 5258426
214 2147 5258429
211 2144 5258432
213 2145 5258435
213 2147 5258438
214 2144 5258441
211 2143 5258444
210 2145 5258447
215 2147 5258450
212 2121 5258453
218 2150 5258456
217 2144 5258459
209 2144 5258462
217 2149 5258465
211 2142 5258468
211 2147 5258471
214 2146 5258474
212 2144 5258477
214 2146 5258480
212 2145 5258483
212 2146 5258486
213 2191 5258489
209 2143 5258492
212 2145 5258495
190 2153 5258498
206 2143 5258501
215 2142 5258504
211 2145 5258507
214 2147 5258510
212 2145 5258513
213 2146 5258516
214 2149 5258519
214 2145 5258522
213 2147 5258525
212 2146 5258528
211 2145 5258531
211 2152 5258534
212 2146 5258537
213 2144 5258540
194 2147 5258543
212 2150 5258546
217 2142 5258549
209 2148 5258552
216 2147 5258555
212 2144 5258558
214 2148 5258561
213 2144 5258564
216 2145 5258567
214 2148 5258570
214 2144 5258573
211 2112 5258576
250 2145 5258579
214 2146 5258582
204 2150 5258585
216 2140 5258588
207 2145 5258591
217 2151 5258594
212 2142 5258597
214 2146 5258600
213 2147 5258603
214 2145 5258606
213 2146 5258609
214 2146 5258612
214 2145 5258615
213 2146 5258618
206 2159 5258621
212 2144 5258624
220 2157 5258627
206 2169 5258630
211 2146 5258633
218 2142 5258636
210 2144 5258639
210 2146 5258642
214 2146 5258645
214 2147 5258648
213 2147 5258651
212 2147 5258654
213 2145 5258657
213 2147 5258660
211 2146 5258663
215 2146 5258666
213 2133 5258669
200 2145 5258672
210 2153 5258675
214 2141 5258678
213 2148 5258681
215 2148 5258684
212 2146 5258687
213 2147 5258690
211 2145 5258693
208 2145 5258696
213 2147 5258699
216 2148 5258702
214 2193 5258705
241 2146 5258708
213 2147 5258711
205 2139 5258714
211 2151 5258717
211 2139 5258720
213 2144 5258723
211 2139 5258726
212 2144 5258729
213 2146 5258732
213 2147 5258735
209 2148 5258738
209 2144 5258741
212 2146 5258744
214 2145 5258747
189 1753 5258750
216 2145 5258753
3077 493 5263162
3087 623 5263165
3090 492 5263168
3088 487 5263171
3088 496 5263174
3087 496 5263177
3087 494 5263180
3088 490 5263183
3088 490 5263186
3085 494 5263189
3085 492 5263191
3088 491 5263194
3088 493 5263198
3087 490 5263200
3089 493 5263203
3115 475 5263206
3089 490 5263209
3085 491 5263212
3089 490 5263215
3087 492 5263218
3086 490 5263221
3086 490 5263224
3087 491 5263227
3089 496 5263231
3085 489 5263233
3087 489 5263236
3084 493 5263239
3087 492 5263242
3085 490 5263245
3081 491 5263248
3085 452 5263251
3081 490 5263254
3086 487 5263257
3085 494 5263260
3086 492 5263264
3085 487 5263266
3083 490 5263269
3086 490 5263272
3088 491 5263275
3086 489 5263278
3087 491 5263281
3090 491 5263284
3087 491 5263287
3085 490 5263290
3129 499 5263293
3087 494 5263297
3085 486 5263299
3089 491 5263302
3088 493 5263305
3090 491 5263308
3088 490 5263311
3086 492 5263314
3089 491 5263317
3087 490 5263320
3086 491 5263323
3088 492 5263326
3086 493 5263330
3086 488 5263332
3095 490 5263335
3090 535 5263338
3086 491 5263341
3089 489 5263344
3088 498 5263347
3086 492 5263350
3087 490 5263353
3085 489 5263356
3088 492 5263359
3087 492 5263363
3084 486 5263365
3086 480 5263368
3086 493 5263371
3088 488 5263374
3090 490 5263377
3090 491 5263380
3088 490 5263383
3089 488 5263386
3087 491 5263389
3086 491 5263392
3088 489 5263396
3084 486 5263398
3088 490 5263401
3088 492 5263404
3087 488 5263407
3088 492 5263410
3088 493 5263413
3087 490 5263416
3086 488 5263419
3085 490 5263422
3087 491 5263425
3089 491 5263429
3087 491 5263431
3088 492 5263434
3089 492 5263437
3088 492 5263440
3088 492 5263443
3087 492 5263446
3088 489 5263449
3086 489 5263452
3087 488 5263455
3086 491 5263458
3088 491 5263462
3087 489 5263464
3087 490 5263467
3089 492 5263470
3090 491 5263473
3088 493 5263476
3089 491 5263479
3089 493 5263482
3087 490 5263485
3087 489 5263488
3087 491 5263491
3087 491 5263495
3087 488 5263497
3089 492 5263500
3086 491 5263503
3088 492 5263506
3089 493 5263509
3087 495 5263512
3090 489 5263515
3085 491 5263518
3085 487 5263521
3086 491 5263524
3084 491 5263528
3086 489 5263530
3087 491 5263533
3087 490 5263536
3085 491 5263539
3086 490 5263542
3085 492 5263545
3088 489 5263548
3718 490 5263551
3091 489 5263554
3087 490 5263557
3089 495 5263561
3086 487 5263563
3086 490 5263566
3086 491 5263569
3089 492 5263572
3085 491 5263575
3089 491 5263578
3086 491 5263581
3087 490 5263584
3087 491 5263587
3088 489 5263590
3087 493 5263594
3088 0 5263596
3087 493 5263599
3092 494 5263602
3087 493 5263605
3088 488 5263608
3087 492 5263611
3086 491 5263614
3086 491 5263617
3086 489 5263620
3086 491 5263623
3088 493 5263627
3085 488 5263629
3087 492 5263632
3085 494 5263635
3191 493 5263638
3083 488 5263641
3087 492 5263644
3087 494 5263647
3084 488 5263650
3084 488 5263653
3086 493 5263656
3088 491 5263660
3087 487 5263662
3086 491 5263665
3087 494 5263668
3088 491 5263671
3085 491 5263674
3086 492 5263677
3087 489 5263680
3085 400 5263683
3084 488 5263686
3092 492 5263689
3086 494 5263693
3086 488 5263695
3087 493 5263698
3086 493 5263701
3090 491 5263704
3086 492 5263707
3086 490 5263710
3088 490 5263713
3087 491 5263716
3084 490 5263719
3087 491 5263722
2694 492 5263726
3084 486 5263728
3087 493 5263731
3088 498 5263734
3087 490 5263737
3089 493 5263740
3087 493 5263743
3089 493 5263746
3086 486 5263749
3086 490 5263752
3087 492 5263755
3090 491 5263759
3088 489 5263761
3087 493 5263764
3088 494 5263767
3087 491 5263770
3088 485 5263773
3088 490 5263776
3086 492 5263779
3085 485 5263782
3087 490 5263785
3088 492 5263788
3087 491 5263792
3084 488 5263794
3086 491 5263797
3086 493 5263800
3087 488 5263803
3087 491 5263806
3086 491 5263809
3087 491 5263812
3088 482 5263815
3088 489 5263818
3089 488 5263821
3086 492 5263825
3086 489 5263827
3088 491 5263830
3088 490 5263833
3087 490 5263836
3087 490 5263839
3086 491 5263842
3086 490 5263845
3086 488 5263848
3089 490 5263851
3087 491 5263854
3090 495 5263858
3089 449 5263860
3087 494 5263863
3089 490 5263866
3088 492 5263869
3088 491 5263872
3089 491 5263875
3089 489 5263878
3089 491 5263881
3087 492 5263884
3089 490 5263887
3088 492 5263891
3087 490 5263893
3087 492 5263896
3087 492 5263899
2530 575 5263902
3086 492 5263905
3085 491 5263908
3087 487 5263911
3084 492 5263914
3088 490 5263917
3089 492 5263920
3089 492 5263924
3087 489 5263926
3087 489 5263929
3089 490 5263932
3088 491 5263935
3089 490 5263938
3086 490 5263941
3087 489 5263944
3082 491 5263947
3086 488 5263950
3091 494 5263953
3085 493 5263957
3086 488 5263959
3087 491 5263962
3086 491 5263965
3086 491 5263968
3086 491 5263971
3086 488 5263974
3087 491 5263977
3088 490 5263980
3087 489 5263983
3088 496 5263986
3091 493 5263990
3086 511 5263992
3083 491 5263995
3089 490 5264000
3087 491 5264003
3088 493 5264006
3086 493 5264009
3092 492 5264012
3089 491 5264015
3088 492 5264018
3087 497 5264021
3086 492 5264024
3086 493 5264027
3086 492 5264030
3083 453 5264033
3580 491 5264036
3084 490 5264039
3085 489 5264042
3088 490 5264045
3087 490 5264048
3086 490 5264051
3088 492 5264054
3088 490 5264057
3083 491 5264060
3085 493 5264063
3087 492 5264066
3086 492 5264069
3087 492 5264072
3087 490 5264075
3085 490 5264078
3078 490 5264081
3087 492 5264084
3090 492 5264087
3087 491 5264090
3086 491 5264093
3087 492 5264096
3085 492 5264099
3087 491 5264102
3086 493 5264105
3089 489 5264108
3087 492 5264111
3086 491 5264114
3088 490 5264117
3088 493 5264120
3106 419 5264123
3086 492 5264126
3086 490 5264129
3088 492 5264132
3089 491 5264135
3085 493 5264138
3089 490 5264141
3089 491 5264144
3089 492 5264147
3088 490 5264150
3089 490 5264153
3088 493 5264156
3086 491 5264159
3087 492 5264162
3090 678 5264165
3086 493 5264168
3087 491 5264171
3087 490 5264174
3089 491 5264177
3086 491 5264180
3086 491 5264183
3087 491 5264186
3089 492 5264189
3083 491 5264192
3087 490 5264195
3088 490 5264198
3086 495 5264201
3088 492 5264204
3159 493 5264207
3085 494 5264210
3085 491 5264213
3085 488 5264216
3089 493 5264219
3087 492 5264222
3086 489 5264225
3086 490 5264228
3087 489 5264231
3085 492 5264234
3089 491 5264237
3088 492 5264240
3085 493 5264243
3085 491 5264246
3086 489 5264249
3092 495 5264252
3089 497 5264255
3088 491 5264258
3085 492 5264261
3089 491 5264264
3089 492 5264267
3088 490 5264270
3088 488 5264273
3089 492 5264276
3086 490 5264279
3087 489 5264282
3086 490 5264285
3088 491 5264288
3085 498 5264291
3088 492 5264294
3088 494 5264297
3089 494 5264300
3086 491 5264303
3090 493 5264306
3088 492 5264309
3082 489 5264312
3087 490 5264315
3086 491 5264318
3086 492 5264321
3085 489 5264324
3086 493 5264327
3087 493 5264330
3085 489 5264333
3211 494 5264336
3089 490 5264339
3083 493 5264342
3087 489 5264345
3085 485 5264348
3086 491 5264351
3087 490 5264354
3085 488 5264357
3077 492 5264360
3088 490 5264363
3086 489 5264366
3088 497 5264369
3088 493 5264372
3086 618 5264375
3086 486 5264378
3082 493 5264381
3088 492 5264384
3086 492 5264387
3086 492 5264390
3086 494 5264393
3089 492 5264396
3088 493 5264399
3090 494 5264402
3088 492 5264405
3088 491 5264408
3087 489 5264411
3086 491 5264414
3087 491 5264417
3090 525 5264420
3085 491 5264423
3085 495 5264426
3091 493 5264429
3087 492 5264432
3088 493 5264435
3088 490 5264438
3088 490 5264441
3087 492 5264444
3086 492 5264447
3087 492 5264450
3089 490 5264453
3084 490 5264456
3089 491 5264459
3076 525 5264462
3086 493 5264465
3087 491 5264468
3084 487 5264471
3085 494 5264474
3088 488 5264477
3083 489 5264480
3086 490 5264483
3086 489 5264486
3084 491 5264489
3088 489 5264492
3089 490 5264495
3088 493 5264498
3086 492 5264501
3087 482 5264504
3126 489 5264507
3088 489 5264510
3089 492 5264513
3088 490 5264516
3089 492 5264519
3085 492 5264522
3087 491 5264525
3088 491 5264528
3089 494 5264531
3088 492 5264534
3087 490 5264537
3088 490 5264540
3087 490 5264543
3087 801 5264546
3086 492 5264549
3087 492 5264552
3086 491 5264555
3086 490 5264558
3090 492 5264561
3087 492 5264564
3087 491 5264567
3088 490 5264570
3087 492 5264573
3087 492 5264576
3089 490 5264579
3088 489 5264582
3087 493 5264585
3085 491 5264588
3106 609 5264591
3089 491 5264594
3084 491 5264597
3088 491 5264600
3088 488 5264603
3085 490 5264606
3086 490 5264609
3087 490 5264612
3086 491 5264615
3086 493 5264618
3085 488 5264621
3088 490 5264624
3089 492 5264627
3088 491 5264630
3088 492 5264633
3081 491 5264636
3085 494 5264639
3088 490 5264642
3086 489 5264645
3086 493 5264648
3087 490 5264651
3085 490 5264654
3089 493 5264657
3088 493 5264660
3088 493 5264663
3086 492 5264666
3088 490 5264669
3085 490 5264672
3085 79 5264675
3087 492 5264678
3089 493 5264681
3090 493 5264684
3086 491 5264687
3087 493 5264690
3090 492 5264693
3086 493 5264696
3087 492 5264699
3087 491 5264702
3086 492 5264705
3089 492 5264708
3086 488 5264711
3087 493 5264714
3087 492 5264717
3088 682 5264720
3090 495 5264723
3087 488 5264726
3085 494 5264729
3087 490 5264732
3085 491 5264735
3085 490 5264738
3085 487 5264741
3087 489 5264744
3087 492 5264747
3088 491 5264750
3085 489 5264753
3087 495 5264756
3088 492 5264759
3087 490 5264762
3076 491 5264765
3087 490 5264768
3089 494 5264771
3086 487 5264774
3085 493 5264777
3088 490 5264780
3087 490 5264783
3087 492 5264786
3088 491 5264789
3088 491 5264792
3087 492 5264795
3087 492 5264798
3087 489 5264801
3087 491 5264804
3090 480 5264807
3087 492 5264810
3093 494 5264813
3086 490 5264816
3086 492 5264819
3088 493 5264822
3089 492 5264825
3088 494 5264828
3087 492 5264831
3088 490 5264834
3089 492 5264837
3086 489 5264840
3088 490 5264843
3089 490 5264846
2991 0 5264849
3087 491 5264852
3086 489 5264855
3086 492 5264858
3090 493 5264861
3088 490 5264864
3086 490 5264867
3087 491 5264870
3086 490 5264873
3086 490 5264876
3088 490 5264879
3088 492 5264882
3086 492 5264885
3087 492 5264888
3089 475 5264891
3059 492 5264894
3084 486 5264897
3085 490 5264900
3087 490 5264903
3086 491 5264906
3087 490 5264909
3088 491 5264912
3089 494 5264915
3087 492 5264918
3087 491 5264921
3089 493 5264924
3086 492 5264927
3086 492 5264930
3088 487 5264933
3087 486 5264936
3087 490 5264939
3091 492 5264942
3089 490 5264945
3090 492 5264948
3088 492 5264951
3088 491 5264954
3089 491 5264957
3089 495 5264960
3089 495 5264963
3089 489 5264966
3087 490 5264969
3088 492 5264972
3087 491 5264975
3127 288 5264978
3090 492 5264981
3084 488 5264984
3085 493 5264987
3088 493 5264990
3085 491 5264993
3087 492 5264996
3088 487 5265000
3084 493 5265003
3086 488 5265006
3087 488 5265009
3086 496 5265012
3087 494 5265015
3089 490 5265018
3087 481 5265021
3079 489 5265024
3086 487 5265027
3088 494 5265030
3086 490 5265033
3089 494 5265035
3088 489 5265038
3088 492 5265041
3087 494 5265044
3088 491 5265047
3087 489 5265050
3087 492 5265053
3088 490 5265056
3086 492 5265059
3086 581 5265062
1697 492 5265065
3088 490 5265068
3086 489 5265071
3086 495 5265074
3087 493 5265077
3085 492 5265080
3088 492 5265083
3088 492 5265086
3089 492 5265089
3089 492 5265092
3087 491 5265095
3086 494 5265098
3087 491 5265101
3086 493 5265104
3087 505 5265107
3088 494 5265110
3089 497 5265113
3088 491 5265116
3084 493 5265119
3086 493 5265122
3086 489 5265125
3087 492 5265128
3085 491 5265131
3087 489 5265134
3087 489 5265137
3088 491 5265140
3084 491 5265143
3086 492 5265146
3088 524 5265149
3088 492 5265152
3083 490 5265155
3088 488 5265158
3085 490 5265161
3085 491 5265164
3086 488 5265167
3089 491 5265170
3088 495 5265173
3086 489 5265176
3087 490 5265179
3087 493 5265182
3087 492 5265185
3088 491 5265188
3086 433 5265191
3086 492 5265194
3086 489 5265197
3085 490 5265200
3087 494 5265203
3091 493 5265206
3087 491 5265209
3088 490 5265212
3089 493 5265215
3089 492 5265218
3087 493 5265221
3089 492 5265224
3088 493 5265227
3086 491 5265230
3049 734 5265233
3090 491 5265236
3090 489 5265239
3085 490 5265242
3087 492 5265245
3088 491 5265248
3088 492 5265251
3087 489 5265254
3087 489 5265257
3086 493 5265260
3086 490 5265263
3087 490 5265266
3088 493 5265269
3089 490 5265272
3022 0 5265275
3087 492 5265278
3088 490 5265281
3084 489 5265284
3086 492 5265287
3089 489 5265290
3088 490 5265293
3087 491 5265296
3087 490 5265299
3088 491 5265302
3088 490 5265305
3086 489 5265308
3086 491 5265311
3085 492 5265314
3020 0 5265317
3088 491 5265320
3088 489 5265323
3087 491 5265326
3085 489 5265329
3087 490 5265332
3088 493 5265335
3087 491 5265338
3086 491 5265341
3086 495 5265344
3088 493 5265347
3086 494 5265350
3086 493 5265353
3087 491 5265356
3094 329 5265359
3081 492 5265362
3089 490 5265365
3085 493 5265368
3091 487 5265371
3086 490 5265374
3088 492 5265377
3088 490 5265380
3087 491 5265383
3086 493 5265386
3088 491 5265389
3088 492 5265392
3086 492 5265395
3085 494 5265398
3107 688 5265401
3090 493 5265404
3085 486 5265407
3085 493 5265410
3088 491 5265413
3085 491 5265416
3086 494 5265419
3088 488 5265422
3084 488 5265425
3086 491 5265428
3087 490 5265431
3085 490 5265434
3086 493 5265437
3084 490 5265440
3082 442 5265443
3088 491 5265446
3081 491 5265449
3089 493 5265452
3088 492 5265455
3085 490 5265458
3087 491 5265461
3086 490 5265464
3083 492 5265467
3089 494 5265470
3086 491 5265473
3087 492 5265476
3087 491 5265479
3086 494 5265482
3085 483 5265485
3087 491 5265488
3086 495 5265491
3092 493 5265494
3084 491 5265497
3088 492 5265500
3088 493 5265503
3085 491 5265506
3087 491 5265509
3090 490 5265512
3086 492 5265515
3086 492 5265518
3087 490 5265521
3087 493 5265524
3083 486 5265527
3087 491 5265530
3090 495 5265533
3087 492 5265536
3083 490 5265539
3088 491 5265542
3086 489 5265545
3086 493 5265548
3091 491 5265551
3088 490 5265554
3088 494 5265557
3087 489 5265560
3087 489 5265563
3088 701 5265566
3087 495 5265569
3086 489 5265572
3090 490 5265575
3085 487 5265578
3088 493 5265581
3088 488 5265584
3085 490 5265587
3085 490 5265590
3088 489 5265593
3087 491 5265596
3088 491 5265599
3089 491 5265602
3087 490 5265605
3090 589 5265608
3062 495 5265611
3089 491 5265614
3090 489 5265617
3088 489 5265620
3091 493 5265623
3086 490 5265626
3088 493 5265629
3087 492 5265632
3089 494 5265635
3085 491 5265638
3087 490 5265641
3088 492 5265644
3089 490 5265647
3088 438 5265650
3343 491 5265653
3089 492 5265656
3085 488 5265659
3087 490 5265662
3089 491 5265665
3090 491 5265668
3087 489 5265671
3088 493 5265674
3088 489 5265677
3089 492 5265680
3088 490 5265683
3089 492 5265686
3080 491 5265689
3085 492 5265692
3089 491 5265695
3086 496 5265698
3084 490 5265701
3086 490 5265704
3087 493 5265707
3088 492 5265710
3087 489 5265713
3087 492 5265716
3089 492 5265719
3087 491 5265722
3086 490 5265725
3087 491 5265728
3089 492 5265731
3090 519 5265734
3133 490 5265737
3088 493 5265740
3086 487 5265743
3086 494 5265746
3089 494 5265749
3088 490 5265752
3086 492 5265755
3086 491 5265758
3088 489 5265761
3089 492 5265764
3088 491 5265767
3084 490 5265770
3088 494 5265773
3088 520 5265776
3102 494 5265779
3087 493 5265782
3086 490 5265785
3086 493 5265788
3088 492 5265791
3086 489 5265794
3087 490 5265797
3087 492 5265800
3087 494 5265803
3088 492 5265806
3085 489 5265809
3086 493 5265812
3087 491 5265815
3090 486 5265818
2945 490 5265821
3086 492 5265824
3081 489 5265827
3088 492 5265830
3084 491 5265833
3086 492 5265836
3089 494 5265839
3083 490 5265842
3085 493 5265845
3088 492 5265848
3086 490 5265851
3084 492 5265854
3088 492 5265857
3086 424 5265860
3096 490 5265863
3086 493 5265866
3087 490 5265869
3086 493 5265872
3086 491 5265875
3086 493 5265878
3086 492 5265881
3089 492 5265884
3087 489 5265887
3088 494 5265890
3085 490 5265893
3086 490 5265896
3088 493 5265899
3088 382 5265902
3090 492 5265905
3087 493 5265908
3087 492 5265911
3086 490 5265914
3089 493 5265917
3084 490 5265920
3086 493 5265923
3087 490 5265926
3086 489 5265929
3088 495 5265932
3089 491 5265935
3088 491 5265938
3088 489 5265941
3088 36 5265944
3087 487 5265947
3089 493 5265950
3090 491 5265953
3086 490 5265956
3088 489 5265959
3087 489 5265962
3086 493 5265965
3088 490 5265968
3088 492 5265971
3089 489 5265974
3087 491 5265977
3088 491 5265980
3088 493 5265983
3086 491 5265986
3089 495 5265989
3086 488 5265992
3087 491 5265995
3089 491 5265998
3086 490 5266002
3087 489 5266005
3088 491 5266008
3086 492 5266011
3088 492 5266014
3090 488 5266017
3089 493 5266020
3087 489 5266023
3087 497 5266026
3084 496 5266029
3089 493 5266032
3085 490 5266035
3089 492 5266038
3090 490 5266041
3090 489 5266044
3088 489 5266047
3085 492 5266050
3087 494 5266052
3086 488 5266055
3088 494 5266058
3086 491 5266061
3088 489 5266064
3088 493 5266067
3089 492 5266070
3088 498 5266073
3084 493 5266076
3049 481 5266079
3089 479 5266082
3093 497 5266085
3088 485 5266088
3083 491 5266091
3089 493 5266094
3088 487 5266097
3090 493 5266100
3088 492 5266103
3087 491 5266106
3087 490 5266109
3087 493 5266112
3087 490 5266115
3083 490 5266118
3102 481 5266121
3088 479 5266124
3088 498 5266127
3090 489 5266130
3083 493 5266133
3089 494 5266136
3088 489 5266139
3084 491 5266142
3087 490 5266145
3086 491 5266148
3086 490 5266151
3086 491 5266154
3083 490 5266157
3085 488 5266160
3091 483 5266163
3090 481 5266166
3089 499 5266169
3092 486 5266172
3084 489 5266175
3088 494 5266178
3088 490 5266181
3084 490 5266184
3089 492 5266187
3086 493 5266190
3089 488 5266193
3088 494 5266196
3089 498 5266199
3088 492 5266202
3073 495 5266205
3077 481 5266208
3095 498 5266211
3087 489 5266214
3081 490 5266217
3089 493 5266220
3086 490 5266223
3088 489 5266226
3087 492 5266229
3088 493 5266232
3088 493 5266235
3087 489 5266238
3087 490 5266241
3087 491 5266244
3092 485 5266247
3070 495 5266250
3096 494 5266253
3082 486 5266256
3089 494 5266259
3089 496 5266262
3086 493 5266265
3090 492 5266268
3087 489 5266271
3087 491 5266274
3086 486 5266277
3088 563 5266280
3084 486 5266283
3090 492 5266286
3085 474 5266289
3087 503 5266292
3091 490 5266295
3082 490 5266298
3090 493 5266301
3087 487 5266304
3085 492 5266307
3090 489 5266310
3087 490 5266313
3083 490 5266316
3088 491 5266319
3087 446 5266322
3070 494 5266325
3090 490 5266328
3072 483 5266331
3102 499 5266334
3082 485 5266337
3085 495 5266340
3092 493 5266343
3086 491 5266346
3084 493 5266349
3089 493 5266352
3088 492 5266355
3087 492 5266358
3089 492 5266361
3088 495 5266364
3082 497 5266367
3087 490 5266370
3070 506 5266373
3099 483 5266376
3084 487 5266379
3086 496 5266382
3089 489 5266385
3087 493 5266388
3089 493 5266391
3086 492 5266394
3086 494 5266397
3088 493 5266400
3086 492 5266403
3087 494 5266406
3077 491 5266409
3084 491 5266412
3081 507 5266415
3094 489 5266418
3082 489 5266421
3092 496 5266424
3086 489 5266427
3085 492 5266430
3090 493 5266433
3086 488 5266436
3086 490 5266439
3088 492 5266442
3085 493 5266445
3084 485 5266448
3116 491 5266451
3089 493 5266454
3101 508 5266457
3083 489 5266460
3080 494 5266463
3090 492 5266466
3084 488 5266469
3087 491 5266472
3088 495 5266475
3088 491 5266478
3086 490 5266481
3088 492 5266484
3085 491 5266487
3087 489 5266490
3100 490 5266493
3088 502 5266496
3112 486 5266499
3089 482 5266502
3087 500 5266505
3091 493 5266508
3085 491 5266511
3088 490 5266514
3086 493 5266517
3085 491 5266520
3089 489 5266523
3087 492 5266526
3088 492 5266529
3088 491 5266532
3086 488 5266535
3087 500 5266538
3108 482 5266541
3089 481 5266544
3086 497 5266547
3091 491 5266550
3085 492 5266553
3089 491 5266556
3085 491 5266559
3087 496 5266562
3087 492 5266565
3087 491 5266568
3086 490 5266571
3083 493 5266574
3087 490 5266577
3087 502 5266580
3110 480 5266583
3084 480 5266586
3090 498 5266589
3088 491 5266592
3083 491 5266595
3090 493 5266598
3084 488 5266601
3086 491 5266604
3086 492 5266607
3086 492 5266610
3086 492 5266613
3089 497 5266616
3095 487 5266619
3089 493 5266622
3105 504 5266625
3086 489 5266628
3084 494 5266631
3092 489 5266634
3084 491 5266637
3087 492 5266640
3089 493 5266643
3085 493 5266646
3088 493 5266649
3085 490 5266652
3088 490 5266655
3086 490 5266658
3093 492 5266661
3087 491 5266664
3094 509 5266667
3079 491 5266670
3082 491 5266673
3095 496 5266676
3083 493 5266679
3090 491 5266682
3087 489 5266685
3088 492 5266688
3088 493 5266691
3088 493 5266694
3088 490 5266697
3088 440 5266700
3087 489 5266703
3088 490 5266706
3079 485 5266709
3098 500 5266712
3085 487 5266715
3082 491 5266718
3092 490 5266721
3084 490 5266724
3087 490 5266727
3086 491 5266730
3086 488 5266733
3089 490 5266736
3087 492 5266739
3087 492 5266742
3084 494 5266745
3085 491 5266748
3080 498 5266751
3079 482 5266754
3096 498 5266757
3086 488 5266760
3086 494 5266763
3089 490 5266766
3085 490 5266769
3087 492 5266772
3088 493 5266775
3084 492 5266778
3089 492 5266781
3089 492 5266784
3085 531 5266787
3087 493 5266790
3089 507 5266793
3101 489 5266796
3085 483 5266799
3090 496 5266802
3091 490 5266805
3087 493 5266808
3087 489 5266811
3088 490 5266814
3087 492 5266817
3087 490 5266820
3087 491 5266823
3088 492 5266826
3135 493 5266829
3083 492 5266832
3088 493 5266835
3073 500 5266838
3098 488 5266841
3081 487 5266844
3087 495 5266847
3087 491 5266850
3088 491 5266853
3088 492 5266856
3085 492 5266859
3089 493 5266862
3085 489 5266865
3085 494 5266868
3088 495 5266871
3109 489 5266874
3085 512 5266877
3071 498 5266880
3081 484 5266883
3092 496 5266886
3086 489 5266889
3084 495 5266892
3091 491 5266895
3086 487 5266898
3088 493 5266901
3088 493 5266904
3087 491 5266907
3087 492 5266910
3088 559 5266913
3086 486 5266916
3090 488 5266919
3087 478 5266922
3094 503 5266925
3088 487 5266928
3083 490 5266931
3090 493 5266934
3085 486 5266937
3087 490 5266940
3086 493 5266943
3088 489 5266946
3084 492 5266949
3086 488 5266952
3086 490 5266955
3091 508 5266958
3083 491 5266961
3095 517 5266964
3082 491 5266967
3078 491 5266970
3094 495 5266973
3084 488 5266976
3087 490 5266979
3086 489 5266982
3085 487 5266985
3086 492 5266988
3086 491 5266991
3088 489 5266994
3087 491 5266997
2965 491 5267001
3082 497 5267004
3085 486 5267007
3072 499 5267010
3099 492 5267013
3082 486 5267016
3088 493 5267019
3089 487 5267022
3086 490 5267025
3089 484 5267028
3089 490 5267031
3086 490 5267034
3087 489 5267037
3087 490 5267040
3086 491 5267043
3111 489 5267046
3086 494 5267048
3106 450 5267051
3090 482 5267054
3083 496 5267057
3091 488 5267060
3085 493 5267063
3088 492 5267066
3088 490 5267069
3090 494 5267072
3087 490 5267075
3088 489 5267078
3086 492 5267081
3086 493 5267084
3087 489 5267087
3091 487 5267090
3101 484 5267093
3076 505 5267096
3092 497 5267099
3074 498 5267102
3081 502 5267105
3081 491 5267108
3062 468 5267111
2992 424 5267114
2881 378 5267117
2757 334 5267120
2634 304 5267123
2513 283 5267126
2396 248 5267129
2294 258 5267132
2249 267 5267135
2262 249 5267138
2251 248 5267141
2261 257 5267144
2259 254 5267147
2256 254 5267150
2256 254 5267153
2253 254 5267156
2254 254 5267159
2256 251 5267162
2252 252 5267165
2250 251 5267168
2255 252 5267171
2261 247 5267174
2254 245 5267177
2249 254 5267180
2245 259 5267183
2260 252 5267186
2248 249 5267189
2254 256 5267192
2253 257 5267195
2252 256 5267198
2253 253 5267201
2254 254 5267204
2255 254 5267207
2254 253 5267210
2252 213 5267213
2633 256 5267216
2255 254 5267219
2239 257 5267222
2268 264 5267225
2248 248 5267228
2253 259 5267231
2253 253 5267234
2251 255 5267237
2253 253 5267240
2252 255 5267243
2253 256 5267246
2254 255 5267249
2253 255 5267252
2254 256 5267255
2251 251 5267258
2250 254 5267261
2273 251 5267264
2253 241 5267267
2250 262 5267270
2256 250 5267273
2251 254 5267276
2255 254 5267279
2252 252 5267282
2253 256 5267285
2254 253 5267288
2249 252 5267291
2251 252 5267294
2255 256 5267297
2281 310 5267300
2254 254 5267303
2252 236 5267306
2264 267 5267309
2246 249 5267312
2248 256 5267315
2257 260 5267318
2253 255 5267321
2253 258 5267324
2253 259 5267327
2255 260 5267330
2251 260 5267333
2252 261 5267336
2252 262 5267339
2253 260 5267342
2265 264 5267345
2251 251 5267348
2258 258 5267351
2243 263 5267354
2259 267 5267357
2248 263 5267360
2257 268 5267363
2253 265 5267366
2251 266 5267369
2253 267 5267372
2255 267 5267375
2255 266 5267378
2254 263 5267381
2255 269 5267384
2286 265 5267387
2252 267 5267390
2266 284 5267393
2237 260 5267396
2244 267 5267399
2260 268 5267402
2250 266 5267405
2252 266 5267408
2253 266 5267411
2253 268 5267414
2254 268 5267417
2254 265 5267420
2254 268 5267423
2253 276 5267426
2255 260 5267429
2255 262 5267432
2252 249 5267435
2256 279 5267438
2258 258 5267441
2247 264 5267444
2257 270 5267447
2253 265 5267450
2249 263 5267453
2253 266 5267456
2254 265 5267459
2253 264 5267462
2250 261 5267465
2253 263 5267468
2255 270 5267471
2250 260 5267474
2238 258 5267477
2254 257 5267480
2258 271 5267483
2256 259 5267486
2250 262 5267489
2253 265 5267492
2253 263 5267495
2250 261 5267498
2252 265 5267501
2252 261 5267504
2253 261 5267507
2254 266 5267510
2255 295 5267513
2252 262 5267516
2255 280 5267519
2263 257 5267522
2248 257 5267525
2259 265 5267528
2250 260 5267531
2251 263 5267534
2254 261 5267537
2254 260 5267540
2253 265 5267543
2255 260 5267546
2253 261 5267549
2252 259 5267552
2284 86 5267555
2254 261 5267558
2253 239 5267561
2260 272 5267564
2257 254 5267567
2245 258 5267570
2259 261 5267573
2252 261 5267576
2252 261 5267579
2251 258 5267582
2253 258 5267585
2252 260 5267588
2252 257 5267591
2252 257 5267594
2078 260 5267597
2250 263 5267600
2250 260 5267603
2237 258 5267606
2266 266 5267609
2250 253 5267612
2252 262 5267615
2255 255 5267618
2253 257 5267621
2252 258 5267624
2252 258 5267627
2250 256 5267630
2254 257 5267633
2251 256 5267636
2253 260 5267639
2259 258 5267642
2252 245 5267645
2258 247 5267648
2246 265 5267651
2259 256 5267654
2248 252 5267657
2255 260 5267660
2252 256 5267663
2254 257 5267666
2255 258 5267669
2254 258 5267672
2254 259 5267675
2252 257 5267678
2253 257 5267681
2275 254 5267684
2252 276 5267687
2268 250 5267690
2253 251 5267693
2257 260 5267696
2257 253 5267699
2251 254 5267702
2256 257 5267705
2251 255 5267708
2249 258 5267711
2251 255 5267714
2249 255 5267717
2252 254 5267720
2252 253 5267723
2278 255 5267726
2251 254 5267729
2271 266 5267732
2249 249 5267735
2250 258 5267738
2257 257 5267741
2251 256 5267744
2252 260 5267747
2251 255 5267750
2252 255 5267753
2252 256 5267756
2255 256 5267759
2250 252 5267762
2252 239 5267765
2216 261 5267768
2254 253 5267771
2238 272 5267774
2265 254 5267777
2249 252 5267780
2251 259 5267783
2255 256 5267786
2251 257 5267789
2260 256 5267792
2249 255 5267795
2253 256 5267798
2254 257 5267801
2253 253 5267804
2253 381 5267807
2254 253 5267810
2256 255 5267813
2251 237 5267816
2256 268 5267819
2257 247 5267822
2248 254 5267825
2254 255 5267828
2252 256 5267831
2253 257 5267834
2254 254 5267837
2253 258 5267840
2253 257 5267843
2255 255 5267846
2250 255 5267849
2254 259 5267852
2250 256 5267855
2244 257 5267858
2241 248 5267861
2263 262 5267864
2253 250 5267867
2253 254 5267870
2255 257 5267873
2251 255 5267876
2253 253 5267879
2250 252 5267882
2252 255 5267885
2255 254 5267888
2255 249 5267891
2252 263 5267894
2253 257 5267897
2266 275 5267900
2244 250 5267903
2246 260 5267906
2258 257 5267909
2251 253 5267912
2252 255 5267915
2253 256 5267918
2254 255 5267921
2255 255 5267924
2251 257 5267927
2255 257 5267930
2252 253 5267933
2232 204 5267936
2257 256 5267939
2254 243 5267942
2264 264 5267945
2247 249 5267948
2249 258 5267951
2257 253 5267954
2255 255 5267957
2252 255 5267960
2255 254 5267963
2252 251 5267966
2253 255 5267969
2253 257 5267972
2252 255 5267975
2254 254 5267978
2250 254 5267981
2253 260 5267984
2248 243 5267987
2262 264 5267990
2251 249 5267993
2250 256 5267996
2253 255 5268000
2250 254 5268003
2254 256 5268006
2254 258 5268009
2250 253 5268012
2252 252 5268015
2254 254 5268018
2250 250 5268021
2262 252 5268024
2252 270 5268027
2273 248 5268030
2249 248 5268033
2258 261 5268036
2255 251 5268039
2253 252 5268041
2254 257 5268044
2252 253 5268047
2254 255 5268050
2254 253 5268053
2253 258 5268056
2255 254 5268059
2255 285 5268062
2164 257 5268065
2253 252 5268068
2239 265 5268071
2267 252 5268074
2246 249 5268077
2256 257 5268080
2254 252 5268083
2253 256 5268086
2254 254 5268089
2255 254 5268092
2250 253 5268095
2254 255 5268098
2254 255 5268101
2254 252 5268104
2253 258 5268107
2251 255 5268110
2249 260 5268113
2241 249 5268116
2261 259 5268119
2251 251 5268122
2252 259 5268125
2251 255 5268128
2254 255 5268131
2252 254 5268134
2253 253 5268137
2252 253 5268140
2251 255 5268143
2252 254 5268146
2257 272 5268149
2255 255 5268152
2254 259 5268155
2270 260 5268158
2244 245 5268161
2251 261 5268164
2253 251 5268167
2251 251 5268170
2254 256 5268173
2253 256 5268176
2255 253 5268179
2252 254 5268182
2250 253 5268185
2254 256 5268188
2255 255 5268191
2253 256 5268194
2253 260 5268197
2252 241 5268200
2258 263 5268203
2251 253 5268206
2250 255 5268209
2255 257 5268212
2252 254 5268215
2254 258 5268218
2254 254 5268221
2255 254 5268224
2252 253 5268227
2253 255 5268230
2251 250 5268233
2254 255 5268236
2251 256 5268239
2258 258 5268242
2242 254 5268245
2264 258 5268248
2251 253 5268251
2252 255 5268254
2254 253 5268257
2249 253 5268260
2252 254 5268263
2252 252 5268266
2250 253 5268269
2254 255 5268272
2253 252 5268275
2254 256 5268278
2258 253 5268281
2252 259 5268284
2257 240 5268287
2252 264 5268290
2255 251 5268293
2248 254 5268296
2253 253 5268299
2251 254 5268302
2255 253 5268305
2254 257 5268308
2252 256 5268311
2250 255 5268314
2256 255 5268317
2253 255 5268320
2252 262 5268323
2249 253 5268326
2251 258 5268329
2237 249 5268332
2262 256 5268335
2252 253 5268338
2254 256 5268341
2257 256 5268344
2248 253 5268347
2253 252 5268350
2253 256 5268353
2256 259 5268356
2252 255 5268359
2254 253 5268362
2251 253 5268365
2258 252 5268368
2251 261 5268371
2259 243 5268374
2255 261 5268377
2257 251 5268380
2248 251 5268383
2253 258 5268386
2252 256 5268389
2251 254 5268392
2253 254 5268395
2252 255 5268398
2253 257 5268401
2252 255 5268404
2254 256 5268407
2252 254 5268410
2251 254 5268413
2257 248 5268416
2238 261 5268419
2260 255 5268422
2246 250 5268425
2255 256 5268428
2251 251 5268431
2253 251 5268434
2253 255 5268437
2251 254 5268440
2252 254 5268443
2253 252 5268446
2252 256 5268449
2291 255 5268452
2249 257 5268455
2252 252 5268458
2238 257 5268461
2265 257 5268464
2250 246 5268467
2252 259 5268470
2255 254 5268473
2253 255 5268476
2253 255 5268479
2253 255 5268482
2256 258 5268485
2254 252 5268488
2250 253 5268491
2253 218 5268494
2300 252 5268497
2254 253 5268500
2239 261 5268503
2267 261 5268506
2251 250 5268509
2251 256 5268512
2255 256 5268515
2252 253 5268518
2255 254 5268521
2249 253 5268524
2252 257 5268527
2252 252 5268530
2252 252 5268533
2253 255 5268536
2252 273 5268539
2253 256 5268542
2253 268 5268545
2268 244 5268548
2250 248 5268551
2257 258 5268554
2251 253 5268557
2252 257 5268560
2253 252 5268563
2253 254 5268566
2252 256 5268569
2255 255 5268572
2253 256 5268575
2250 252 5268578
2250 255 5268581
2259 251 5268584
2254 212 5268587
2247 256 5268590
2246 256 5268593
2259 255 5268596
2252 253 5268599
2252 258 5268602
2255 253 5268605
2253 252 5268608
2250 253 5268611
2254 253 5268614
2253 255 5268617
2255 256 5268620
2253 265 5268623
2254 250 5268626
2256 253 5268629
2250 240 5268632
2261 266 5268635
2254 251 5268638
2248 255 5268641
2254 253 5268644
2253 252 5268647
2251 253 5268650
2252 256 5268653
2251 256 5268656
2255 254 5268659
2253 256 5268662
2256 255 5268665
2255 215 5268668
2254 255 5268671
2254 264 5268674
2265 244 5268677
2246 251 5268680
2253 252 5268683
2253 254 5268686
2250 254 5268689
2253 254 5268692
2248 253 5268695
2253 256 5268698
2252 251 5268701
2254 253 5268704
2253 254 5268707
2253 253 5268710
2254 252 5268713
2250 261 5268716
2250 241 5268719
2252 259 5268722
2256 250 5268725
2251 255 5268728
2256 250 5268731
2254 254 5268734
2254 256 5268737
2255 254 5268740
2252 253 5268743
2254 253 5268746
2250 257 5268749
2251 254 5268752
2255 250 5268755
2254 258 5268758
2263 269 5268761
2249 252 5268764
2247 258 5268767
2259 257 5268770
2252 250 5268773
2253 253 5268776
2255 251 5268779
2251 256 5268782
2253 257 5268785
2252 250 5268788
2253 255 5268791
2251 220 5268794
2292 252 5268797
2254 252 5268800
2247 240 5268803
2260 265 5268806
2252 247 5268809
2246 255 5268812
2254 257 5268815
2251 252 5268818
2251 255 5268821
2253 257 5268824
2252 253 5268827
2255 254 5268830
2253 256 5268833
2251 255 5268836
2255 256 5268839
2250 250 5268842
2250 258 5268845
2241 250 5268848
2263 257 5268851
2253 249 5268854
2252 257 5268857
2254 254 5268860
2253 252 5268863
2254 257 5268866
2252 253 5268869
2251 254 5268872
2253 252 5268875
2253 255 5268878
2252 261 5268881
2254 253 5268884
2242 254 5268887
2246 246 5268890
2258 257 5268893
2254 252 5268896
2250 257 5268899
2254 256 5268902
2253 255 5268905
2251 252 5268908
2251 256 5268911
2253 257 5268914
2256 254 5268917
2250 254 5268920
2256 257 5268923
2251 253 5268926
2244 259 5268929
2240 251 5268932
2260 260 5268935
2252 248 5268938
2252 254 5268941
2254 253 5268944
2254 253 5268947
2256 259 5268950
2253 255 5268953
2255 254 5268956
2254 253 5268959
2252 261 5268962
2251 251 5268965
2256 254 5268968
2259 242 5268971
2243 264 5268974
2261 254 5268977
2248 253 5268980
2255 257 5268983
2250 252 5268986
2252 254 5268989
2252 253 5268992
2255 252 5268995
2252 256 5268998
2250 253 5269002
2251 264 5269005
2201 256 5269008
2252 253 5269011
2240 255 5269014
2267 259 5269017
2248 251 5269020
2262 255 5269023
2255 254 5269026
2249 254 5269029
2254 252 5269032
2253 254 5269035
2252 253 5269038
2254 255 5269041
2257 252 5269044
2253 253 5269047
2255 250 5269050
2253 269 5269052
2270 246 5269055
2251 247 5269058
2253 262 5269061
2255 250 5269064
2252 254 5269067
2255 254 5269070
2251 252 5269073
2251 254 5269076
2254 252 5269079
2253 252 5269082
2251 255 5269085
2291 205 5269088
2254 255 5269091
2252 240 5269094
2242 266 5269097
2263 251 5269100
2246 251 5269103
2253 257 5269106
2252 253 5269109
2253 255 5269112
2255 257 5269115
2249 253 5269118
2254 254 5269121
2250 253 5269124
2251 255 5269127
2252 259 5269130
2249 255 5269133
2268 254 5269136
2250 242 5269139
2253 262 5269142
2255 253 5269145
2250 252 5269148
2251 252 5269151
2253 253 5269154
2251 254 5269157
2253 254 5269160
2254 252 5269163
2252 255 5269166
2252 260 5269169
2278 251 5269172
2253 256 5269175
2250 273 5269178
2263 247 5269181
2244 250 5269184
2258 259 5269187
2251 250 5269190
2250 253 5269193
2252 254 5269196
2253 256 5269199
2253 254 5269202
2252 254 5269205
2254 254 5269208
2228 255 5269211
2256 256 5269214
2249 252 5269217
2238 252 5269220
2262 256 5269223
2249 247 5269226
2251 256 5269229
2252 255 5269232
2254 252 5269235
2254 255 5269238
2253 256 5269241
2251 256 5269244
2252 252 5269247
2250 255 5269250
2253 261 5269253
2248 252 5269256
2265 250 5269259
2247 246 5269262
2255 263 5269265
2256 251 5269268
2250 253 5269271
2254 256 5269274
2252 254 5269277
2252 254 5269280
2249 253 5269283
2251 253 5269286
2251 253 5269289
2254 250 5269292
2287 254 5269295
2254 256 5269298
2261 270 5269301
2235 247 5269304
2247 256 5269307
2255 255 5269310
2251 251 5269313
2251 254 5269316
2252 252 5269319
2252 251 5269322
2254 253 5269325
2253 256 5269328
2253 254 5269331
2241 237 5269334
2253 254 5269337
2250 239 5269340
2252 268 5269343
2260 248 5269346
2240 251 5269349
2254 256 5269352
2252 253 5269355
2250 252 5269358
2252 254 5269361
2252 254 5269364
2254 257 5269367
2254 255 5269370
2253 261 5269373
2251 251 5269376
2255 254 5269379
2247 251 5269382
2240 252 5269385
2261 255 5269388
2248 249 5269391
2252 258 5269394
2255 253 5269397
2253 256 5269400
2252 255 5269403
2252 253 5269406
2252 254 5269409
2253 254 5269412
2249 253 5269415
2273 252 5269418
2252 253 5269421
2268 265 5269424
2248 247 5269427
2249 258 5269430
2258 256 5269433
2251 250 5269436
2255 255 5269439
2253 256 5269442
2254 255 5269445
2250 253 5269448
2254 254 5269451
2252 254 5269454
2217 222 5269457
2253 257 5269460
2252 255 5269463
2241 258 5269466
2264 257 5269469
2251 249 5269472
2251 256 5269475
2255 252 5269478
2249 252 5269481
2254 255 5269484
2249 252 5269487
2252 253 5269490
2252 254 5269493
2254 256 5269496
2254 253 5269499
2250 253 5269502
2257 274 5269505
2253 252 5269508
2248 251 5269511
2256 258 5269514
2254 252 5269517
2251 255 5269520
2254 252 5269523
2252 254 5269526
2255 256 5269529
2253 256 5269532
2253 252 5269535
2254 141 5269538
2253 254 5269541
2255 256 5269544
2257 247 5269547
2241 258 5269550
2259 255 5269553
2249 247 5269556
2251 257 5269559
2255 258 5269562
2252 254 5269565
2254 253 5269568
2252 254 5269571
2253 254 5269574
2254 252 5269577
2251 242 5269580
2261 256 5269583
2252 253 5269586
2254 268 5269589
2261 252 5269592
2248 254 5269595
2256 257 5269598
2251 252 5269601
2250 254 5269604
2253 252 5269607
2253 255 5269610
2249 253 5269613
2251 255 5269616
2251 250 5269619
2254 255 5269622
2266 252 5269625
2253 276 5269628
2251 253 5269631
2245 251 5269634
