806 584 1505279
808 582 1505282
807 582 1505285
803 589 1505288
826 582 1505291
800 575 1505294
808 591 1505297
809 579 1505300
803 587 1505303
807 585 1505306
806 583 1505309
804 586 1505312
805 580 1505315
805 583 1505318
805 581 1505321
804 583 1505324
805 586 1505327
803 582 1505330
817 563 1505333
803 574 1505336
805 586 1505339
807 583 1505342
800 586 1505345
807 582 1505348
808 584 1505351
806 585 1505354
806 583 1505357
805 585 1505360
805 584 1505363
803 582 1505366
805 582 1505369
808 583 1505372
805 578 1505375
813 573 1505378
802 593 1505381
810 584 1505384
803 581 1505387
805 588 1505390
805 580 1505393
806 584 1505396
804 585 1505399
805 584 1505402
804 583 1505405
803 585 1505408
806 584 1505411
805 590 1505414
806 584 1505417
788 592 1505420
798 574 1505423
819 588 1505426
802 581 1505429
800 581 1505432
808 578 1505435
804 583 1505438
805 589 1505441
806 584 1505444
807 584 1505447
804 583 1505450
804 582 1505453
805 582 1505456
808 583 1505459
803 575 1505462
810 572 1505465
799 594 1505468
810 585 1505471
803 583 1505474
808 585 1505477
806 582 1505480
805 587 1505483
806 584 1505486
803 581 1505489
808 585 1505492
806 585 1505495
803 584 1505498
809 589 1505501
802 585 1505504
782 577 1505507
810 572 1505510
812 590 1505513
804 582 1505516
801 584 1505519
808 582 1505522
804 583 1505525
803 585 1505528
805 580 1505531
804 586 1505534
805 585 1505537
805 586 1505540
804 586 1505543
813 584 1505546
804 544 1505549
797 581 1505552
794 587 1505555
809 586 1505558
803 583 1505561
804 585 1505564
805 584 1505567
806 585 1505570
805 586 1505573
805 586 1505576
805 584 1505579
806 587 1505582
805 582 1505585
805 592 1505588
801 585 1505591
774 575 1505594
799 575 1505597
809 595 1505600
806 579 1505603
802 584 1505606
807 588 1505609
805 581 1505612
807 584 1505615
804 586 1505618
805 586 1505621
805 577 1505624
805 583 1505627
802 584 1505630
813 582 1505633
809 565 1505636
811 585 1505639
796 589 1505642
810 582 1505645
801 583 1505648
803 586 1505651
805 575 1505654
805 585 1505657
807 587 1505660
802 584 1505663
805 584 1505666
805 584 1505669
804 585 1505672
809 595 1505675
800 584 1505678
778 588 1505681
805 572 1505684
807 593 1505687
805 581 1505690
803 584 1505693
804 585 1505696
802 584 1505699
807 583 1505702
805 585 1505705
803 586 1505708
807 581 1505711
804 583 1505714
805 584 1505717
813 581 1505720
804 584 1505723
812 586 1505726
792 586 1505729
815 583 1505732
804 581 1505735
805 588 1505738
804 585 1505741
805 583 1505744
804 585 1505747
805 583 1505750
801 582 1505753
804 580 1505756
805 583 1505759
804 585 1505762
803 584 1505765
806 594 1505768
796 581 1505771
814 591 1505774
802 579 1505777
801 586 1505780
805 582 1505783
804 582 1505786
806 585 1505789
807 586 1505792
803 583 1505795
805 584 1505798
806 587 1505801
804 585 1505804
802 584 1505807
806 593 1505810
798 571 1505813
811 594 1505816
806 577 1505819
801 587 1505822
806 585 1505825
804 582 1505828
804 584 1505831
803 585 1505834
804 585 1505837
803 585 1505840
802 583 1505843
806 693 1505846
803 579 1505849
807 582 1505852
805 569 1505855
803 596 1505858
809 580 1505861
803 583 1505864
810 587 1505867
803 581 1505870
805 585 1505873
805 582 1505876
805 584 1505879
804 584 1505882
803 578 1505885
806 586 1505888
794 754 1505891
806 581 1505894
807 573 1505897
799 600 1505900
814 583 1505903
799 582 1505906
806 588 1505909
802 581 1505912
804 584 1505915
805 584 1505918
805 584 1505921
804 583 1505924
800 583 1505927
805 587 1505930
806 585 1505933
792 586 1505936
805 587 1505939
806 602 1505942
809 577 1505945
796 584 1505948
807 583 1505951
802 584 1505954
804 587 1505957
804 586 1505960
805 586 1505963
805 585 1505966
804 585 1505969
805 587 1505972
805 584 1505975
804 591 1505978
804 583 1505981
824 594 1505984
802 574 1505987
797 591 1505990
810 583 1505993
803 580 1505996
807 585 1506000
805 585 1506003
803 582 1506006
805 583 1506009
806 584 1506012
803 587 1506015
805 584 1506018
805 583 1506021
799 585 1506024
805 590 1506027
799 573 1506030
811 595 1506033
805 582 1506035
802 583 1506038
807 584 1506041
802 585 1506044
803 583 1506047
803 583 1506050
803 585 1506053
806 585 1506056
807 583 1506059
807 594 1506062
923 584 1506065
805 585 1506068
787 588 1506071
821 589 1506074
800 578 1506077
806 587 1506080
809 585 1506083
804 584 1506086
806 580 1506089
804 587 1506092
803 583 1506095
804 583 1506098
805 581 1506101
807 586 1506104
804 601 1506107
802 584 1506110
819 605 1506113
800 574 1506116
799 588 1506119
811 588 1506122
802 582 1506125
805 586 1506128
803 582 1506131
805 583 1506134
806 583 1506137
806 582 1506140
802 583 1506143
805 584 1506146
798 584 1506149
803 587 1506152
805 595 1506155
793 575 1506158
817 592 1506161
801 581 1506164
800 583 1506167
810 582 1506170
806 584 1506173
803 587 1506176
806 582 1506179
807 585 1506182
806 585 1506185
804 586 1506188
808 589 1506191
849 584 1506194
804 586 1506197
809 605 1506200
807 581 1506203
799 583 1506206
810 587 1506209
807 583 1506212
806 586 1506215
806 583 1506218
807 586 1506221
805 582 1506224
805 584 1506227
807 581 1506230
804 582 1506233
806 596 1506236
806 585 1506239
785 571 1506242
802 574 1506245
810 592 1506248
808 582 1506251
802 584 1506254
806 585 1506257
806 585 1506260
803 584 1506263
804 584 1506266
804 583 1506269
805 586 1506272
804 585 1506275
773 580 1506278
806 585 1506281
804 562 1506284
802 601 1506287
810 580 1506290
798 584 1506293
806 584 1506296
802 581 1506299
806 587 1506302
807 589 1506305
802 583 1506308
805 584 1506311
806 587 1506314
806 587 1506317
804 583 1506320
812 585 1506323
802 571 1506326
803 569 1506329
800 592 1506332
811 582 1506335
802 584 1506338
804 582 1506341
805 585 1506344
808 588 1506347
812 593 1506350
815 591 1506353
816 592 1506356
814 603 1506359
787 635 1506362
740 726 1506365
642 841 1506368
578 966 1506371
482 1051 1506374
427 1169 1506377
392 1262 1506380
351 1314 1506383
342 1323 1506386
346 1303 1506389
350 1289 1506392
352 1288 1506395
350 1292 1506398
349 1300 1506401
352 1287 1506404
803 1300 1506407
351 1303 1506410
328 1295 1506413
361 1305 1506416
344 1300 1506419
345 1303 1506422
349 1302 1506425
338 1299 1506428
349 1301 1506431
348 1304 1506434
346 1303 1506437
345 1300 1506440
349 1306 1506443
350 1302 1506446
348 1310 1506449
343 1302 1506452
354 1297 1506455
343 1296 1506458
350 1308 1506461
348 1300 1506464
345 1304 1506467
350 1304 1506470
346 1302 1506473
350 1307 1506476
351 1302 1506479
346 1305 1506482
350 1306 1506485
349 1303 1506488
357 1243 1506491
349 1301 1506494
346 1291 1506497
365 1316 1506500
342 1299 1506503
342 1301 1506506
351 1306 1506509
348 1302 1506512
349 1304 1506515
348 1302 1506518
347 1296 1506521
348 1302 1506524
348 1301 1506527
346 1306 1506530
349 1305 1506533
358 1300 1506536
345 1300 1506539
340 1302 1506542
337 1306 1506545
355 1306 1506548
344 1301 1506551
349 1302 1506554
348 1302 1506557
345 1302 1506560
344 1302 1506563
349 1301 1506566
352 1304 1506569
350 1304 1506572
355 1267 1506575
429 1306 1506578
354 1305 1506581
336 1310 1506584
373 1300 1506587
358 1299 1506590
356 1306 1506593
366 1302 1506596
363 1312 1506599
365 1308 1506602
362 1306 1506605
366 1304 1506608
367 1308 1506611
367 1307 1506614
367 1308 1506617
366 1311 1506620
368 1306 1506623
380 1327 1506626
355 1307 1506629
360 1309 1506632
376 1307 1506635
363 1303 1506638
367 1308 1506641
370 1306 1506644
368 1310 1506647
368 1308 1506650
369 1306 1506653
367 1307 1506656
365 1307 1506659
363 1302 1506662
374 1307 1506665
368 1310 1506668
361 1291 1506671
368 1314 1506674
371 1306 1506677
364 1308 1506680
365 1307 1506683
365 1303 1506686
364 1311 1506689
365 1304 1506692
365 1308 1506695
365 1308 1506698
366 1307 1506701
363 1265 1506704
331 1304 1506707
366 1308 1506710
348 1295 1506713
377 1313 1506716
363 1299 1506719
358 1307 1506722
366 1304 1506725
360 1300 1506728
362 1305 1506731
361 1306 1506734
357 1301 1506737
363 1306 1506740
362 1306 1506743
362 1305 1506746
371 1238 1506749
362 1305 1506752
370 1298 1506755
374 1313 1506758
358 1301 1506761
356 1309 1506764
369 1306 1506767
356 1303 1506770
360 1304 1506773
360 1306 1506776
358 1305 1506779
357 1304 1506782
359 1304 1506785
358 1306 1506788
358 1303 1506791
376 1298 1506794
361 1317 1506797
379 1299 1506800
360 1293 1506803
356 1313 1506806
360 1303 1506809
351 1304 1506812
358 1305 1506815
358 1305 1506818
356 1303 1506821
357 1301 1506824
355 1303 1506827
356 1305 1506830
359 1304 1506833
351 1315 1506836
354 1305 1506839
329 1301 1506842
355 1294 1506845
356 1313 1506848
358 1301 1506851
352 1302 1506854
356 1303 1506857
357 1301 1506860
355 1304 1506863
355 1305 1506866
352 1304 1506869
355 1306 1506872
354 1304 1506875
352 1305 1506878
356 1303 1506881
353 1313 1506884
355 1291 1506887
358 1311 1506890
354 1300 1506893
351 1305 1506896
355 1306 1506899
352 1301 1506902
353 1307 1506905
353 1304 1506908
352 1304 1506911
353 1305 1506914
354 1302 1506917
351 1326 1506920
354 1303 1506923
354 1303 1506926
356 1293 1506929
351 1315 1506932
357 1301 1506935
347 1301 1506938
354 1306 1506941
351 1304 1506944
353 1304 1506947
352 1302 1506950
350 1304 1506953
351 1304 1506956
355 1300 1506959
354 1303 1506962
389 1329 1506965
349 1303 1506968
352 1292 1506971
347 1313 1506974
356 1303 1506977
344 1300 1506980
353 1306 1506983
350 1304 1506986
350 1303 1506989
351 1302 1506992
352 1303 1506995
352 1305 1507000
352 1304 1507003
351 1302 1507006
286 1264 1507009
350 1305 1507012
338 1302 1507015
365 1314 1507018
343 1301 1507021
352 1300 1507024
350 1306 1507027
351 1300 1507030
352 1304 1507033
352 1305 1507036
350 1302 1507039
349 1303 1507042
349 1303 1507045
350 1302 1507048
343 1300 1507050
355 1248 1507053
349 1305 1507056
365 1298 1507059
344 1310 1507062
345 1297 1507065
351 1305 1507068
347 1303 1507071
348 1303 1507074
352 1307 1507077
345 1301 1507081
350 1299 1507083
349 1307 1507086
351 1303 1507089
354 1296 1507092
360 1301 1507095
346 1305 1507098
361 1302 1507101
346 1314 1507104
344 1294 1507107
354 1305 1507110
350 1304 1507114
346 1299 1507116
351 1305 1507119
351 1302 1507122
350 1302 1507125
350 1303 1507128
345 1301 1507131
346 1300 1507134
347 1302 1507137
350 1305 1507140
360 1302 1507143
343 1325 1507147
341 1291 1507149
355 1305 1507152
347 1305 1507155
348 1300 1507158
351 1304 1507161
349 1305 1507164
350 1302 1507167
347 1301 1507170
349 1302 1507173
349 1305 1507176
352 1302 1507180
360 1304 1507182
346 1302 1507185
349 1325 1507188
340 1299 1507191
356 1304 1507194
346 1302 1507197
348 1298 1507200
350 1307 1507203
348 1303 1507206
351 1304 1507209
353 1302 1507213
348 1301 1507215
350 1302 1507218
351 1304 1507221
350 1304 1507224
345 1310 1507227
353 1302 1507230
336 1304 1507233
360 1305 1507236
346 1304 1507239
349 1300 1507242
350 1308 1507246
344 1300 1507248
351 1301 1507251
348 1306 1507254
348 1302 1507257
352 1302 1507260
349 1304 1507263
230 1304 1507266
343 1302 1507269
347 1302 1507272
333 1301 1507275
363 1308 1507279
346 1302 1507281
346 1298 1507284
350 1306 1507287
351 1302 1507290
352 1302 1507293
348 1301 1507296
346 1302 1507299
348 1302 1507302
349 1301 1507305
351 1304 1507308
263 1260 1507312
348 1298 1507314
329 1301 1507317
365 1312 1507320
345 1300 1507323
349 1297 1507326
349 1304 1507329
348 1303 1507332
351 1302 1507335
347 1301 1507338
347 1304 1507341
348 1303 1507345
349 1300 1507347
347 1303 1507350
355 1306 1507353
347 1320 1507356
354 1306 1507359
349 1324 1507362
342 1306 1507365
351 1297 1507368
345 1303 1507371
349 1303 1507374
350 1303 1507378
345 1299 1507380
350 1302 1507383
347 1304 1507386
347 1303 1507389
349 1302 1507392
348 1304 1507395
350 1301 1507398
348 1298 1507401
353 1287 1507404
343 1297 1507407
353 1311 1507411
344 1298 1507413
348 1300 1507416
349 1304 1507419
348 1299 1507422
348 1302 1507425
348 1305 1507428
347 1302 1507431
348 1303 1507434
346 1300 1507437
349 1238 1507440
350 1301 1507444
346 1299 1507446
356 1289 1507449
350 1313 1507452
343 1299 1507455
348 1299 1507458
349 1306 1507461
347 1300 1507464
345 1300 1507467
349 1302 1507470
349 1301 1507473
348 1302 1507477
347 1299 1507479
349 1304 1507482
348 1319 1507485
347 1302 1507488
366 1303 1507491
348 1292 1507494
345 1295 1507497
351 1306 1507500
346 1304 1507503
349 1302 1507506
348 1303 1507510
345 1302 1507512
353 1306 1507515
350 1305 1507518
348 1303 1507521
347 1300 1507524
352 1301 1507527
347 1297 1507530
312 1322 1507533
340 1306 1507536
352 1298 1507539
347 1307 1507543
345 1297 1507545
349 1305 1507548
347 1303 1507551
348 1303 1507554
348 1306 1507557
347 1305 1507560
348 1303 1507563
346 1301 1507566
348 1374 1507569
353 1300 1507572
347 1302 1507576
350 1288 1507578
352 1310 1507581
340 1300 1507584
351 1299 1507587
349 1304 1507590
348 1301 1507593
347 1302 1507596
348 1299 1507599
345 1301 1507602
346 1301 1507605
348 1304 1507609
351 1299 1507611
346 1316 1507614
348 1304 1507617
356 1318 1507620
344 1307 1507623
351 1294 1507626
348 1307 1507629
347 1300 1507632
348 1302 1507635
348 1302 1507638
350 1302 1507642
348 1300 1507644
350 1302 1507647
348 1302 1507650
349 1303 1507653
354 1303 1507656
348 1301 1507659
355 1305 1507662
348 1293 1507665
351 1309 1507668
345 1301 1507671
351 1303 1507675
345 1301 1507677
348 1304 1507680
348 1303 1507683
349 1306 1507686
348 1303 1507689
346 1303 1507692
346 1302 1507695
350 1301 1507698
349 1299 1507701
368 1314 1507704
350 1292 1507708
344 1292 1507710
349 1307 1507713
346 1302 1507716
349 1301 1507719
347 1303 1507722
345 1300 1507725
349 1304 1507728
346 1303 1507731
345 1301 1507734
348 1302 1507737
301 1315 1507741
348 1301 1507743
337 1312 1507746
359 1319 1507749
341 1292 1507752
345 1296 1507755
348 1307 1507758
345 1302 1507761
347 1302 1507764
346 1300 1507767
347 1303 1507770
349 1304 1507774
347 1302 1507776
348 1302 1507779
350 1275 1507782
349 1299 1507785
344 1301 1507788
352 1288 1507791
351 1314 1507794
341 1296 1507797
353 1303 1507800
349 1308 1507803
346 1303 1507807
347 1299 1507809
346 1302 1507812
348 1304 1507815
347 1302 1507818
347 1301 1507821
348 1303 1507824
345 1312 1507827
318 1301 1507830
348 1293 1507833
350 1293 1507836
351 1311 1507840
341 1295 1507842
350 1303 1507845
346 1306 1507848
347 1298 1507851
348 1303 1507854
346 1303 1507857
347 1304 1507860
345 1301 1507863
350 1299 1507866
350 1342 1507869
347 1302 1507873
362 1308 1507875
344 1286 1507878
348 1297 1507881
347 1307 1507884
347 1302 1507887
349 1303 1507890
349 1302 1507893
346 1300 1507896
345 1301 1507899
349 1305 1507902
344 1303 1507906
327 1296 1507908
346 1305 1507911
347 1308 1507914
333 1300 1507917
360 1307 1507920
341 1306 1507923
346 1298 1507926
350 1303 1507929
347 1301 1507932
347 1304 1507935
346 1304 1507939
346 1302 1507941
350 1306 1507944
346 1304 1507947
348 1302 1507950
356 1303 1507953
347 1301 1507956
346 1321 1507959
336 1299 1507962
351 1300 1507965
347 1308 1507968
347 1299 1507972
349 1302 1507974
343 1303 1507977
348 1303 1507980
347 1304 1507983
346 1301 1507986
347 1308 1507989
346 1302 1507992
307 1271 1507995
347 1307 1508000
337 1314 1508003
356 1290 1508006
342 1297 1508009
349 1306 1508012
349 1301 1508015
345 1304 1508018
349 1302 1508021
346 1299 1508024
347 1305 1508027
347 1304 1508030
346 1301 1508033
344 1302 1508036
347 1311 1508039
345 1302 1508042
340 1309 1508045
336 1296 1508048
353 1306 1508051
345 1298 1508054
344 1305 1508057
348 1306 1508060
347 1301 1508063
345 1301 1508066
346 1304 1508069
349 1304 1508072
346 1303 1508075
345 1306 1508078
337 1230 1508081
363 1303 1508084
346 1298 1508087
360 1310 1508090
343 1296 1508093
344 1308 1508096
348 1302 1508099
346 1304 1508102
349 1307 1508105
348 1303 1508108
345 1306 1508111
350 1304 1508114
345 1303 1508117
347 1301 1508120
346 1302 1508123
357 1302 1508126
349 1288 1508129
351 1295 1508132
339 1310 1508135
352 1302 1508138
343 1297 1508141
347 1305 1508144
345 1303 1508147
347 1304 1508150
346 1302 1508153
346 1303 1508156
347 1304 1508159
348 1299 1508162
342 1346 1508165
461 1308 1508168
351 1302 1508171
336 1312 1508174
360 1301 1508177
342 1297 1508180
349 1308 1508183
348 1300 1508186
345 1302 1508189
348 1302 1508192
344 1302 1508195
344 1303 1508198
348 1305 1508201
349 1303 1508204
347 1304 1508207
349 1315 1508210
345 1303 1508213
358 1293 1508216
348 1294 1508219
343 1311 1508222
353 1301 1508225
342 1305 1508228
345 1305 1508231
346 1301 1508234
349 1303 1508237
345 1308 1508240
349 1305 1508243
348 1300 1508246
345 1305 1508249
372 1322 1508252
344 1303 1508255
347 1292 1508258
344 1315 1508261
352 1297 1508264
342 1300 1508267
352 1309 1508270
347 1304 1508273
343 1303 1508276
347 1302 1508279
343 1301 1508282
345 1303 1508285
346 1301 1508288
349 1303 1508291
346 1302 1508294
369 1300 1508297
344 1313 1508300
369 1296 1508303
347 1298 1508306
347 1311 1508309
347 1299 1508312
343 1300 1508315
345 1302 1508318
346 1303 1508321
347 1304 1508324
348 1306 1508327
346 1302 1508330
347 1305 1508333
351 1304 1508336
348 1296 1508339
349 1304 1508342
351 1292 1508345
341 1314 1508348
354 1300 1508351
342 1299 1508354
350 1308 1508357
347 1303 1508360
347 1302 1508363
348 1303 1508366
348 1304 1508369
346 1304 1508372
348 1303 1508375
346 1302 1508378
334 1324 1508381
346 1301 1508384
345 1310 1508387
360 1295 1508390
341 1297 1508393
349 1308 1508396
349 1301 1508399
347 1304 1508402
346 1299 1508405
344 1302 1508408
338 1302 1508411
346 1306 1508414
347 1300 1508417
345 1301 1508420
344 1307 1508423
364 1296 1508426
344 1315 1508429
334 1296 1508432
342 1312 1508435
356 1305 1508438
343 1302 1508441
347 1305 1508444
346 1302 1508447
344 1301 1508450
343 1305 1508453
345 1303 1508456
347 1303 1508459
346 1302 1508462
347 1322 1508465
342 1299 1508468
355 1301 1508471
308 1306 1508474
369 1315 1508477
340 1296 1508480
342 1304 1508483
347 1301 1508486
347 1304 1508489
347 1303 1508492
346 1304 1508495
348 1304 1508498
347 1306 1508501
345 1303 1508504
346 1303 1508507
327 1338 1508510
340 1302 1508513
355 1342 1508516
351 1284 1508519
333 1304 1508522
354 1307 1508525
345 1302 1508528
345 1308 1508531
351 1303 1508534
347 1305 1508537
347 1303 1508540
349 1301 1508543
344 1302 1508546
345 1302 1508549
346 1310 1508552
337 1304 1508555
349 1289 1508558
312 1293 1508561
355 1317 1508564
349 1296 1508567
341 1306 1508570
345 1305 1508573
344 1303 1508576
345 1303 1508579
345 1303 1508582
340 1302 1508585
345 1302 1508588
349 1303 1508591
341 1277 1508594
370 1307 1508597
349 1305 1508600
358 1335 1508603
354 1292 1508606
336 1301 1508609
351 1306 1508612
342 1301 1508615
346 1304 1508618
349 1306 1508621
345 1306 1508624
349 1305 1508627
345 1304 1508630
347 1304 1508633
347 1306 1508636
352 1332 1508639
339 1301 1508642
369 1300 1508645
318 1289 1508648
355 1311 1508651
351 1304 1508654
344 1306 1508657
347 1303 1508660
348 1304 1508663
348 1304 1508666
347 1303 1508669
345 1302 1508672
347 1305 1508675
347 1304 1508678
354 1326 1508681
348 1306 1508684
343 1282 1508687
366 1328 1508690
347 1291 1508693
339 1307 1508696
351 1306 1508699
342 1302 1508702
345 1306 1508705
347 1302 1508708
346 1305 1508711
345 1302 1508714
346 1303 1508717
348 1303 1508720
345 1313 1508723
373 1293 1508726
346 1327 1508729
343 1277 1508732
335 1315 1508735
358 1304 1508738
340 1298 1508741
343 1309 1508744
346 1314 1508747
345 1301 1508750
349 1305 1508753
349 1304 1508756
347 1300 1508759
347 1304 1508762
348 1289 1508765
270 1310 1508768
350 1301 1508771
334 1326 1508774
368 1302 1508777
334 1292 1508780
348 1309 1508783
350 1303 1508786
345 1305 1508789
346 1303 1508792
345 1303 1508795
347 1304 1508798
348 1305 1508801
346 1302 1508804
344 1305 1508807
353 1318 1508810
339 1303 1508813
362 1288 1508816
322 1300 1508819
358 1313 1508822
344 1297 1508825
342 1308 1508828
349 1305 1508831
344 1304 1508834
345 1305 1508837
344 1302 1508840
347 1303 1508843
345 1303 1508846
347 1307 1508849
325 1293 1508852
349 1301 1508855
344 1318 1508858
373 1309 1508861
338 1294 1508864
345 1312 1508867
349 1301 1508870
344 1302 1508873
346 1303 1508876
346 1301 1508879
346 1301 1508882
348 1306 1508885
344 1304 1508888
345 1303 1508891
569 1303 1508894
330 1313 1508897
342 1274 1508900
315 1308 1508903
363 1313 1508906
344 1296 1508909
343 1305 1508912
348 1302 1508915
344 1303 1508918
347 1304 1508921
344 1301 1508924
344 1304 1508927
348 1305 1508930
345 1305 1508933
346 1280 1508936
388 1292 1508939
344 1319 1508942
382 1303 1508945
327 1291 1508948
347 1313 1508951
349 1301 1508954
343 1303 1508957
344 1305 1508960
348 1301 1508963
347 1303 1508966
344 1304 1508969
346 1302 1508972
347 1305 1508975
346 1273 1508978
460 1298 1508981
353 1299 1508984
312 1302 1508987
365 1314 1508990
342 1295 1508993
344 1308 1508996
349 1305 1509000
350 1302 1509003
349 1302 1509006
346 1306 1509009
344 1305 1509012
344 1301 1509015
349 1302 1509018
344 1304 1509021
350 1328 1509024
341 1305 1509027
370 1307 1509030
322 1292 1509032
353 1309 1509035
351 1299 1509038
339 1304 1509041
348 1303 1509044
345 1303 1509047
347 1305 1509050
350 1301 1509053
345 1302 1509056
347 1303 1509059
344 1302 1509062
347 1267 1509065
388 1301 1509068
344 1307 1509071
366 1346 1509074
349 1289 1509077
338 1306 1509080
353 1308 1509083
343 1303 1509086
347 1305 1509089
347 1303 1509092
345 1304 1509095
344 1303 1509098
347 1304 1509101
348 1305 1509104
343 1303 1509107
400 1298 1509110
332 1312 1509113
345 1267 1509116
322 1317 1509119
363 1307 1509122
341 1293 1509125
343 1309 1509128
348 1302 1509131
349 1300 1509134
347 1307 1509137
345 1303 1509140
346 1304 1509143
348 1306 1509146
347 1304 1509149
346 1303 1509152
348 1331 1509155
336 1303 1509158
369 1321 1509161
323 1282 1509164
347 1319 1509167
355 1303 1509170
339 1299 1509173
347 1304 1509176
348 1301 1509179
342 1303 1509182
344 1305 1509185
346 1301 1509188
341 1304 1509191
346 1301 1509194
345 1275 1509197
342 1309 1509200
347 1310 1509203
351 1330 1509206
356 1293 1509209
337 1303 1509212
351 1309 1509215
348 1300 1509218
345 1305 1509221
347 1303 1509224
344 1301 1509227
344 1305 1509230
346 1305 1509233
345 1304 1509236
344 1305 1509239
374 1300 1509242
339 1311 1509245
339 1262 1509248
332 1323 1509251
364 1302 1509254
339 1297 1509257
346 1307 1509260
347 1300 1509263
346 1305 1509266
345 1307 1509269
344 1302 1509272
347 1304 1509275
345 1306 1509278
342 1305 1509281
346 1301 1509284
352 1294 1509287
346 1304 1509290
344 1277 1509293
326 1306 1509296
359 1310 1509299
342 1299 1509302
343 1307 1509305
350 1305 1509308
346 1302 1509311
349 1304 1509314
345 1302 1509317
348 1303 1509320
344 1303 1509323
346 1303 1509326
344 1303 1509329
377 1297 1509332
346 1332 1509335
363 1280 1509338
326 1303 1509341
357 1308 1509344
343 1299 1509347
346 1305 1509350
348 1306 1509353
346 1302 1509356
346 1302 1509359
346 1301 1509362
346 1303 1509365
346 1304 1509368
342 1302 1509371
335 1361 1509374
340 1302 1509377
362 1340 1509380
346 1285 1509383
337 1307 1509386
353 1304 1509389
344 1299 1509392
345 1304 1509395
348 1302 1509398
345 1304 1509401
344 1307 1509404
345 1305 1509407
346 1304 1509410
345 1303 1509413
344 1283 1509416
381 1296 1509419
342 1312 1509422
384 1319 1509425
335 1287 1509428
347 1312 1509431
350 1302 1509434
339 1300 1509437
346 1307 1509440
345 1304 1509443
343 1303 1509446
347 1304 1509449
344 1302 1509452
344 1303 1509455
346 1304 1509458
321 1377 1509461
341 1303 1509464
349 1339 1509467
365 1296 1509470
331 1298 1509473
352 1311 1509476
347 1301 1509479
339 1306 1509482
348 1303 1509485
348 1300 1509488
345 1306 1509491
347 1305 1509494
344 1305 1509497
346 1304 1509500
343 1275 1509503
416 1298 1509506
343 1301 1509509
374 1327 1509512
342 1289 1509515
341 1306 1509518
351 1307 1509521
342 1302 1509524
345 1305 1509527
346 1303 1509530
347 1307 1509533
343 1304 1509536
345 1305 1509539
347 1305 1509542
347 1307 1509545
321 1340 1509548
341 1300 1509551
349 1344 1509554
364 1294 1509557
332 1297 1509560
351 1311 1509563
345 1302 1509566
341 1305 1509569
349 1305 1509572
346 1304 1509575
344 1305 1509578
346 1301 1509581
344 1302 1509584
346 1305 1509587
345 1283 1509590
402 1297 1509593
344 1307 1509596
375 1329 1509599
341 1285 1509602
338 1305 1509605
351 1305 1509608
343 1300 1509611
350 1305 1509614
346 1303 1509617
344 1305 1509620
346 1301 1509623
344 1302 1509626
349 1305 1509629
346 1306 1509632
323 1318 1509635
345 1300 1509638
349 1330 1509641
372 1307 1509644
332 1293 1509647
348 1310 1509650
346 1301 1509653
341 1303 1509656
348 1305 1509659
345 1305 1509662
345 1306 1509665
343 1303 1509668
346 1303 1509671
346 1305 1509674
342 1270 1509677
383 1301 1509680
345 1305 1509683
363 1336 1509686
351 1288 1509689
334 1306 1509692
353 1307 1509695
343 1300 1509698
342 1301 1509701
346 1305 1509704
350 1305 1509707
344 1303 1509710
347 1306 1509713
347 1303 1509716
347 1303 1509719
316 1300 1509722
350 1302 1509725
347 1309 1509728
374 1316 1509731
333 1290 1509734
341 1310 1509737
345 1301 1509740
343 1304 1509743
346 1305 1509746
342 1303 1509749
342 1302 1509752
345 1302 1509755
346 1304 1509758
348 1304 1509761
348 1285 1509764
378 1306 1509767
342 1306 1509770
337 1330 1509773
363 1300 1509776
335 1302 1509779
351 1308 1509782
345 1300 1509785
344 1305 1509788
345 1302 1509791
345 1302 1509794
347 1304 1509797
343 1303 1509800
346 1305 1509803
346 1304 1509806
343 1337 1509809
349 1306 1509812
342 1272 1509815
351 1326 1509818
353 1294 1509821
338 1302 1509824
350 1307 1509827
345 1302 1509830
347 1304 1509833
346 1304 1509836
349 1303 1509839
346 1306 1509842
346 1306 1509845
345 1306 1509848
346 1294 1509851
392 1297 1509854
346 1300 1509857
367 1298 1509860
357 1309 1509863
340 1304 1509866
343 1306 1509869
349 1303 1509872
345 1306 1509875
345 1304 1509878
347 1302 1509881
348 1304 1509884
345 1304 1509887
342 1301 1509890
345 1305 1509893
385 1305 1509896
338 1307 1509899
345 1302 1509902
339 1307 1509905
352 1303 1509908
346 1302 1509911
345 1303 1509914
345 1304 1509917
344 1303 1509920
343 1305 1509923
346 1305 1509926
346 1305 1509929
343 1301 1509932
347 1302 1509935
347 1304 1509938
347 1310 1509941
346 1304 1509944
353 1301 1509947
341 1302 1509950
347 1302 1509953
346 1300 1509956
346 1304 1509959
347 1307 1509962
343 1303 1509965
347 1304 1509968
347 1307 1509971
345 1304 1509974
345 1303 1509977
345 1304 1509980
344 1302 1509983
337 1302 1509986
345 1315 1509989
336 1308 1509992
347 1304 1509995
344 1303 1509998
346 1303 1510002
346 1307 1510005
345 1306 1510008
346 1308 1510011
347 1306 1510014
348 1305 1510017
344 1307 1510020
339 1305 1510023
345 1305 1510026
313 1182 1510029
341 1301 1510032
347 1300 1510035
347 1303 1510038
345 1307 1510040
347 1305 1510043
343 1308 1510046
346 1304 1510049
343 1303 1510052
344 1304 1510055
341 1306 1510058
346 1306 1510061
345 1303 1510064
350 1304 1510067
346 1303 1510070
352 1303 1510073
345 1318 1510076
347 1307 1510079
348 1305 1510082
341 1305 1510085
342 1304 1510088
346 1305 1510091
345 1304 1510094
344 1303 1510097
345 1304 1510100
345 1306 1510103
342 1306 1510106
344 1304 1510109
345 1302 1510112
345 1254 1510115
202 1303 1510118
343 1304 1510121
342 1303 1510124
343 1305 1510127
345 1304 1510130
344 1310 1510133
348 1305 1510136
345 1305 1510139
346 1303 1510142
343 1302 1510145
346 1305 1510148
344 1304 1510151
344 1306 1510154
346 1305 1510157
347 1297 1510160
308 1303 1510163
346 1307 1510166
344 1304 1510169
348 1306 1510172
345 1305 1510175
347 1303 1510178
346 1306 1510181
345 1304 1510184
343 1304 1510187
345 1306 1510190
346 1305 1510193
342 1304 1510196
348 1305 1510199
344 1303 1510202
346 1302 1510205
358 1304 1510208
346 1301 1510211
345 1306 1510214
346 1302 1510217
344 1303 1510220
345 1303 1510223
345 1305 1510226
345 1304 1510229
347 1304 1510232
346 1304 1510235
344 1305 1510238
346 1304 1510241
345 1301 1510244
345 1305 1510247
344 1302 1510250
372 1304 1510253
347 1299 1510256
346 1307 1510259
342 1301 1510262
344 1302 1510265
345 1305 1510268
345 1304 1510271
345 1304 1510274
345 1302 1510277
343 1302 1510280
344 1304 1510283
344 1302 1510286
345 1303 1510289
345 1305 1510292
341 1293 1510295
462 1304 1510298
347 1304 1510301
342 1306 1510304
347 1306 1510307
345 1301 1510310
343 1304 1510313
344 1303 1510316
346 1303 1510319
348 1304 1510322
346 1307 1510325
344 1305 1510328
345 1304 1510331
345 1305 1510334
342 1306 1510337
343 1587 1510340
341 1303 1510343
345 1306 1510346
343 1301 1510349
340 1301 1510352
346 1307 1510355
347 1305 1510358
343 1302 1510361
344 1304 1510364
346 1305 1510367
344 1307 1510370
345 1306 1510373
340 1303 1510376
344 1304 1510379
342 1305 1510382
340 1304 1510385
347 1257 1510388
346 1304 1510391
336 1304 1510394
346 1305 1510397
345 1306 1510400
345 1310 1510403
342 1304 1510406
345 1302 1510409
345 1304 1510412
344 1305 1510415
343 1303 1510418
345 1306 1510421
344 1308 1510424
343 1305 1510427
345 1305 1510430
344 1302 1510433
340 1307 1510436
347 1310 1510439
344 1302 1510442
344 1304 1510445
345 1303 1510448
344 1304 1510451
345 1304 1510454
347 1306 1510457
340 1302 1510460
343 1305 1510463
346 1305 1510466
343 1307 1510469
344 1304 1510472
344 1305 1510475
343 1288 1510478
496 1302 1510481
345 1304 1510484
341 1306 1510487
345 1305 1510490
344 1303 1510493
345 1303 1510496
341 1304 1510499
344 1305 1510502
345 1305 1510505
345 1304 1510508
346 1304 1510511
343 1304 1510514
346 1305 1510517
344 1304 1510520
347 1303 1510523
328 1439 1510526
346 1306 1510529
343 1303 1510532
344 1306 1510535
344 1304 1510538
345 1304 1510541
344 1303 1510544
344 1303 1510547
344 1304 1510550
344 1303 1510553
344 1306 1510556
344 1304 1510559
345 1302 1510562
344 1303 1510565
346 1304 1510568
342 1280 1510571
413 1302 1510574
345 1298 1510577
344 1305 1510580
346 1306 1510583
345 1303 1510586
344 1306 1510589
344 1303 1510592
343 1304 1510595
345 1305 1510598
345 1306 1510601
346 1306 1510604
344 1302 1510607
345 1305 1510610
346 1305 1510613
346 1302 1510616
353 1237 1510619
344 1306 1510622
340 1302 1510625
2393 49 1496225
2402 49 1496228
2398 43 1496231
2404 50 1496234
2400 47 1496237
2400 46 1496240
2402 47 1496243
2401 48 1496246
2399 49 1496249
2402 47 1496252
2401 31 1496255
2387 48 1496258
2401 41 1496261
2400 64 1496264
2399 39 1496267
2395 52 1496270
2408 45 1496273
2398 45 1496276
2401 51 1496279
2400 47 1496282
2403 46 1496285
2399 48 1496288
2400 45 1496291
2400 44 1496294
2401 48 1496297
2382 125 1496300
2397 47 1496303
2404 38 1496306
2413 54 1496309
2393 44 1496312
2402 55 1496315
2402 50 1496318
2397 45 1496321
2401 47 1496324
2400 47 1496327
2401 48 1496330
2402 48 1496333
2398 49 1496336
2402 49 1496339
2400 27 1496342
2426 51 1496345
2399 49 1496348
2398 52 1496351
2412 41 1496354
2393 45 1496357
2404 51 1496360
2401 46 1496363
2400 49 1496366
2398 47 1496369
2400 49 1496372
2401 48 1496375
2401 48 1496378
2401 46 1496381
2401 51 1496384
2375 141 1496387
2400 61 1496390
2399 52 1496393
2414 61 1496396
2387 46 1496399
2344 46 1496402
2237 36 1496405
2087 45 1496408
1937 60 1496411
1808 79 1496414
1696 103 1496417
1597 133 1496420
1526 143 1496423
1517 139 1496426
1534 114 1496429
1508 132 1496432
1553 130 1496435
1564 137 1496438
1554 131 1496441
1533 135 1496444
1540 139 1496447
1537 134 1496450
1536 133 1496453
1539 133 1496456
1536 134 1496459
1534 133 1496462
1537 136 1496465
1535 133 1496468
1534 138 1496471
1516 150 1496474
1535 138 1496477
1535 143 1496480
1536 145 1496483
1534 128 1496486
1534 138 1496489
1538 135 1496492
1536 136 1496495
1537 138 1496498
1536 135 1496501
1538 139 1496504
1537 134 1496507
1536 136 1496510
1537 134 1496513
1536 113 1496516
1549 135 1496519
1534 133 1496522
1527 142 1496525
1544 133 1496528
1533 135 1496531
1538 137 1496534
1535 135 1496537
1539 137 1496540
1537 136 1496543
1535 136 1496546
1536 133 1496549
1537 135 1496552
1538 134 1496555
1534 136 1496558
1519 145 1496561
1537 136 1496564
1531 144 1496567
1547 127 1496570
1529 137 1496573
1541 140 1496576
1535 132 1496579
1533 135 1496582
1536 135 1496585
1533 133 1496588
1535 136 1496591
1537 136 1496594
1537 135 1496597
1537 136 1496600
1536 143 1496603
1543 137 1496606
1536 152 1496609
1554 123 1496612
1528 147 1496615
1543 140 1496618
1533 131 1496621
1533 140 1496624
1539 132 1496627
1535 137 1496630
1536 136 1496633
1536 136 1496636
1537 138 1496639
1537 139 1496642
1538 139 1496645
1538 138 1496648
1537 139 1496651
1542 121 1496654
1531 142 1496657
1540 147 1496660
1539 142 1496663
1542 148 1496666
1545 148 1496669
1543 148 1496672
1545 149 1496675
1542 150 1496678
1543 149 1496681
1544 148 1496684
1544 149 1496687
1549 282 1496690
1544 148 1496693
1544 128 1496696
1548 155 1496699
1550 148 1496702
1538 150 1496705
1546 153 1496708
1543 151 1496711
1543 147 1496714
1543 148 1496717
1542 149 1496720
1544 147 1496723
1546 151 1496726
1546 152 1496729
1543 132 1496732
1624 149 1496735
1543 150 1496738
1536 162 1496741
1543 137 1496744
1538 151 1496747
1547 151 1496750
1541 144 1496753
1543 149 1496756
1545 150 1496759
1544 151 1496762
1543 144 1496765
1545 147 1496768
1545 148 1496771
1545 148 1496774
1548 161 1496777
1542 144 1496780
1553 168 1496783
1532 136 1496786
1546 149 1496789
1550 148 1496792
1537 145 1496795
1555 145 1496798
1545 147 1496801
1546 149 1496804
1543 147 1496807
1542 143 1496810
1542 145 1496813
1537 146 1496816
1540 137 1496819
1539 145 1496822
1539 136 1496825
1526 149 1496828
1536 151 1496831
1541 140 1496834
1538 148 1496837
1545 146 1496840
1539 145 1496843
1540 144 1496846
1543 145 1496849
1543 142 1496852
1541 144 1496855
1542 142 1496858
1541 117 1496861
1560 142 1496864
1542 145 1496867
1549 135 1496870
1548 145 1496873
1535 139 1496876
1545 146 1496879
1541 139 1496882
1537 141 1496885
1540 143 1496888
1539 144 1496891
1540 143 1496894
1538 141 1496897
1541 143 1496900
1540 142 1496903
1528 139 1496906
1539 140 1496909
1534 145 1496912
1547 136 1496915
1533 141 1496918
1539 143 1496921
1538 139 1496924
1540 143 1496927
1538 138 1496930
1539 139 1496933
1541 141 1496936
1542 140 1496939
1538 141 1496942
1539 142 1496945
1539 148 1496948
1533 139 1496951
1540 158 1496954
1529 130 1496957
1542 138 1496960
1541 141 1496963
1533 138 1496966
1541 141 1496969
1541 140 1496972
1538 141 1496975
1541 138 1496978
1538 136 1496981
1540 143 1496984
1538 138 1496987
1538 182 1496990
1544 145 1496993
1537 138 1496996
1514 145 1497000
1533 143 1497003
1541 133 1497006
1535 138 1497009
1539 139 1497012
1538 137 1497015
1541 140 1497018
1539 140 1497021
1538 135 1497024
1540 139 1497027
1537 137 1497030
1538 137 1497033
1520 103 1497035
1538 136 1497038
1541 132 1497041
1535 149 1497044
1536 131 1497047
1538 141 1497050
1543 137 1497053
1534 135 1497056
1536 142 1497059
1539 136 1497062
1536 138 1497065
1539 138 1497068
1538 138 1497071
1538 137 1497074
1536 132 1497077
1564 139 1497080
1539 134 1497083
1552 140 1497086
1529 133 1497089
1536 138 1497092
1539 138 1497095
1535 137 1497098
1536 138 1497101
1540 135 1497104
1539 135 1497107
1538 136 1497110
1537 140 1497113
1538 136 1497116
1540 137 1497119
1542 145 1497122
1537 137 1497125
1550 123 1497128
1532 133 1497131
1535 140 1497134
1536 132 1497137
1535 138 1497140
1539 137 1497143
1537 138 1497146
1538 139 1497149
1540 136 1497152
1535 136 1497155
1536 140 1497158
1537 137 1497161
1633 130 1497164
1531 139 1497167
1536 113 1497170
1527 130 1497173
1541 142 1497176
1529 135 1497179
1539 138 1497182
1540 137 1497185
1535 134 1497188
1534 137 1497191
1537 136 1497194
1537 135 1497197
1535 137 1497200
1538 138 1497203
1538 104 1497206
1593 138 1497209
1536 138 1497212
1560 127 1497215
1546 140 1497218
1528 130 1497221
1540 140 1497224
1538 135 1497227
1538 140 1497230
1537 135 1497233
1538 136 1497236
1534 136 1497239
1537 133 1497242
1536 137 1497245
1536 138 1497248
1523 87 1497251
1537 135 1497254
1536 122 1497257
1550 138 1497260
1531 134 1497263
1535 138 1497266
1539 134 1497269
1532 140 1497272
1539 135 1497275
1534 135 1497278
1537 137 1497281
1537 137 1497284
1535 134 1497287
1535 135 1497290
1536 133 1497293
1521 136 1497296
1535 132 1497299
1549 135 1497302
1528 133 1497305
1535 139 1497308
1536 133 1497311
1535 138 1497314
1540 136 1497317
1533 135 1497320
1535 136 1497323
1537 137 1497326
1538 137 1497329
1534 134 1497332
1539 139 1497335
1541 129 1497338
1538 135 1497341
1551 137 1497344
1528 134 1497347
1535 142 1497350
1541 131 1497353
1535 137 1497356
1537 139 1497359
1539 134 1497362
1535 134 1497365
1539 137 1497368
1536 135 1497371
1535 133 1497374
1536 136 1497377
1529 134 1497380
1540 135 1497383
1536 135 1497386
1518 135 1497389
1534 140 1497392
1541 132 1497395
1532 139 1497398
1542 138 1497401
1537 134 1497404
1538 136 1497407
1534 137 1497410
1535 136 1497413
1538 136 1497416
1536 138 1497419
1536 209 1497422
1534 136 1497425
1537 137 1497428
1512 172 1497431
1534 142 1497434
1543 131 1497437
1533 132 1497440
1540 133 1497443
1536 139 1497446
1536 136 1497449
1537 134 1497452
1534 136 1497455
1540 137 1497458
1539 149 1497461
1537 136 1497464
1520 175 1497467
1539 135 1497470
1537 110 1497473
1545 144 1497476
1541 135 1497479
1533 139 1497482
1538 137 1497485
1537 136 1497488
1538 135 1497491
1539 136 1497494
1535 136 1497497
1538 138 1497500
1536 138 1497503
1536 135 1497506
1538 125 1497509
1686 134 1497512
1536 135 1497515
1577 129 1497518
1538 142 1497521
1531 129 1497524
1541 139 1497527
1537 136 1497530
1534 137 1497533
1538 138 1497536
1537 135 1497539
1537 139 1497542
1536 136 1497545
1537 134 1497548
1536 137 1497551
1512 227 1497554
1537 136 1497557
1538 133 1497560
1536 144 1497563
1536 133 1497566
1541 136 1497569
1540 135 1497572
1534 132 1497575
1538 136 1497578
1537 137 1497581
1534 135 1497584
1539 146 1497587
1536 136 1497590
1540 137 1497593
1535 112 1497596
1520 136 1497599
1537 138 1497602
1530 134 1497605
1548 137 1497608
1530 141 1497611
1541 139 1497614
1536 130 1497617
1532 135 1497620
1539 136 1497623
1537 139 1497626
1533 141 1497629
1538 136 1497632
1536 134 1497635
1537 134 1497638
1515 166 1497641
1538 134 1497644
1535 126 1497647
1537 144 1497650
1530 129 1497653
1538 140 1497656
1546 136 1497659
1533 135 1497662
1539 138 1497665
1532 135 1497668
1536 138 1497671
1537 136 1497674
1535 134 1497677
1539 136 1497680
1536 101 1497683
1522 136 1497686
1538 135 1497689
1536 150 1497692
1541 128 1497695
1532 141 1497698
1539 136 1497701
1539 132 1497704
1535 137 1497707
1537 134 1497710
1535 140 1497713
1538 135 1497716
1538 135 1497719
1542 138 1497722
1539 137 1497725
1513 215 1497728
1540 135 1497731
1533 130 1497734
1545 138 1497737
1527 130 1497740
1539 141 1497743
1540 136 1497746
1533 133 1497749
1537 137 1497752
1535 142 1497755
1537 136 1497758
1537 133 1497761
1537 138 1497764
1536 131 1497767
1537 120 1497770
1505 137 1497773
1536 136 1497776
1534 147 1497779
1532 126 1497782
1536 139 1497785
1541 150 1497788
1536 140 1497791
1534 137 1497794
1537 136 1497797
1534 133 1497800
1536 135 1497803
1534 136 1497806
1536 136 1497809
1536 133 1497812
1528 137 1497815
1537 137 1497818
1532 152 1497821
1538 123 1497824
1529 136 1497827
1540 137 1497830
1534 130 1497833
1538 134 1497836
1538 134 1497839
1534 137 1497842
1540 135 1497845
1536 133 1497848
1538 136 1497851
1538 138 1497854
1537 142 1497857
1549 134 1497860
1537 149 1497863
1548 124 1497866
1527 134 1497869
1536 142 1497872
1537 135 1497875
1536 136 1497878
1537 134 1497881
1540 137 1497884
1539 140 1497887
1539 137 1497890
1537 135 1497893
1538 139 1497896
1534 135 1497899
1545 140 1497902
1536 138 1497905
1554 137 1497908
1526 133 1497911
1533 143 1497914
1539 137 1497917
1532 134 1497920
1539 135 1497923
1535 135 1497926
1540 138 1497929
1538 134 1497932
1535 138 1497935
1537 137 1497938
1540 136 1497941
1525 134 1497944
1540 136 1497947
1536 126 1497950
1518 147 1497953
1535 144 1497956
1536 134 1497959
1536 138 1497962
1539 136 1497965
1535 135 1497968
1537 133 1497971
1538 136 1497974
1538 138 1497977
1538 139 1497980
1536 134 1497983
1536 170 1497986
1507 140 1497989
1534 135 1497992
1509 152 1497995
1532 143 1497998
1539 132 1498002
1534 139 1498005
1540 137 1498008
1536 133 1498011
1537 139 1498014
1535 132 1498017
1536 137 1498020
1536 137 1498023
1538 134 1498026
1535 135 1498029
1506 90 1498032
1536 134 1498035
1538 144 1498038
1532 143 1498041
1541 132 1498044
1532 140 1498046
1541 136 1498049
1537 134 1498052
1538 139 1498055
1538 134 1498058
1537 136 1498061
1535 138 1498064
1538 139 1498067
1535 137 1498070
1538 99 1498073
1559 134 1498076
1538 133 1498079
1533 132 1498082
1546 129 1498085
1530 139 1498088
1539 140 1498091
1536 132 1498094
1537 139 1498097
1536 133 1498100
1536 131 1498103
1538 141 1498106
1538 136 1498109
1535 134 1498112
1538 137 1498115
1495 200 1498118
1536 134 1498121
1536 151 1498124
1536 146 1498127
1537 129 1498130
1535 135 1498133
1540 139 1498136
1534 137 1498139
1539 137 1498142
1536 134 1498145
1537 141 1498148
1535 134 1498151
1538 133 1498154
1539 135 1498157
1533 194 1498160
1501 140 1498163
1537 134 1498166
1511 150 1498169
1541 146 1498172
1541 130 1498175
1532 135 1498178
1541 137 1498181
1535 132 1498184
1538 135 1498187
1536 140 1498190
1539 139 1498193
1538 136 1498196
1537 134 1498199
1537 138 1498202
1538 145 1498205
1542 133 1498208
1535 143 1498211
1520 132 1498214
805 584 1502622
805 581 1502625
805 581 1502628
827 583 1502631
801 582 1502634
809 584 1502637
805 582 1502640
803 582 1502643
807 581 1502646
804 584 1502648
805 582 1502651
806 582 1502654
803 585 1502657
806 586 1502660
805 584 1502663
803 584 1502666
805 583 1502669
804 587 1502672
806 579 1502675
805 583 1502678
809 586 1502681
803 584 1502684
805 584 1502687
807 584 1502690
806 587 1502693
807 586 1502696
804 584 1502699
805 583 1502702
805 584 1502705
806 588 1502708
807 583 1502711
803 584 1502714
806 595 1502717
794 581 1502720
804 583 1502723
808 590 1502726
806 581 1502729
806 584 1502732
806 584 1502735
803 581 1502738
805 586 1502741
806 584 1502744
799 583 1502747
807 581 1502750
804 581 1502753
805 588 1502756
805 585 1502759
830 491 1502762
804 585 1502765
804 579 1502768
805 584 1502771
807 583 1502774
804 577 1502777
803 585 1502780
807 583 1502783
803 584 1502786
805 583 1502789
806 584 1502792
804 584 1502795
805 585 1502798
804 582 1502801
801 605 1502804
1711 583 1502807
806 585 1502810
803 579 1502813
804 585 1502816
806 585 1502819
807 585 1502822
802 587 1502825
805 586 1502828
805 586 1502831
804 582 1502834
804 585 1502837
805 585 1502840
805 585 1502843
803 585 1502846
805 584 1502849
793 584 1502852
804 586 1502855
806 584 1502858
802 583 1502861
807 588 1502864
803 582 1502867
804 585 1502870
806 586 1502873
806 586 1502876
804 583 1502879
805 583 1502882
805 585 1502885
806 583 1502888
804 587 1502891
812 578 1502894
805 583 1502897
800 583 1502900
805 586 1502903
803 586 1502906
805 586 1502909
803 582 1502912
806 586 1502915
802 584 1502918
805 583 1502921
805 584 1502924
804 586 1502927
806 585 1502930
804 583 1502933
804 596 1502936
561 584 1502939
808 585 1502942
801 578 1502945
805 590 1502948
806 584 1502951
806 583 1502954
806 585 1502957
804 582 1502960
806 586 1502963
803 578 1502966
803 584 1502969
806 586 1502972
808 582 1502975
804 583 1502978
806 585 1502981
807 582 1502984
804 588 1502987
806 582 1502990
804 585 1502993
805 583 1502996
805 582 1503000
806 582 1503003
806 584 1503006
808 583 1503009
805 581 1503012
803 586 1503015
808 582 1503018
802 583 1503021
803 584 1503024
802 590 1503027
806 584 1503030
800 584 1503033
808 585 1503036
808 583 1503039
803 582 1503042
807 582 1503045
803 586 1503047
806 583 1503050
806 584 1503053
805 585 1503056
805 582 1503059
804 583 1503062
805 580 1503065
805 590 1503068
969 587 1503071
808 581 1503074
805 582 1503077
808 586 1503080
807 588 1503083
804 579 1503086
805 583 1503089
806 583 1503092
807 584 1503095
805 584 1503098
804 585 1503101
804 580 1503104
803 583 1503107
803 586 1503110
762 582 1503113
803 585 1503116
806 586 1503119
804 580 1503122
804 585 1503125
807 581 1503128
803 585 1503131
806 583 1503134
805 584 1503137
804 587 1503140
806 586 1503143
804 582 1503146
807 583 1503149
802 583 1503152
805 583 1503155
803 575 1503158
804 585 1503161
807 586 1503164
803 582 1503167
804 582 1503170
806 586 1503173
805 584 1503176
799 583 1503179
805 584 1503182
803 585 1503185
803 583 1503188
803 583 1503191
805 585 1503194
805 584 1503197
804 575 1503200
806 584 1503203
804 585 1503206
809 589 1503209
801 580 1503212
807 586 1503215
805 587 1503218
803 584 1503221
804 585 1503224
805 585 1503227
808 584 1503230
805 581 1503233
806 585 1503236
806 584 1503239
808 584 1503242
799 623 1503245
805 585 1503248
799 584 1503251
807 581 1503254
805 583 1503257
804 585 1503260
805 584 1503263
805 582 1503266
804 584 1503269
804 583 1503272
804 580 1503275
804 583 1503278
806 585 1503281
802 583 1503284
806 568 1503287
727 587 1503290
804 582 1503293
804 582 1503296
807 584 1503299
805 588 1503302
806 583 1503305
808 583 1503308
802 582 1503311
803 585 1503314
804 582 1503317
805 583 1503320
802 587 1503323
807 582 1503326
807 583 1503329
806 624 1503332
803 584 1503335
805 579 1503338
806 584 1503341
805 582 1503344
806 584 1503347
804 587 1503350
805 582 1503353
806 587 1503356
805 582 1503359
805 584 1503362
805 583 1503365
806 583 1503368
806 586 1503371
806 676 1503374
238 584 1503377
804 581 1503380
802 579 1503383
805 582 1503386
806 585 1503389
806 582 1503392
807 586 1503395
805 583 1503398
806 581 1503401
804 584 1503404
806 584 1503407
803 581 1503410
807 583 1503413
804 583 1503416
763 0 1503419
808 582 1503422
805 582 1503425
804 581 1503428
805 585 1503431
806 581 1503434
804 585 1503437
808 585 1503440
803 582 1503443
806 584 1503446
804 583 1503449
806 581 1503452
805 585 1503455
805 582 1503458
806 555 1503461
858 581 1503464
805 585 1503467
806 583 1503470
805 586 1503473
803 582 1503476
807 579 1503479
802 583 1503482
807 584 1503485
803 584 1503488
807 586 1503491
806 587 1503494
805 583 1503497
804 582 1503500
807 586 1503503
844 59 1503506
805 585 1503509
807 584 1503512
802 582 1503515
806 583 1503518
805 582 1503521
805 586 1503524
808 586 1503527
805 583 1503530
802 585 1503533
806 587 1503536
805 584 1503539
804 582 1503542
806 586 1503545
804 578 1503548
879 583 1503551
804 585 1503554
803 587 1503557
807 587 1503560
804 581 1503563
804 585 1503566
806 583 1503569
806 583 1503572
803 582 1503575
804 584 1503578
801 582 1503581
807 579 1503584
805 586 1503587
805 585 1503590
807 586 1503593
804 585 1503596
804 586 1503599
806 583 1503602
805 582 1503605
806 586 1503608
806 585 1503611
804 582 1503614
805 582 1503617
803 585 1503620
804 585 1503623
804 583 1503626
808 584 1503629
808 585 1503632
698 594 1503635
801 584 1503638
802 582 1503641
803 583 1503644
801 583 1503647
807 582 1503650
804 587 1503653
806 587 1503656
807 585 1503659
806 584 1503662
804 585 1503665
802 581 1503668
805 581 1503671
803 581 1503674
805 579 1503677
801 582 1503680
806 580 1503683
809 588 1503686
803 579 1503689
804 583 1503692
804 584 1503695
802 583 1503698
804 582 1503701
806 583 1503704
803 584 1503707
807 582 1503710
805 582 1503713
804 581 1503716
807 581 1503719
911 584 1503722
806 584 1503725
801 581 1503728
806 583 1503731
806 584 1503734
806 580 1503737
804 584 1503740
808 583 1503743
804 584 1503746
806 584 1503749
806 583 1503752
805 582 1503755
807 585 1503758
804 582 1503761
808 584 1503764
805 584 1503767
800 586 1503770
803 580 1503773
805 584 1503776
805 583 1503779
805 583 1503782
805 584 1503785
808 582 1503788
807 582 1503791
805 581 1503794
806 584 1503797
805 583 1503800
805 584 1503803
807 645 1503806
807 582 1503809
804 578 1503812
808 584 1503815
806 583 1503818
805 585 1503821
809 584 1503824
803 584 1503827
803 585 1503830
807 582 1503833
804 584 1503836
803 583 1503839
806 584 1503842
806 583 1503845
906 583 1503848
804 584 1503851
803 586 1503854
802 582 1503857
801 584 1503860
804 585 1503863
802 585 1503866
803 587 1503869
803 584 1503872
806 584 1503875
803 584 1503878
804 583 1503881
805 585 1503884
805 588 1503887
805 593 1503890
824 581 1503893
801 583 1503896
805 587 1503899
804 585 1503902
803 582 1503905
808 584 1503908
806 586 1503911
807 583 1503914
805 584 1503917
806 584 1503920
806 584 1503923
803 582 1503926
804 583 1503929
806 546 1503932
738 584 1503935
803 583 1503938
805 583 1503941
802 586 1503944
808 582 1503947
803 585 1503950
804 584 1503953
803 586 1503956
804 583 1503959
804 582 1503962
803 586 1503965
807 585 1503968
802 583 1503971
805 581 1503974
800 570 1503977
805 582 1503980
803 582 1503983
807 584 1503986
804 584 1503989
802 582 1503992
804 584 1503995
803 585 1503998
804 582 1504002
804 582 1504005
807 586 1504008
803 587 1504011
803 585 1504014
805 585 1504017
823 582 1504020
797 585 1504023
808 584 1504026
803 584 1504029
806 587 1504032
808 583 1504035
807 584 1504038
804 587 1504041
807 586 1504044
806 586 1504046
805 586 1504049
805 584 1504052
805 582 1504055
807 582 1504058
806 568 1504061
698 580 1504064
808 583 1504067
802 586 1504070
805 581 1504073
805 579 1504076
804 583 1504079
805 585 1504082
806 585 1504085
805 580 1504088
808 583 1504091
803 583 1504094
812 580 1504097
804 583 1504100
804 586 1504103
799 536 1504106
807 580 1504109
804 583 1504112
809 587 1504115
806 583 1504118
804 583 1504121
805 587 1504124
805 584 1504127
806 580 1504130
805 585 1504133
806 586 1504136
805 580 1504139
805 582 1504142
805 586 1504145
806 576 1504148
770 585 1504151
805 580 1504154
806 587 1504157
806 582 1504160
807 583 1504163
804 584 1504166
806 585 1504169
805 583 1504172
804 586 1504175
807 585 1504178
806 583 1504181
805 586 1504184
803 581 1504187
804 587 1504190
809 589 1504193
806 586 1504196
804 587 1504199
807 585 1504202
803 581 1504205
805 581 1504208
806 589 1504211
801 585 1504214
806 582 1504217
806 585 1504220
806 584 1504223
805 583 1504226
807 584 1504229
803 585 1504232
807 570 1504235
745 583 1504238
806 581 1504241
804 586 1504244
806 584 1504247
803 582 1504250
802 585 1504253
803 582 1504256
804 585 1504259
804 584 1504262
803 583 1504265
803 584 1504268
804 583 1504271
805 583 1504274
805 584 1504277
805 572 1504280
803 586 1504283
802 580 1504286
802 582 1504289
804 586 1504292
805 586 1504295
804 583 1504298
806 587 1504301
805 585 1504304
805 582 1504307
803 586 1504310
806 584 1504313
805 587 1504316
806 584 1504319
804 250 1504322
807 590 1504325
806 588 1504328
806 583 1504331
803 583 1504334
807 585 1504337
805 583 1504340
804 586 1504343
804 585 1504346
806 586 1504349
804 585 1504352
805 583 1504355
806 587 1504358
807 584 1504361
804 584 1504364
806 584 1504367
763 587 1504370
808 583 1504373
805 584 1504376
804 582 1504379
805 586 1504382
802 582 1504385
804 584 1504388
805 586 1504391
806 583 1504394
802 581 1504397
808 583 1504400
801 583 1504403
806 584 1504406
806 585 1504409
762 1565 1504412
807 585 1504415
804 581 1504418
802 584 1504421
811 586 1504424
807 582 1504427
804 583 1504430
807 591 1504433
805 583 1504436
808 580 1504439
805 584 1504442
806 584 1504445
809 581 1504448
803 581 1504451
805 587 1504454
798 592 1504457
806 583 1504460
804 585 1504463
809 584 1504466
803 584 1504469
809 583 1504472
805 584 1504475
806 584 1504478
806 582 1504481
804 581 1504484
806 587 1504487
805 584 1504490
805 583 1504493
803 582 1504496
808 702 1504499
0 584 1504502
805 581 1504505
802 584 1504508
804 584 1504511
806 581 1504514
801 585 1504517
805 586 1504520
805 584 1504523
808 585 1504526
800 584 1504529
804 584 1504532
803 582 1504535
805 582 1504538
802 587 1504541
806 581 1504544
776 585 1504547
804 582 1504550
809 587 1504553
806 582 1504556
805 585 1504559
804 582 1504562
806 584 1504565
804 582 1504568
805 582 1504571
805 585 1504574
805 583 1504577
807 585 1504580
806 583 1504583
804 583 1504586
754 553 1504589
808 584 1504592
804 584 1504595
806 583 1504598
806 584 1504601
807 584 1504604
802 585 1504607
807 585 1504610
806 587 1504613
804 586 1504616
806 585 1504619
805 583 1504622
807 585 1504625
804 584 1504628
807 581 1504631
798 589 1504634
805 585 1504637
805 588 1504640
805 583 1504643
805 586 1504646
803 584 1504649
804 584 1504652
804 584 1504655
806 585 1504658
801 583 1504661
805 585 1504664
804 583 1504667
805 580 1504670
804 583 1504673
805 581 1504676
783 586 1504679
806 585 1504682
801 581 1504685
805 588 1504688
806 582 1504691
802 582 1504694
805 582 1504697
803 585 1504700
805 586 1504703
806 586 1504706
804 585 1504709
808 587 1504712
805 583 1504715
805 585 1504718
708 585 1504721
802 586 1504724
801 583 1504727
789 588 1504730
819 584 1504733
800 578 1504736
804 591 1504739
808 584 1504742
805 587 1504745
804 583 1504748
803 583 1504751
804 584 1504754
807 584 1504757
803 581 1504760
807 584 1504763
802 586 1504766
805 581 1504769
789 588 1504772
799 574 1504775
814 591 1504778
803 575 1504781
803 585 1504784
807 585 1504787
807 584 1504790
805 581 1504793
806 584 1504796
804 584 1504799
806 580 1504802
804 584 1504805
806 586 1504808
812 582 1504811
809 606 1504814
794 589 1504817
794 577 1504820
813 590 1504823
801 578 1504826
803 589 1504829
806 584 1504832
804 583 1504835
806 588 1504838
805 585 1504841
804 584 1504844
803 579 1504847
805 586 1504850
804 594 1504853
803 584 1504856
824 527 1504859
811 578 1504862
798 589 1504865
811 581 1504868
801 585 1504871
806 587 1504874
807 583 1504877
804 583 1504880
805 584 1504883
809 584 1504886
804 581 1504889
801 581 1504892
807 581 1504895
811 582 1504898
806 607 1504901
788 587 1504904
796 583 1504907
815 588 1504910
801 579 1504913
803 584 1504916
806 585 1504919
805 583 1504922
802 584 1504925
811 586 1504928
804 582 1504931
806 583 1504934
806 539 1504937
807 582 1504940
808 585 1504943
805 568 1504946
812 595 1504949
806 580 1504952
804 582 1504955
805 584 1504958
805 583 1504961
806 581 1504964
807 584 1504967
801 584 1504970
805 584 1504973
805 581 1504976
805 584 1504979
803 611 1504982
804 586 1504985
812 607 1504988
798 587 1504991
798 581 1504994
810 587 1504997
803 583 1505001
806 591 1505004
805 582 1505007
800 584 1505010
804 583 1505013
804 583 1505016
804 582 1505019
806 582 1505022
697 587 1505025
798 588 1505028
807 587 1505031
804 575 1505034
814 588 1505037
805 580 1505040
803 588 1505043
806 582 1505045
803 583 1505048
806 582 1505051
805 583 1505054
808 585 1505057
807 580 1505060
802 585 1505063
805 579 1505066
827 583 1505069
804 583 1505072
803 601 1505075
806 581 1505078
802 582 1505081
807 587 1505084
803 576 1505087
806 585 1505090
808 586 1505093
808 585 1505096
804 586 1505099
808 584 1505102
803 584 1505105
805 584 1505108
803 593 1505111
803 586 1505114
799 585 1505117
799 572 1505120
807 594 1505123
808 580 1505126
800 583 1505129
808 587 1505132
803 582 1505135
805 585 1505138
805 582 1505141
804 584 1505144
806 581 1505147
807 584 1505150
930 584 1505153
802 586 1505156
802 588 1505159
792 579 1505162
814 590 1505165
804 578 1505168
805 587 1505171
805 585 1505174
804 581 1505177
803 584 1505180
804 586 1505183
804 582 1505186
806 584 1505189
803 584 1505192
807 584 1505195
770 589 1505198
806 583 1505201
795 595 1505204
816 563 1505207
797 579 1505210
805 588 1505213
804 583 1505216
801 582 1505219
808 585 1505222
806 584 1505225
806 583 1505228
807 587 1505231
805 584 1505234
804 584 1505237
803 603 1505240
803 583 1505243
802 606 1505246
811 580 1505249
796 581 1505252
812 590 1505255
805 584 1505258
808 584 1505261
806 586 1505264
805 585 1505267
807 585 1505270
803 583 1505273
806 583 1505276
