673 876 4978337
671 872 4978340
674 876 4978343
674 875 4978346
673 874 4978349
680 867 4978352
676 875 4978355
673 890 4978358
668 864 4978361
672 873 4978364
677 877 4978367
669 873 4978370
674 879 4978373
676 874 4978376
674 876 4978379
671 873 4978382
673 874 4978385
674 875 4978388
666 840 4978391
674 874 4978394
673 850 4978397
676 875 4978400
678 880 4978403
668 869 4978406
676 878 4978409
676 874 4978412
671 877 4978415
673 875 4978418
674 873 4978421
672 875 4978424
674 875 4978427
674 861 4978430
678 874 4978433
673 870 4978436
677 881 4978439
672 868 4978442
675 875 4978445
675 872 4978448
672 872 4978451
675 872 4978454
673 878 4978457
673 874 4978460
679 875 4978463
674 876 4978466
675 874 4978469
680 876 4978472
678 873 4978475
687 883 4978478
663 898 4978481
672 876 4978484
677 873 4978487
670 876 4978490
675 876 4978493
675 872 4978496
672 874 4978499
674 875 4978502
672 873 4978505
673 876 4978508
740 871 4978511
671 874 4978514
673 867 4978517
658 876 4978520
667 882 4978523
674 868 4978526
672 875 4978529
676 876 4978532
671 875 4978535
673 874 4978538
673 874 4978541
674 875 4978544
671 873 4978547
674 869 4978550
0 877 4978553
673 877 4978556
649 889 4978559
669 882 4978562
676 868 4978565
671 874 4978568
682 873 4978571
672 874 4978574
674 878 4978577
675 873 4978580
674 874 4978583
675 874 4978586
671 875 4978589
665 879 4978592
673 874 4978595
673 851 4978598
666 870 4978601
680 874 4978604
677 879 4978607
690 885 4978610
686 877 4978613
682 883 4978616
671 912 4978619
626 979 4978622
564 1074 4978625
495 1177 4978628
433 1356 4978631
378 1385 4978634
333 1492 4978637
281 1594 4978640
276 1600 4978643
279 1593 4978646
270 1593 4978649
277 1590 4978652
274 1588 4978655
276 1591 4978658
275 1595 4978661
273 1592 4978664
273 1592 4978667
271 1594 4978670
662 1593 4978673
276 1594 4978676
269 1597 4978679
257 1593 4978682
270 1595 4978685
276 1593 4978688
271 1595 4978691
275 1594 4978694
273 1589 4978697
273 1592 4978700
274 1596 4978703
272 1591 4978706
273 1594 4978709
271 1593 4978712
282 1592 4978715
276 1593 4978718
290 1589 4978721
262 1607 4978724
274 1598 4978727
273 1591 4978730
270 1595 4978733
276 1595 4978736
272 1593 4978739
274 1595 4978742
272 1597 4978745
275 1595 4978748
275 1592 4978751
273 1593 4978754
251 1594 4978757
275 1589 4978760
287 1597 4978763
262 1590 4978766
273 1594 4978769
276 1592 4978772
270 1596 4978775
275 1596 4978778
274 1594 4978781
274 1596 4978784
275 1595 4978787
272 1595 4978790
273 1593 4978793
274 1587 4978796
260 1591 4978799
274 1591 4978802
278 1604 4978805
269 1584 4978808
276 1594 4978811
277 1594 4978814
272 1595 4978817
276 1599 4978820
274 1594 4978823
275 1596 4978826
277 1592 4978829
277 1595 4978832
276 1593 4978835
282 1591 4978838
262 1597 4978841
283 1590 4978844
297 1599 4978847
280 1592 4978850
289 1599 4978853
290 1592 4978856
289 1595 4978859
291 1598 4978862
291 1595 4978865
289 1593 4978868
293 1599 4978871
292 1598 4978874
291 1593 4978877
294 1603 4978880
295 1597 4978883
292 1612 4978886
300 1584 4978889
298 1598 4978892
294 1599 4978895
289 1590 4978898
292 1595 4978901
293 1596 4978904
295 1592 4978907
292 1594 4978910
292 1596 4978913
294 1596 4978916
291 1597 4978919
395 1594 4978922
290 1596 4978925
290 1590 4978928
273 1599 4978931
286 1605 4978934
294 1593 4978937
291 1599 4978940
291 1593 4978943
291 1595 4978946
292 1598 4978949
290 1596 4978952
291 1598 4978955
292 1597 4978958
289 1596 4978961
281 1609 4978964
286 1593 4978967
289 1594 4978970
302 1592 4978973
278 1590 4978976
291 1599 4978979
291 1593 4978982
288 1598 4978985
288 1596 4978988
288 1595 4978991
289 1595 4978994
284 1592 4978997
285 1595 4979001
286 1550 4979004
440 1593 4979007
289 1596 4979010
259 1599 4979013
283 1605 4979016
286 1591 4979019
284 1595 4979022
290 1595 4979025
284 1593 4979028
287 1595 4979031
284 1595 4979033
285 1595 4979036
286 1594 4979039
285 1597 4979042
270 1554 4979045
286 1592 4979048
284 1584 4979051
267 1601 4979054
285 1602 4979057
284 1592 4979060
281 1596 4979063
287 1595 4979066
281 1591 4979069
281 1593 4979072
285 1597 4979075
284 1598 4979078
283 1593 4979081
282 1567 4979084
319 1592 4979087
280 1594 4979090
256 1602 4979093
283 1599 4979096
282 1589 4979099
276 1599 4979102
282 1594 4979105
279 1596 4979108
282 1595 4979111
278 1593 4979114
280 1596 4979117
281 1594 4979120
279 1599 4979123
288 1578 4979126
280 1596 4979129
275 1603 4979132
288 1586 4979135
271 1595 4979138
283 1599 4979141
280 1592 4979144
278 1595 4979147
274 1595 4979150
281 1594 4979153
279 1596 4979156
277 1593 4979159
279 1594 4979162
257 1693 4979165
276 1592 4979168
280 1624 4979171
279 1604 4979174
286 1587 4979177
270 1596 4979180
284 1596 4979183
278 1591 4979186
277 1596 4979189
278 1595 4979192
281 1594 4979195
277 1593 4979198
278 1595 4979201
258 1527 4979204
278 1595 4979207
278 1572 4979210
271 1593 4979213
284 1592 4979216
274 1596 4979219
280 1598 4979222
279 1596 4979225
279 1595 4979228
279 1594 4979231
278 1591 4979234
275 1596 4979237
279 1592 4979240
266 1599 4979243
274 1594 4979246
277 1608 4979249
281 1604 4979252
273 1589 4979255
275 1599 4979258
282 1594 4979261
274 1594 4979264
276 1597 4979267
278 1593 4979270
277 1596 4979273
276 1597 4979276
274 1591 4979279
282 1597 4979282
276 1594 4979285
275 1602 4979288
287 1588 4979291
271 1597 4979294
277 1597 4979297
275 1592 4979300
275 1595 4979303
276 1594 4979306
275 1594 4979309
274 1594 4979312
276 1593 4979315
277 1697 4979318
272 1595 4979321
277 1595 4979324
293 1583 4979327
265 1599 4979330
275 1598 4979333
275 1590 4979336
276 1598 4979339
279 1594 4979342
273 1592 4979345
276 1598 4979348
274 1592 4979351
273 1596 4979354
277 1580 4979357
258 1593 4979360
274 1596 4979363
302 1589 4979366
282 1595 4979369
270 1592 4979372
277 1599 4979375
276 1592 4979378
273 1594 4979381
279 1596 4979384
275 1597 4979387
276 1595 4979390
276 1593 4979393
289 1593 4979396
277 1590 4979399
275 1607 4979402
281 1583 4979405
274 1594 4979408
276 1602 4979411
273 1590 4979414
272 1597 4979417
275 1595 4979420
273 1590 4979423
274 1593 4979426
275 1595 4979429
274 1593 4979432
256 1648 4979435
277 1594 4979438
273 1618 4979441
267 1593 4979444
281 1589 4979447
269 1595 4979450
277 1600 4979453
273 1592 4979456
275 1595 4979459
275 1592 4979462
273 1590 4979465
275 1593 4979468
275 1519 4979471
274 1593 4979474
272 1593 4979477
278 1606 4979480
269 1591 4979483
276 1595 4979486
281 1593 4979489
272 1593 4979492
277 1596 4979495
274 1594 4979498
273 1595 4979501
273 1596 4979504
277 1596 4979507
274 1575 4979510
214 1596 4979513
274 1599 4979516
251 1606 4979519
273 1596 4979522
279 1589 4979525
273 1598 4979528
273 1593 4979531
272 1593 4979534
274 1600 4979537
276 1597 4979540
271 1593 4979543
273 1597 4979546
275 1590 4979549
302 1590 4979552
274 1596 4979555
288 1575 4979558
284 1582 4979561
265 1597 4979564
275 1596 4979567
274 1593 4979570
274 1593 4979573
272 1593 4979576
274 1595 4979579
275 1594 4979582
273 1595 4979585
273 1605 4979588
285 1589 4979591
275 1603 4979594
305 1592 4979597
260 1583 4979600
276 1602 4979603
279 1591 4979606
268 1592 4979609
277 1596 4979612
277 1593 4979615
275 1596 4979618
276 1599 4979621
275 1593 4979624
274 1606 4979627
294 1586 4979630
277 1594 4979633
313 1614 4979636
263 1577 4979639
268 1607 4979642
282 1594 4979645
272 1593 4979648
276 1597 4979651
274 1595 4979654
276 1593 4979657
274 1595 4979660
273 1596 4979663
273 1562 4979666
324 1599 4979669
271 1597 4979672
237 1604 4979675
301 1603 4979678
267 1583 4979681
271 1605 4979684
280 1595 4979687
272 1590 4979690
273 1599 4979693
274 1592 4979696
272 1593 4979699
276 1593 4979702
274 1801 4979705
269 1570 4979708
282 1590 4979711
297 1579 4979714
246 1592 4979717
286 1604 4979720
274 1587 4979723
268 1596 4979726
274 1593 4979729
270 1590 4979732
272 1593 4979735
274 1598 4979738
274 1595 4979741
276 1595 4979744
248 1526 4979747
279 1594 4979750
274 1558 4979753
281 1617 4979756
284 1587 4979759
262 1592 4979762
275 1596 4979765
274 1594 4979768
274 1596 4979771
274 1594 4979774
276 1595 4979777
274 1598 4979780
273 1596 4979783
275 1593 4979786
320 1586 4979789
273 1594 4979792
306 1617 4979795
266 1574 4979798
267 1601 4979801
282 1598 4979804
270 1591 4979807
275 1601 4979810
276 1597 4979813
274 1597 4979816
272 1597 4979819
273 1594 4979822
272 1596 4979825
284 1612 4979828
264 1593 4979831
279 1639 4979834
279 1575 4979837
259 1595 4979840
282 1601 4979843
271 1589 4979846
272 1597 4979849
271 1597 4979852
274 1596 4979855
275 1596 4979858
273 1593 4979861
272 1592 4979864
274 1593 4979867
319 1584 4979870
271 1599 4979873
307 1620 4979876
270 1576 4979879
267 1602 4979882
280 1594 4979885
268 1581 4979888
275 1596 4979891
272 1595 4979894
270 1594 4979897
269 1595 4979900
278 1594 4979903
272 1595 4979906
245 1673 4979909
278 1588 4979912
274 1577 4979915
298 1616 4979918
273 1581 4979921
266 1598 4979924
277 1595 4979927
269 1593 4979930
276 1598 4979933
275 1596 4979936
271 1593 4979939
275 1596 4979942
275 1596 4979945
274 1546 4979948
224 1602 4979951
277 1592 4979954
240 1567 4979957
282 1612 4979960
279 1588 4979963
267 1593 4979966
279 1598 4979969
275 1593 4979972
273 1596 4979975
276 1593 4979978
273 1594 4979981
274 1594 4979984
274 1594 4979987
272 1591 4979990
250 1599 4979993
271 1613 4979996
255 1568 4980000
272 1607 4980003
286 1594 4980006
269 1591 4980009
275 1597 4980012
271 1593 4980015
274 1597 4980018
274 1597 4980021
273 1592 4980024
275 1592 4980027
273 1591 4980030
284 1599 4980032
264 1599 4980035
280 1637 4980038
274 1574 4980041
265 1596 4980044
282 1598 4980047
269 1591 4980050
273 1594 4980053
275 1592 4980056
272 1594 4980059
274 1594 4980062
275 1596 4980065
273 1597 4980068
277 1608 4980071
291 1586 4980074
275 1606 4980077
310 1587 4980080
255 1585 4980083
281 1603 4980086
273 1591 4980089
273 1596 4980092
276 1595 4980095
274 1596 4980098
272 1595 4980101
274 1592 4980104
272 1596 4980107
271 1593 4980110
286 1602 4980113
273 1596 4980116
298 1620 4980119
251 1573 4980122
273 1604 4980125
282 1594 4980128
269 1594 4980131
274 1596 4980134
274 1592 4980137
273 1598 4980140
276 1594 4980143
272 1592 4980146
274 1594 4980149
437 1586 4980152
251 1600 4980155
272 1607 4980158
248 1571 4980161
278 1610 4980164
281 1592 4980167
267 1591 4980170
276 1596 4980173
271 1591 4980176
275 1593 4980179
275 1596 4980182
273 1596 4980185
272 1595 4980188
276 1528 4980191
175 1606 4980194
268 1595 4980197
231 1583 4980200
295 1611 4980203
272 1586 4980206
267 1595 4980209
276 1593 4980212
273 1593 4980215
273 1597 4980218
272 1595 4980221
272 1596 4980224
281 1596 4980227
274 1596 4980230
281 1622 4980233
268 1594 4980236
275 1636 4980239
286 1577 4980242
259 1592 4980245
280 1599 4980248
273 1591 4980251
270 1595 4980254
276 1596 4980257
275 1595 4980260
275 1596 4980263
274 1595 4980266
274 1593 4980269
221 1590 4980272
277 1597 4980275
270 1568 4980278
239 1593 4980281
289 1607 4980284
270 1585 4980287
270 1598 4980290
279 1596 4980293
272 1594 4980296
272 1595 4980299
273 1592 4980302
274 1593 4980305
273 1595 4980308
274 1609 4980311
284 1590 4980314
278 1607 4980317
312 1590 4980320
255 1585 4980323
280 1605 4980326
278 1594 4980329
271 1594 4980332
274 1595 4980335
273 1593 4980338
275 1595 4980341
273 1592 4980344
275 1595 4980347
274 1580 4980350
339 1594 4980353
269 1598 4980356
253 1619 4980359
296 1596 4980362
262 1588 4980365
276 1600 4980368
275 1593 4980371
273 1592 4980374
273 1594 4980377
273 1595 4980380
271 1593 4980383
273 1594 4980386
276 1550 4980389
208 1610 4980392
268 1597 4980395
231 1579 4980398
293 1610 4980401
275 1587 4980404
267 1593 4980407
275 1596 4980410
272 1593 4980413
275 1597 4980416
274 1595 4980419
271 1595 4980422
275 1596 4980425
274 1567 4980428
151 1605 4980431
265 1594 4980434
228 1583 4980437
295 1607 4980440
271 1586 4980443
268 1596 4980446
278 1594 4980449
272 1594 4980452
274 1596 4980455
275 1594 4980458
272 1597 4980461
272 1596 4980464
274 1572 4980467
289 1594 4980470
268 1598 4980473
242 1613 4980476
297 1597 4980479
267 1585 4980482
271 1598 4980485
277 1592 4980488
275 1595 4980491
274 1596 4980494
273 1598 4980497
274 1594 4980500
275 1592 4980503
271 1578 4980506
300 1583 4980509
274 1596 4980512
259 1627 4980515
292 1588 4980518
261 1586 4980521
279 1602 4980524
275 1593 4980527
272 1594 4980530
275 1592 4980533
273 1595 4980536
272 1595 4980539
274 1593 4980542
275 1604 4980545
315 1587 4980548
271 1592 4980551
307 1619 4980554
267 1577 4980557
265 1600 4980560
278 1593 4980563
270 1590 4980566
274 1595 4980569
271 1592 4980572
273 1592 4980575
274 1595 4980578
276 1599 4980581
271 1600 4980584
271 1595 4980587
275 1620 4980590
300 1575 4980593
254 1591 4980596
283 1598 4980599
273 1594 4980602
272 1596 4980605
276 1594 4980608
274 1594 4980611
275 1597 4980614
270 1593 4980617
275 1595 4980620
293 1593 4980623
264 1604 4980626
270 1599 4980629
242 1576 4980632
281 1609 4980635
278 1589 4980638
267 1594 4980641
273 1600 4980644
274 1594 4980647
273 1595 4980650
276 1596 4980653
275 1596 4980656
274 1596 4980659
246 1475 4980662
284 1587 4980665
274 1552 4980668
263 1612 4980671
289 1592 4980674
266 1589 4980677
275 1598 4980680
273 1591 4980683
271 1597 4980686
276 1595 4980689
272 1595 4980692
272 1592 4980695
272 1593 4980698
251 1628 4980701
264 1591 4980704
275 1579 4980707
302 1616 4980710
272 1582 4980713
264 1595 4980716
280 1595 4980719
272 1592 4980722
274 1598 4980725
277 1596 4980728
272 1594 4980731
273 1594 4980734
271 1593 4980737
265 1694 4980740
265 1595 4980743
275 1600 4980746
305 1609 4980749
265 1585 4980752
272 1600 4980755
279 1595 4980758
271 1594 4980761
272 1596 4980764
272 1593 4980767
275 1595 4980770
274 1599 4980773
275 1598 4980776
274 1621 4980779
263 1593 4980782
273 1619 4980785
307 1597 4980788
260 1584 4980791
274 1600 4980794
274 1589 4980797
272 1594 4980800
274 1597 4980803
274 1594 4980806
274 1596 4980809
274 1594 4980812
273 1593 4980815
264 1669 4980818
267 1595 4980821
274 1604 4980824
305 1604 4980827
263 1581 4980830
271 1601 4980833
277 1592 4980836
270 1594 4980839
275 1596 4980842
275 1595 4980845
270 1592 4980848
271 1593 4980851
272 1594 4980854
244 1564 4980857
278 1590 4980860
275 1554 4980863
280 1618 4980866
283 1590 4980869
263 1590 4980872
278 1600 4980875
275 1593 4980878
269 1593 4980881
273 1594 4980884
274 1594 4980887
274 1585 4980890
273 1596 4980893
273 1615 4980896
280 1596 4980899
269 1565 4980902
239 1597 4980905
291 1605 4980908
269 1591 4980911
266 1596 4980914
277 1594 4980917
274 1594 4980920
274 1599 4980923
272 1593 4980926
274 1593 4980929
274 1600 4980932
271 1589 4980935
251 1599 4980938
271 1622 4980941
268 1565 4980944
261 1602 4980947
285 1596 4980950
268 1588 4980953
274 1599 4980956
274 1593 4980959
271 1591 4980962
274 1596 4980965
274 1594 4980968
274 1592 4980971
275 1580 4980974
378 1586 4980977
270 1593 4980980
285 1628 4980983
281 1579 4980986
262 1596 4980989
280 1599 4980992
273 1594 4980995
273 1597 4980998
274 1592 4981002
272 1597 4981005
275 1592 4981008
275 1595 4981011
273 1717 4981014
266 1572 4981017
282 1591 4981020
293 1571 4981023
248 1593 4981026
289 1604 4981029
273 1588 4981032
270 1596 4981034
276 1596 4981037
274 1594 4981040
272 1595 4981043
272 1595 4981046
272 1597 4981049
275 1599 4981052
261 1653 4981055
266 1591 4981058
276 1589 4981061
302 1609 4981064
266 1580 4981067
266 1599 4981070
280 1597 4981073
272 1594 4981076
275 1593 4981079
274 1594 4981082
272 1595 4981085
273 1593 4981088
272 1593 4981091
275 1603 4981094
273 1595 4981097
272 1616 4981100
269 1587 4981103
271 1593 4981106
272 1596 4981109
273 1593 4981112
273 1594 4981115
274 1595 4981118
272 1592 4981121
272 1593 4981124
274 1596 4981127
273 1595 4981130
269 1581 4981133
0 1600 4981136
272 1593 4981139
247 1595 4981142
273 1590 4981145
275 1597 4981148
274 1596 4981151
273 1595 4981154
272 1596 4981157
275 1595 4981160
274 1593 4981163
272 1592 4981166
273 1595 4981169
276 1596 4981172
260 1667 4981175
269 1594 4981178
271 1594 4981181
271 1593 4981184
275 1594 4981187
272 1593 4981190
274 1594 4981193
274 1597 4981196
272 1592 4981199
274 1595 4981202
277 1594 4981205
273 1595 4981208
272 1595 4981211
275 1598 4981214
271 1593 4981217
273 1593 4981220
274 1594 4981223
276 1592 4981226
268 1594 4981229
273 1592 4981232
273 1593 4981235
275 1593 4981238
273 1594 4981241
273 1596 4981244
275 1596 4981247
274 1592 4981250
271 1589 4981253
296 1591 4981256
273 1593 4981259
277 1593 4981262
269 1593 4981265
275 1594 4981268
275 1593 4981271
273 1596 4981274
273 1595 4981277
273 1594 4981280
273 1594 4981283
274 1594 4981286
273 1592 4981289
276 1595 4981292
267 1684 4981295
272 1594 4981298
273 1591 4981301
272 1593 4981304
274 1594 4981307
275 1597 4981310
276 1592 4981313
276 1594 4981316
274 1593 4981319
273 1593 4981322
274 1595 4981325
275 1594 4981328
272 1592 4981331
260 1569 4981334
273 1594 4981337
272 1597 4981340
270 1593 4981343
273 1593 4981346
274 1595 4981349
273 1593 4981352
272 1594 4981355
273 1594 4981358
274 1595 4981361
272 1593 4981364
271 1594 4981367
275 1592 4981370
300 1592 4981373
274 1594 4981376
274 1597 4981379
276 1595 4981382
273 1595 4981385
273 1594 4981388
273 1595 4981391
268 1594 4981394
268 1594 4981397
272 1594 4981400
273 1595 4981403
275 1598 4981406
273 1594 4981409
275 1594 4981412
273 1595 4981415
271 1593 4981418
276 1595 4981421
272 1596 4981424
272 1595 4981427
272 1594 4981430
274 1594 4981433
275 1594 4981436
274 1597 4981439
274 1595 4981442
273 1594 4981445
273 1597 4981448
272 1588 4981451
236 1593 4981454
274 1593 4981457
273 1597 4981460
273 1594 4981463
273 1594 4981466
272 1593 4981469
272 1595 4981472
271 1595 4981475
275 1596 4981478
271 1594 4981481
272 1593 4981484
270 1592 4981487
273 1655 4981490
272 1592 4981493
271 1592 4981496
277 1596 4981499
271 1593 4981502
274 1596 4981505
273 1595 4981508
274 1595 4981511
269 1594 4981514
273 1593 4981517
272 1596 4981520
274 1595 4981523
273 1597 4981526
271 1590 4981529
269 1578 4981532
280 1595 4981535
269 1595 4981538
276 1595 4981541
272 1589 4981544
271 1594 4981547
274 1590 4981550
273 1592 4981553
277 1594 4981556
273 1594 4981559
271 1592 4981562
273 1596 4981565
276 1593 4981568
6 1594 4981571
279 1595 4981574
275 1597 4981577
278 1593 4981580
272 1591 4981583
274 1594 4981586
276 1594 4981589
274 1593 4981592
272 1593 4981595
275 1597 4981598
275 1592 4981601
275 1595 4981604
275 1596 4981607
274 1594 4981610
276 1588 4981613
277 1594 4981616
276 1595 4981619
272 1593 4981622
276 1595 4981625
271 1595 4981628
272 1593 4981631
273 1594 4981634
273 1595 4981637
274 1594 4981640
275 1593 4981643
274 1593 4981646
272 1594 4981649
271 1591 4981652
273 1592 4981655
274 1596 4981658
274 1598 4981661
273 1592 4981664
273 1595 4981667
274 1597 4981670
273 1595 4981673
274 1591 4981676
275 1593 4981679
272 1592 4981682
274 1594 4981685
274 1593 4981688
274 1595 4981691
263 1778 4981694
271 1594 4981697
275 1595 4981700
273 1594 4981703
274 1596 4981706
275 1593 4981709
272 1597 4981712
273 1594 4981715
273 1591 4981718
274 1594 4981721
274 1595 4981724
274 1595 4981727
272 1596 4981730
276 1600 4981733
225 1575 4981736
271 1593 4981739
274 1593 4981742
270 1592 4981745
272 1594 4981748
274 1594 4981751
274 1591 4981754
273 1596 4981757
273 1593 4981760
273 1596 4981763
276 1596 4981766
273 1596 4981769
273 1594 4981772
274 1593 4981775
273 1599 4981778
265 1594 4981781
270 1592 4981784
275 1595 4981787
273 1594 4981790
272 1593 4981793
274 1594 4981796
274 1596 4981799
271 1594 4981802
274 1592 4981805
276 1596 4981808
273 1595 4981811
271 1595 4981814
273 1593 4981817
273 1596 4981820
273 1588 4981823
273 1593 4981826
277 1594 4981829
273 1595 4981832
274 1598 4981835
274 1595 4981838
274 1594 4981841
273 1595 4981844
272 1595 4981847
272 1593 4981850
274 1598 4981853
276 1597 4981856
273 1595 4981859
272 1595 4981862
274 1595 4981865
224 1593 4981868
274 1586 4981871
276 1595 4981874
273 1594 4981877
273 1593 4981880
279 1594 4981883
274 1597 4981886
275 1595 4981889
271 1589 4981892
274 1594 4981895
275 1595 4981898
273 1597 4981901
274 1594 4981904
274 1594 4981907
283 1593 4981910
272 1590 4981913
272 1595 4981916
273 1593 4981919
273 1594 4981922
273 1594 4981925
274 1596 4981928
274 1594 4981931
274 1592 4981934
274 1596 4981937
274 1594 4981940
272 1592 4981943
273 1591 4981946
273 1595 4981949
274 1595 4981952
373 2114 4981955
273 1594 4981958
274 1592 4981961
273 1593 4981964
276 1596 4981967
272 1595 4981970
274 1594 4981973
273 1593 4981976
274 1595 4981979
273 1596 4981982
275 1594 4981985
274 1595 4981988
273 1595 4981991
277 1596 4981994
276 1597 4981997
593 1595 4982001
271 1596 4982004
274 1592 4982007
269 1590 4982010
274 1592 4982013
275 1597 4982016
272 1597 4982019
274 1596 4982022
276 1592 4982025
277 1593 4982028
273 1594 4982031
275 1594 4982034
274 1594 4982037
271 1593 4982039
273 1594 4982042
275 1596 4982045
272 1591 4982048
274 1596 4982051
273 1595 4982054
276 1598 4982057
273 1589 4982060
272 1591 4982063
275 1595 4982066
274 1592 4982069
275 1593 4982072
274 1593 4982075
272 1594 4982078
273 1595 4982081
273 1594 4982084
275 1594 4982087
274 1599 4982090
275 1592 4982093
276 1596 4982096
278 1596 4982099
273 1592 4982102
271 1594 4982105
275 1595 4982108
275 1597 4982111
275 1596 4982114
272 1596 4982117
274 1597 4982120
275 1595 4982123
272 1593 4982126
276 1594 4982129
273 1595 4982132
275 1615 4982135
257 1592 4982138
275 1590 4982141
277 1600 4982144
273 1595 4982147
272 1595 4982150
274 1593 4982153
273 1595 4982156
271 1594 4982159
273 1595 4982162
273 1599 4982165
274 1596 4982168
273 1593 4982171
273 1596 4982174
276 1594 4982177
273 1567 4982180
352 1597 4982183
275 1591 4982186
274 1597 4982189
275 1593 4982192
272 1591 4982195
275 1592 4982198
274 1594 4982201
269 1591 4982204
271 1593 4982207
267 1594 4982210
273 1596 4982213
273 1596 4982216
275 1595 4982219
273 1595 4982222
272 1603 4982225
284 1592 4982228
275 1591 4982231
274 1597 4982234
273 1593 4982237
274 1597 4982240
273 1594 4982243
274 1596 4982246
274 1597 4982249
274 1594 4982252
276 1595 4982255
274 1592 4982258
272 1593 4982261
274 1595 4982264
273 1595 4982267
272 1587 4982270
255 1593 4982273
275 1594 4982276
276 1600 4982279
276 1595 4982282
274 1594 4982285
275 1594 4982288
274 1593 4982291
275 1593 4982294
273 1593 4982297
274 1595 4982300
272 1593 4982303
273 1593 4982306
274 1592 4982309
273 1596 4982312
271 1593 4982315
283 1590 4982318
273 1597 4982321
275 1591 4982324
270 1590 4982327
276 1591 4982330
274 1592 4982333
273 1594 4982336
271 1592 4982339
274 1594 4982342
275 1597 4982345
274 1594 4982348
275 1593 4982351
275 1594 4982354
274 1593 4982357
336 1664 4982360
275 1595 4982363
274 1595 4982366
271 1595 4982369
278 1593 4982372
275 1594 4982375
275 1597 4982378
275 1594 4982381
277 1594 4982384
276 1596 4982387
276 1591 4982390
274 1593 4982393
276 1594 4982396
277 1596 4982399
275 1592 4982402
276 1587 4982405
276 1594 4982408
279 1597 4982411
275 1594 4982414
275 1594 4982417
274 1594 4982420
276 1594 4982423
275 1595 4982426
277 1596 4982429
277 1595 4982432
274 1593 4982435
276 1596 4982438
277 1595 4982441
273 1594 4982444
273 1576 4982447
294 1595 4982450
277 1591 4982453
272 1594 4982456
276 1591 4982459
274 1596 4982462
277 1595 4982465
274 1592 4982468
275 1596 4982471
277 1595 4982474
273 1595 4982477
276 1595 4982480
277 1594 4982483
275 1596 4982486
275 1594 4982489
272 1589 4982492
276 1596 4982495
276 1590 4982498
273 1594 4982501
280 1597 4982504
277 1593 4982507
273 1595 4982510
276 1597 4982513
276 1593 4982516
274 1593 4982519
276 1593 4982522
275 1596 4982525
275 1597 4982528
276 1596 4982531
274 1529 4982534
0 1599 4982537
278 1596 4982540
274 1595 4982543
277 1600 4982546
277 1593 4982549
276 1594 4982552
276 1591 4982555
273 1591 4982558
276 1596 4982561
277 1594 4982564
276 1595 4982567
277 1594 4982570
276 1593 4982573
274 1594 4982576
305 1196 4982579
276 1592 4982582
273 1591 4982585
273 1593 4982588
276 1594 4982591
275 1593 4982594
276 1594 4982597
273 1595 4982600
276 1594 4982603
276 1593 4982606
275 1595 4982609
276 1594 4982612
276 1592 4982615
276 1594 4982618
275 1586 4982621
318 1594 4982624
277 1595 4982627
274 1592 4982630
276 1595 4982633
275 1595 4982636
277 1592 4982639
278 1595 4982642
275 1594 4982645
276 1594 4982648
277 1592 4982651
275 1593 4982654
276 1594 4982657
277 1595 4982660
279 1593 4982663
261 1553 4982666
275 1594 4982669
277 1590 4982672
277 1596 4982675
277 1595 4982678
278 1593 4982681
275 1594 4982684
277 1593 4982687
275 1593 4982690
277 1592 4982693
276 1595 4982696
272 1592 4982699
275 1594 4982702
278 1592 4982705
276 1396 4982708
276 1594 4982711
276 1591 4982714
276 1591 4982717
272 1593 4982720
276 1592 4982723
278 1594 4982726
276 1594 4982729
275 1593 4982732
276 1593 4982735
275 1593 4982738
276 1595 4982741
275 1593 4982744
276 1590 4982747
274 1595 4982750
274 1601 4982753
278 1587 4982756
276 1597 4982759
280 1599 4982762
273 1590 4982765
277 1593 4982768
278 1594 4982771
276 1595 4982774
275 1597 4982777
279 1593 4982780
276 1596 4982783
276 1593 4982786
275 1592 4982789
277 1595 4982792
277 1596 4982795
275 1448 4982798
274 1596 4982801
279 1591 4982804
275 1595 4982807
278 1592 4982810
276 1593 4982813
276 1596 4982816
275 1594 4982819
276 1594 4982822
278 1596 4982825
277 1595 4982828
274 1589 4982831
276 1595 4982834
277 1595 4982837
274 1214 4982840
276 1594 4982843
275 1592 4982846
277 1595 4982849
271 1591 4982852
274 1596 4982855
278 1595 4982858
274 1595 4982861
277 1593 4982864
276 1595 4982867
277 1595 4982870
273 1595 4982873
276 1593 4982876
275 1595 4982879
274 1596 4982882
276 1585 4982885
313 1594 4982888
274 1592 4982891
277 1596 4982894
275 1594 4982897
276 1595 4982900
277 1595 4982903
275 1594 4982906
275 1595 4982909
275 1596 4982912
276 1594 4982915
274 1593 4982918
276 1595 4982921
275 1595 4982924
277 1595 4982927
63 1593 4982930
278 1598 4982933
278 1594 4982936
275 1595 4982939
275 1597 4982942
276 1594 4982945
275 1594 4982948
276 1596 4982951
276 1595 4982954
276 1593 4982957
276 1594 4982960
274 1596 4982963
277 1594 4982966
277 1595 4982969
275 1596 4982972
264 1738 4982975
278 1591 4982978
275 1590 4982981
277 1597 4982984
276 1592 4982987
275 1594 4982990
278 1594 4982993
274 1590 4982996
277 1595 4983000
274 1594 4983003
277 1594 4983006
277 1593 4983009
275 1593 4983012
274 1595 4983015
277 1596 4983018
268 1616 4983021
276 1590 4983024
276 1594 4983027
282 1592 4983030
274 1595 4983032
275 1595 4983035
277 1594 4983038
278 1594 4983041
277 1594 4983044
276 1593 4983047
276 1596 4983050
278 1595 4983053
277 1596 4983056
276 1596 4983059
276 1593 4983062
275 1584 4983065
276 1594 4983068
281 1595 4983071
275 1594 4983074
273 1594 4983077
277 1593 4983080
276 1595 4983083
277 1594 4983086
276 1594 4983089
278 1597 4983092
280 1597 4983095
276 1593 4983098
277 1595 4983101
277 1594 4983104
275 1597 4983107
275 1602 4983110
274 1594 4983113
279 1597 4983116
276 1590 4983119
275 1593 4983122
277 1594 4983125
275 1594 4983128
275 1595 4983131
275 1593 4983134
275 1594 4983137
275 1590 4983140
274 1594 4983143
276 1594 4983146
275 1594 4983149
279 1594 4983152
271 1597 4983155
276 1594 4983158
280 1593 4983161
273 1593 4983164
275 1596 4983167
275 1594 4983170
276 1595 4983173
274 1596 4983176
274 1597 4983179
277 1596 4983182
276 1593 4983185
272 1594 4983188
275 1593 4983191
276 1594 4983194
276 1596 4983197
274 1587 4983200
277 1592 4983203
278 1595 4983206
274 1595 4983209
271 1597 4983212
278 1597 4983215
276 1593 4983218
276 1587 4983221
275 1593 4983224
278 1595 4983227
275 1594 4983230
276 1597 4983233
277 1594 4983236
274 1595 4983239
276 1595 4983242
282 1596 4983245
275 1594 4983248
279 1595 4983251
275 1591 4983254
274 1593 4983257
277 1592 4983260
274 1594 4983263
274 1595 4983266
276 1591 4983269
277 1594 4983272
274 1594 4983275
275 1593 4983278
276 1592 4983281
277 1592 4983284
273 1593 4983287
264 1634 4983290
278 1594 4983293
271 1598 4983296
277 1596 4983299
274 1592 4983302
276 1597 4983305
276 1592 4983308
275 1592 4983311
276 1594 4983314
278 1596 4983317
275 1595 4983320
278 1594 4983323
278 1594 4983326
275 1594 4983329
277 1596 4983332
268 1961 4983335
278 1596 4983338
275 1592 4983341
274 1593 4983344
279 1595 4983347
275 1591 4983350
275 1593 4983353
277 1594 4983356
276 1594 4983359
276 1597 4983362
278 1593 4983365
277 1594 4983368
279 1595 4983371
276 1595 4983374
274 1594 4983377
0 1597 4983380
278 1595 4983383
273 1593 4983386
274 1589 4983389
277 1594 4983392
278 1595 4983395
277 1594 4983398
279 1591 4983401
278 1594 4983404
275 1593 4983407
274 1594 4983410
277 1593 4983413
278 1594 4983416
275 1593 4983419
277 1592 4983422
278 1602 4983425
281 1595 4983428
277 1600 4983431
278 1594 4983434
275 1595 4983437
277 1593 4983440
275 1594 4983443
277 1596 4983446
277 1596 4983449
274 1594 4983452
275 1593 4983455
276 1594 4983458
276 1595 4983461
276 1596 4983464
276 1596 4983467
276 1601 4983470
304 1590 4983473
276 1587 4983476
273 1597 4983479
279 1595 4983482
276 1593 4983485
275 1597 4983488
278 1596 4983491
275 1591 4983494
276 1594 4983497
276 1595 4983500
275 1594 4983503
276 1593 4983506
276 1594 4983509
277 1595 4983512
277 1539 4983515
0 1593 4983518
277 1595 4983521
273 1592 4983524
276 1600 4983527
278 1596 4983530
276 1593 4983533
277 1594 4983536
273 1590 4983539
275 1594 4983542
275 1595 4983545
275 1598 4983548
273 1593 4983551
275 1596 4983554
275 1594 4983557
277 1594 4983560
280 1595 4983563
276 1594 4983566
278 1593 4983569
271 1594 4983572
275 1594 4983575
277 1595 4983578
275 1593 4983581
273 1594 4983584
275 1595 4983587
277 1595 4983590
285 1597 4983593
292 1598 4983596
294 1596 4983599
289 1607 4983602
277 1665 4983605
258 1775 4983608
240 1886 4983611
230 2008 4983614
220 2119 4983617
229 2235 4983620
239 2334 4983623
251 2394 4983626
256 2404 4983629
254 2394 4983632
248 2390 4983635
249 2389 4983638
248 2391 4983641
248 2391 4983644
250 2394 4983647
246 2394 4983650
237 2406 4983653
247 2394 4983656
249 2400 4983659
249 2394 4983662
244 2391 4983665
249 2396 4983668
250 2395 4983671
250 2393 4983674
251 2394 4983677
250 2395 4983680
249 2394 4983683
251 2391 4983686
250 2393 4983689
251 2397 4983692
252 2396 4983695
252 2368 4983698
251 2395 4983701
250 2395 4983704
252 2389 4983707
250 2394 4983710
252 2399 4983713
250 2393 4983716
250 2394 4983719
253 2397 4983722
251 2396 4983725
251 2391 4983728
253 2394 4983731
250 2395 4983734
251 2389 4983737
250 2394 4983740
260 2386 4983743
251 2394 4983746
250 2392 4983749
252 2392 4983752
251 2395 4983755
253 2396 4983758
252 2394 4983761
251 2394 4983764
253 2395 4983767
249 2392 4983770
250 2393 4983773
251 2394 4983776
252 2395 4983779
249 2394 4983782
251 2395 4983785
249 2402 4983788
247 2396 4983791
256 2398 4983794
249 2391 4983797
250 2395 4983800
250 2393 4983803
247 2395 4983806
251 2395 4983809
253 2393 4983812
252 2390 4983815
255 2393 4983818
257 2393 4983821
255 2394 4983824
259 2387 4983827
261 2391 4983830
259 2398 4983833
264 2388 4983836
268 2387 4983839
264 2389 4983842
267 2389 4983845
266 2382 4983848
267 2390 4983851
271 2387 4983854
270 2389 4983857
270 2390 4983860
269 2388 4983863
274 2389 4983866
271 2384 4983869
269 2388 4983872
271 2233 4983875
273 2382 4983878
270 2389 4983881
272 2387 4983884
269 2390 4983887
272 2388 4983890
268 2387 4983893
270 2388 4983896
269 2389 4983899
270 2387 4983902
269 2389 4983905
270 2389 4983908
271 2386 4983911
269 2389 4983914
270 2389 4983917
272 2411 4983920
513 2388 4983923
269 2390 4983926
265 2387 4983929
269 2389 4983932
266 2387 4983935
266 2390 4983938
267 2388 4983941
267 2390 4983944
265 2389 4983947
267 2388 4983950
267 2387 4983953
265 2388 4983956
266 2390 4983959
266 2389 4983962
266 2393 4983965
221 2390 4983968
266 2386 4983971
265 2390 4983974
266 2390 4983977
261 2391 4983980
266 2389 4983983
265 2389 4983986
263 2389 4983989
265 2391 4983992
264 2386 4983995
265 2391 4983998
263 2388 4984002
262 2391 4984005
262 2387 4984008
264 2391 4984011
265 2391 4984014
263 2394 4984017
264 2387 4984020
262 2393 4984023
262 2394 4984026
263 2390 4984029
261 2392 4984032
261 2393 4984034
261 2390 4984037
261 2390 4984040
262 2392 4984043
261 2392 4984046
259 2392 4984049
261 2394 4984052
339 2727 4984055
260 2387 4984058
258 2386 4984061
257 2393 4984064
260 2392 4984067
260 2390 4984070
260 2391 4984073
257 2395 4984076
259 2391 4984079
258 2390 4984082
258 2393 4984085
257 2391 4984088
256 2391 4984091
258 2393 4984094
258 2392 4984097
253 2434 4984100
260 2390 4984103
256 2395 4984106
260 2394 4984109
257 2389 4984112
258 2391 4984115
257 2392 4984118
255 2388 4984121
256 2390 4984124
257 2391 4984127
256 2395 4984130
255 2389 4984133
257 2391 4984136
258 2394 4984139
256 2248 4984142
256 2386 4984145
257 2392 4984148
255 2389 4984151
253 2392 4984154
258 2394 4984157
256 2394 4984160
255 2392 4984163
255 2391 4984166
255 2393 4984169
255 2393 4984172
254 2394 4984175
256 2390 4984178
255 2394 4984181
255 2392 4984184
255 2385 4984187
294 2389 4984190
257 2391 4984193
258 2397 4984196
253 2390 4984199
254 2385 4984202
255 2394 4984205
252 2395 4984208
253 2393 4984211
249 2391 4984214
254 2395 4984217
255 2392 4984220
252 2392 4984223
254 2394 4984226
255 2395 4984229
290 2390 4984232
249 2394 4984235
255 2395 4984238
251 2394 4984241
255 2395 4984244
252 2390 4984247
252 2395 4984250
254 2391 4984253
251 2391 4984256
252 2396 4984259
255 2392 4984262
253 2392 4984265
254 2393 4984268
255 2396 4984271
254 2394 4984274
248 2439 4984277
252 2394 4984280
253 2396 4984283
253 2392 4984286
248 2391 4984289
254 2395 4984292
254 2393 4984295
252 2395 4984298
254 2396 4984301
251 2395 4984304
251 2394 4984307
248 2393 4984310
251 2394 4984313
252 2395 4984316
251 2458 4984319
249 2396 4984322
254 2395 4984325
253 2393 4984328
249 2392 4984331
253 2396 4984334
253 2392 4984337
251 2395 4984340
252 2394 4984343
252 2392 4984346
252 2395 4984349
249 2391 4984352
251 2394 4984355
250 2394 4984358
254 2394 4984361
250 2366 4984364
148 2394 4984367
252 2392 4984370
251 2394 4984373
254 2397 4984376
252 2395 4984379
250 2395 4984382
249 2392 4984385
253 2393 4984388
251 2397 4984391
254 2394 4984394
250 2395 4984397
253 2395 4984400
252 2395 4984403
252 2396 4984406
250 2395 4984409
241 2395 4984412
249 2395 4984415
254 2393 4984418
250 2394 4984421
252 2395 4984424
254 2395 4984427
251 2393 4984430
253 2394 4984433
253 2393 4984436
250 2395 4984439
250 2393 4984442
253 2392 4984445
253 2394 4984448
250 2393 4984451
60 2391 4984454
248 2392 4984457
255 2394 4984460
249 2392 4984463
250 2394 4984466
253 2395 4984469
251 2395 4984472
252 2394 4984475
251 2389 4984478
251 2393 4984481
251 2395 4984484
253 2393 4984487
251 2393 4984490
251 2396 4984493
251 2396 4984496
251 2470 4984499
250 2392 4984502
252 2390 4984505
250 2396 4984508
254 2391 4984511
250 2396 4984514
252 2396 4984517
249 2392 4984520
251 2395 4984523
251 2395 4984526
251 2396 4984529
252 2393 4984532
248 2395 4984535
252 2394 4984538
251 2393 4984541
255 2343 4984544
252 2397 4984547
250 2395 4984550
253 2395 4984553
248 2394 4984556
250 2396 4984559
251 2394 4984562
253 2395 4984565
249 2394 4984568
252 2397 4984571
249 2391 4984574
250 2391 4984577
251 2397 4984580
250 2394 4984583
250 2395 4984586
259 2387 4984589
250 2394 4984592
252 2398 4984595
252 2392 4984598
249 2395 4984601
251 2396 4984604
250 2393 4984607
250 2395 4984610
250 2396 4984613
247 2395 4984616
251 2396 4984619
250 2394 4984622
251 2395 4984625
249 2396 4984628
251 2396 4984631
244 2400 4984634
250 2394 4984637
252 2392 4984640
247 2393 4984643
252 2395 4984646
252 2394 4984649
250 2396 4984652
250 2393 4984655
249 2394 4984658
250 2394 4984661
251 2396 4984664
249 2394 4984667
249 2394 4984670
249 2396 4984673
249 2395 4984676
248 2396 4984679
251 2394 4984682
254 2397 4984685
246 2394 4984688
251 2395 4984691
250 2396 4984694
250 2393 4984697
248 2393 4984700
251 2393 4984703
248 2395 4984706
250 2394 4984709
251 2396 4984712
252 2396 4984715
252 2396 4984718
252 2723 4984721
250 2395 4984724
250 2394 4984727
250 2391 4984730
247 2394 4984733
252 2395 4984736
248 2396 4984739
251 2394 4984742
248 2393 4984745
252 2394 4984748
251 2395 4984751
250 2394 4984754
250 2395 4984757
251 2394 4984760
252 2394 4984763
248 2498 4984766
249 2393 4984769
247 2393 4984772
251 2392 4984775
249 2399 4984778
253 2396 4984781
249 2394 4984784
251 2391 4984787
253 2393 4984790
251 2395 4984793
251 2395 4984796
250 2393 4984799
250 2395 4984802
248 2394 4984805
252 2391 4984808
251 2451 4984811
250 2394 4984814
251 2393 4984817
251 2389 4984820
250 2394 4984823
252 2394 4984826
253 2391 4984829
249 2392 4984832
252 2395 4984835
251 2394 4984838
251 2393 4984841
251 2397 4984844
252 2396 4984847
252 2393 4984850
250 2393 4984853
251 2293 4984856
281 2391 4984859
252 2396 4984862
246 2388 4984865
254 2399 4984868
251 2391 4984871
250 2394 4984874
252 2397 4984877
250 2394 4984880
251 2393 4984883
250 2392 4984886
250 2394 4984889
250 2394 4984892
252 2393 4984895
249 2393 4984898
250 2291 4984901
290 2389 4984904
252 2393 4984907
248 2394 4984910
250 2394 4984913
254 2394 4984916
251 2395 4984919
252 2395 4984922
252 2395 4984925
252 2394 4984928
248 2392 4984931
251 2393 4984934
248 2393 4984937
250 2396 4984940
250 2396 4984943
252 2316 4984946
293 2396 4984949
248 2393 4984952
246 2390 4984955
250 2397 4984958
253 2397 4984961
250 2393 4984964
251 2395 4984967
252 2393 4984970
252 2395 4984973
250 2395 4984976
251 2395 4984979
252 2395 4984982
249 2395 4984985
250 2396 4984988
251 2299 4984991
250 2389 4984994
247 2393 4984997
249 2393 4985001
251 2394 4985004
250 2399 4985007
251 2396 4985010
251 2397 4985013
251 2396 4985016
250 2391 4985019
251 2396 4985022
253 2392 4985025
251 2395 4985028
250 2396 4985031
249 2392 4985034
250 2208 4985037
252 2397 4985040
251 2395 4985043
253 2393 4985045
246 2395 4985048
252 2394 4985051
250 2395 4985054
251 2392 4985057
250 2395 4985060
251 2393 4985063
252 2392 4985066
251 2396 4985069
249 2393 4985072
253 2393 4985075
248 2396 4985078
251 2393 4985081
252 2393 4985084
251 2392 4985087
254 2395 4985090
248 2395 4985093
252 2395 4985096
249 2394 4985099
253 2394 4985102
252 2393 4985105
250 2393 4985108
250 2397 4985111
250 2396 4985114
251 2395 4985117
247 2392 4985120
250 2396 4985123
251 2394 4985126
248 2378 4985129
251 2392 4985132
254 2397 4985135
252 2392 4985138
251 2392 4985141
252 2395 4985144
251 2393 4985147
251 2395 4985150
253 2392 4985153
248 2396 4985156
250 2394 4985159
251 2394 4985162
250 2392 4985165
253 2396 4985168
248 2391 4985171
237 2458 4985174
251 2396 4985177
247 2395 4985180
253 2390 4985183
249 2392 4985186
250 2396 4985189
251 2393 4985192
255 2393 4985195
247 2395 4985198
251 2396 4985201
251 2398 4985204
252 2393 4985207
251 2396 4985210
251 2394 4985213
245 2394 4985216
247 2400 4985219
250 2395 4985222
249 2391 4985225
251 2397 4985228
251 2395 4985231
250 2393 4985234
249 2394 4985237
253 2394 4985240
251 2396 4985243
252 2395 4985246
252 2394 4985249
250 2393 4985252
250 2396 4985255
251 2393 4985258
253 2396 4985261
326 2706 4985264
253 2395 4985267
249 2389 4985270
250 2393 4985273
252 2396 4985276
250 2393 4985279
248 2394 4985282
250 2394 4985285
249 2393 4985288
249 2395 4985291
252 2396 4985294
249 2394 4985297
251 2395 4985300
253 2393 4985303
253 2392 4985306
522 2394 4985309
249 2393 4985312
251 2393 4985315
248 2395 4985318
249 2395 4985321
250 2395 4985324
251 2396 4985327
248 2395 4985330
251 2394 4985333
248 2393 4985336
249 2394 4985339
249 2394 4985342
250 2394 4985345
251 2395 4985348
246 2394 4985351
249 2400 4985354
255 2397 4985357
251 2398 4985360
247 2391 4985363
250 2396 4985366
250 2394 4985369
248 2394 4985372
250 2395 4985375
250 2396 4985378
251 2396 4985381
248 2396 4985384
250 2395 4985387
249 2396 4985390
254 2395 4985393
247 2394 4985396
252 2394 4985399
251 2395 4985402
251 2399 4985405
251 2393 4985408
247 2395 4985411
254 2396 4985414
247 2391 4985417
251 2396 4985420
250 2395 4985423
251 2395 4985426
248 2394 4985429
253 2396 4985432
248 2391 4985435
251 2393 4985438
249 2395 4985441
250 2395 4985444
234 2394 4985447
249 2394 4985450
254 2396 4985453
250 2394 4985456
252 2396 4985459
251 2393 4985462
250 2393 4985465
250 2393 4985468
251 2393 4985471
250 2394 4985474
249 2396 4985477
252 2393 4985480
250 2393 4985483
251 2395 4985486
251 2390 4985489
287 2393 4985492
249 2393 4985495
255 2398 4985498
248 2391 4985501
252 2394 4985504
253 2395 4985507
251 2395 4985510
253 2395 4985513
251 2394 4985516
249 2396 4985519
249 2395 4985522
251 2396 4985525
249 2394 4985528
252 2391 4985531
251 2388 4985534
264 2391 4985537
250 2396 4985540
247 2396 4985543
252 2390 4985546
251 2394 4985549
252 2396 4985552
249 2394 4985555
253 2392 4985558
248 2395 4985561
251 2397 4985564
248 2393 4985567
253 2393 4985570
248 2394 4985573
250 2394 4985576
252 2393 4985579
253 2396 4985582
249 2398 4985585
251 2391 4985588
251 2395 4985591
250 2396 4985594
251 2394 4985597
251 2393 4985600
250 2394 4985603
251 2396 4985606
249 2394 4985609
252 2394 4985612
251 2395 4985615
251 2396 4985618
252 2392 4985621
157 1968 4985624
251 2391 4985627
252 2392 4985630
247 2394 4985633
250 2395 4985636
250 2394 4985639
250 2393 4985642
252 2396 4985645
252 2393 4985648
251 2396 4985651
250 2395 4985654
252 2395 4985657
248 2390 4985660
251 2396 4985663
248 2392 4985666
251 2378 4985669
252 2397 4985672
250 2399 4985675
252 2395 4985678
248 2391 4985681
251 2395 4985684
250 2394 4985687
251 2398 4985690
248 2395 4985693
249 2394 4985696
1383 389 4971299
1383 391 4971302
1383 390 4971305
1383 389 4971308
1380 387 4971311
1380 388 4971314
1380 391 4971317
1382 388 4971320
1384 393 4971323
1375 386 4971326
1383 389 4971329
1380 390 4971332
1386 391 4971335
1380 388 4971338
1383 388 4971341
1380 387 4971344
1381 389 4971347
1381 394 4971350
1380 388 4971353
1382 392 4971356
1382 390 4971359
1383 389 4971362
1380 392 4971365
1303 394 4971368
1380 390 4971371
1383 389 4971374
1379 389 4971377
1382 391 4971380
1383 390 4971383
1382 391 4971386
1386 392 4971389
1382 391 4971392
1382 390 4971395
1383 389 4971398
1383 392 4971401
1381 390 4971404
1384 389 4971407
1381 376 4971410
1382 390 4971413
1382 389 4971416
1380 392 4971419
1386 395 4971422
1382 389 4971425
1381 389 4971428
1383 392 4971431
1383 390 4971434
1379 387 4971437
1383 389 4971440
1381 388 4971443
1383 388 4971446
1381 386 4971449
1383 388 4971452
1382 387 4971455
1381 386 4971458
1383 392 4971461
1384 388 4971464
1382 389 4971467
1381 390 4971470
1384 388 4971473
1382 390 4971476
1384 385 4971479
1384 387 4971482
1383 390 4971485
1384 391 4971488
1382 387 4971491
1382 388 4971494
1535 390 4971497
1387 388 4971500
1381 389 4971503
1383 388 4971506
1380 390 4971509
1385 383 4971512
1382 390 4971515
1385 392 4971518
1385 392 4971521
1383 386 4971524
1382 391 4971527
1383 390 4971530
1383 389 4971533
1381 386 4971536
1384 333 4971539
1537 392 4971542
1385 388 4971545
1381 390 4971548
1385 394 4971551
1385 389 4971554
1384 386 4971557
1382 390 4971560
1384 390 4971563
1384 392 4971566
1382 388 4971569
1383 390 4971572
1383 387 4971575
1385 386 4971578
1382 392 4971581
1368 282 4971584
1381 391 4971587
1381 386 4971590
1381 390 4971593
1384 391 4971596
1387 386 4971599
1381 387 4971602
1385 392 4971605
1382 385 4971608
1383 386 4971611
1384 391 4971614
1384 390 4971617
1383 387 4971620
1383 387 4971623
1383 390 4971626
1331 390 4971629
1383 389 4971632
1378 390 4971635
1385 394 4971638
1381 385 4971641
1382 390 4971644
1383 392 4971647
1381 390 4971650
1381 391 4971653
1381 391 4971656
1382 391 4971659
1382 389 4971662
1383 389 4971665
1381 390 4971668
1395 530 4971671
1382 389 4971674
1382 389 4971677
1381 393 4971680
1387 388 4971683
1382 392 4971686
1380 389 4971689
1381 390 4971692
1382 387 4971695
1382 390 4971698
1379 390 4971701
1383 389 4971704
1382 390 4971707
1381 388 4971710
1380 377 4971713
1253 389 4971716
1382 389 4971719
1377 387 4971722
1382 391 4971725
1382 389 4971728
1380 389 4971731
1382 389 4971734
1383 388 4971737
1380 389 4971740
1383 390 4971743
1382 388 4971746
1383 391 4971749
1383 391 4971752
1381 388 4971755
1361 181 4971758
1383 388 4971761
1382 386 4971764
1379 388 4971767
1383 390 4971770
1383 389 4971773
1383 391 4971776
1382 391 4971779
1383 389 4971782
1383 391 4971785
1382 388 4971788
1380 389 4971791
1382 390 4971794
1384 392 4971797
1381 455 4971800
1673 391 4971803
1383 394 4971806
1383 387 4971809
1381 392 4971812
1384 390 4971815
1383 390 4971818
1382 390 4971821
1383 388 4971824
1381 391 4971827
1385 389 4971830
1381 387 4971833
1386 391 4971836
1381 390 4971839
1382 387 4971842
1439 0 4971845
1383 389 4971848
1384 386 4971851
1381 387 4971854
1383 388 4971857
1381 390 4971860
1383 390 4971863
1381 387 4971866
1385 390 4971869
1383 384 4971872
1382 387 4971875
1383 391 4971878
1383 391 4971881
1382 390 4971884
1380 495 4971887
0 391 4971890
1382 393 4971893
1382 388 4971896
1381 388 4971899
1385 391 4971902
1379 388 4971905
1385 388 4971908
1383 393 4971911
1385 389 4971914
1385 391 4971917
1384 385 4971920
1382 390 4971923
1390 393 4971926
1386 387 4971929
1330 1389 4971932
1387 391 4971935
1384 386 4971938
1382 386 4971941
1383 394 4971944
1382 389 4971947
1382 388 4971950
1384 387 4971953
1382 389 4971956
1383 390 4971959
1385 389 4971962
1382 389 4971965
1385 393 4971968
1382 389 4971971
1382 409 4971974
1404 391 4971977
1386 390 4971980
1380 390 4971983
1381 387 4971986
1382 389 4971989
1381 388 4971992
1383 389 4971995
1381 388 4971998
1384 391 4972002
1382 390 4972005
1383 389 4972008
1381 392 4972011
1382 391 4972014
1382 386 4972017
1375 389 4972020
1383 388 4972023
1384 392 4972026
1383 387 4972029
1381 391 4972032
1383 393 4972035
1384 389 4972038
1381 388 4972041
1384 392 4972044
1382 389 4972047
1385 388 4972050
1380 394 4972053
1385 390 4972055
1382 389 4972058
1511 387 4972061
1382 392 4972064
1384 393 4972067
1381 388 4972070
1380 394 4972073
1382 391 4972076
1384 391 4972079
1382 391 4972082
1381 391 4972085
1382 390 4972088
1384 388 4972091
1381 392 4972094
1383 389 4972097
1383 389 4972100
1381 376 4972103
1351 387 4972106
1383 390 4972109
1379 388 4972112
1380 391 4972115
1381 389 4972118
1381 387 4972121
1382 394 4972124
1385 391 4972127
1381 389 4972130
1382 390 4972133
1381 388 4972136
1384 388 4972139
1384 388 4972142
1382 387 4972145
1381 379 4972148
1382 387 4972151
1384 391 4972154
1382 389 4972157
1383 392 4972160
1380 388 4972163
1381 388 4972166
1380 388 4972169
1382 387 4972172
1382 392 4972175
1383 389 4972178
1384 392 4972181
1384 389 4972184
1383 388 4972187
1397 303 4972190
1385 392 4972193
1381 386 4972196
1384 393 4972199
1384 390 4972202
1384 389 4972205
1385 391 4972208
1381 391 4972211
1382 392 4972214
1382 387 4972217
1383 391 4972220
1383 390 4972223
1384 389 4972226
1382 388 4972229
1751 388 4972232
1383 390 4972235
1385 392 4972238
1384 384 4972241
1382 390 4972244
1386 392 4972247
1383 388 4972250
1375 391 4972253
1384 390 4972256
1384 387 4972259
1382 389 4972262
1383 390 4972265
1381 388 4972268
1384 388 4972271
1383 385 4972274
1341 392 4972277
1382 385 4972280
1382 390 4972283
1383 386 4972286
1382 390 4972289
1386 392 4972292
1381 389 4972295
1383 389 4972298
1382 388 4972301
1382 387 4972304
1379 387 4972307
1382 392 4972310
1383 390 4972313
1381 389 4972316
1529 389 4972319
1383 390 4972322
1380 387 4972325
1382 392 4972328
1384 391 4972331
1380 388 4972334
1385 387 4972337
1382 390 4972340
1382 391 4972343
1383 389 4972346
1383 387 4972349
1382 388 4972352
1383 390 4972355
1384 1148 4972358
1378 395 4972361
1385 392 4972364
1385 391 4972367
1380 389 4972370
1382 394 4972373
1384 391 4972376
1380 388 4972379
1381 390 4972382
1381 390 4972385
1381 391 4972388
1381 391 4972391
1381 389 4972394
1384 391 4972397
1382 389 4972400
1387 390 4972403
1379 393 4972406
1382 392 4972409
1385 390 4972412
1380 391 4972415
1382 391 4972418
1380 390 4972421
1383 389 4972424
1379 388 4972427
1383 390 4972430
1381 387 4972433
1382 391 4972436
1382 393 4972439
1382 388 4972442
1392 451 4972445
1382 391 4972448
1378 388 4972451
1380 391 4972454
1386 390 4972457
1381 389 4972460
1385 390 4972463
1382 387 4972466
1381 390 4972469
1381 392 4972472
1383 390 4972475
1382 390 4972478
1381 390 4972481
1383 389 4972484
1386 743 4972487
1382 390 4972490
1380 386 4972493
1380 392 4972496
1382 389 4972499
1382 389 4972502
1383 390 4972505
1384 391 4972508
1383 391 4972511
1383 389 4972514
1383 389 4972517
1381 391 4972520
1384 390 4972523
1381 389 4972526
1442 389 4972529
1381 390 4972532
1383 390 4972535
1382 386 4972538
1381 390 4972541
1385 391 4972544
1381 388 4972547
1383 390 4972550
1382 388 4972553
1383 390 4972556
1381 388 4972559
1384 388 4972562
1380 388 4972565
1383 388 4972568
1382 397 4972571
1385 391 4972574
1385 391 4972577
1385 390 4972580
1384 387 4972583
1382 390 4972586
1384 391 4972589
1381 388 4972592
1384 389 4972595
1382 391 4972598
1382 388 4972601
1384 389 4972604
1384 390 4972607
1382 391 4972610
1383 390 4972613
1420 392 4972616
1383 390 4972619
1381 390 4972622
1385 389 4972625
1385 389 4972628
1381 390 4972631
1384 387 4972634
1383 392 4972637
1385 393 4972640
1383 388 4972643
1383 389 4972646
1383 391 4972649
1382 391 4972652
1383 0 4972655
1380 385 4972658
1383 390 4972661
1385 386 4972664
1384 386 4972667
1382 394 4972670
1384 389 4972673
1382 387 4972676
1380 388 4972679
1380 388 4972682
1381 384 4972685
1384 389 4972688
1381 388 4972691
1384 392 4972694
1382 388 4972697
1385 349 4972700
1383 391 4972703
1380 386 4972706
1383 391 4972709
1380 389 4972712
1381 392 4972715
1383 393 4972718
1385 390 4972721
1380 389 4972724
1382 391 4972727
1382 388 4972730
1383 388 4972733
1385 394 4972736
1383 392 4972739
1139 390 4972742
1385 388 4972745
1383 393 4972748
1383 387 4972751
1384 390 4972754
1381 392 4972757
1385 392 4972760
1381 389 4972763
1383 389 4972766
1382 392 4972769
1382 391 4972772
1382 391 4972775
1381 390 4972778
1381 391 4972781
1384 391 4972784
1421 390 4972787
1380 389 4972790
1381 391 4972793
1384 389 4972796
1382 386 4972799
1380 390 4972802
1381 389 4972805
1381 389 4972808
1382 389 4972811
1381 390 4972814
1382 389 4972817
1382 385 4972820
1379 389 4972823
1381 389 4972826
1383 386 4972829
1385 388 4972832
1386 390 4972835
1383 388 4972838
1383 392 4972841
1380 389 4972844
1382 390 4972847
1383 388 4972850
1383 388 4972853
1382 390 4972856
1384 390 4972859
1382 390 4972862
1383 391 4972865
1382 390 4972868
1389 652 4972871
1383 388 4972874
1384 385 4972877
1382 391 4972880
1383 393 4972883
1381 391 4972886
1382 388 4972889
1384 390 4972892
1383 389 4972895
1383 387 4972898
1382 390 4972901
1384 392 4972904
1390 390 4972907
1383 389 4972910
1383 388 4972913
1377 390 4972916
1383 391 4972919
1384 392 4972922
1383 389 4972925
1386 389 4972928
1386 388 4972931
1383 390 4972934
1383 388 4972937
1384 388 4972940
1383 389 4972943
1385 389 4972946
1384 389 4972949
1384 386 4972952
1381 278 4972955
1384 390 4972958
1382 389 4972961
1384 385 4972964
1378 389 4972967
1386 392 4972970
1383 386 4972973
1379 388 4972976
1383 389 4972979
1382 390 4972982
1384 389 4972985
1381 388 4972988
1382 390 4972991
1382 386 4972994
1382 389 4972997
1386 347 4973001
1382 389 4973004
1378 390 4973007
1383 391 4973010
1386 388 4973013
1381 390 4973016
1382 388 4973019
1385 389 4973022
1385 392 4973025
1383 390 4973028
1384 389 4973031
1383 392 4973034
1383 391 4973037
1381 388 4973040
1382 391 4973043
1372 391 4973046
1381 393 4973049
1384 391 4973052
1383 389 4973054
1382 389 4973057
1384 388 4973060
1383 389 4973063
1381 389 4973066
1384 388 4973069
1381 391 4973072
1383 389 4973075
1383 390 4973078
1382 391 4973081
1381 502 4973084
1400 388 4973087
1385 387 4973090
1380 388 4973093
1380 389 4973096
1384 391 4973099
1381 387 4973102
1381 387 4973105
1381 390 4973108
1380 390 4973111
1382 390 4973114
1382 389 4973117
1383 388 4973120
1381 391 4973123
1384 390 4973126
1396 578 4973129
1385 391 4973132
1380 389 4973135
1383 391 4973138
1384 389 4973141
1383 390 4973144
1384 391 4973147
1383 389 4973150
1383 391 4973153
1381 389 4973156
1381 390 4973159
1380 390 4973162
1383 390 4973165
1380 387 4973168
1382 386 4973171
1361 390 4973174
1383 386 4973177
1385 392 4973180
1383 388 4973183
1381 390 4973186
1384 389 4973189
1384 389 4973192
1381 390 4973195
1383 390 4973198
1382 388 4973201
1381 390 4973204
1383 391 4973207
1383 388 4973210
1383 389 4973213
1380 398 4973216
1382 389 4973219
1385 393 4973222
1385 387 4973225
1379 388 4973228
1384 389 4973231
1377 389 4973234
1382 389 4973237
1382 392 4973240
1384 384 4973243
1383 391 4973246
1381 388 4973249
1382 389 4973252
1388 391 4973255
1382 387 4973258
1388 388 4973261
1382 393 4973264
1383 390 4973267
1382 389 4973270
1385 392 4973273
1382 389 4973276
1384 392 4973279
1385 390 4973282
1384 389 4973285
1384 389 4973288
674 873 4977696
653 834 4977699
675 875 4977702
675 867 4977705
680 884 4977708
669 868 4977711
670 875 4977714
678 872 4977717
670 875 4977720
674 874 4977722
675 870 4977725
674 875 4977728
674 875 4977731
673 874 4977734
674 873 4977737
650 891 4977740
675 872 4977743
674 868 4977746
681 884 4977749
664 867 4977752
673 878 4977755
680 872 4977758
671 876 4977761
674 874 4977764
676 876 4977767
674 873 4977770
675 874 4977773
673 876 4977776
671 874 4977779
655 971 4977782
671 873 4977785
672 865 4977788
688 881 4977791
666 870 4977794
673 879 4977797
678 873 4977800
673 874 4977803
672 876 4977806
675 872 4977809
675 874 4977812
673 873 4977815
671 874 4977818
674 870 4977821
658 889 4977824
673 875 4977827
667 883 4977830
687 865 4977833
667 877 4977836
678 876 4977839
672 872 4977842
674 873 4977845
674 874 4977848
674 872 4977851
674 875 4977854
675 873 4977857
679 874 4977860
671 872 4977863
681 880 4977866
672 871 4977869
688 876 4977872
660 867 4977875
675 878 4977878
676 872 4977881
669 874 4977884
675 874 4977887
673 875 4977890
673 873 4977893
672 871 4977896
673 875 4977899
674 875 4977902
675 852 4977905
674 877 4977908
672 875 4977911
647 871 4977914
672 881 4977917
676 867 4977920
670 877 4977923
680 874 4977926
672 869 4977929
674 876 4977932
673 872 4977935
672 870 4977938
675 874 4977941
671 876 4977944
676 866 4977947
695 873 4977950
673 872 4977953
689 883 4977956
663 866 4977959
676 878 4977962
677 872 4977965
670 871 4977968
674 874 4977971
675 874 4977974
672 875 4977977
676 874 4977980
671 873 4977983
675 874 4977986
654 870 4977989
676 871 4977992
671 847 4977995
672 870 4977998
678 873 4978002
668 866 4978005
675 878 4978008
674 874 4978011
674 876 4978014
672 876 4978017
676 872 4978020
673 873 4978023
675 872 4978026
675 873 4978029
678 875 4978032
675 872 4978035
691 876 4978038
660 881 4978041
675 879 4978044
678 870 4978046
670 875 4978049
675 874 4978052
672 877 4978055
675 872 4978058
674 875 4978061
674 874 4978064
674 872 4978067
673 872 4978070
684 873 4978073
673 870 4978076
688 875 4978079
666 874 4978082
675 878 4978085
675 871 4978088
674 876 4978091
673 873 4978094
673 873 4978097
671 874 4978100
675 874 4978103
673 873 4978106
675 872 4978109
675 895 4978112
672 872 4978115
669 889 4978118
675 863 4978121
668 876 4978124
674 876 4978127
672 871 4978130
671 874 4978133
676 876 4978136
673 877 4978139
675 873 4978142
671 876 4978145
674 876 4978148
674 881 4978151
667 871 4978154
672 886 4978157
686 863 4978160
664 883 4978163
672 877 4978166
673 871 4978169
669 875 4978172
674 872 4978175
672 874 4978178
672 874 4978181
676 876 4978184
674 873 4978187
670 952 4978190
671 874 4978193
674 876 4978196
665 855 4978199
679 870 4978202
678 871 4978205
671 872 4978208
676 876 4978211
674 875 4978214
673 875 4978217
675 874 4978220
674 873 4978223
673 874 4978226
675 874 4978229
644 900 4978232
675 874 4978235
671 885 4978238
677 880 4978241
671 870 4978244
672 879 4978247
677 875 4978250
673 873 4978253
675 877 4978256
676 872 4978259
674 871 4978262
669 876 4978265
673 876 4978268
672 879 4978271
673 874 4978274
674 890 4978277
676 862 4978280
696 873 4978283
677 879 4978286
670 872 4978289
675 873 4978292
675 874 4978295
671 873 4978298
675 873 4978301
672 874 4978304
677 876 4978307
675 855 4978310
720 874 4978313
673 874 4978316
710 867 4978319
679 883 4978322
667 869 4978325
677 876 4978328
675 873 4978331
670 873 4978334
