3608 3253 4401359
3649 3244 4401362
3650 3248 4401365
3649 3246 4401368
3646 3247 4401371
3647 3243 4401374
3645 3244 4401377
3645 3246 4401380
3644 3242 4401383
3646 3242 4401386
3645 3243 4401389
3642 3243 4401392
3642 3240 4401395
3645 3242 4401398
3645 3243 4401401
3643 3240 4401404
3646 3246 4401407
3644 3239 4401410
3641 3242 4401413
3643 3241 4401416
3642 3239 4401419
3642 3242 4401422
3646 3241 4401425
3644 3241 4401428
3642 3244 4401431
3645 3243 4401434
3643 3242 4401437
3644 3240 4401440
3444 3240 4401443
3641 3242 4401446
3642 3244 4401449
3642 3240 4401452
3645 3245 4401455
3645 3244 4401458
3639 3241 4401461
3645 3244 4401464
3646 3244 4401467
3644 3243 4401470
3648 3244 4401473
3648 3243 4401476
3646 3246 4401479
3645 3244 4401482
3645 3135 4401485
3704 3248 4401488
3647 3245 4401491
3641 3243 4401494
3644 3248 4401497
3647 3247 4401500
3646 3247 4401503
3647 3251 4401506
3648 3248 4401509
3646 3248 4401512
3645 3244 4401515
3645 3248 4401518
3648 3250 4401521
3648 3245 4401524
3645 3247 4401527
3657 3374 4401530
3650 3248 4401533
3647 3244 4401536
3646 3248 4401539
3648 3247 4401542
3647 3248 4401545
3646 3246 4401548
3645 3251 4401551
3648 3249 4401554
3649 3247 4401557
3645 3249 4401560
3648 3249 4401563
3650 3248 4401566
3647 3248 4401569
3648 3234 4401572
3571 3247 4401575
3648 3246 4401578
3644 3249 4401581
3647 3249 4401584
3650 3250 4401587
3650 3249 4401590
3648 3251 4401593
3650 3251 4401596
3649 3251 4401599
3649 3251 4401602
3649 3252 4401605
3649 3251 4401608
3649 3252 4401611
3647 3249 4401614
3658 3237 4401617
3650 3250 4401620
3651 3252 4401623
3652 3251 4401626
3648 3250 4401629
3651 3251 4401632
3651 3253 4401635
3651 3252 4401638
3651 3250 4401641
3649 3254 4401644
3650 3253 4401647
3651 3251 4401650
3651 3253 4401653
3646 3253 4401656
3649 3251 4401659
3650 3251 4401662
3650 3254 4401665
3653 3254 4401668
3650 3250 4401671
3652 3252 4401674
3649 3253 4401677
3650 3252 4401680
3651 3253 4401683
3651 3253 4401686
3651 3254 4401689
3649 3253 4401692
3651 3252 4401695
3651 3253 4401698
3651 3257 4401701
3648 3256 4401704
3650 3251 4401707
3654 3253 4401710
3649 3253 4401713
3650 3254 4401716
3651 3254 4401719
3653 3255 4401722
3649 3253 4401725
3653 3251 4401728
3653 3254 4401731
3651 3256 4401734
3650 3255 4401737
3652 3252 4401740
3649 3256 4401743
3675 3434 4401746
3650 3252 4401749
3651 3253 4401752
3650 3259 4401755
3651 3256 4401758
3651 3253 4401761
3652 3256 4401764
3651 3256 4401767
3650 3254 4401770
3652 3255 4401773
3653 3256 4401776
3652 3253 4401779
3651 3255 4401782
3652 3257 4401785
3652 3253 4401788
3641 3255 4401791
3652 3254 4401794
3655 3260 4401797
3651 3257 4401800
3651 3258 4401803
3653 3255 4401806
3649 3257 4401809
3651 3253 4401812
3649 3254 4401815
3651 3258 4401818
3652 3256 4401821
3648 3253 4401824
3649 3258 4401827
3653 3257 4401830
3650 3260 4401833
3652 3255 4401836
3656 3257 4401839
3651 3255 4401842
3648 3254 4401845
3652 3257 4401848
3650 3257 4401851
3652 3258 4401854
3650 3256 4401857
3650 3256 4401860
3653 3255 4401863
3650 3257 4401866
3652 3255 4401869
3652 3257 4401872
3728 3598 4401875
3650 3256 4401878
3653 3255 4401881
3651 3259 4401884
3654 3257 4401887
3649 3254 4401890
3652 3257 4401893
3654 3255 4401896
3652 3256 4401899
3652 3257 4401902
3652 3257 4401905
3651 3256 4401908
3652 3256 4401911
3652 3258 4401914
3651 3260 4401917
3612 3256 4401920
3649 3253 4401923
3654 3260 4401926
3653 3256 4401929
3652 3257 4401932
3653 3258 4401935
3652 3255 4401938
3654 3256 4401941
3652 3257 4401944
3652 3258 4401947
3653 3258 4401950
3653 3256 4401953
3650 3256 4401956
3653 3256 4401959
3653 3253 4401962
3653 3259 4401965
3654 3260 4401968
3654 3255 4401971
3652 3257 4401974
3653 3255 4401977
3650 3255 4401980
3649 3256 4401983
3653 3256 4401986
3651 3255 4401989
3652 3258 4401992
3654 3257 4401995
3650 3257 4401998
3653 3253 4402002
3506 3254 4402005
3650 3256 4402008
3654 3259 4402011
3653 3255 4402014
3653 3256 4402017
3655 3254 4402020
3654 3258 4402023
3654 3258 4402026
3654 3257 4402029
3654 3257 4402032
3653 3257 4402035
3656 3256 4402038
3654 3257 4402040
3653 3257 4402043
3652 3337 4402046
3953 3258 4402049
3651 3257 4402052
3648 3251 4402055
3654 3257 4402058
3652 3256 4402061
3651 3258 4402064
3656 3255 4402067
3654 3256 4402070
3655 3256 4402073
3653 3257 4402076
3652 3254 4402079
3649 3257 4402082
3653 3260 4402085
3649 3257 4402088
3672 3334 4402091
3650 3257 4402094
3653 3256 4402097
3650 3258 4402100
3654 3253 4402103
3651 3259 4402106
3652 3258 4402109
3651 3256 4402112
3655 3258 4402115
3653 3258 4402118
3651 3257 4402121
3651 3256 4402124
3653 3258 4402127
3654 3258 4402130
3655 3258 4402133
3772 3258 4402136
3653 3261 4402139
3651 3258 4402142
3654 3259 4402145
3651 3259 4402148
3653 3258 4402151
3650 3256 4402154
3651 3258 4402157
3652 3261 4402160
3653 3260 4402163
3651 3258 4402166
3654 3258 4402169
3649 3261 4402172
3652 3257 4402175
3609 3000 4402178
3655 3257 4402181
3653 3255 4402184
3651 3258 4402187
3654 3258 4402190
3654 3260 4402193
3652 3258 4402196
3652 3258 4402199
3652 3258 4402202
3651 3260 4402205
3653 3257 4402208
3653 3258 4402211
3654 3260 4402214
3654 3256 4402217
3651 3560 4402220
3651 3260 4402223
3653 3258 4402226
3655 3256 4402229
3652 3258 4402232
3654 3259 4402235
3650 3258 4402238
3650 3256 4402241
3652 3257 4402244
3653 3258 4402247
3654 3258 4402250
3650 3254 4402253
3653 3257 4402256
3656 3259 4402259
3651 3258 4402262
3653 3263 4402265
3648 3258 4402268
3652 3261 4402271
3653 3255 4402274
3651 3257 4402277
3653 3259 4402280
3654 3256 4402283
3652 3256 4402286
3650 3260 4402289
3654 3259 4402292
3653 3258 4402295
3653 3258 4402298
3653 3260 4402301
3652 3259 4402304
3652 3257 4402307
3662 3190 4402310
3654 3257 4402313
3654 3252 4402316
3649 3257 4402319
3653 3258 4402322
3655 3257 4402325
3653 3259 4402328
3653 3260 4402331
3655 3256 4402334
3654 3259 4402337
3651 3257 4402340
3651 3258 4402343
3653 3258 4402346
3654 3256 4402349
3651 3256 4402352
3651 3268 4402355
3654 3257 4402358
3658 3262 4402361
3653 3255 4402364
3656 3255 4402367
3653 3257 4402370
3649 3257 4402373
3654 3257 4402376
3654 3257 4402379
3654 3257 4402382
1237 3666 4387982
1220 3647 4387985
1219 3651 4387988
1230 3653 4387991
1225 3649 4387994
1225 3654 4387997
1229 3651 4388001
1230 3650 4388004
1230 3654 4388007
1229 3651 4388010
1227 3651 4388013
1229 3653 4388016
1228 3657 4388019
1251 3650 4388022
1229 3652 4388025
1244 3659 4388028
1225 3650 4388031
1224 3655 4388033
1227 3653 4388036
1225 3652 4388039
1229 3658 4388042
1229 3649 4388045
1228 3652 4388048
1229 3652 4388051
1227 3651 4388054
1231 3652 4388057
1229 3652 4388060
1226 3651 4388063
1238 3651 4388066
1226 3671 4388069
1205 3655 4388072
1223 3648 4388075
1236 3658 4388078
1227 3647 4388081
1226 3653 4388084
1231 3653 4388087
1225 3652 4388090
1226 3653 4388093
1230 3650 4388096
1228 3653 4388099
1229 3651 4388102
1230 3653 4388105
1193 3653 4388108
1226 3654 4388111
1226 3654 4388114
1213 3647 4388117
1238 3657 4388120
1223 3647 4388123
1225 3654 4388126
1230 3651 4388129
1228 3655 4388132
1229 3653 4388135
1228 3651 4388138
1228 3652 4388141
1228 3652 4388144
1224 3651 4388147
1228 3653 4388150
1230 3603 4388153
1224 3655 4388156
1228 3667 4388159
1240 3642 4388162
1225 3648 4388165
1227 3656 4388168
1228 3649 4388171
1228 3653 4388174
1231 3654 4388177
1225 3652 4388180
1229 3650 4388183
1230 3653 4388186
1227 3655 4388189
1229 3653 4388192
1230 3652 4388195
1228 3657 4388198
1226 3650 4388201
1233 3646 4388204
1217 3659 4388207
1237 3655 4388210
1224 3648 4388213
1229 3654 4388216
1230 3650 4388219
1225 3655 4388222
1230 3653 4388225
1229 3653 4388228
1231 3655 4388231
1227 3650 4388234
1227 3650 4388237
1226 3654 4388240
1237 3654 4388243
1225 3652 4388246
1227 3666 4388249
1233 3652 4388252
1223 3647 4388255
1231 3654 4388258
1227 3649 4388261
1228 3654 4388264
1231 3651 4388267
1227 3651 4388270
1229 3652 4388273
1226 3652 4388276
1227 3651 4388279
1230 3652 4388282
1227 3655 4388285
1240 3653 4388288
1230 3649 4388291
1234 3648 4388294
1219 3658 4388297
1235 3653 4388300
1224 3649 4388303
1230 3654 4388306
1231 3651 4388309
1226 3650 4388312
1231 3652 4388315
1229 3653 4388318
1227 3654 4388321
1230 3652 4388324
1228 3649 4388327
1238 3648 4388330
1225 3653 4388333
1225 3639 4388336
1219 3665 4388339
1238 3651 4388342
1223 3648 4388345
1229 3658 4388348
1230 3651 4388351
1226 3652 4388354
1229 3653 4388357
1229 3654 4388360
1228 3652 4388363
1224 3651 4388366
1228 3652 4388369
1228 3654 4388372
1233 3665 4388375
1229 3650 4388378
1229 3654 4388381
1246 3657 4388384
1225 3647 4388387
1226 3658 4388390
1232 3651 4388393
1226 3651 4388396
1229 3649 4388399
1226 3651 4388402
1230 3652 4388405
1230 3652 4388408
1227 3652 4388411
1229 3654 4388414
1228 3652 4388417
1222 3661 4388420
1226 3654 4388423
1229 3670 4388426
1239 3651 4388429
1227 3647 4388432
1229 3656 4388435
1228 3649 4388438
1226 3652 4388441
1226 3652 4388444
1228 3651 4388447
1228 3654 4388450
1228 3654 4388453
1229 3652 4388456
1229 3653 4388459
1229 3653 4388462
1224 3636 4388465
1227 3649 4388468
1231 3662 4388471
1243 3648 4388474
1226 3645 4388477
1231 3657 4388480
1232 3652 4388483
1226 3655 4388486
1229 3653 4388489
1229 3650 4388492
1227 3656 4388495
1230 3651 4388498
1227 3651 4388501
1229 3653 4388504
1229 3654 4388507
1210 3756 4388510
1229 3654 4388513
1228 3638 4388516
1236 3667 4388519
1227 3646 4388522
1223 3652 4388525
1232 3652 4388528
1227 3646 4388531
1227 3651 4388534
1231 3650 4388537
1226 3651 4388540
1226 3651 4388543
1228 3653 4388546
1230 3653 4388549
1228 3655 4388552
1227 3654 4388555
1235 3649 4388558
1229 3659 4388561
1221 3639 4388564
1234 3660 4388567
1232 3647 4388570
1224 3654 4388573
1226 3651 4388576
1229 3651 4388579
1229 3654 4388582
1227 3654 4388585
1227 3654 4388588
1231 3650 4388591
1227 3652 4388594
1227 3652 4388597
1225 3651 4388600
1255 3653 4388603
1227 3654 4388606
1237 3663 4388609
1220 3650 4388612
1223 3655 4388615
1233 3655 4388618
1227 3651 4388621
1231 3653 4388624
1228 3652 4388627
1226 3649 4388630
1227 3650 4388633
1227 3654 4388636
1227 3653 4388639
1226 3650 4388642
1230 3654 4388645
1229 3658 4388648
1226 3653 4388651
1231 3654 4388654
1216 3649 4388657
1235 3656 4388660
1225 3646 4388663
1225 3652 4388666
1229 3655 4388669
1230 3652 4388672
1226 3649 4388675
1229 3652 4388678
1230 3650 4388681
1228 3652 4388684
1228 3653 4388687
1229 3651 4388690
1326 3654 4388693
1224 3651 4388696
1226 3642 4388699
1213 3660 4388702
1238 3653 4388705
1222 3647 4388708
1229 3657 4388711
1229 3652 4388714
1227 3653 4388717
1229 3651 4388720
1228 3651 4388723
1228 3652 4388726
1225 3649 4388729
1227 3652 4388732
1231 3652 4388735
1228 3687 4388738
1552 3651 4388741
1230 3653 4388744
1209 3660 4388747
1242 3655 4388750
1223 3647 4388753
1228 3655 4388756
1231 3652 4388759
1225 3650 4388762
1229 3653 4388765
1227 3650 4388768
1228 3654 4388771
1224 3649 4388774
1226 3651 4388777
1230 3652 4388780
1229 3654 4388783
1263 3670 4388786
1226 3652 4388789
1226 3640 4388792
1241 3662 4388795
1223 3645 4388798
1225 3654 4388801
1232 3653 4388804
1227 3651 4388807
1228 3652 4388810
1226 3651 4388813
1227 3654 4388816
1228 3650 4388819
1228 3651 4388822
1228 3653 4388825
1226 3651 4388828
1226 3656 4388831
1262 3649 4388834
1231 3653 4388837
1210 3655 4388840
1242 3656 4388843
1225 3646 4388846
1226 3658 4388849
1232 3653 4388852
1228 3652 4388855
1231 3655 4388858
1228 3651 4388861
1228 3651 4388864
1227 3653 4388867
1228 3654 4388870
1228 3653 4388873
1229 3652 4388876
1229 3653 4388879
1227 3655 4388882
1228 3648 4388885
1216 3654 4388888
1239 3655 4388891
1223 3647 4388894
1226 3652 4388897
1233 3654 4388900
1231 3655 4388903
1227 3651 4388906
1230 3652 4388909
1230 3652 4388912
1228 3652 4388915
1229 3653 4388918
1228 3652 4388921
1228 3652 4388924
1226 3661 4388927
1224 3651 4388930
1222 3657 4388933
1216 3649 4388936
1236 3656 4388939
1227 3646 4388942
1230 3654 4388945
1232 3653 4388948
1229 3651 4388951
1230 3653 4388954
1228 3653 4388957
1227 3651 4388960
1228 3650 4388963
1231 3653 4388966
1231 3650 4388969
1227 3657 4388972
1258 3651 4388975
1228 3671 4388978
1243 3649 4388981
1221 3646 4388984
1234 3656 4388987
1228 3651 4388990
1227 3652 4388993
1230 3652 4388996
1229 3653 4389000
1230 3653 4389003
1229 3652 4389006
1230 3650 4389009
1229 3653 4389012
1226 3651 4389015
1232 3652 4389018
1230 3633 4389021
1230 3649 4389024
1228 3667 4389027
1245 3648 4389030
1221 3649 4389032
1229 3655 4389035
1231 3651 4389038
1223 3651 4389041
1229 3652 4389044
1228 3651 4389047
1227 3653 4389050
1227 3654 4389053
1230 3653 4389056
1229 3651 4389059
1230 3654 4389062
1230 3614 4389065
1207 3652 4389068
1228 3652 4389071
1223 3669 4389074
1236 3648 4389077
1221 3648 4389080
1229 3656 4389083
1229 3652 4389086
1226 3652 4389089
1229 3653 4389092
1231 3653 4389095
1228 3654 4389098
1229 3652 4389101
1229 3651 4389104
1230 3654 4389107
1228 3650 4389110
1236 3984 4389113
1226 3656 4389116
1230 3634 4389119
1236 3664 4389122
1233 3649 4389125
1226 3654 4389128
1233 3656 4389131
1226 3650 4389134
1229 3652 4389137
1229 3652 4389140
1225 3650 4389143
1228 3651 4389146
1231 3654 4389149
1230 3653 4389152
1227 3651 4389155
1228 3627 4389158
850 3654 4389161
1230 3652 4389164
1215 3664 4389167
1243 3649 4389170
1223 3647 4389173
1227 3656 4389176
1230 3650 4389179
1228 3655 4389182
1232 3653 4389185
1227 3650 4389188
1228 3654 4389191
1230 3651 4389194
1229 3652 4389197
1228 3654 4389200
1229 3654 4389203
1206 3615 4389206
1231 3649 4389209
1229 3653 4389212
1248 3660 4389215
1226 3646 4389218
1225 3657 4389221
1233 3652 4389224
1231 3650 4389227
1231 3655 4389230
1230 3654 4389233
1232 3652 4389236
1231 3656 4389239
1228 3650 4389242
1227 3652 4389245
1231 3653 4389248
1230 3659 4389251
1252 3651 4389254
1231 3661 4389257
1250 3653 4389260
1229 3646 4389263
1227 3658 4389266
1232 3649 4389269
1224 3652 4389272
1230 3652 4389275
1229 3651 4389278
1231 3654 4389281
1230 3652 4389284
1227 3651 4389287
1229 3652 4389290
1228 3653 4389293
1227 3651 4389296
1250 3650 4389299
1229 3669 4389302
1245 3647 4389305
1229 3644 4389308
1231 3657 4389311
1233 3648 4389314
1228 3651 4389317
1229 3653 4389320
1231 3651 4389323
1231 3655 4389326
1230 3652 4389329
1231 3651 4389332
1229 3652 4389335
1228 3651 4389338
1228 3650 4389341
1248 3647 4389344
1228 3664 4389347
1214 3650 4389350
1222 3656 4389353
1236 3650 4389356
1229 3649 4389359
1231 3656 4389362
1230 3652 4389365
1237 3651 4389368
1229 3651 4389371
1227 3652 4389374
1229 3650 4389377
1230 3652 4389380
1231 3654 4389383
1229 3655 4389386
1219 3655 4389389
1229 3624 4389392
1203 3658 4389395
1245 3661 4389398
1228 3645 4389401
1227 3657 4389404
1229 3652 4389407
1228 3649 4389410
1230 3655 4389413
1231 3655 4389416
1227 3652 4389419
1231 3653 4389422
1228 3651 4389425
1229 3654 4389428
1203 3534 4389431
1234 3650 4389434
1226 3653 4389437
1256 3667 4389440
1224 3636 4389443
1225 3657 4389446
1235 3656 4389449
1223 3650 4389452
1227 3652 4389455
1233 3653 4389458
1228 3654 4389461
1229 3653 4389464
1230 3653 4389467
1228 3654 4389470
1227 3652 4389473
1216 3685 4389476
1218 3654 4389479
1256 3671 4389482
1206 3632 4389485
1230 3662 4389488
1238 3651 4389491
1225 3654 4389494
1231 3655 4389497
1229 3650 4389500
1228 3654 4389503
1229 3652 4389506
1228 3651 4389509
1231 3655 4389512
1230 3655 4389515
1228 3653 4389518
1231 3634 4389521
1242 3650 4389524
1193 3633 4389527
1246 3670 4389530
1235 3645 4389533
1223 3656 4389536
1234 3653 4389539
1227 3648 4389542
1229 3656 4389545
1230 3653 4389548
1226 3652 4389551
1231 3653 4389554
1228 3654 4389557
1226 3652 4389560
1230 3623 4389563
1290 3650 4389566
1227 3665 4389569
1265 3653 4389572
1212 3639 4389575
1230 3663 4389578
1234 3650 4389581
1223 3650 4389584
1230 3655 4389587
1229 3651 4389590
1228 3655 4389593
1230 3651 4389596
1227 3650 4389599
1231 3653 4389602
1230 3651 4389605
1230 3657 4389608
1216 3661 4389611
1228 3623 4389614
1198 3654 4389617
1248 3661 4389620
1228 3644 4389623
1226 3656 4389626
1230 3653 4389629
1228 3652 4389632
1229 3656 4389635
1230 3652 4389638
1229 3652 4389641
1231 3651 4389644
1229 3652 4389647
1228 3652 4389650
1200 3673 4389653
1231 3647 4389656
1231 3686 4389659
1252 3649 4389662
1217 3645 4389665
1233 3658 4389668
1231 3647 4389671
1225 3653 4389674
1232 3653 4389677
1229 3652 4389680
1227 3652 4389683
1230 3652 4389686
1230 3652 4389689
1226 3652 4389692
1221 3652 4389695
1237 3671 4389698
1221 3652 4389701
1243 3637 4389704
1204 3649 4389707
1241 3662 4389710
1229 3647 4389713
1225 3654 4389716
1232 3654 4389719
1229 3651 4389722
1229 3655 4389725
1228 3652 4389728
1227 3650 4389731
1232 3654 4389734
1227 3652 4389737
1228 3682 4389740
1227 3634 4389743
1239 3649 4389746
1186 3642 4389749
1251 3668 4389752
1230 3642 4389755
1225 3657 4389758
1236 3657 4389761
1229 3649 4389764
1229 3654 4389767
1230 3652 4389770
1227 3652 4389773
1228 3653 4389776
1232 3655 4389779
1229 3651 4389782
1229 3626 4389785
1214 3655 4389788
1227 3658 4389791
1256 3681 4389794
1229 3636 4389797
1221 3657 4389800
1236 3656 4389803
1223 3647 4389806
1229 3654 4389809
1231 3654 4389812
1227 3653 4389815
1229 3656 4389818
1229 3652 4389821
1227 3655 4389824
1232 3651 4389827
1229 3634 4389830
1280 3648 4389833
1227 3678 4389836
1252 3632 4389839
1212 3649 4389842
1238 3660 4389845
1227 3646 4389848
1226 3651 4389851
1230 3653 4389854
1228 3653 4389857
1228 3654 4389860
1230 3653 4389863
1229 3654 4389866
1230 3652 4389869
1229 3649 4389872
1229 3656 4389875
1258 3644 4389878
1225 3672 4389881
1220 3623 4389884
1222 3664 4389887
1239 3656 4389890
1223 3648 4389893
1231 3656 4389896
1232 3655 4389899
1226 3650 4389902
1230 3651 4389905
1233 3654 4389908
1231 3653 4389911
1228 3651 4389914
1230 3650 4389917
1229 3661 4389920
1243 3648 4389923
1228 3657 4389926
1206 3630 4389929
1234 3666 4389932
1236 3646 4389935
1223 3650 4389938
1232 3658 4389941
1232 3652 4389944
1227 3650 4389947
1231 3656 4389950
1232 3652 4389953
1229 3654 4389956
1228 3654 4389959
1231 3653 4389962
1231 3659 4389965
1242 3644 4389968
1230 3657 4389971
2061 3879 4394380
2062 3879 4394383
2062 3880 4394386
2064 3881 4394389
2062 3880 4394392
2061 3879 4394395
2065 3881 4394398
2064 3881 4394401
2059 3879 4394404
2008 3880 4394407
2062 4095 4394410
2062 3880 4394413
2060 3878 4394415
2064 3880 4394418
2061 3879 4394421
2063 3877 4394424
2062 3879 4394427
2063 3881 4394430
2061 3879 4394433
2060 3879 4394436
2062 3878 4394439
2062 3878 4394442
2064 3880 4394446
2060 3878 4394448
2065 3637 4394451
2062 3878 4394454
2065 3879 4394457
2061 3879 4394460
2063 3878 4394463
2061 3879 4394466
2061 3880 4394469
2061 3879 4394472
2062 3880 4394475
2062 3881 4394479
2062 3878 4394481
2063 3879 4394484
2061 3880 4394487
2062 3878 4394490
2061 3878 4394493
2064 3880 4394496
2060 3880 4394499
2064 3881 4394502
2059 3878 4394505
2061 3880 4394508
2063 3882 4394512
2061 3876 4394514
2062 3879 4394517
2061 3882 4394520
2063 3879 4394523
2061 3880 4394526
2061 3880 4394529
2063 3878 4394532
2061 3876 4394535
2056 3878 4394538
2061 3925 4394541
2057 3879 4394545
2062 3878 4394547
2059 3880 4394550
2061 3879 4394553
2063 3883 4394556
2062 3879 4394559
2061 3878 4394562
2061 3880 4394565
2060 3880 4394568
2062 3878 4394571
2063 3880 4394574
2062 3884 4394578
2061 3879 4394580
2064 3895 4394583
2060 3883 4394586
2059 3880 4394589
2062 3881 4394592
2059 3882 4394595
2061 3882 4394598
2063 3879 4394601
2060 3878 4394604
2059 3881 4394607
2062 3879 4394611
2060 3875 4394613
2060 3880 4394616
2059 3882 4394619
2060 3879 4394622
2055 3879 4394625
2062 4095 4394628
2062 3882 4394631
2058 3875 4394634
2062 3880 4394637
2063 3880 4394640
2061 3878 4394644
2062 3876 4394646
2061 3879 4394649
2059 3880 4394652
2062 3880 4394655
2059 3877 4394658
2062 3879 4394661
2062 3880 4394664
2062 3878 4394667
3019 3913 4394670
2063 3890 4394673
2062 3879 4394677
2059 3873 4394679
2061 3881 4394682
2061 3881 4394685
2062 3880 4394688
2061 3881 4394691
2061 3882 4394694
2062 3878 4394697
2060 3879 4394700
2060 3880 4394703
2064 3880 4394706
2061 3880 4394710
1965 3878 4394712
2063 3881 4394715
2063 3880 4394718
2061 3880 4394721
2062 3878 4394724
2064 3881 4394727
2062 3879 4394730
2061 3879 4394733
2062 3880 4394736
2061 3879 4394739
2061 3881 4394743
2062 3877 4394745
2063 3881 4394748
2062 3881 4394751
2062 3879 4394754
2061 3791 4394757
2061 3879 4394760
2063 3877 4394763
2060 3877 4394766
2062 3879 4394769
2064 3880 4394772
2062 3878 4394776
2060 3877 4394778
2060 3877 4394781
2061 3880 4394784
2060 3877 4394787
2061 3880 4394790
2061 3879 4394793
2062 3877 4394796
2096 3879 4394799
2062 4095 4394802
2062 3880 4394805
2062 3879 4394809
2062 3876 4394811
2061 3878 4394814
2060 3877 4394817
2062 3878 4394820
2062 3882 4394823
2062 3879 4394826
2062 3879 4394829
2062 3880 4394832
2062 3880 4394835
2063 3881 4394838
2063 3880 4394842
2106 3893 4394844
2062 3880 4394847
2056 3880 4394850
2064 3881 4394853
2062 3883 4394856
2062 3879 4394859
2063 3878 4394862
2059 3880 4394865
2061 3878 4394868
2063 3879 4394871
2061 3881 4394875
2062 3876 4394877
2061 3881 4394880
2062 3880 4394883
2061 4095 4394886
2063 3881 4394889
2065 3880 4394892
2060 3882 4394895
2062 3878 4394898
2061 3879 4394901
2061 3879 4394904
2061 3880 4394908
2061 3876 4394910
2061 3877 4394913
2061 3879 4394916
2061 3878 4394919
2061 3879 4394922
2060 3879 4394925
2066 3879 4394928
2060 3905 4394931
2057 3879 4394934
2063 3880 4394937
2060 3881 4394941
2060 3876 4394943
2061 3879 4394946
2062 3881 4394949
2062 3880 4394952
2063 3880 4394955
2060 3882 4394958
2059 3881 4394961
2062 3880 4394964
2058 3879 4394967
2060 3877 4394970
2060 3753 4394974
2060 3876 4394976
2059 3872 4394979
2063 3883 4394982
2061 3881 4394985
2065 3880 4394988
2060 3882 4394991
2060 3880 4394994
2059 3879 4394997
2059 3881 4395001
2063 3882 4395005
2061 3879 4395008
2057 3881 4395011
2222 3878 4395014
2063 3880 4395017
2062 3885 4395020
2060 3881 4395023
2058 3881 4395026
2061 3878 4395029
2061 3881 4395032
2060 3879 4395035
2060 3879 4395038
2061 3880 4395041
2061 3883 4395044
2060 3879 4395047
2063 3878 4395050
2062 3881 4395053
2060 3878 4395056
2060 3881 4395059
2060 3882 4395062
2062 3881 4395065
2059 3876 4395068
2060 3879 4395071
2062 3880 4395074
2061 3879 4395077
2061 3878 4395080
2061 3880 4395083
2062 3881 4395086
2065 3882 4395089
2063 3880 4395092
2058 3882 4395095
2063 3879 4395098
2053 3879 4395101
2060 3879 4395104
2064 3880 4395107
2061 3879 4395110
2060 3881 4395113
2063 3881 4395116
2063 3882 4395119
2063 3884 4395122
2061 3881 4395125
2064 3878 4395128
2062 3881 4395131
2059 3878 4395134
2061 3878 4395137
2063 3891 4395140
2099 3880 4395143
2060 3872 4395146
2062 3882 4395149
2064 3881 4395152
2060 3880 4395155
2061 3879 4395158
2064 3880 4395161
2060 3880 4395164
2061 3879 4395167
2063 3879 4395170
2061 3881 4395173
2063 3880 4395176
2060 3878 4395179
2061 3872 4395182
2166 3881 4395185
2060 3881 4395188
2057 3879 4395191
2064 3881 4395194
2061 3882 4395197
2061 3878 4395200
2060 3877 4395203
2062 3880 4395206
2062 3881 4395209
2061 3877 4395212
2061 3880 4395215
2063 3881 4395218
2060 3878 4395221
2062 3886 4395224
2229 3881 4395227
2059 3881 4395230
2057 3876 4395233
2063 3881 4395236
2063 3880 4395239
2064 3879 4395242
2060 3880 4395245
2061 3881 4395248
2062 3879 4395251
2060 3880 4395254
2061 3879 4395257
2062 3879 4395260
2062 3880 4395263
2059 3782 4395266
2041 3875 4395269
2063 3880 4395272
2063 3876 4395275
2058 3879 4395278
2063 3881 4395281
2061 3880 4395284
2060 3883 4395287
2059 3881 4395290
2061 3878 4395293
2061 3880 4395296
2061 3879 4395299
2059 3881 4395302
2062 3883 4395305
2062 3880 4395308
2061 3881 4395311
2060 3881 4395314
2061 3882 4395317
2059 3879 4395320
2060 3880 4395323
2062 3882 4395326
2059 3881 4395329
2059 3879 4395332
2060 3879 4395335
2062 3880 4395338
2060 3881 4395341
2060 3878 4395344
2060 3878 4395347
2062 3880 4395350
2067 3910 4395353
2061 3881 4395356
2058 3881 4395359
2063 3881 4395362
2058 3878 4395365
2061 3881 4395368
2061 3880 4395371
2064 3881 4395374
2060 3880 4395377
2060 3881 4395380
2063 3880 4395383
2060 3881 4395386
2060 3881 4395389
2061 3879 4395392
2055 3803 4395395
2057 3881 4395398
2062 3876 4395401
2061 3881 4395404
2064 3881 4395407
2058 3879 4395410
2060 3880 4395413
2060 3880 4395416
2059 3883 4395419
2061 3881 4395422
2061 3880 4395425
2059 3881 4395428
2059 3880 4395431
2061 3878 4395434
2152 3879 4395437
2063 3881 4395440
2060 3881 4395443
2064 3877 4395446
2060 3880 4395449
2064 3881 4395452
2060 3879 4395455
2061 3878 4395458
2060 3880 4395461
2060 3878 4395464
2060 3878 4395467
2062 3881 4395470
2064 3880 4395473
2060 3879 4395476
2060 3873 4395479
2040 3881 4395482
2061 3877 4395485
2061 3883 4395488
2062 3877 4395491
2060 3882 4395494
2061 3879 4395497
2062 3878 4395500
2063 3882 4395503
2063 3883 4395506
2060 3878 4395509
2062 3879 4395512
2063 3879 4395515
2062 3881 4395518
2059 3826 4395521
2041 3875 4395524
2062 3883 4395527
2061 3877 4395530
2061 3880 4395533
2064 3885 4395536
2062 3881 4395539
2061 3879 4395542
2062 3879 4395545
2061 3880 4395548
2059 3880 4395551
2062 3877 4395554
2061 3879 4395557
2064 3882 4395560
2062 3879 4395563
2065 3926 4395566
2061 3883 4395569
2060 3881 4395572
2060 3877 4395575
2061 3879 4395578
2062 3881 4395581
2061 3880 4395584
2061 3876 4395587
2060 3880 4395590
2059 3881 4395593
2060 3877 4395596
2059 3879 4395599
2060 3882 4395602
2061 3880 4395605
2130 3877 4395608
2061 3880 4395611
2061 3881 4395614
2059 3877 4395617
2060 3881 4395620
2060 3880 4395623
2061 3879 4395626
2061 3879 4395629
2062 3878 4395632
2061 3882 4395635
2062 3880 4395638
2058 3878 4395641
2061 3882 4395644
2063 3880 4395647
2061 3878 4395650
2111 3885 4395653
2061 3878 4395656
2058 3881 4395659
2064 3880 4395662
2061 3878 4395665
2063 3882 4395668
2061 3880 4395671
2060 3885 4395674
2061 3882 4395677
2061 3881 4395680
2062 3880 4395683
2060 3883 4395686
2062 3881 4395689
2061 3882 4395692
2062 3876 4395695
2061 3879 4395698
2066 3881 4395701
2060 3880 4395704
2059 3880 4395707
2062 3881 4395710
2061 3879 4395713
2063 3881 4395716
2061 3883 4395719
2064 3880 4395722
2061 3880 4395725
2060 3878 4395728
2061 3878 4395731
2063 3881 4395734
2032 3894 4395737
2058 3878 4395740
2060 3899 4395743
2059 3892 4395746
2059 3872 4395749
2059 3885 4395752
2066 3880 4395755
2060 3879 4395758
2061 3881 4395761
2061 3881 4395764
2063 3879 4395767
2064 3881 4395770
2058 3878 4395773
2063 3880 4395776
2061 3874 4395779
2041 3883 4395782
2059 3896 4395785
2076 3869 4395788
2053 3886 4395791
2065 3883 4395794
2059 3877 4395797
2063 3882 4395800
2065 3883 4395803
2058 3878 4395806
2063 3881 4395809
2061 3881 4395812
2058 3880 4395815
2064 3879 4395818
2063 3942 4395821
2061 3882 4395824
2060 3880 4395827
2041 3865 4395830
2067 3883 4395833
2066 3878 4395836
2055 3878 4395839
2065 3882 4395842
2062 3879 4395845
2060 3884 4395848
2062 3881 4395851
2061 3879 4395854
2061 3880 4395857
2059 3880 4395860
2061 3879 4395863
2045 3865 4395866
2064 3881 4395869
2059 3886 4395872
2071 3889 4395875
2056 3875 4395878
2061 3886 4395881
2064 3878 4395884
2059 3880 4395887
2062 3881 4395890
2061 3878 4395893
2060 3878 4395896
2062 3881 4395899
2063 3882 4395902
2062 3878 4395905
2061 3883 4395908
2066 3882 4395911
2060 3902 4395914
2061 3866 4395917
2058 3885 4395920
2068 3884 4395923
2059 3876 4395926
2062 3882 4395929
2063 3878 4395932
2060 3882 4395935
2059 3878 4395938
2062 3877 4395941
2061 3882 4395944
2062 3881 4395947
2060 3890 4395950
1969 3878 4395953
2062 3882 4395956
2046 3874 4395959
2066 3887 4395962
2055 3875 4395965
2064 3882 4395968
2061 3877 4395971
2059 3882 4395974
2063 3882 4395977
2059 3880 4395980
2060 3881 4395983
2061 3880 4395986
2059 3879 4395989
2059 3881 4395992
2059 3896 4395995
2061 3879 4395998
2075 3883 4396002
2047 3871 4396005
2067 3884 4396008
2064 3880 4396011
2056 3881 4396014
2062 3883 4396017
2063 3878 4396020
2061 3881 4396023
2060 3879 4396026
2061 3883 4396029
2062 3883 4396032
2060 3883 4396034
2042 3909 4396037
2061 3881 4396040
2060 3896 4396043
2057 3892 4396046
2059 3874 4396049
2058 3886 4396052
2064 3879 4396055
2061 3877 4396058
2060 3879 4396061
2061 3881 4396064
2061 3878 4396067
2063 3880 4396070
2063 3882 4396073
2064 3882 4396076
2062 3892 4396079
2066 3885 4396082
2062 3887 4396085
2053 3849 4396088
2068 3862 4396091
2072 3864 4396094
2065 3863 4396097
2108 3872 4396100
2199 3874 4396103
2334 3866 4396106
2473 3849 4396109
2598 3822 4396112
2718 3790 4396115
2832 3757 4396118
2915 3718 4396121
2932 3737 4396124
2935 3746 4396127
2915 3761 4396130
2922 3739 4396133
2911 3748 4396136
2929 3747 4396139
2924 3744 4396142
2926 3748 4396145
2927 3745 4396148
2927 3746 4396151
2928 3746 4396154
2928 3746 4396157
2928 3749 4396160
2930 4095 4396163
2927 3746 4396166
2929 3747 4396169
2925 3728 4396172
2935 3746 4396175
2935 3751 4396178
2925 3742 4396181
2928 3749 4396184
2929 3742 4396187
2927 3743 4396190
2932 3744 4396193
2930 3744 4396196
2925 3744 4396199
2931 3744 4396202
2932 3744 4396205
2917 3769 4396208
2929 3746 4396211
2926 3759 4396214
2928 3735 4396217
2923 3746 4396220
2932 3746 4396223
2926 3743 4396226
2930 3746 4396229
2928 3742 4396232
2927 3743 4396235
2929 3744 4396238
2932 3745 4396241
2926 3744 4396244
2929 3741 4396247
2911 3746 4396250
2928 3744 4396253
2924 3756 4396256
2936 3734 4396259
2922 3745 4396262
2929 3745 4396265
2926 3741 4396268
2927 3746 4396271
2928 3747 4396274
2929 3745 4396277
2930 3744 4396280
2927 3746 4396283
2928 3744 4396286
2929 3742 4396289
2910 3742 4396292
2928 3744 4396295
2923 3746 4396298
2943 3740 4396301
2922 3745 4396304
2931 3748 4396307
2930 3741 4396310
2928 3743 4396313
2930 3747 4396316
2925 3744 4396319
2929 3743 4396322
2930 3744 4396325
2930 3747 4396328
2927 3744 4396331
2917 3701 4396334
2929 3746 4396337
2927 3739 4396340
2930 3753 4396343
2925 3734 4396346
2930 3743 4396349
2930 3738 4396352
2926 3734 4396355
2928 3737 4396358
2929 3735 4396361
2926 3730 4396364
2930 3731 4396367
2928 3732 4396370
2928 3728 4396373
2909 3712 4396376
2925 3725 4396379
2926 3728 4396382
2925 3734 4396385
2921 3717 4396388
2923 3730 4396391
2929 3725 4396394
2924 3722 4396397
2927 3726 4396400
2926 3724 4396403
2923 3726 4396406
2927 3721 4396409
2924 3724 4396412
2927 3723 4396415
2898 3704 4396418
2919 3720 4396421
2924 3719 4396424
2924 3732 4396427
2924 3716 4396430
2923 3724 4396433
2930 3727 4396436
2925 3725 4396439
2926 3725 4396442
2926 3721 4396445
2926 3725 4396448
2925 3724 4396451
2927 3723 4396454
2925 3726 4396457
3020 3725 4396460
2925 3726 4396463
2925 3704 4396466
2928 3723 4396469
2932 3730 4396472
2922 3722 4396475
2927 3730 4396478
2927 3728 4396481
2925 3728 4396484
2926 3727 4396487
2925 3730 4396490
2927 3730 4396493
2925 3728 4396496
2927 3731 4396499
2928 3731 4396502
2925 3729 4396505
2924 3731 4396508
2909 3735 4396511
2923 3735 4396514
2929 3724 4396517
2921 3730 4396520
2928 3732 4396523
2927 3731 4396526
2926 3731 4396529
2927 3732 4396532
2928 3731 4396535
2925 3733 4396538
2928 3731 4396541
2928 3732 4396544
2915 3731 4396547
2924 3750 4396550
2920 3718 4396553
2941 3733 4396556
2931 3734 4396559
2921 3729 4396562
2927 3734 4396565
2927 3733 4396568
2927 3734 4396571
2927 3734 4396574
2927 3735 4396577
2927 3735 4396580
2926 3733 4396583
2927 3720 4396586
2909 3734 4396589
2927 3739 4396592
2940 3729 4396595
2917 3737 4396598
2930 3741 4396601
2929 3733 4396604
2926 3737 4396607
2929 3735 4396610
2927 3734 4396613
2926 3735 4396616
2927 3734 4396619
2928 3737 4396622
2929 3738 4396625
2926 3717 4396628
2875 3736 4396631
2927 3737 4396634
2919 3750 4396637
2928 3728 4396640
2925 3740 4396643
2928 3739 4396646
2924 3736 4396649
2928 3736 4396652
2928 3738 4396655
2927 3739 4396658
2927 3737 4396661
2927 3738 4396664
2936 3739 4396667
2927 3709 4396670
2916 3737 4396673
2927 3732 4396676
2936 3734 4396679
2936 3739 4396682
2919 3733 4396685
2929 3742 4396688
2930 3738 4396691
2922 3738 4396694
2929 3738 4396697
2929 3738 4396700
2924 3741 4396703
2927 3740 4396706
2928 3737 4396709
2925 3802 4396712
2927 3738 4396715
2928 3737 4396718
2912 3730 4396721
2933 3745 4396724
2933 3736 4396727
2925 3740 4396730
2930 3741 4396733
2927 3739 4396736
2927 3740 4396739
2928 3742 4396742
2926 3743 4396745
2927 3740 4396748
2929 3741 4396751
2928 3742 4396754
2925 3731 4396757
2927 3740 4396760
2939 3756 4396763
2919 3732 4396766
2931 3745 4396769
2933 3739 4396772
2925 3739 4396775
2930 3741 4396778
2928 3739 4396781
2929 3741 4396784
2929 3744 4396787
2929 3743 4396790
2927 3739 4396793
2928 3739 4396796
2907 3757 4396799
2927 3742 4396802
2927 3738 4396805
2929 3752 4396808
2924 3735 4396811
2928 3743 4396814
2932 3741 4396817
2926 3742 4396820
2928 3742 4396823
2926 3741 4396826
2927 3741 4396829
2928 3740 4396832
2929 3742 4396835
2929 3740 4396838
3167 3741 4396841
2930 3742 4396844
2927 3727 4396847
2913 3752 4396850
2930 3747 4396853
2928 3736 4396856
2925 3742 4396859
2930 3743 4396862
2926 3737 4396865
2927 3742 4396868
2930 3743 4396871
2928 3739 4396874
2928 3743 4396877
2929 3742 4396880
2932 3732 4396883
2917 3745 4396886
2930 3746 4396889
2942 3737 4396892
2917 3742 4396895
2932 3749 4396898
2931 3739 4396901
2925 3743 4396904
2933 3744 4396907
2929 3744 4396910
2929 3744 4396913
2929 3745 4396916
2928 3742 4396919
2929 3743 4396922
2926 3737 4396925
2941 3744 4396928
2927 3743 4396931
2915 3739 4396934
2933 3751 4396937
2925 3735 4396940
2929 3746 4396943
2931 3743 4396946
2926 3741 4396949
2931 3744 4396952
2931 3744 4396955
2925 3743 4396958
2929 3743 4396961
2928 3743 4396964
2926 3745 4396967
2933 3750 4396970
2927 3741 4396973
2946 3743 4396976
2914 3744 4396979
2930 3747 4396982
2930 3738 4396985
2924 3744 4396988
2929 3742 4396991
2925 3741 4396994
2929 3742 4396997
2929 3746 4397001
2928 3749 4397004
2929 3743 4397007
2929 3744 4397010
2897 3748 4397013
2927 3747 4397016
2929 3757 4397019
2924 3756 4397022
2929 3735 4397025
2925 3747 4397028
2931 3746 4397031
2926 3744 4397034
2928 3744 4397037
2928 3746 4397039
2928 3747 4397042
2930 3744 4397045
2924 3742 4397048
2929 3745 4397051
2930 3750 4397054
2935 3744 4397057
2928 3757 4397060
2916 3728 4397063
2935 3749 4397066
2935 3745 4397069
2925 3741 4397072
2931 3746 4397075
2931 3747 4397078
2927 3745 4397081
2929 3745 4397084
2927 3742 4397087
2929 3745 4397090
2926 3741 4397093
2928 3721 4397096
2930 3745 4397099
2928 3742 4397102
2925 3750 4397105
2938 3738 4397108
2921 3745 4397111
2929 3747 4397114
2927 3742 4397117
2929 3745 4397120
2928 3746 4397123
2928 3743 4397126
2928 3745 4397129
2928 3743 4397132
2930 3742 4397135
2927 3742 4397138
2935 3752 4397141
2930 3745 4397144
2936 3727 4397147
2919 3748 4397150
2930 3747 4397153
2926 3741 4397156
2927 3744 4397159
2928 3744 4397162
2929 3743 4397165
2930 3743 4397168
2927 3744 4397171
2929 3745 4397174
2928 3743 4397177
2928 3743 4397180
2907 3725 4397183
2928 3741 4397186
2925 3738 4397189
2942 3738 4397192
2917 3739 4397195
2932 3746 4397198
2931 3743 4397201
2927 3744 4397204
2927 3745 4397207
2928 3742 4397210
2930 3745 4397213
2928 3743 4397216
2929 3746 4397219
2928 3743 4397222
2988 3740 4397225
2925 3744 4397228
2927 3718 4397231
2961 3741 4397234
2935 3748 4397237
2921 3740 4397240
2929 3747 4397243
2929 3745 4397246
2926 3743 4397249
2929 3745 4397252
2929 3744 4397255
2930 3745 4397258
2930 3744 4397261
2928 3745 4397264
2930 3744 4397267
2918 3744 4397270
2927 3756 4397273
2942 3732 4397276
2919 3754 4397279
2932 3749 4397282
2929 3741 4397285
2925 3745 4397288
2929 3743 4397291
2926 3742 4397294
2930 3747 4397297
2927 3747 4397300
2928 3741 4397303
2929 3743 4397306
2929 3711 4397309
3001 3743 4397312
2930 3742 4397315
2941 3737 4397318
2936 3744 4397321
2921 3740 4397324
2930 3746 4397327
2927 3741 4397330
2928 3746 4397333
2929 3742 4397336
2928 3744 4397339
2931 3745 4397342
2928 3746 4397345
2929 3743 4397348
2929 3812 4397351
2925 3745 4397354
2929 3742 4397357
2909 3728 4397360
2934 3748 4397363
2936 3741 4397366
2920 3739 4397369
2930 3747 4397372
2931 3744 4397375
2929 3746 4397378
2929 3744 4397381
2930 3742 4397384
2928 3743 4397387
2928 3743 4397390
2930 3744 4397393
2932 3742 4397396
2929 3744 4397399
2944 3749 4397402
2915 3737 4397405
2930 3747 4397408
2930 3742 4397411
2924 3740 4397414
2929 3744 4397417
2927 3744 4397420
2928 3743 4397423
2926 3746 4397426
2930 3746 4397429
2928 3744 4397432
2926 3743 4397435
2910 3745 4397438
2929 3743 4397441
2924 3739 4397444
2942 3740 4397447
2920 3744 4397450
2932 3751 4397453
2928 3740 4397456
2926 3749 4397459
2930 3746 4397462
2929 3745 4397465
2927 3742 4397468
2926 3746 4397471
2927 3744 4397474
2930 3741 4397477
2896 3823 4397480
2926 3743 4397483
2926 3767 4397486
2923 3756 4397489
2928 3737 4397492
2924 3748 4397495
2932 3745 4397498
2926 3744 4397501
2928 3745 4397504
2928 3743 4397507
2929 3743 4397510
2926 3745 4397513
2927 3744 4397516
2932 3746 4397519
2915 3666 4397522
2933 3744 4397525
2927 3717 4397528
2934 3743 4397531
2935 3743 4397534
2920 3742 4397537
2929 3744 4397540
2928 3740 4397543
2926 3748 4397546
2930 3746 4397549
2928 3744 4397552
2928 3745 4397555
2928 3747 4397558
2926 3743 4397561
2968 3743 4397564
2926 3746 4397567
2928 3733 4397570
2911 3750 4397573
2927 3749 4397576
2928 3741 4397579
2926 3745 4397582
2930 3745 4397585
2925 3745 4397588
2930 3747 4397591
2927 3742 4397594
2930 3743 4397597
2928 3744 4397600
2927 3744 4397603
2927 3795 4397606
2926 3746 4397609
2928 3747 4397612
2906 3795 4397615
2926 3754 4397618
2933 3737 4397621
2926 3745 4397624
2931 3743 4397627
2929 3742 4397630
2928 3746 4397633
2929 3744 4397636
2932 3744 4397639
2926 3749 4397642
2929 3746 4397645
2927 3743 4397648
2911 3715 4397651
2925 3743 4397654
2927 3791 4397657
2921 3751 4397660
2934 3738 4397663
2922 3747 4397666
2941 3748 4397669
2927 3743 4397672
2924 3744 4397675
2929 3742 4397678
2927 3742 4397681
2930 3747 4397684
2927 3744 4397687
2928 3743 4397690
2930 3728 4397693
2904 3743 4397696
2928 3744 4397699
2942 3745 4397702
2939 3740 4397705
2921 3745 4397708
2932 3748 4397711
2929 3741 4397714
2929 3747 4397717
2928 3743 4397720
2927 3744 4397723
2928 3745 4397726
2930 3743 4397729
2927 3745 4397732
2929 3743 4397735
2914 3741 4397738
2927 3743 4397741
2924 3755 4397744
2933 3740 4397747
2922 3749 4397750
2928 3745 4397753
2927 3741 4397756
2927 3744 4397759
2929 3743 4397762
2927 3744 4397765
2927 3744 4397768
2926 3745 4397771
2929 3744 4397774
2928 3743 4397777
2927 3752 4397780
2926 3745 4397783
2927 3759 4397786
2918 3733 4397789
2934 3744 4397792
2934 3743 4397795
2924 3744 4397798
2931 3745 4397801
2929 3747 4397804
2929 3740 4397807
2928 3742 4397810
2929 3745 4397813
2928 3743 4397816
2925 3744 4397819
2928 3726 4397822
2960 3744 4397825
2927 3743 4397828
2901 3755 4397831
2925 3755 4397834
2932 3738 4397837
2926 3746 4397840
2930 3743 4397843
2926 3742 4397846
2931 3744 4397849
2926 3741 4397852
2928 3746 4397855
2924 3741 4397858
2928 3741 4397861
2925 3743 4397864
2907 3822 4397867
2928 3743 4397870
2925 3731 4397873
2939 3747 4397876
2921 3740 4397879
2931 3745 4397882
2927 3742 4397885
2927 3744 4397888
2929 3742 4397891
2928 3741 4397894
2927 3745 4397897
2931 3744 4397900
2929 3744 4397903
2929 3743 4397906
2928 3752 4397909
2922 3745 4397912
2926 3761 4397915
2924 3730 4397918
2946 3743 4397921
2931 3748 4397924
2926 3741 4397927
2930 3747 4397930
2929 3742 4397933
2929 3743 4397936
2930 3743 4397939
2929 3748 4397942
2929 3745 4397945
2930 3746 4397948
2925 3747 4397951
2928 3747 4397954
2930 3743 4397957
2905 3763 4397960
2923 3752 4397963
2932 3738 4397966
2926 3748 4397969
2931 3745 4397972
2927 3746 4397975
2929 3746 4397978
2927 3744 4397981
2926 3743 4397984
2929 3744 4397987
2927 3742 4397990
2930 3744 4397993
2925 3760 4397996
2931 3743 4398000
2925 3750 4398003
2941 3736 4398006
2922 3747 4398009
2929 3743 4398012
2927 3741 4398015
2925 3748 4398018
2929 3741 4398021
2929 3743 4398024
2928 3747 4398027
2929 3744 4398030
2929 3743 4398033
2928 3743 4398036
2973 3740 4398039
2928 3745 4398041
2927 3727 4398044
2912 3750 4398047
2930 3754 4398050
2925 3738 4398053
2926 3748 4398056
2931 3745 4398059
2926 3744 4398062
2928 3744 4398065
2930 3743 4398068
2929 3745 4398071
2928 3743 4398074
2929 3742 4398077
2928 3730 4398080
2919 3744 4398083
2928 3741 4398086
2932 3757 4398089
2923 3737 4398092
2937 3744 4398095
2928 3744 4398098
2925 3744 4398101
2929 3744 4398104
2928 3743 4398107
2929 3745 4398110
2929 3744 4398113
2931 3742 4398116
2926 3743 4398119
2928 3770 4398122
2926 3742 4398125
2928 3741 4398128
2919 3729 4398131
2934 3746 4398134
2937 3746 4398137
2920 3740 4398140
2931 3747 4398143
2929 3743 4398146
2928 3745 4398149
2928 3743 4398152
2927 3744 4398155
2930 3745 4398158
2931 3740 4398161
2925 3745 4398164
2913 3735 4398167
2929 3742 4398170
2922 3748 4398173
2939 3739 4398176
2921 3748 4398179
2929 3746 4398182
2923 3741 4398185
2927 3747 4398188
2931 3746 4398191
2928 3744 4398194
2929 3748 4398197
2926 3744 4398200
2930 3746 4398203
2925 3741 4398206
3214 3745 4398209
2925 3742 4398212
2928 3741 4398215
2911 3752 4398218
2924 3754 4398221
2934 3741 4398224
2926 3746 4398227
2931 3750 4398230
2928 3743 4398233
2929 3746 4398236
2927 3742 4398239
2928 3746 4398242
2928 3743 4398245
2928 3741 4398248
2928 3734 4398251
2965 3744 4398254
2929 3745 4398257
2917 3756 4398260
2929 3738 4398263
2926 3743 4398266
2932 3750 4398269
2925 3742 4398272
2931 3745 4398275
2929 3741 4398278
2927 3742 4398281
2929 3746 4398284
2929 3746 4398287
2930 3744 4398290
2926 3743 4398293
2935 3749 4398296
2928 3744 4398299
2942 3746 4398302
2915 3742 4398305
2927 3749 4398308
2931 3740 4398311
2925 3743 4398314
2931 3747 4398317
2929 3741 4398320
2928 3749 4398323
2930 3745 4398326
2927 3744 4398329
2927 3739 4398332
2931 3743 4398335
2913 3743 4398338
2929 3744 4398341
2928 3735 4398344
2912 3748 4398347
2932 3754 4398350
2929 3740 4398353
2927 3747 4398356
2930 3745 4398359
2928 3747 4398362
2927 3743 4398365
2930 3745 4398368
2927 3744 4398371
2929 3745 4398374
2927 3742 4398377
2929 3731 4398380
3040 3748 4398383
2929 3746 4398386
2909 3746 4398389
2927 3750 4398392
2927 3738 4398395
2927 3748 4398398
2933 3746 4398401
2925 3743 4398404
2930 3743 4398407
2928 3739 4398410
2928 3744 4398413
2927 3745 4398416
2929 3746 4398419
2929 3745 4398422
2905 3693 4398425
2926 3744 4398428
2928 3753 4398431
2924 3754 4398434
2931 3736 4398437
2925 3745 4398440
2932 3745 4398443
2929 3743 4398446
2926 3746 4398449
2929 3745 4398452
2928 3746 4398455
2929 3742 4398458
2927 3745 4398461
2927 3744 4398464
2929 3733 4398467
3090 3740 4398470
2927 3741 4398473
2940 3741 4398476
2935 3749 4398479
2923 3741 4398482
2930 3748 4398485
2932 3742 4398488
2927 3741 4398491
2928 3745 4398494
2928 3743 4398497
2931 3745 4398500
2926 3744 4398503
2929 3745 4398506
2927 3745 4398509
2927 3763 4398512
2928 3743 4398515
2929 3720 4398518
2931 3745 4398521
2932 3742 4398524
2921 3744 4398527
2930 3746 4398530
2929 3745 4398533
2926 3740 4398536
2928 3744 4398539
2928 3744 4398542
2930 3742 4398545
2930 3748 4398548
2930 3749 4398551
2929 3769 4398554
2926 3741 4398557
2928 3745 4398560
2912 3729 4398563
2925 3745 4398566
2932 3738 4398569
2925 3745 4398572
2928 3747 4398575
2929 3743 4398578
2925 3747 4398581
2931 3746 4398584
2928 3745 4398587
2929 3743 4398590
2928 3745 4398593
2928 3744 4398596
2929 3751 4398599
2929 3743 4398602
2929 3765 4398605
2927 3729 4398608
2927 3740 4398611
2933 3748 4398614
2926 3741 4398617
2931 3748 4398620
2930 3744 4398623
2927 3748 4398626
2929 3745 4398629
2930 3743 4398632
2928 3741 4398635
2930 3745 4398638
2928 3741 4398641
2912 3779 4398644
2927 3747 4398647
2923 3742 4398650
2940 3740 4398653
2920 3750 4398656
2931 3752 4398659
2931 3744 4398662
2929 3745 4398665
2926 3743 4398668
2930 3746 4398671
2928 3743 4398674
2927 3747 4398677
2928 3746 4398680
2930 3743 4398683
2927 3791 4398686
2885 3747 4398689
2927 3743 4398692
2902 3751 4398695
2928 3752 4398698
2927 3736 4398701
2930 3747 4398704
2931 3742 4398707
2928 3745 4398710
2930 3745 4398713
2929 3744 4398716
2928 3745 4398719
2927 3744 4398722
2923 3745 4398725
2928 3745 4398728
2928 3752 4398731
2926 3745 4398734
2930 3761 4398737
2927 3731 4398740
2946 3745 4398743
2934 3749 4398746
2921 3740 4398749
2928 3747 4398752
2927 3743 4398755
2930 3747 4398758
2929 3743 4398761
2931 3746 4398764
2930 3745 4398767
2931 3745 4398770
2929 3745 4398773
2911 3695 4398776
2929 3745 4398779
2928 3733 4398782
2933 3755 4398785
2924 3738 4398788
2929 3749 4398791
2932 3743 4398794
2928 3745 4398797
2928 3744 4398800
2932 3742 4398803
2929 3745 4398806
2929 3746 4398809
2931 3745 4398812
2928 3746 4398815
2927 3807 4398818
2924 3740 4398821
2927 3743 4398824
2903 3775 4398827
2925 3749 4398830
2934 3738 4398833
2924 3747 4398836
2930 3745 4398839
2929 3743 4398842
2930 3747 4398845
2928 3744 4398848
2929 3745 4398851
2930 3744 4398854
2928 3746 4398857
2929 3745 4398860
2931 3753 4398863
2936 3743 4398866
2928 3762 4398869
2933 3728 4398872
2924 3742 4398875
2930 3748 4398878
2926 3739 4398881
2930 3748 4398884
2929 3745 4398887
2926 3743 4398890
2928 3746 4398893
2928 3744 4398896
2925 3743 4398899
2933 3747 4398902
2928 3745 4398905
2911 3616 4398908
2927 3744 4398911
2929 3754 4398914
2941 3742 4398917
2921 3747 4398920
2929 3748 4398923
2929 3743 4398926
2930 3745 4398929
2928 3746 4398932
2927 3744 4398935
2928 3744 4398938
2929 3743 4398941
2927 3746 4398944
2928 3743 4398947
2928 3735 4398950
3064 3741 4398953
2925 3747 4398956
2922 3743 4398959
2936 3751 4398962
2920 3739 4398965
2931 3750 4398968
2929 3743 4398971
2928 3743 4398974
2928 3745 4398977
2927 3746 4398980
2928 3748 4398983
2928 3738 4398986
2926 3747 4398989
2928 3744 4398992
2904 3730 4398995
2930 3743 4398998
2929 3733 4399002
2932 3756 4399005
2922 3737 4399008
2928 3748 4399011
2932 3743 4399014
2928 3739 4399017
2928 3745 4399020
2928 3743 4399023
2929 3746 4399026
2930 3743 4399029
2928 3745 4399032
2930 3747 4399035
2928 3733 4399038
2924 3742 4399041
2928 3742 4399044
2945 3748 4399047
2921 3736 4399050
2930 3749 4399053
2933 3742 4399055
2928 3745 4399058
2931 3746 4399061
2927 3744 4399064
2930 3746 4399067
2929 3742 4399070
2927 3746 4399073
2929 3747 4399076
2930 3744 4399079
2932 3746 4399082
2928 3744 4399085
2939 3726 4399088
2935 3736 4399091
2931 3750 4399094
2927 3740 4399097
2929 3747 4399100
2929 3743 4399103
2926 3742 4399106
2928 3746 4399109
2928 3744 4399112
2927 3744 4399115
2928 3744 4399118
2929 3745 4399121
2902 3740 4399124
2931 3745 4399127
2928 3738 4399130
2935 3752 4399133
2923 3735 4399136
2934 3745 4399139
2932 3745 4399142
2926 3744 4399145
2928 3747 4399148
2929 3744 4399151
2927 3745 4399154
2929 3745 4399157
2929 3745 4399160
2927 3742 4399163
2929 3749 4399166
2934 3742 4399169
2930 3756 4399172
2912 3778 4399175
2926 3743 4399178
2935 3744 4399181
2927 3742 4399184
2933 3746 4399187
2930 3745 4399190
2930 3747 4399193
2929 3743 4399196
2930 3746 4399199
2930 3743 4399202
2929 3745 4399205
2930 3720 4399208
2984 3744 4399211
2930 3744 4399214
2924 3754 4399217
2935 3738 4399220
2926 3746 4399223
2930 3746 4399226
2926 3739 4399229
2928 3745 4399232
2928 3743 4399235
2929 3745 4399238
2929 3745 4399241
2929 3745 4399244
2930 3746 4399247
2929 3724 4399250
2925 3746 4399253
2928 3744 4399256
2920 3727 4399259
2932 3743 4399262
2932 3744 4399265
2922 3742 4399268
2929 3744 4399271
2929 3742 4399274
2927 3747 4399277
2931 3745 4399280
2928 3743 4399283
2929 3746 4399286
2929 3747 4399289
2929 3745 4399292
2923 3762 4399295
2927 3744 4399298
2925 3759 4399301
2927 3732 4399304
2935 3743 4399307
2931 3747 4399310
2927 3744 4399313
2930 3746 4399316
2928 3746 4399319
2929 3745 4399322
2932 3744 4399325
2927 3744 4399328
2930 3744 4399331
2928 3745 4399334
2895 3679 4399337
2930 3742 4399340
2930 3741 4399343
2945 3749 4399346
2931 3738 4399349
2927 3747 4399352
2929 3744 4399355
2929 3743 4399358
2926 3744 4399361
2928 3744 4399364
2929 3743 4399367
2928 3742 4399370
2927 3746 4399373
2928 3744 4399376
3218 3744 4399379
2913 3752 4399382
2926 3732 4399385
2903 3744 4399388
2940 3754 4399391
2924 3738 4399394
2924 3747 4399397
2930 3743 4399400
2928 3742 4399403
2926 3747 4399406
2929 3745 4399409
2930 3747 4399412
2931 3745 4399415
2928 3745 4399418
2928 3749 4399421
2949 3736 4399424
2924 3765 4399427
2957 3728 4399430
2909 3738 4399433
2937 3753 4399436
2930 3741 4399439
2928 3747 4399442
2932 3745 4399445
2926 3742 4399448
2929 3747 4399451
2928 3743 4399454
2929 3746 4399457
2927 3744 4399460
2930 3714 4399463
2982 3741 4399466
2925 3748 4399469
2945 3778 4399472
2936 3730 4399475
2918 3748 4399478
2935 3748 4399481
2927 3742 4399484
2929 3747 4399487
2930 3745 4399490
2925 3744 4399493
2930 3747 4399496
2927 3743 4399499
2928 3745 4399502
2930 3760 4399505
2921 3726 4399508
2939 3742 4399511
2898 3706 4399514
2933 3765 4399517
2939 3742 4399520
2922 3741 4399523
2928 3748 4399526
2927 3743 4399529
2925 3744 4399532
2929 3744 4399535
2929 3744 4399538
2930 3745 4399541
2930 3746 4399544
2929 3743 4399547
2940 3762 4399550
2922 3746 4399553
2956 3761 4399556
2902 3723 4399559
2931 3754 4399562
2932 3741 4399565
2926 3743 4399568
2931 3746 4399571
2930 3747 4399574
2921 3745 4399577
2930 3743 4399580
2927 3745 4399583
2928 3746 4399586
2928 3746 4399589
2895 3825 4399592
2933 3741 4399595
2930 3749 4399598
2961 3754 4399601
2919 3732 4399604
2927 3750 4399607
2938 3745 4399610
2925 3741 4399613
2930 3746 4399616
2930 3743 4399619
2928 3744 4399622
2927 3742 4399625
2929 3744 4399628
2927 3744 4399631
2929 3741 4399634
2903 3755 4399637
2926 3734 4399640
2893 3734 4399643
2943 3756 4399646
2928 3735 4399649
2926 3746 4399652
2933 3745 4399655
2924 3742 4399658
2929 3743 4399661
2929 3744 4399664
2929 3741 4399667
2930 3745 4399670
2928 3743 4399673
2928 3722 4399676
2977 3736 4399679
2927 3748 4399682
2959 3773 4399685
2928 3729 4399688
2917 3746 4399691
2936 3746 4399694
2925 3741 4399697
2928 3747 4399700
2927 3746 4399703
2927 3745 4399706
2931 3743 4399709
2927 3743 4399712
2928 3744 4399715
2929 3744 4399718
2925 3715 4399721
2932 3741 4399724
2916 3709 4399727
2919 3757 4399730
2943 3745 4399733
2923 3742 4399736
2930 3750 4399739
2932 3742 4399742
2927 3744 4399745
2926 3746 4399748
2929 3743 4399751
2928 3743 4399754
2926 3743 4399757
2928 3746 4399760
2906 3813 4399763
2925 3742 4399766
2930 3779 4399769
2956 3740 4399772
2912 3737 4399775
2931 3751 4399778
2929 3743 4399781
2926 3747 4399784
2933 3745 4399787
2926 3744 4399790
2931 3744 4399793
2929 3744 4399796
2930 3745 4399799
2928 3743 4399802
2929 3757 4399805
2927 3747 4399808
2928 3758 4399811
2904 3718 4399814
2927 3757 4399817
2939 3744 4399820
2920 3743 4399823
2935 3746 4399826
2928 3744 4399829
2924 3744 4399832
2928 3745 4399835
2928 3741 4399838
2929 3745 4399841
2929 3743 4399844
2929 3723 4399847
2859 3758 4399850
2927 3744 4399853
2903 3766 4399856
2954 3747 4399859
2918 3736 4399862
2931 3752 4399865
2929 3744 4399868
2926 3743 4399871
2930 3747 4399874
2930 3744 4399877
2927 3745 4399880
2930 3746 4399883
2928 3747 4399886
2926 3741 4399889
2920 3788 4399892
2917 3745 4399895
2940 3786 4399898
2924 3726 4399901
2918 3746 4399904
2934 3748 4399907
2925 3739 4399910
2930 3747 4399913
2929 3744 4399916
2931 3746 4399919
2927 3742 4399922
2929 3745 4399925
2929 3743 4399928
2929 3743 4399931
2930 3748 4399934
2907 3751 4399937
2925 3737 4399940
2892 3733 4399943
2939 3760 4399946
2930 3739 4399949
2925 3747 4399952
2931 3745 4399955
2930 3744 4399958
2929 3743 4399961
2928 3743 4399964
2926 3744 4399967
2927 3746 4399970
2928 3746 4399973
2928 3740 4399976
2962 3754 4399979
2933 3740 4399982
2889 3747 4399985
2954 3768 4399988
2923 3736 4399991
2924 3747 4399994
2934 3744 4399997
2930 3745 4400001
2932 3747 4400004
2928 3743 4400007
2927 3746 4400010
2930 3744 4400013
2926 3744 4400016
2926 3746 4400019
2895 3827 4400022
2932 3741 4400025
2932 3765 4400028
2963 3751 4400031
2913 3734 4400034
2929 3753 4400037
2931 3740 4400040
2929 3744 4400043
2930 3744 4400046
2931 3744 4400049
2927 3745 4400052
2931 3745 4400054
2926 3741 4400057
2929 3744 4400060
2928 3734 4400063
2976 3733 4400066
2931 3754 4400069
2968 3742 4400072
2910 3734 4400075
2932 3755 4400078
2933 3743 4400081
2925 3744 4400084
2932 3748 4400087
2929 3742 4400090
2929 3749 4400093
2928 3741 4400096
2929 3746 4400099
2927 3744 4400102
2927 3742 4400105
2940 3758 4400108
2922 3746 4400111
2956 3747 4400114
2902 3730 4400117
2936 3758 4400120
2932 3740 4400123
2925 3743 4400126
2929 3745 4400129
2929 3743 4400132
2927 3747 4400135
2932 3741 4400138
2928 3746 4400141
2929 3743 4400144
2929 3744 4400147
2928 3753 4400150
2926 3744 4400153
2932 3765 4400156
2911 3717 4400159
2924 3757 4400162
2941 3745 4400165
2922 3740 4400168
2930 3745 4400171
2928 3746 4400174
2927 3736 4400177
2931 3747 4400180
2929 3744 4400183
2928 3745 4400186
2934 3743 4400189
2929 3745 4400192
2938 3736 4400195
2930 3746 4400198
2938 3710 4400201
2909 3751 4400204
2943 3753 4400207
2926 3738 4400210
2928 3749 4400213
2931 3743 4400216
2929 3744 4400219
2929 3746 4400222
2927 3745 4400225
2927 3744 4400228
2931 3745 4400231
2927 3742 4400234
2929 3744 4400237
2900 3752 4400240
2926 3723 4400243
2898 3744 4400246
2943 3757 4400249
2926 3738 4400252
2924 3747 4400255
2933 3744 4400258
2925 3742 4400261
2931 3747 4400264
2928 3742 4400267
2925 3744 4400270
2928 3745 4400273
2928 3744 4400276
2930 3748 4400279
2931 3714 4400282
2937 3744 4400285
2912 3706 4400288
2924 3760 4400291
2939 3745 4400294
2922 3742 4400297
2930 3746 4400300
2930 3743 4400303
2927 3744 4400306
2931 3744 4400309
2929 3746 4400312
2928 3736 4400315
2930 3745 4400318
2931 3745 4400321
2929 3745 4400324
2897 3753 4400327
2926 3720 4400330
2894 3743 4400333
2947 3756 4400336
2931 3736 4400339
2927 3748 4400342
2934 3745 4400345
2928 3743 4400348
2929 3744 4400351
2928 3746 4400354
2931 3743 4400357
2926 3743 4400360
2929 3741 4400363
2926 3720 4400366
2425 3755 4400369
2926 3745 4400372
2901 3765 4400375
2954 3750 4400378
2918 3734 4400381
2928 3750 4400384
2932 3742 4400387
2929 3745 4400390
2929 3744 4400393
2929 3742 4400396
2926 3743 4400399
2929 3742 4400402
2930 3744 4400405
2930 3745 4400408
2907 3759 4400411
2924 3744 4400414
2929 3786 4400417
2948 3734 4400420
2914 3741 4400423
2934 3749 4400426
2930 3742 4400429
2927 3746 4400432
2932 3742 4400435
2928 3747 4400438
2931 3747 4400441
2931 3745 4400444
2926 3742 4400447
2929 3745 4400450
2926 3753 4400453
2943 3736 4400456
2929 3772 4400459
2934 3716 4400462
2914 3750 4400465
2941 3748 4400468
2925 3744 4400471
2929 3750 4400474
2930 3746 4400477
2926 3742 4400480
2930 3746 4400483
2928 3743 4400486
2929 3748 4400489
2927 3746 4400492
2931 3746 4400495
2927 3719 4400498
2939 3741 4400501
2904 3712 4400504
2928 3762 4400507
2940 3742 4400510
2920 3740 4400513
2935 3749 4400516
2929 3742 4400519
2929 3746 4400522
2927 3747 4400525
2931 3747 4400528
2929 3742 4400531
2931 3745 4400534
2928 3745 4400537
2909 3800 4400540
2944 3741 4400543
2928 3726 4400546
2955 3768 4400549
2924 3729 4400552
2923 3746 4400555
2930 3745 4400558
2928 3742 4400561
2927 3745 4400564
2930 3743 4400567
2928 3746 4400570
2930 3743 4400573
2929 3743 4400576
2929 3743 4400579
2927 3734 4400582
2977 3734 4400585
2930 3757 4400588
2967 3737 4400591
2910 3735 4400594
2932 3753 4400597
2932 3742 4400600
2925 3746 4400603
2929 3747 4400606
2929 3744 4400609
2929 3744 4400612
2928 3745 4400615
2927 3745 4400618
2927 3744 4400621
2927 3743 4400624
2938 3721 4400627
2934 3742 4400630
2924 3708 4400633
2916 3757 4400636
2941 3746 4400639
2921 3742 4400642
2929 3747 4400645
2927 3744 4400648
2927 3742 4400651
2927 3747 4400654
2926 3746 4400657
2928 3744 4400660
2929 3744 4400663
2928 3741 4400666
2895 3053 4400669
2941 3741 4400672
2927 3717 4400675
2943 3769 4400678
2932 3735 4400681
2919 3743 4400684
2932 3750 4400687
2923 3741 4400690
2927 3747 4400693
2930 3745 4400696
2928 3744 4400699
2928 3746 4400702
2928 3744 4400705
2930 3745 4400708
2926 3720 4400711
3016 3732 4400714
2928 3748 4400717
2970 3749 4400720
2910 3726 4400723
2930 3753 4400726
2934 3743 4400729
2924 3744 4400732
2929 3746 4400735
2928 3743 4400738
2929 3744 4400741
2930 3744 4400744
2928 3743 4400747
2929 3749 4400750
2928 3744 4400753
2939 3734 4400756
2930 3748 4400759
2945 3719 4400762
2901 3743 4400765
2942 3753 4400768
2926 3739 4400771
2927 3746 4400774
2930 3743 4400777
2928 3744 4400780
2928 3746 4400783
2930 3744 4400786
2928 3743 4400789
2928 3745 4400792
2930 3745 4400795
2947 3769 4400798
2939 3749 4400801
2925 3701 4400804
2932 3767 4400807
2938 3737 4400810
2917 3740 4400813
2931 3750 4400816
2931 3743 4400819
2927 3745 4400822
2931 3749 4400825
2926 3741 4400828
2928 3743 4400831
2928 3744 4400834
2928 3744 4400837
2929 3728 4400840
3006 3733 4400843
2927 3745 4400846
2962 3753 4400849
2924 3734 4400852
2924 3744 4400855
2930 3748 4400858
2927 3744 4400861
2926 3744 4400864
2929 3744 4400867
2928 3747 4400870
2929 3745 4400873
2927 3743 4400876
2926 3746 4400879
2928 3746 4400882
2937 3735 4400885
2929 3743 4400888
2942 3731 4400891
2943 3744 4400894
2930 3746 4400897
2929 3746 4400900
2928 3744 4400903
2929 3742 4400906
2924 3742 4400909
2928 3745 4400912
2930 3744 4400915
2928 3744 4400918
2926 3744 4400921
2929 3746 4400924
2916 3131 4400927
2934 3742 4400930
2927 3747 4400933
2926 3743 4400936
2931 3745 4400939
2928 3743 4400942
2930 3744 4400945
2929 3744 4400948
2929 3746 4400951
2928 3746 4400954
2929 3745 4400957
2927 3742 4400960
2929 3743 4400963
2926 3744 4400966
2928 3735 4400969
2942 3743 4400972
2926 3741 4400975
2929 3747 4400978
2937 3743 4400981
2930 3746 4400984
2927 3742 4400987
2931 3741 4400990
2927 3742 4400993
2929 3746 4400996
2928 3743 4401000
2928 3745 4401003
2929 3745 4401006
2929 3743 4401009
2930 3745 4401012
2933 3735 4401015
2928 3743 4401018
2929 3745 4401021
2929 3739 4401024
2926 3746 4401027
2931 3743 4401030
2929 3744 4401033
2928 3743 4401036
2927 3743 4401039
2932 3742 4401042
2927 3745 4401044
2928 3741 4401047
2929 3744 4401050
2928 3746 4401053
2920 4077 4401056
2926 3744 4401059
2927 3742 4401062
2925 3745 4401065
2926 3748 4401068
2930 3745 4401071
2929 3744 4401074
2928 3745 4401077
2930 3749 4401080
2932 3744 4401083
2926 3732 4401086
2927 3729 4401089
2926 3728 4401092
2925 3728 4401095
2940 3715 4401098
3006 3681 4401101
3105 3618 4401104
3233 3553 4401107
3345 3474 4401110
3445 3403 4401113
3536 3324 4401116
3615 3261 4401119
3659 3245 4401122
3663 3252 4401125
3651 3263 4401128
3645 3267 4401131
3643 3267 4401134
3646 3264 4401137
3650 2918 4401140
3651 3260 4401143
3654 3262 4401146
3657 3261 4401149
3652 3258 4401152
3655 3261 4401155
3654 3258 4401158
3653 3259 4401161
3653 3258 4401164
3652 3261 4401167
3654 3259 4401170
3655 3259 4401173
3650 3259 4401176
3652 3258 4401179
3651 3256 4401182
3658 3360 4401185
3652 3259 4401188
3653 3254 4401191
3652 3260 4401194
3652 3258 4401197
3652 3258 4401200
3652 3258 4401203
3654 3259 4401206
3651 3258 4401209
3655 3259 4401212
3651 3255 4401215
3654 3259 4401218
3655 3264 4401221
3653 3259 4401224
3654 3262 4401227
3650 3256 4401230
3652 3260 4401233
3656 3259 4401236
3653 3257 4401239
3651 3258 4401242
3654 3259 4401245
3652 3256 4401248
3654 3256 4401251
3654 3259 4401254
3654 3255 4401257
3653 3256 4401260
3652 3256 4401263
3654 3259 4401266
3654 3015 4401269
3655 3261 4401272
3651 3255 4401275
3656 3256 4401278
3652 3256 4401281
3655 3258 4401284
3651 3257 4401287
3651 3257 4401290
3654 3258 4401293
3654 3258 4401296
3654 3258 4401299
3654 3258 4401302
3654 3258 4401305
3659 3258 4401308
3653 3258 4401311
3669 3404 4401314
3654 3260 4401317
3652 3255 4401320
3650 3255 4401323
3653 3258 4401326
3651 3257 4401329
3652 3258 4401332
3654 3259 4401335
3655 3258 4401338
3651 3256 4401341
3652 3255 4401344
3652 3253 4401347
3651 3252 4401350
3649 3253 4401353
3651 3256 4401356
