1497 135 2712425
1496 134 2712428
1498 134 2712431
1498 135 2712434
1497 135 2712437
1497 134 2712440
1498 134 2712443
1495 163 2712446
1673 132 2712449
1496 133 2712452
1496 134 2712455
1494 135 2712458
1496 131 2712461
1498 133 2712464
1498 136 2712467
1496 133 2712470
1496 133 2712473
1497 133 2712476
1498 134 2712479
1496 133 2712482
1497 135 2712485
1499 135 2712488
1476 190 2712491
1496 134 2712494
1498 132 2712497
1498 136 2712500
1500 134 2712503
1496 135 2712506
1498 134 2712509
1497 134 2712512
1498 132 2712515
1498 132 2712518
1499 134 2712521
1498 133 2712524
1496 133 2712527
1499 132 2712530
1500 130 2712533
1509 133 2712536
1498 127 2712539
1498 133 2712542
1499 133 2712545
1494 131 2712548
1496 132 2712551
1498 135 2712554
1498 135 2712557
1498 132 2712560
1499 132 2712563
1499 134 2712566
1496 130 2712569
1497 133 2712572
1500 133 2712575
1498 142 2712578
1498 130 2712581
1497 136 2712584
1496 133 2712587
1497 133 2712590
1496 132 2712593
1498 135 2712596
1498 133 2712599
1499 131 2712602
1497 136 2712605
1497 133 2712608
1497 134 2712611
1498 133 2712614
1496 133 2712617
1499 134 2712620
1503 134 2712623
1492 137 2712626
1497 134 2712629
1498 133 2712632
1497 137 2712635
1497 137 2712638
1497 132 2712641
1497 134 2712644
1496 134 2712647
1495 133 2712650
1499 134 2712653
1498 134 2712656
1498 134 2712659
1497 23 2712662
1499 135 2712665
1498 135 2712668
1498 134 2712671
1494 136 2712674
1498 135 2712677
1498 131 2712680
1496 132 2712683
1496 135 2712686
1497 132 2712689
1495 134 2712692
1497 134 2712695
1498 135 2712698
1499 136 2712701
1499 136 2712704
1421 0 2712707
1495 134 2712710
1497 131 2712713
1493 133 2712716
1499 136 2712719
1492 133 2712722
1494 133 2712725
1497 134 2712728
1497 136 2712731
1497 137 2712734
1497 135 2712737
1498 132 2712740
1497 137 2712743
1496 134 2712746
1496 140 2712749
1623 134 2712752
1498 135 2712755
1493 133 2712758
1497 136 2712761
1498 135 2712764
1497 138 2712767
1495 136 2712770
1496 133 2712773
1497 135 2712776
1496 133 2712779
1496 132 2712782
1498 134 2712785
1497 136 2712788
1497 133 2712791
1493 126 2712794
1500 137 2712797
1492 133 2712800
1500 135 2712803
1497 132 2712806
1496 133 2712809
1496 132 2712812
1495 131 2712815
1497 133 2712818
1497 134 2712821
1496 132 2712824
1497 136 2712827
1496 136 2712830
1496 135 2712833
1496 143 2712836
1526 134 2712839
1497 131 2712842
1496 135 2712845
1497 130 2712848
1496 132 2712851
1499 134 2712854
1496 131 2712857
1497 137 2712860
1501 134 2712863
1497 135 2712866
1498 135 2712869
1499 132 2712872
1498 134 2712875
1497 132 2712878
1492 125 2712881
1498 135 2712884
1501 137 2712887
1497 131 2712890
1498 134 2712893
1499 134 2712896
1495 133 2712899
1496 134 2712902
1499 133 2712905
1498 134 2712908
1497 134 2712911
1495 131 2712914
1496 134 2712917
1498 134 2712920
889 134 2712923
1495 137 2712926
1500 138 2712929
1497 134 2712932
1497 135 2712935
1497 134 2712938
1497 133 2712941
1496 132 2712944
1496 134 2712947
1496 135 2712950
1499 133 2712953
1497 133 2712956
1499 137 2712959
1499 132 2712962
1498 122 2712965
1701 134 2712968
1498 132 2712971
1494 131 2712974
1496 133 2712977
1497 133 2712980
1498 133 2712983
1498 132 2712986
1495 134 2712989
1498 137 2712992
1499 135 2712995
1498 134 2712998
1496 133 2713002
1496 133 2713005
1499 134 2713008
1494 124 2713011
1497 138 2713014
1494 129 2713017
1497 133 2713020
1498 135 2713023
1495 136 2713026
1502 132 2713029
1498 134 2713032
1497 134 2713035
1500 138 2713038
1499 133 2713040
1496 134 2713043
1496 135 2713046
1499 134 2713049
1497 139 2713052
1504 133 2713055
1498 136 2713058
1498 135 2713061
1495 135 2713064
1498 133 2713067
1497 133 2713070
1498 133 2713073
1495 133 2713076
1495 135 2713079
1496 135 2713082
1498 136 2713085
1496 134 2713088
1496 134 2713091
1498 180 2713094
1498 137 2713097
1498 136 2713100
1500 131 2713103
1496 131 2713106
1496 133 2713109
1498 133 2713112
1497 134 2713115
1498 133 2713118
1495 136 2713121
1498 135 2713124
1498 134 2713127
1499 137 2713130
1498 135 2713133
1498 134 2713136
1499 255 2713139
1496 136 2713142
1496 128 2713145
1497 136 2713148
1501 136 2713151
1496 132 2713154
1499 134 2713157
1501 134 2713160
1497 136 2713163
1499 134 2713166
1498 132 2713169
1496 134 2713172
1498 133 2713175
1498 131 2713178
1498 132 2713181
1496 135 2713184
1496 133 2713187
1500 136 2713190
1499 133 2713193
1498 135 2713196
1499 137 2713199
1499 130 2713202
1497 133 2713205
1498 134 2713208
1497 132 2713211
1499 134 2713214
1499 136 2713217
1495 133 2713220
1500 223 2713223
2466 135 2713226
1498 134 2713229
1498 132 2713232
1494 132 2713235
1498 136 2713238
1497 131 2713241
1496 132 2713244
1498 134 2713247
1497 136 2713250
1496 133 2713253
1497 132 2713256
1499 134 2713259
1498 133 2713262
1498 134 2713265
1493 84 2713268
1497 134 2713271
1493 130 2713274
1499 134 2713277
1498 134 2713280
1497 136 2713283
1494 131 2713286
1499 133 2713289
1498 132 2713292
1496 134 2713295
1501 132 2713298
1501 131 2713301
1497 136 2713304
1497 132 2713307
1674 132 2713310
1495 135 2713313
1498 134 2713316
1494 130 2713319
1498 135 2713322
1501 134 2713325
1496 132 2713328
1500 133 2713331
1497 132 2713334
1498 132 2713337
1496 131 2713340
1496 132 2713343
1499 136 2713346
1499 133 2713349
1497 134 2713352
1493 134 2713355
1499 138 2713358
1500 136 2713361
1495 128 2713364
1497 134 2713367
1498 132 2713370
1494 132 2713373
1501 134 2713376
1498 134 2713379
1500 134 2713382
1496 134 2713385
1497 138 2713388
1496 133 2713391
1496 128 2713394
1452 134 2713397
1496 130 2713400
1496 136 2713403
1497 134 2713406
1495 135 2713409
1498 135 2713412
1498 133 2713415
1493 133 2713418
1499 134 2713421
1497 134 2713424
1496 136 2713427
1497 137 2713430
1500 133 2713433
1497 79 2713436
1674 132 2713439
1497 135 2713442
1495 133 2713445
1497 136 2713448
1496 137 2713451
1497 135 2713454
1497 136 2713457
1494 135 2713460
1497 136 2713463
1496 132 2713466
1496 134 2713469
1495 134 2713472
1496 133 2713475
1497 133 2713478
1499 140 2713481
1498 134 2713484
1502 136 2713487
1497 134 2713490
1494 135 2713493
1497 134 2713496
1499 132 2713499
1497 134 2713502
1498 134 2713505
1496 133 2713508
1498 132 2713511
1499 135 2713514
1496 135 2713517
1497 134 2713520
1496 86 2713523
1496 135 2713526
1492 135 2713529
1498 131 2713532
1498 136 2713535
1497 134 2713538
1496 132 2713541
1496 134 2713544
1498 136 2713547
1495 134 2713550
1497 134 2713553
1499 134 2713556
1495 134 2713559
1499 136 2713562
1576 0 2713565
1498 135 2713568
1496 131 2713571
1493 136 2713574
1497 137 2713577
1498 134 2713580
1495 132 2713583
1498 135 2713586
1497 135 2713589
1498 135 2713592
1496 133 2713595
1500 132 2713598
1497 133 2713601
1497 132 2713604
1497 129 2713607
1496 134 2713610
1499 136 2713613
1498 133 2713616
1495 133 2713619
1499 135 2713622
1501 135 2713625
1499 136 2713628
1499 133 2713631
1499 133 2713634
1496 132 2713637
1497 133 2713640
1501 133 2713643
1500 134 2713646
1495 152 2713649
1636 135 2713652
1500 134 2713655
1494 135 2713658
1498 135 2713661
1498 133 2713664
1498 133 2713667
1497 132 2713670
1499 133 2713673
1501 135 2713676
1499 134 2713679
1492 135 2713682
1499 133 2713685
1498 134 2713688
1498 136 2713691
1497 123 2713694
1496 134 2713697
1502 135 2713700
1499 130 2713703
1495 132 2713706
1498 133 2713709
1498 127 2713712
1496 131 2713715
1497 134 2713718
1498 133 2713721
1498 132 2713724
1498 135 2713727
1497 133 2713730
1496 133 2713733
1514 211 2713736
1500 135 2713739
1498 131 2713742
1497 136 2713745
1497 133 2713748
1496 136 2713751
1500 137 2713754
1497 135 2713757
1496 136 2713760
1497 135 2713763
1498 135 2713766
1497 135 2713769
1497 135 2713772
1498 134 2713775
1496 132 2713778
1494 133 2713781
1497 137 2713784
1500 136 2713787
1492 132 2713790
1497 138 2713793
1499 134 2713796
1497 134 2713799
1497 134 2713802
1497 133 2713805
1498 135 2713808
1496 134 2713811
1494 132 2713814
1498 134 2713817
1498 238 2713820
1537 134 2713823
1498 137 2713826
1498 132 2713829
1494 133 2713832
1497 134 2713835
1497 132 2713838
1496 134 2713841
1497 134 2713844
1494 134 2713847
1501 136 2713850
1499 132 2713853
1499 136 2713856
1499 134 2713859
1497 134 2713862
1469 198 2713865
1495 134 2713868
1496 131 2713871
1498 135 2713874
1498 132 2713877
1496 134 2713880
1499 134 2713883
1499 133 2713886
1498 138 2713889
1497 136 2713892
1496 131 2713895
1496 132 2713898
1495 138 2713901
1496 132 2713904
1498 135 2713907
1504 134 2713910
1494 135 2713913
1502 134 2713916
1499 133 2713919
1497 135 2713922
1498 134 2713925
1499 132 2713928
1497 134 2713931
1494 132 2713934
1496 131 2713937
1499 133 2713940
1497 136 2713943
1495 134 2713946
1499 793 2713949
1497 138 2713952
1499 136 2713955
1500 133 2713958
1496 132 2713961
1499 135 2713964
1498 133 2713967
1495 133 2713970
1498 134 2713973
1497 135 2713976
1497 132 2713979
1498 133 2713982
1498 134 2713985
1497 136 2713988
1499 134 2713991
1495 191 2713994
1498 134 2713997
1497 130 2714001
1495 135 2714004
1497 132 2714007
1498 133 2714010
1499 132 2714013
1498 129 2714016
1497 136 2714019
1500 134 2714022
1499 133 2714025
1497 131 2714028
1501 136 2714030
1498 133 2714033
1498 139 2714036
1461 137 2714039
1496 132 2714042
1496 134 2714045
1499 134 2714048
1499 133 2714051
1499 133 2714054
1499 132 2714057
1499 133 2714060
1499 132 2714063
1498 132 2714066
1497 134 2714069
1495 133 2714072
1499 135 2714075
1497 130 2714078
1494 121 2714081
1496 134 2714084
1501 135 2714087
1499 131 2714090
1497 134 2714093
1496 133 2714096
1498 132 2714099
1498 133 2714102
1495 133 2714105
1498 134 2714108
1498 135 2714111
1498 137 2714114
1498 136 2714117
1500 132 2714120
1600 177 2714123
1494 133 2714126
1497 131 2714129
1496 132 2714132
1497 135 2714135
1495 134 2714138
1496 134 2714141
1498 136 2714144
1497 138 2714147
1497 133 2714150
1496 133 2714153
1496 134 2714156
1496 135 2714159
1498 133 2714162
1497 141 2714165
1544 135 2714168
1495 133 2714171
1494 134 2714174
1499 135 2714177
1497 136 2714180
1498 137 2714183
1498 132 2714186
1498 134 2714189
1497 133 2714192
1497 133 2714195
1497 135 2714198
1497 135 2714201
1494 134 2714204
1497 133 2714207
1498 132 2714210
1497 135 2714213
1498 136 2714216
1495 131 2714219
1495 136 2714222
1498 133 2714225
1496 133 2714228
1496 135 2714231
1496 136 2714234
1496 132 2714237
1499 134 2714240
1499 134 2714243
1498 136 2714246
1498 134 2714249
1487 203 2714252
1496 135 2714255
1496 129 2714258
1496 133 2714261
1497 133 2714264
1495 134 2714267
1497 131 2714270
1497 133 2714273
1498 136 2714276
1498 134 2714279
1496 133 2714282
1499 135 2714285
1497 135 2714288
1497 133 2714291
1497 131 2714294
1511 132 2714297
1499 137 2714300
1498 131 2714303
1496 136 2714306
1498 135 2714309
1497 132 2714312
1496 133 2714315
1498 132 2714318
1498 134 2714321
1498 133 2714324
1497 132 2714327
1498 134 2714330
1500 133 2714333
1495 128 2714336
1426 134 2714339
1499 134 2714342
1494 129 2714345
1499 136 2714348
1499 132 2714351
1496 135 2714354
1497 134 2714357
1496 132 2714360
1497 134 2714363
1498 139 2714366
1494 134 2714369
1498 134 2714372
1498 133 2714375
1498 137 2714378
1498 144 2714381
1498 133 2714384
1500 134 2714387
1496 131 2714390
1496 133 2714393
1500 136 2714396
1499 133 2714399
1497 132 2714402
1498 136 2714405
1498 135 2714408
1498 135 2714411
1497 135 2714414
1497 133 2714417
1495 133 2714420
1512 252 2714423
1497 133 2714426
1497 131 2714429
1497 134 2714432
1497 134 2714435
1497 137 2714438
1501 135 2714441
1497 136 2714444
1497 133 2714447
1500 133 2714450
1498 133 2714453
1495 131 2714456
1495 135 2714459
1497 132 2714462
2267 132 2714465
1499 135 2714468
3821 904 2700071
3819 901 2700074
3815 902 2700077
3815 904 2700080
3821 904 2700083
3871 896 2700086
3818 916 2700089
3859 902 2700092
3800 904 2700095
3821 913 2700098
3823 901 2700101
3815 902 2700104
3818 904 2700107
3816 903 2700110
3821 904 2700113
3818 903 2700116
3819 905 2700119
3818 904 2700122
3820 885 2700125
3813 920 2700128
3813 905 2700131
3781 912 2700134
3843 914 2700137
3811 893 2700140
3815 910 2700143
3822 900 2700146
3818 901 2700149
3818 906 2700152
3817 904 2700155
3818 903 2700158
3819 904 2700161
3818 903 2700164
3820 905 2700167
3840 914 2700170
3812 907 2700173
3845 918 2700176
3795 883 2700179
3821 914 2700182
3825 905 2700185
3813 906 2700188
3823 905 2700191
3821 902 2700194
3817 905 2700197
3816 902 2700200
3818 900 2700203
3818 904 2700206
3816 903 2700209
3790 942 2700212
3828 907 2700215
3817 862 2700218
3807 924 2700221
3834 901 2700224
3809 901 2700227
3820 908 2700230
3822 902 2700233
3818 902 2700236
3819 905 2700239
3819 904 2700242
3819 903 2700245
3817 907 2700248
3819 906 2700251
3817 881 2700254
3890 900 2700257
3817 905 2700260
3837 927 2700263
3817 901 2700266
3814 902 2700269
3821 903 2700272
3820 901 2700275
3821 902 2700278
3818 905 2700281
3821 906 2700284
3816 903 2700287
3818 904 2700290
3819 904 2700293
3815 905 2700296
3814 926 2700299
3814 903 2700302
3831 925 2700305
3818 892 2700308
3817 902 2700311
3819 906 2700314
3819 903 2700317
3816 902 2700320
3818 905 2700323
3817 904 2700326
3820 904 2700329
3821 903 2700332
3818 906 2700335
3812 910 2700338
3809 911 2700341
3824 904 2700344
3808 890 2700347
3792 836 2700350
3734 768 2700353
3688 714 2700356
3640 655 2700359
3580 594 2700362
3515 533 2700365
3445 472 2700368
3370 410 2700371
3274 345 2700374
3188 308 2700377
3153 302 2700380
3166 318 2700383
3187 359 2700386
3206 334 2700389
3203 328 2700392
3199 322 2700395
3190 317 2700398
3190 316 2700401
3191 318 2700404
3190 318 2700407
3192 321 2700410
3192 321 2700413
3191 321 2700416
3187 319 2700419
3190 314 2700422
3189 321 2700425
3190 310 2700428
3271 322 2700431
3187 320 2700434
3185 318 2700437
3188 323 2700440
3190 322 2700443
3188 321 2700446
3189 322 2700449
3186 322 2700452
3189 325 2700455
3189 322 2700458
3188 321 2700461
3188 323 2700464
3190 320 2700467
3187 321 2700470
3237 319 2700473
3188 320 2700476
3187 324 2700479
3186 320 2700482
3187 323 2700485
3191 323 2700488
3190 320 2700491
3188 323 2700494
3188 321 2700497
3189 320 2700500
3189 323 2700503
3188 323 2700506
3188 321 2700509
3189 324 2700512
3188 324 2700515
3181 295 2700518
3188 325 2700521
3185 321 2700524
3189 324 2700527
3189 321 2700530
3187 322 2700533
3189 323 2700536
3188 324 2700539
3188 323 2700542
3188 322 2700545
3190 323 2700548
3186 322 2700551
3186 324 2700554
3188 323 2700557
3187 345 2700560
3187 329 2700563
3186 324 2700566
3186 327 2700569
3181 329 2700572
3180 328 2700575
3184 329 2700578
3184 331 2700581
3181 328 2700584
3182 331 2700587
3183 333 2700590
3180 334 2700593
3182 332 2700596
3183 331 2700599
3181 334 2700602
3181 332 2700605
3312 331 2700608
3181 339 2700611
3178 333 2700614
3181 335 2700617
3180 333 2700620
3182 335 2700623
3181 335 2700626
3182 333 2700629
3183 336 2700632
3183 335 2700635
3181 331 2700638
3180 332 2700641
3180 334 2700644
3182 335 2700647
3181 327 2700650
3189 331 2700653
3183 334 2700656
3184 336 2700659
3183 331 2700662
3181 334 2700665
3185 333 2700668
3183 331 2700671
3183 331 2700674
3183 333 2700677
3183 333 2700680
3182 330 2700683
3183 330 2700686
3184 332 2700689
3183 332 2700692
3183 333 2700695
3186 331 2700698
3184 336 2700701
3185 330 2700704
3182 333 2700707
3186 332 2700710
3186 331 2700713
3182 330 2700716
3184 331 2700719
3184 330 2700722
3183 331 2700725
3184 332 2700728
3186 332 2700731
3185 331 2700734
3183 327 2700737
3281 0 2700740
3188 330 2700743
3185 327 2700746
3179 318 2700749
3184 331 2700752
3186 328 2700755
3185 327 2700758
3188 330 2700761
3184 327 2700764
3185 327 2700767
3185 326 2700770
3185 327 2700773
3184 327 2700776
3185 326 2700779
3183 329 2700782
3195 348 2700785
3188 329 2700788
3185 326 2700791
3187 332 2700794
3187 328 2700797
3184 326 2700800
3184 327 2700803
3185 325 2700806
3184 327 2700809
3187 329 2700812
3184 327 2700815
3185 329 2700818
3186 328 2700821
3188 327 2700824
3187 330 2700827
3191 332 2700830
3185 328 2700833
3185 328 2700836
3187 326 2700839
3185 325 2700842
3186 327 2700845
3185 324 2700848
3187 329 2700851
3187 324 2700854
3186 327 2700857
3187 328 2700860
3188 324 2700863
3185 326 2700866
3185 326 2700869
3185 1065 2700872
3184 326 2700875
3188 325 2700878
3188 324 2700881
3187 326 2700884
3189 327 2700887
3187 328 2700890
3186 326 2700893
3187 323 2700896
3185 325 2700899
3187 326 2700902
3186 325 2700905
3187 325 2700908
3185 324 2700911
3186 325 2700914
3186 303 2700917
3210 323 2700920
3190 327 2700923
3184 327 2700926
3188 324 2700929
3186 325 2700932
3188 324 2700935
3187 324 2700938
3187 325 2700941
3188 326 2700944
3186 326 2700947
3185 323 2700950
3187 325 2700953
3187 326 2700956
3185 321 2700959
3188 321 2700962
3193 323 2700965
3187 329 2700968
3189 321 2700971
3187 323 2700974
3188 327 2700977
3187 324 2700980
3186 323 2700983
3188 325 2700986
3187 325 2700989
3189 323 2700992
3188 324 2700995
3189 324 2700998
3187 320 2701002
3187 323 2701005
3206 436 2701008
3189 325 2701011
3188 320 2701014
3190 326 2701017
3191 321 2701020
3188 322 2701023
3189 320 2701026
3188 322 2701029
3188 324 2701032
3187 327 2701034
3189 322 2701037
3188 322 2701040
3187 321 2701043
3189 322 2701046
3187 301 2701049
2228 327 2701052
3188 320 2701055
3188 318 2701058
3187 324 2701061
3190 323 2701064
3187 322 2701067
3188 325 2701070
3188 324 2701073
3187 327 2701076
3190 323 2701079
3190 323 2701082
3190 325 2701085
3192 323 2701088
3187 323 2701091
3129 323 2701094
3189 326 2701097
3187 323 2701100
3187 320 2701103
3189 324 2701106
3191 325 2701109
3189 321 2701112
3190 322 2701115
3189 324 2701118
3187 322 2701121
3188 320 2701124
3189 324 2701127
3189 324 2701130
3188 321 2701133
3189 322 2701136
3188 329 2701139
3189 322 2701142
3193 326 2701145
3191 323 2701148
3189 324 2701151
3189 322 2701154
3188 323 2701157
3188 325 2701160
3190 324 2701163
3187 321 2701166
3188 325 2701169
3187 323 2701172
3187 323 2701175
3186 324 2701178
3187 323 2701181
3181 323 2701184
3186 325 2701187
3190 322 2701190
3188 322 2701193
3189 324 2701196
3187 322 2701199
3190 324 2701202
3189 323 2701205
3190 324 2701208
3188 326 2701211
3191 324 2701214
3189 321 2701217
3188 321 2701220
3189 324 2701223
3187 313 2701226
3189 323 2701229
3188 324 2701232
3189 324 2701235
3192 323 2701238
3190 324 2701241
3189 325 2701244
3190 322 2701247
3189 323 2701250
3186 322 2701253
3188 324 2701256
3190 325 2701259
3189 323 2701262
3187 324 2701265
3189 328 2701268
3194 322 2701271
3188 327 2701274
3191 323 2701277
3188 321 2701280
3188 322 2701283
3187 320 2701286
3187 322 2701289
3189 324 2701292
3189 321 2701295
3183 322 2701298
3189 324 2701301
3189 321 2701304
3189 324 2701307
3189 0 2701310
3190 321 2701313
3190 324 2701316
3193 323 2701319
3187 321 2701322
3189 322 2701325
3191 321 2701328
3186 323 2701331
3187 322 2701334
3191 321 2701337
3190 326 2701340
3190 324 2701343
3189 320 2701346
3189 323 2701349
3187 324 2701352
3050 321 2701355
3191 323 2701358
3190 326 2701361
3186 322 2701364
3188 323 2701367
3190 323 2701370
3188 326 2701373
3190 322 2701376
3188 322 2701379
3189 319 2701382
3188 320 2701385
3189 320 2701388
3190 322 2701391
3192 323 2701394
3188 252 2701397
3199 317 2701400
3189 326 2701403
3190 323 2701406
3188 322 2701409
3191 320 2701412
3188 322 2701415
3189 321 2701418
3190 323 2701421
3189 324 2701424
3189 323 2701427
3189 319 2701430
3189 322 2701433
3190 324 2701436
3189 323 2701439
3217 155 2701442
3190 321 2701445
3188 319 2701448
3187 318 2701451
3190 320 2701454
3189 319 2701457
3189 321 2701460
3189 322 2701463
3189 322 2701466
3192 324 2701469
3188 323 2701472
3189 322 2701475
3189 319 2701478
3189 322 2701481
3188 323 2701484
3284 321 2701487
3191 325 2701490
3187 322 2701493
3188 321 2701496
3191 321 2701499
3190 324 2701502
3189 324 2701505
3189 322 2701508
3189 322 2701511
3187 325 2701514
3188 321 2701517
3187 321 2701520
3187 325 2701523
3189 324 2701526
3190 360 2701529
3189 327 2701532
3186 323 2701535
3193 325 2701538
3190 321 2701541
3188 321 2701544
3190 322 2701547
3186 323 2701550
3187 322 2701553
3190 322 2701556
3191 322 2701559
3187 321 2701562
3188 325 2701565
3190 323 2701568
3189 318 2701571
3190 322 2701574
3188 322 2701577
3189 323 2701580
3188 319 2701583
3185 321 2701586
3188 324 2701589
3189 322 2701592
3185 322 2701595
3187 323 2701598
3187 323 2701601
3188 322 2701604
3189 324 2701607
3190 322 2701610
3186 324 2701613
3184 323 2701616
3189 323 2701619
3191 325 2701622
3191 322 2701625
3186 321 2701628
3189 325 2701631
3189 325 2701634
3189 323 2701637
3189 325 2701640
3192 321 2701643
3188 322 2701646
3188 320 2701649
3188 323 2701652
3190 322 2701655
3190 320 2701658
3190 322 2701661
3189 326 2701664
3193 322 2701667
3188 322 2701670
3189 324 2701673
3189 321 2701676
3187 321 2701679
3187 321 2701682
3189 323 2701685
3188 320 2701688
3190 322 2701691
3188 323 2701694
3190 323 2701697
3191 321 2701700
3189 311 2701703
3189 323 2701706
3188 321 2701709
3189 320 2701712
3186 319 2701715
3189 322 2701718
3191 321 2701721
3189 323 2701724
3188 323 2701727
3191 323 2701730
3190 322 2701733
3191 324 2701736
3189 323 2701739
3192 323 2701742
3189 321 2701745
3231 323 2701748
3190 308 2701751
3189 323 2701754
3191 323 2701757
3187 322 2701760
3184 321 2701763
3190 320 2701766
3189 325 2701769
3189 321 2701772
3190 319 2701775
3190 322 2701778
3189 320 2701781
3189 319 2701784
3189 323 2701787
3151 632 2701790
3191 323 2701793
3191 319 2701796
3189 324 2701799
3190 324 2701802
3191 322 2701805
3189 320 2701808
3189 323 2701811
3189 323 2701814
3190 322 2701817
3190 323 2701820
3190 325 2701823
3189 321 2701826
3189 322 2701829
3190 322 2701832
3195 326 2701835
3189 322 2701838
3190 323 2701841
3191 322 2701844
3189 323 2701847
3190 320 2701850
3189 323 2701853
3189 326 2701856
3187 321 2701859
3189 321 2701862
3191 323 2701865
3187 325 2701868
3191 322 2701871
3187 319 2701874
3189 313 2701877
3188 323 2701880
3189 320 2701883
3190 325 2701886
3188 324 2701889
3188 320 2701892
3187 323 2701895
3189 323 2701898
3188 324 2701901
3188 321 2701904
3188 322 2701907
3187 325 2701910
3188 321 2701913
3190 321 2701916
3190 323 2701919
3190 310 2701922
3791 321 2701925
3188 323 2701928
3188 323 2701931
3191 324 2701934
3190 322 2701937
3188 322 2701940
3190 322 2701943
3188 321 2701946
3190 323 2701949
3192 322 2701952
3190 323 2701955
3187 321 2701958
3190 324 2701961
3191 322 2701964
3189 327 2701967
3523 319 2701970
3188 323 2701973
3187 320 2701976
3187 324 2701979
3190 323 2701982
3189 323 2701985
3190 322 2701988
3185 323 2701991
3188 324 2701994
3190 322 2701997
3189 324 2702001
3188 322 2702004
3188 323 2702007
3188 322 2702010
3188 320 2702013
3192 319 2702016
3188 324 2702019
3191 324 2702022
3187 320 2702025
3191 324 2702028
3187 322 2702031
3190 320 2702034
3186 323 2702037
3188 326 2702039
3188 322 2702042
3190 322 2702045
3189 323 2702048
3190 324 2702051
3189 322 2702054
3190 327 2702057
3187 274 2702060
2370 44 2706468
2361 42 2706471
2363 48 2706474
2364 44 2706477
2362 45 2706480
2364 46 2706483
2362 43 2706486
2363 44 2706489
2362 47 2706492
2391 42 2706495
2361 46 2706498
2349 57 2706501
2376 37 2706503
2356 38 2706506
2365 50 2706509
2365 41 2706512
2363 44 2706515
2366 43 2706518
2361 44 2706521
2363 45 2706524
2365 42 2706527
2364 0 2706530
2363 38 2706533
2365 43 2706536
2360 47 2706539
2352 42 2706542
2372 48 2706545
2360 41 2706548
2360 46 2706551
2364 44 2706554
2363 46 2706557
2362 42 2706560
2363 44 2706563
2363 44 2706566
2364 46 2706569
2367 54 2706572
2361 43 2706575
2381 58 2706578
2357 39 2706581
2355 48 2706584
2368 47 2706587
2361 41 2706590
2360 45 2706593
2365 46 2706596
2364 43 2706599
2365 48 2706602
2363 47 2706605
2365 43 2706608
2362 62 2706611
2356 45 2706614
2362 54 2706617
2380 41 2706620
2358 38 2706623
2363 49 2706626
2366 42 2706629
2363 44 2706632
2365 47 2706635
2363 43 2706638
2366 41 2706641
2360 45 2706644
2363 43 2706647
2359 48 2706650
2363 44 2706653
2365 29 2706656
2371 56 2706659
2364 38 2706662
2359 46 2706665
2367 46 2706668
2363 43 2706671
2363 45 2706674
2363 42 2706677
2362 43 2706680
2362 43 2706683
2363 43 2706686
2364 0 2706689
2363 45 2706692
2363 33 2706695
2351 56 2706698
2373 47 2706701
2358 40 2706704
2364 46 2706707
2365 43 2706710
2361 43 2706713
2363 44 2706716
2365 42 2706719
2364 44 2706722
2362 44 2706725
2238 44 2706728
2361 46 2706731
2362 42 2706734
2364 28 2706737
2362 52 2706740
2369 42 2706743
2357 42 2706746
2362 44 2706749
2362 44 2706752
2363 47 2706755
2361 42 2706758
2364 46 2706761
2364 46 2706764
2363 44 2706767
2373 41 2706770
2364 58 2706773
2379 40 2706776
2359 35 2706779
2367 51 2706782
2363 42 2706785
2361 45 2706788
2365 43 2706791
2365 43 2706794
2363 46 2706797
2362 43 2706800
2362 42 2706803
2363 59 2706806
2424 44 2706809
2364 45 2706812
2349 36 2706815
2376 52 2706818
2360 38 2706821
2358 47 2706824
2366 44 2706827
2362 46 2706830
2363 45 2706833
2363 42 2706836
2361 42 2706839
2361 44 2706842
2361 44 2706845
2365 43 2706848
2362 44 2706851
2366 62 2706854
2373 38 2706857
2361 41 2706860
2366 49 2706863
2363 41 2706866
2363 45 2706869
2365 43 2706872
2362 45 2706875
2363 44 2706878
2363 44 2706881
2363 46 2706884
2365 46 2706887
2372 40 2706890
2364 69 2706893
2376 39 2706896
2359 38 2706899
2369 49 2706902
2364 38 2706905
2360 45 2706908
2363 44 2706911
2361 41 2706914
2362 44 2706917
2363 42 2706920
2360 42 2706923
2364 45 2706926
2365 54 2706929
2363 45 2706932
2375 68 2706935
2358 38 2706938
2355 45 2706941
2368 46 2706944
2360 42 2706947
2362 48 2706950
2366 42 2706953
2360 43 2706956
2364 45 2706959
2362 42 2706962
2363 45 2706965
2363 40 2706968
2297 41 2706971
2362 43 2706974
2346 54 2706977
2375 40 2706980
2359 39 2706983
2366 49 2706986
2361 43 2706989
2363 45 2706992
2367 42 2706995
2361 44 2706998
2362 43 2707002
2364 43 2707005
2364 44 2707008
2365 45 2707011
2371 42 2707014
2364 60 2707017
2326 43 2707020
2353 41 2707023
2370 47 2707026
2362 39 2707029
2363 46 2707032
2363 42 2707035
2360 42 2707038
2364 40 2707040
2363 44 2707043
2363 45 2707046
2365 44 2707049
2363 45 2707052
2368 41 2707055
2364 35 2707058
2363 29 2707061
2359 55 2707064
2370 31 2707067
2358 42 2707070
2367 46 2707073
2363 43 2707076
2361 40 2707079
2363 43 2707082
2363 45 2707085
2361 41 2707088
2361 45 2707091
2364 42 2707094
2377 44 2707097
2363 34 2707100
2357 39 2707103
2353 49 2707106
2371 45 2707109
2361 42 2707112
2365 44 2707115
2365 46 2707118
2363 46 2707121
2363 46 2707124
2364 43 2707127
2362 45 2707130
2363 46 2707133
2364 43 2707136
2363 41 2707139
2364 55 2707142
2383 37 2707145
2360 37 2707148
2367 51 2707151
2365 38 2707154
2362 43 2707157
2366 44 2707160
2362 43 2707163
2363 43 2707166
2365 42 2707169
2363 46 2707172
2363 44 2707175
2361 25 2707178
2672 49 2707181
2364 45 2707184
2348 42 2707187
2379 49 2707190
2360 40 2707193
2362 48 2707196
2365 44 2707199
2360 41 2707202
2364 44 2707205
2363 41 2707208
2363 44 2707211
2363 45 2707214
2364 44 2707217
2364 43 2707220
2363 52 2707223
2363 45 2707226
2381 37 2707229
2363 34 2707232
2360 50 2707235
2368 44 2707238
2360 41 2707241
2365 45 2707244
2364 42 2707247
2364 44 2707250
2363 42 2707253
2363 45 2707256
2365 46 2707259
2363 42 2707262
2345 42 2707265
2362 45 2707268
2362 46 2707271
2348 43 2707274
2377 48 2707277
2362 39 2707280
2363 46 2707283
2363 43 2707286
2362 46 2707289
2364 47 2707292
2365 43 2707295
2363 45 2707298
2364 47 2707301
2364 44 2707304
2362 42 2707307
2300 46 2707310
2363 45 2707313
2362 61 2707316
2368 38 2707319
2357 43 2707322
2366 47 2707325
2363 41 2707328
2363 45 2707331
2364 43 2707334
2364 42 2707337
2366 43 2707340
2362 44 2707343
2363 45 2707346
2365 43 2707349
2362 45 2707352
2362 46 2707355
2352 33 2707358
2365 30 2707361
2365 54 2707364
2366 39 2707367
2360 42 2707370
2364 45 2707373
2364 42 2707376
2363 42 2707379
2364 45 2707382
2365 42 2707385
2365 44 2707388
2364 43 2707391
2394 82 2707394
2365 46 2707397
2363 28 2707400
2355 58 2707403
2363 39 2707406
2358 40 2707409
2365 47 2707412
2363 42 2707415
2359 45 2707418
2366 43 2707421
2362 43 2707424
2364 45 2707427
2361 45 2707430
2363 41 2707433
2362 43 2707436
2378 44 2707439
2363 41 2707442
2365 38 2707445
2357 50 2707448
2370 45 2707451
2359 41 2707454
2365 43 2707457
2363 46 2707460
2362 45 2707463
2366 41 2707466
2365 43 2707469
2363 42 2707472
2366 43 2707475
2363 42 2707478
2369 43 2707481
2363 50 2707484
2385 46 2707487
2361 36 2707490
2362 51 2707493
2367 41 2707496
2360 41 2707499
2363 46 2707502
2363 44 2707505
2361 41 2707508
2362 45 2707511
2368 45 2707514
2359 44 2707517
2362 50 2707520
2331 40 2707523
2362 45 2707526
2376 56 2707529
2362 39 2707532
2358 47 2707535
2365 45 2707538
2362 41 2707541
2365 45 2707544
2365 44 2707547
2361 43 2707550
2362 42 2707553
2365 45 2707556
2363 47 2707559
2364 49 2707562
2403 45 2707565
2365 45 2707568
2379 53 2707571
2359 40 2707574
2358 49 2707577
2369 43 2707580
2359 41 2707583
2366 44 2707586
2365 43 2707589
2364 44 2707592
2365 42 2707595
2363 41 2707598
2363 44 2707601
2363 45 2707604
2373 41 2707607
2363 9 2707610
2358 49 2707613
2353 45 2707616
2369 46 2707619
2365 41 2707622
2363 46 2707625
2365 45 2707628
2364 44 2707631
2365 45 2707634
2362 43 2707637
2362 42 2707640
2365 46 2707643
2353 49 2707646
2361 43 2707649
2364 32 2707652
2361 57 2707655
2370 41 2707658
2359 42 2707661
2366 48 2707664
2363 40 2707667
2360 41 2707670
2363 44 2707673
2361 45 2707676
2362 41 2707679
2362 43 2707682
2362 45 2707685
2366 55 2707688
2362 43 2707691
2386 32 2707694
2366 33 2707697
2360 50 2707700
2368 40 2707703
2362 43 2707706
2364 45 2707709
2362 43 2707712
2361 43 2707715
2362 44 2707718
2364 41 2707721
2364 44 2707724
2364 49 2707727
2363 42 2707730
2373 44 2707733
2357 61 2707736
2373 41 2707739
2358 38 2707742
2367 45 2707745
2361 40 2707748
2363 45 2707751
2367 43 2707754
2363 43 2707757
2364 45 2707760
2363 43 2707763
2361 42 2707766
2343 43 2707769
2356 44 2707772
2361 46 2707775
2353 38 2707778
2371 49 2707781
2361 40 2707784
2360 44 2707787
2365 45 2707790
2363 43 2707793
2366 42 2707796
2362 43 2707799
2362 43 2707802
2364 43 2707805
2363 45 2707808
2363 44 2707811
2368 43 2707814
2363 64 2707817
2365 48 2707820
2357 41 2707823
2369 50 2707826
2362 39 2707829
2361 44 2707832
2362 43 2707835
2361 42 2707838
2361 43 2707841
2363 45 2707844
2359 42 2707847
2364 43 2707850
2366 46 2707853
2386 46 2707856
2363 45 2707859
2362 56 2707862
2368 40 2707865
2359 41 2707868
2367 44 2707871
2363 40 2707874
2363 45 2707877
2363 44 2707880
2362 43 2707883
2364 45 2707886
2364 45 2707889
2362 43 2707892
2364 2 2707895
2365 40 2707898
2365 41 2707901
2364 27 2707904
2360 55 2707907
2368 42 2707910
2357 40 2707913
2367 46 2707916
2365 43 2707919
2363 46 2707922
2364 43 2707925
2364 40 2707928
2362 43 2707931
2362 44 2707934
2361 41 2707937
2362 55 2707940
2360 45 2707943
2383 0 2707946
2367 35 2707949
2360 53 2707952
2369 43 2707955
2360 41 2707958
2363 46 2707961
2363 42 2707964
2363 43 2707967
2364 42 2707970
2365 45 2707973
2367 44 2707976
2361 40 2707979
2358 37 2707982
2367 46 2707985
2364 35 2707988
2374 56 2707991
2355 36 2707994
2358 46 2707997
2365 44 2708001
2362 42 2708004
2362 45 2708007
2366 43 2708010
2365 42 2708013
2365 42 2708016
2363 45 2708019
2363 37 2708022
2364 46 2708025
2365 44 2708028
2363 45 2708030
2368 29 2708033
2361 52 2708036
2368 43 2708039
2360 40 2708042
2367 45 2708045
2366 45 2708048
2363 44 2708051
2362 42 2708054
2363 44 2708057
2357 43 2708060
2365 43 2708063
2364 45 2708066
2374 45 2708069
2360 43 2708072
2360 58 2708075
2372 39 2708078
2359 43 2708081
2368 47 2708084
2362 41 2708087
2362 44 2708090
2362 43 2708093
2363 41 2708096
2365 44 2708099
2366 46 2708102
2363 42 2708105
2365 42 2708108
2363 59 2708111
2362 44 2708114
2380 41 2708117
2364 32 2708120
2361 51 2708123
2368 40 2708126
2359 40 2708129
2363 44 2708132
2362 42 2708135
2364 41 2708138
2364 44 2708141
2365 46 2708144
2366 47 2708147
2365 45 2708150
2367 45 2708153
2361 48 2708156
2361 39 2708159
2349 47 2708162
2374 46 2708165
2360 39 2708168
2361 45 2708171
2365 42 2708174
2362 44 2708177
2364 43 2708180
2362 44 2708183
2365 41 2708186
2366 43 2708189
2362 40 2708192
2362 32 2708195
2358 46 2708198
2361 44 2708201
2353 57 2708204
2377 39 2708207
2358 40 2708210
2365 47 2708213
2365 39 2708216
2362 44 2708219
2365 43 2708222
2361 45 2708225
2363 42 2708228
2361 43 2708231
2363 44 2708234
2360 43 2708237
2367 7 2708240
2364 43 2708243
2365 53 2708246
2380 26 2708249
2357 36 2708252
2365 50 2708255
2364 38 2708258
2362 42 2708261
2366 46 2708264
2362 43 2708267
2364 42 2708270
2365 47 2708273
2364 43 2708276
2363 44 2708279
2365 49 2708282
2403 42 2708285
2366 41 2708288
2379 55 2708291
2358 35 2708294
2359 47 2708297
2369 44 2708300
2360 42 2708303
2364 46 2708306
2366 43 2708309
2363 44 2708312
2364 44 2708315
2364 41 2708318
2364 43 2708321
2363 41 2708324
2362 64 2708327
2363 44 2708330
2368 62 2708333
2369 40 2708336
2356 42 2708339
2372 46 2708342
2362 42 2708345
2363 44 2708348
2365 43 2708351
2362 40 2708354
2363 41 2708357
2362 40 2708360
2363 44 2708363
2363 44 2708366
2362 43 2708369
2369 40 2708372
2365 47 2708375
2383 15 2708378
2361 36 2708381
2361 48 2708384
2368 39 2708387
2360 41 2708390
2364 46 2708393
2367 48 2708396
2364 46 2708399
2364 44 2708402
2363 44 2708405
2366 44 2708408
2365 45 2708411
2360 71 2708414
2364 42 2708417
2365 58 2708420
2376 39 2708423
2356 37 2708426
2366 50 2708429
2364 43 2708432
2362 45 2708435
2366 44 2708438
2366 43 2708441
2364 45 2708444
2363 44 2708447
2362 42 2708450
2365 42 2708453
2363 36 2708456
2372 41 2708459
2364 44 2708462
2361 63 2708465
2370 38 2708468
2359 39 2708471
2370 48 2708474
2361 45 2708477
2362 45 2708480
2364 39 2708483
2361 42 2708486
2361 42 2708489
2364 39 2708492
2364 45 2708495
2364 43 2708498
2324 0 2708501
2365 45 2708504
2363 30 2708507
2363 60 2708510
2371 42 2708513
2359 37 2708516
2364 48 2708519
2365 43 2708522
2362 40 2708525
2364 43 2708528
2367 44 2708531
2362 41 2708534
2363 45 2708537
2364 43 2708540
2365 24 2708543
2365 44 2708546
2364 40 2708549
2368 35 2708552
2357 53 2708555
2371 42 2708558
2362 40 2708561
2368 46 2708564
2364 43 2708567
2362 43 2708570
2365 46 2708573
2364 43 2708576
2363 42 2708579
2363 45 2708582
2364 41 2708585
2363 41 2708588
2372 40 2708591
2364 35 2708594
2357 42 2708597
2356 46 2708600
2373 44 2708603
2362 41 2708606
2363 45 2708609
2366 40 2708612
2361 43 2708615
2364 43 2708618
2362 42 2708621
2363 49 2708624
2360 43 2708627
2365 41 2708630
2362 52 2708633
2362 47 2708636
2371 65 2708639
2362 42 2708642
2354 42 2708645
2369 46 2708648
2363 41 2708651
2363 43 2708654
2365 46 2708657
2363 42 2708660
2366 41 2708663
2362 43 2708666
2362 44 2708669
2365 45 2708672
2364 42 2708675
2382 44 2708678
2362 45 2708681
2363 59 2708684
2370 40 2708687
2360 42 2708690
2367 45 2708693
2366 41 2708696
2360 44 2708699
2366 42 2708702
2365 43 2708705
2363 43 2708708
2363 48 2708711
2366 44 2708714
2366 44 2708717
2364 277 2708720
2366 55 2708723
2362 28 2708726
2354 57 2708729
2373 41 2708732
2357 42 2708735
2365 45 2708738
2363 43 2708741
2362 44 2708744
2365 46 2708747
2366 43 2708750
2364 43 2708753
2366 44 2708756
2363 40 2708759
2364 39 2708762
2363 38 2708765
2370 46 2708768
2348 28 2708771
2360 54 2708774
2371 43 2708777
2359 41 2708780
2366 46 2708783
2363 43 2708786
2363 42 2708789
2364 41 2708792
2364 45 2708795
2364 46 2708798
2363 44 2708801
2364 44 2708804
2361 49 2708807
2364 44 2708810
2365 51 2708813
2348 24 2708816
2361 54 2708819
2372 41 2708822
2359 42 2708825
2366 44 2708828
2364 44 2708831
2364 43 2708834
2364 42 2708837
2361 43 2708840
2364 43 2708843
2363 43 2708846
2364 45 2708849
2365 55 2708852
2358 44 2708855
2388 43 2708858
2340 31 2708861
2370 55 2708864
2369 39 2708867
2362 45 2708870
2362 43 2708873
2366 41 2708876
2363 46 2708879
2364 46 2708882
2362 43 2708885
2363 43 2708888
2363 44 2708891
2362 49 2708894
2388 38 2708897
2365 70 2708900
2376 20 2708903
2346 46 2708906
2374 48 2708909
2361 41 2708912
2365 47 2708915
2363 41 2708918
2365 43 2708921
2360 41 2708924
2363 42 2708927
2364 48 2708930
2364 46 2708933
2364 47 2708936
2368 66 2708939
2358 44 2708942
2389 54 2708945
2340 28 2708948
2366 53 2708951
2369 40 2708954
2358 43 2708957
2366 43 2708960
2363 43 2708963
2364 44 2708966
2365 47 2708969
2365 40 2708972
2364 45 2708975
2363 45 2708978
2366 55 2708981
2375 39 2708984
2364 66 2708987
2355 14 2708990
2354 51 2708993
2375 45 2708996
2359 44 2709000
2366 48 2709003
2366 42 2709006
2363 44 2709009
2363 44 2709012
2365 45 2709015
2362 45 2709018
2365 41 2709021
2364 43 2709024
2370 25 2709027
2369 42 2709030
2364 16 2709033
2345 49 2709036
2377 46 2709039
2358 41 2709041
2363 48 2709044
2366 41 2709047
2362 43 2709050
2364 46 2709053
2361 43 2709056
2363 41 2709059
2367 44 2709062
2363 46 2709065
2451 39 2709068
2355 53 2709071
2360 7 2709074
2343 55 2709077
2384 48 2709080
2357 37 2709083
2362 49 2709086
2366 42 2709089
2362 44 2709092
2363 42 2709095
2365 44 2709098
2364 45 2709101
2365 46 2709104
2361 45 2709107
2365 32 2709110
2305 47 2709113
2363 43 2709116
2345 67 2709119
2387 46 2709122
2353 37 2709125
2364 48 2709128
2368 46 2709131
2363 43 2709134
2366 47 2709137
2361 41 2709140
2365 45 2709143
2363 42 2709146
2364 44 2709149
2365 48 2709152
2349 86 2709155
2356 44 2709158
2376 81 2709161
2366 24 2709164
2354 50 2709167
2373 47 2709170
2359 42 2709173
2364 44 2709176
2364 43 2709179
2363 42 2709182
2362 46 2709185
2366 42 2709188
2364 41 2709191
2365 43 2709194
2332 47 2709197
2351 49 2709200
2363 39 2709203
2335 22 2709206
2369 56 2709209
2368 39 2709212
2359 44 2709215
2367 47 2709218
2363 41 2709221
2363 46 2709224
2363 42 2709227
2364 43 2709230
2364 45 2709233
2365 47 2709236
2361 25 2709239
2308 46 2709242
2360 44 2709245
2344 64 2709248
2388 45 2709251
2353 36 2709254
2364 52 2709257
2367 41 2709260
2365 45 2709263
2366 48 2709266
2366 45 2709269
2365 44 2709272
2364 43 2709275
2364 42 2709278
2366 45 2709281
2366 75 2709284
2356 46 2709287
2390 69 2709290
2348 21 2709293
2363 54 2709296
2373 45 2709299
2358 44 2709302
2364 44 2709305
2365 43 2709308
2364 43 2709311
2364 42 2709314
2363 43 2709317
2362 46 2709320
2365 45 2709323
2340 29 2709326
2359 51 2709329
2361 6 2709332
2351 62 2709335
2381 45 2709338
2355 37 2709341
2364 48 2709344
2366 40 2709347
2362 43 2709350
2365 45 2709353
2365 42 2709356
2362 42 2709359
2364 44 2709362
2363 43 2709365
2365 21 2709368
2403 37 2709371
2362 48 2709374
2399 65 2709377
2357 27 2709380
2358 50 2709383
2371 45 2709386
2357 39 2709389
2367 43 2709392
2363 42 2709395
2363 45 2709398
2365 44 2709401
2360 42 2709404
2366 44 2709407
2363 44 2709410
2370 32 2709413
2364 46 2709416
2370 24 2709419
2344 42 2709422
2377 51 2709425
2361 39 2709428
2362 47 2709431
2368 47 2709434
2357 42 2709437
2363 45 2709440
2365 43 2709443
2364 42 2709446
2361 46 2709449
2365 45 2709452
2324 0 2709455
2367 44 2709458
2363 20 2709461
2379 67 2709464
2370 33 2709467
2352 44 2709470
2370 48 2709473
2362 42 2709476
2362 42 2709479
2364 45 2709482
2364 44 2709485
2364 43 2709488
2362 45 2709491
2363 44 2709494
2364 31 2709497
2408 36 2709500
2362 55 2709503
2402 50 2709506
2346 29 2709509
2363 52 2709512
2368 43 2709515
2361 45 2709518
2368 45 2709521
2362 42 2709524
2365 42 2709527
2365 43 2709530
2364 44 2709533
2361 43 2709536
2365 44 2709539
2374 43 2709542
2362 44 2709545
2381 32 2709548
2339 38 2709551
2376 52 2709554
2363 37 2709557
2361 45 2709560
2367 45 2709563
2362 43 2709566
2364 44 2709569
2367 43 2709572
2364 41 2709575
2365 44 2709578
2365 44 2709581
2545 47 2709584
2351 53 2709587
2361 36 2709590
2333 31 2709593
2374 58 2709596
2367 38 2709599
2357 44 2709602
2369 43 2709605
2361 43 2709608
2364 44 2709611
2365 43 2709614
2365 44 2709617
2365 44 2709620
2364 43 2709623
2363 105 2709626
2363 28 2709629
2373 41 2709632
2333 13 2709635
2369 62 2709638
2369 38 2709641
2358 41 2709644
2367 48 2709647
2365 44 2709650
2365 42 2709653
2366 42 2709656
2363 43 2709659
2364 44 2709662
2365 45 2709665
2363 43 2709668
2437 40 2709671
2348 53 2709674
2361 6 2709677
2340 54 2709680
2382 51 2709683
2358 39 2709686
2362 44 2709689
2367 44 2709692
2361 45 2709695
2364 46 2709698
2363 41 2709701
2363 42 2709704
2363 45 2709707
2364 41 2709710
2362 73 2709713
2364 26 2709716
2372 42 2709719
2334 14 2709722
2367 75 2709725
2372 41 2709728
2361 42 2709731
2366 46 2709734
2365 43 2709737
2362 43 2709740
2365 44 2709743
2365 47 2709746
2363 48 2709749
2366 45 2709752
2365 44 2709755
2363 51 2709758
2354 46 2709761
2365 42 2709764
2335 23 2709767
2367 58 2709770
2370 39 2709773
2361 42 2709776
2368 48 2709779
2363 43 2709782
2364 45 2709785
2364 43 2709788
2362 45 2709791
2366 46 2709794
2365 44 2709797
2362 44 2709800
2371 70 2709803
2355 42 2709806
2392 54 2709809
2342 28 2709812
2368 55 2709815
2368 40 2709818
2357 43 2709821
2365 45 2709824
2364 45 2709827
2365 44 2709830
2362 42 2709833
2363 43 2709836
2364 41 2709839
2363 43 2709842
2365 24 2709845
2431 41 2709848
2362 47 2709851
2394 66 2709854
2357 27 2709857
2360 48 2709860
2372 44 2709863
2359 40 2709866
2365 46 2709869
2366 41 2709872
2364 45 2709875
2362 46 2709878
2364 43 2709881
2366 46 2709884
2364 42 2709887
2334 124 2709890
2359 50 2709893
2363 6 2709896
2356 67 2709899
2379 40 2709902
2353 37 2709905
2367 46 2709908
2365 43 2709911
2361 49 2709914
2366 46 2709917
2362 44 2709920
2363 44 2709923
2364 42 2709926
2363 44 2709929
2364 43 2709932
2370 71 2709935
2355 43 2709938
2392 46 2709941
2337 31 2709944
2372 55 2709947
2367 40 2709950
2360 43 2709953
2365 46 2709956
2364 43 2709959
2365 46 2709962
2363 45 2709965
2368 44 2709968
2365 43 2709971
2364 45 2709974
2363 15 2709977
2370 48 2709980
2364 47 2709983
2373 71 2709986
2374 32 2709989
2353 42 2709992
2369 48 2709995
2363 38 2709998
2363 46 2710002
2365 45 2710005
2363 42 2710008
2363 47 2710011
2367 44 2710014
2362 42 2710017
2363 43 2710020
2386 44 2710023
2347 54 2710026
2362 10 2710029
2340 49 2710032
2381 51 2710035
2359 35 2710038
2363 46 2710041
2367 42 2710044
2362 43 2710047
2368 46 2710050
2363 57 2710053
2366 42 2710055
2365 44 2710058
2365 46 2710061
2364 42 2710064
2359 73 2710067
2356 42 2710070
2388 73 2710073
2348 23 2710076
2361 54 2710079
2369 44 2710082
2361 41 2710085
2365 46 2710088
2364 41 2710091
2362 45 2710094
2363 41 2710097
2365 46 2710100
2364 44 2710103
2364 42 2710106
2363 23 2710109
2318 48 2710112
2363 44 2710115
2356 70 2710118
2382 37 2710121
2351 40 2710124
2371 50 2710127
2364 42 2710130
2366 47 2710133
2366 42 2710136
2365 42 2710139
2366 46 2710142
2364 44 2710145
2364 44 2710148
2364 42 2710151
2387 43 2710154
2348 54 2710157
2361 13 2710160
2334 48 2710163
2382 54 2710166
2361 35 2710169
2361 47 2710172
2368 45 2710175
2364 46 2710178
2365 45 2710181
2363 43 2710184
2363 46 2710187
2365 44 2710190
2365 41 2710193
2362 44 2710196
2373 56 2710199
2359 42 2710202
2384 33 2710205
2340 38 2710208
2373 53 2710211
2367 40 2710214
2359 43 2710217
2366 44 2710220
2364 44 2710223
2367 46 2710226
2363 43 2710229
2361 46 2710232
2363 42 2710235
2364 42 2710238
2363 38 2710241
2387 38 2710244
2365 64 2710247
2381 31 2710250
2362 38 2710253
2367 49 2710256
2366 43 2710259
2362 46 2710262
2367 45 2710265
2365 45 2710268
2368 42 2710271
2364 46 2710274
2366 45 2710277
2365 43 2710280
2363 43 2710283
2352 76 2710286
2361 45 2710289
2369 64 2710292
2366 48 2710295
2365 41 2710298
2367 44 2710301
2365 41 2710304
2363 45 2710307
2364 43 2710310
2365 44 2710313
2364 45 2710316
2363 45 2710319
2364 43 2710322
2367 44 2710325
2362 38 2710328
2350 43 2710331
2365 43 2710334
2369 12 2710337
2368 43 2710340
2363 46 2710343
2364 43 2710346
2365 44 2710349
2363 43 2710352
2364 43 2710355
2366 47 2710358
2364 41 2710361
2367 45 2710364
2363 43 2710367
2365 42 2710370
2368 58 2710373
2363 43 2710376
2364 54 2710379
2359 48 2710382
2367 42 2710385
2364 47 2710388
2361 46 2710391
2365 45 2710394
2365 45 2710397
2364 44 2710400
2365 43 2710403
2366 45 2710406
2365 43 2710409
2364 45 2710412
2367 47 2710415
2361 44 2710418
2366 50 2710421
2360 47 2710424
2365 42 2710427
2364 41 2710430
2364 45 2710433
2364 42 2710436
2365 45 2710439
2365 44 2710442
2365 44 2710445
2362 43 2710448
2366 44 2710451
2365 48 2710454
2366 43 2710457
2370 38 2710460
2364 46 2710463
2356 46 2710466
2369 42 2710469
2365 41 2710472
2364 44 2710475
2365 45 2710478
2364 42 2710481
2365 42 2710484
2365 47 2710487
2366 45 2710490
2363 44 2710493
2365 42 2710496
2363 44 2710499
2366 42 2710502
2366 42 2710505
2365 50 2710508
2369 46 2710511
2365 42 2710514
2365 46 2710517
2365 46 2710520
2367 44 2710523
2362 44 2710526
2364 45 2710529
2364 46 2710532
2365 43 2710535
2366 45 2710538
2364 44 2710541
2365 681 2710544
2363 41 2710547
2365 42 2710550
2369 51 2710553
2364 53 2710556
2363 58 2710559
2365 55 2710562
2363 50 2710565
2353 45 2710568
2290 38 2710571
2168 37 2710574
2018 45 2710577
1872 60 2710580
1746 83 2710583
1634 111 2710586
1545 98 2710589
1478 142 2710592
1478 134 2710595
1497 131 2710598
1515 126 2710601
1512 132 2710604
1511 134 2710607
1503 133 2710610
1498 135 2710613
1497 135 2710616
1500 135 2710619
1500 135 2710622
1497 134 2710625
1500 134 2710628
1497 132 2710631
1495 132 2710634
1496 138 2710637
1500 133 2710640
1498 133 2710643
1495 135 2710646
1498 134 2710649
1496 134 2710652
1498 132 2710655
1495 133 2710658
1497 129 2710661
1496 131 2710664
1494 131 2710667
1496 134 2710670
1498 174 2710673
1362 135 2710676
1496 135 2710679
1495 133 2710682
1496 138 2710685
1501 134 2710688
1495 133 2710691
1498 135 2710694
1497 132 2710697
1497 134 2710700
1498 134 2710703
1497 129 2710706
1497 133 2710709
1497 133 2710712
1497 134 2710715
1500 135 2710718
1500 134 2710721
1495 137 2710724
1499 134 2710727
1496 130 2710730
1497 135 2710733
1498 133 2710736
1499 134 2710739
1500 136 2710742
1498 135 2710745
1497 133 2710748
1499 133 2710751
1500 135 2710754
1495 129 2710757
1596 0 2710760
1498 132 2710763
1496 134 2710766
1496 132 2710769
1501 136 2710772
1500 139 2710775
1498 136 2710778
1501 139 2710781
1501 141 2710784
1502 143 2710787
1501 141 2710790
1504 141 2710793
1502 143 2710796
1502 142 2710799
1503 143 2710802
1528 146 2710805
1508 145 2710808
1506 150 2710811
1506 145 2710814
1503 147 2710817
1507 146 2710820
1505 146 2710823
1507 148 2710826
1504 149 2710829
1505 147 2710832
1507 149 2710835
1506 148 2710838
1507 148 2710841
1504 347 2710844
1504 146 2710847
1505 146 2710850
1507 148 2710853
1504 146 2710856
1506 149 2710859
1505 150 2710862
1506 145 2710865
1505 148 2710868
1506 148 2710871
1507 149 2710874
1503 147 2710877
1506 147 2710880
1506 146 2710883
1505 147 2710886
1522 51 2710889
1505 147 2710892
1503 143 2710895
1505 146 2710898
1506 146 2710901
1504 148 2710904
1502 147 2710907
1504 143 2710910
1504 147 2710913
1504 150 2710916
1507 146 2710919
1501 143 2710922
1504 146 2710925
1504 144 2710928
1504 140 2710931
1505 146 2710934
1504 147 2710937
1507 147 2710940
1502 142 2710943
1500 145 2710946
1502 143 2710949
1504 145 2710952
1501 141 2710955
1501 145 2710958
1499 143 2710961
1502 141 2710964
1501 145 2710967
1502 145 2710970
1501 483 2710973
1500 146 2710976
1501 143 2710979
1505 143 2710982
1502 140 2710985
1499 141 2710988
1502 141 2710991
1499 140 2710994
1503 140 2710997
1504 143 2711001
1503 142 2711004
1502 140 2711007
1501 143 2711010
1502 141 2711013
1501 138 2711016
1536 0 2711019
1503 141 2711022
1499 139 2711025
1499 138 2711028
1503 140 2711031
1500 146 2711034
1502 140 2711037
1500 138 2711040
1502 141 2711043
1505 140 2711046
1503 138 2711049
1501 141 2711052
1501 141 2711054
1502 140 2711057
1500 157 2711060
1579 140 2711063
1502 140 2711066
1499 139 2711069
1500 140 2711072
1501 139 2711075
1500 139 2711078
1501 138 2711081
1498 135 2711084
1500 139 2711087
1502 137 2711090
1501 137 2711093
1500 137 2711096
1502 139 2711099
1500 137 2711102
1504 117 2711105
1499 137 2711108
1496 137 2711111
1503 140 2711114
1498 137 2711117
1499 139 2711120
1501 137 2711123
1503 140 2711126
1499 138 2711129
1501 137 2711132
1499 135 2711135
1501 140 2711138
1498 138 2711141
1500 136 2711144
1502 137 2711147
1466 137 2711150
1497 132 2711153
1498 139 2711156
1503 137 2711159
1498 136 2711162
1503 136 2711165
1499 136 2711168
1500 135 2711171
1498 135 2711174
1500 136 2711177
1500 135 2711180
1497 136 2711183
1499 136 2711186
1500 137 2711189
1507 131 2711192
1497 136 2711195
1497 138 2711198
1501 137 2711201
1500 134 2711204
1498 137 2711207
1500 137 2711210
1498 138 2711213
1500 136 2711216
1500 137 2711219
1500 141 2711222
1499 136 2711225
1496 135 2711228
1500 136 2711231
1497 125 2711234
1478 135 2711237
1499 135 2711240
1501 137 2711243
1500 134 2711246
1498 136 2711249
1498 135 2711252
1496 136 2711255
1500 137 2711258
1495 134 2711261
1499 136 2711264
1498 134 2711267
1497 135 2711270
1498 134 2711273
1500 134 2711276
1497 93 2711279
1498 134 2711282
1493 133 2711285
1501 138 2711288
1496 135 2711291
1496 134 2711294
1501 137 2711297
1498 136 2711300
1497 135 2711303
1498 136 2711306
1498 136 2711309
1496 136 2711312
1496 131 2711315
1498 136 2711318
1497 136 2711321
1539 133 2711324
1496 129 2711327
1498 139 2711330
1497 133 2711333
1497 133 2711336
1498 136 2711339
1497 135 2711342
1498 135 2711345
1498 130 2711348
1497 134 2711351
1499 136 2711354
1498 136 2711357
1495 136 2711360
1498 135 2711363
1492 181 2711366
1500 135 2711369
1500 134 2711372
1499 137 2711375
1497 135 2711378
1496 136 2711381
1498 136 2711384
1496 134 2711387
1497 135 2711390
1491 132 2711393
1498 136 2711396
1498 133 2711399
1498 134 2711402
1498 133 2711405
1498 139 2711408
1460 131 2711411
1496 129 2711414
1497 136 2711417
1500 135 2711420
1500 133 2711423
1497 134 2711426
1499 138 2711429
1497 134 2711432
1499 131 2711435
1497 136 2711438
1499 135 2711441
1498 134 2711444
1497 133 2711447
1499 135 2711450
1507 216 2711453
1499 135 2711456
1492 131 2711459
1499 136 2711462
1495 131 2711465
1499 131 2711468
1497 138 2711471
1497 134 2711474
1499 133 2711477
1498 132 2711480
1499 135 2711483
1499 134 2711486
1498 134 2711489
1496 132 2711492
1497 124 2711495
1429 133 2711498
1500 130 2711501
1496 137 2711504
1501 134 2711507
1499 132 2711510
1497 135 2711513
1498 133 2711516
1498 134 2711519
1499 133 2711522
1497 133 2711525
1498 135 2711528
1499 131 2711531
1500 132 2711534
1496 134 2711537
1508 257 2711540
1499 134 2711543
1496 132 2711546
1497 134 2711549
1498 133 2711552
1497 133 2711555
1495 134 2711558
1499 133 2711561
1496 130 2711564
1497 134 2711567
1498 135 2711570
1497 133 2711573
1496 135 2711576
1496 131 2711579
1498 155 2711582
1591 136 2711585
1499 132 2711588
1494 132 2711591
1500 136 2711594
1493 133 2711597
1496 135 2711600
1498 135 2711603
1498 134 2711606
1497 136 2711609
1497 132 2711612
1499 132 2711615
1497 135 2711618
1500 136 2711621
1496 135 2711624
1502 113 2711627
1495 135 2711630
1493 131 2711633
1498 138 2711636
1496 134 2711639
1498 135 2711642
1497 133 2711645
1496 134 2711648
1498 133 2711651
1498 136 2711654
1496 135 2711657
1500 133 2711660
1496 136 2711663
1496 134 2711666
1498 131 2711669
1514 136 2711672
1499 133 2711675
1496 136 2711678
1498 132 2711681
1497 136 2711684
1498 136 2711687
1495 133 2711690
1499 134 2711693
1496 134 2711696
1498 131 2711699
1497 136 2711702
1500 138 2711705
1498 130 2711708
1495 132 2711711
1495 91 2711714
1497 134 2711717
1489 138 2711720
1498 135 2711723
1495 132 2711726
1495 134 2711729
1498 133 2711732
1500 135 2711735
1498 136 2711738
1500 136 2711741
1499 133 2711744
1497 133 2711747
1497 133 2711750
1499 132 2711753
1494 133 2711756
1473 133 2711759
1496 130 2711762
1499 134 2711765
1500 134 2711768
1500 136 2711771
1500 135 2711774
1499 134 2711777
1497 136 2711780
1498 134 2711783
1500 134 2711786
1495 131 2711789
1497 134 2711792
1498 135 2711795
1500 132 2711798
1492 134 2711801
1500 136 2711804
1498 137 2711807
1498 132 2711810
1495 133 2711813
1497 134 2711816
1498 131 2711819
1497 130 2711822
1499 134 2711825
1499 133 2711828
1499 130 2711831
1496 138 2711834
1500 135 2711837
1500 134 2711840
1498 129 2711843
1489 134 2711846
1498 133 2711849
1502 134 2711852
1494 129 2711855
1497 136 2711858
1497 131 2711861
1498 132 2711864
1499 135 2711867
1499 133 2711870
1498 132 2711873
1497 132 2711876
1497 135 2711879
1498 132 2711882
1498 134 2711885
1499 141 2711888
1499 135 2711891
1498 133 2711894
1496 132 2711897
1496 135 2711900
1496 134 2711903
1499 134 2711906
1497 133 2711909
1496 134 2711912
1498 136 2711915
1500 134 2711918
1495 134 2711921
1500 135 2711924
1495 130 2711927
1077 134 2711930
1495 136 2711933
1499 138 2711936
1499 131 2711939
1495 134 2711942
1499 136 2711945
1497 133 2711948
1499 136 2711951
1497 135 2711954
1497 132 2711957
1498 133 2711960
1498 134 2711963
1498 136 2711966
1497 133 2711969
1497 132 2711972
1560 132 2711975
1497 135 2711978
1493 132 2711981
1497 134 2711984
1494 136 2711987
1498 134 2711990
1497 133 2711993
1497 136 2711996
1496 136 2712000
1497 135 2712003
1499 136 2712006
1497 133 2712009
1497 136 2712012
1497 133 2712015
1503 119 2712018
1497 137 2712021
1499 134 2712024
1501 135 2712027
1497 134 2712030
1499 135 2712033
1500 136 2712036
1496 134 2712039
1497 132 2712042
1496 135 2712044
1502 133 2712047
1496 133 2712050
1496 134 2712053
1499 130 2712056
1327 137 2712059
1498 135 2712062
1496 138 2712065
1497 134 2712068
1497 133 2712071
1498 133 2712074
1496 133 2712077
1497 136 2712080
1497 132 2712083
1499 132 2712086
1498 136 2712089
1498 136 2712092
1497 136 2712095
1496 134 2712098
1497 104 2712101
1528 134 2712104
1500 135 2712107
1494 133 2712110
1500 135 2712113
1495 132 2712116
1496 131 2712119
1497 134 2712122
1498 136 2712125
1498 136 2712128
1496 136 2712131
1497 134 2712134
1498 134 2712137
1498 134 2712140
1497 133 2712143
1496 131 2712146
1497 133 2712149
1498 133 2712152
1499 136 2712155
1498 134 2712158
1500 134 2712161
1496 133 2712164
1498 134 2712167
1499 135 2712170
1500 132 2712173
1497 130 2712176
1498 134 2712179
1498 133 2712182
1499 131 2712185
1416 136 2712188
1497 135 2712191
1498 134 2712194
1497 129 2712197
1499 135 2712200
1496 133 2712203
1501 135 2712206
1497 132 2712209
1498 133 2712212
1498 129 2712215
1499 131 2712218
1497 136 2712221
1498 132 2712224
1501 134 2712227
1499 121 2712230
1472 133 2712233
1500 133 2712236
1496 132 2712239
1495 135 2712242
1500 136 2712245
1497 133 2712248
1497 135 2712251
1497 135 2712254
1498 134 2712257
1499 135 2712260
1498 134 2712263
1496 135 2712266
1497 134 2712269
1496 134 2712272
1497 163 2712275
1498 134 2712278
1495 135 2712281
1500 135 2712284
1495 140 2712287
1499 134 2712290
1498 132 2712293
1497 133 2712296
1497 135 2712299
1498 133 2712302
1497 135 2712305
1495 133 2712308
1497 133 2712311
1497 134 2712314
1499 136 2712317
1506 136 2712320
1499 136 2712323
1501 133 2712326
1495 131 2712329
1496 135 2712332
1496 133 2712335
1497 133 2712338
1495 133 2712341
1497 134 2712344
1496 133 2712347
1498 136 2712350
1494 135 2712353
1498 135 2712356
1498 370 2712359
1494 141 2712362
1497 134 2712365
1500 133 2712368
1497 136 2712371
1503 134 2712374
1498 134 2712377
1495 133 2712380
1496 131 2712383
1496 133 2712386
1497 135 2712389
1499 136 2712392
1497 134 2712395
1498 134 2712398
1498 135 2712401
1457 111 2712404
1500 132 2712407
1497 135 2712410
1493 129 2712413
1497 133 2712416
1499 133 2712419
1497 134 2712422
