1491 128 789854
1494 133 789857
1496 135 789860
1493 131 789863
1496 135 789866
1495 134 789869
1494 134 789872
1495 135 789875
1495 130 789878
1492 132 789881
1494 134 789884
1495 131 789887
1587 84 789890
1495 135 789893
1493 131 789896
1494 136 789899
1496 134 789902
1494 135 789905
1493 134 789908
1494 132 789911
1493 135 789914
1494 133 789917
1494 134 789920
1493 135 789923
1496 135 789926
1493 134 789929
1495 134 789932
1493 135 789935
1518 134 789938
1497 132 789941
1495 136 789944
1492 135 789947
1492 132 789950
1494 130 789953
1495 133 789956
1494 135 789959
1493 131 789962
1495 134 789965
1491 132 789968
1493 134 789971
1494 131 789974
1495 132 789977
1493 133 789980
1498 122 789983
1494 133 789986
1499 135 789989
1495 130 789992
1493 134 789995
1496 135 789998
1494 129 790002
1493 132 790005
1493 128 790008
1492 136 790011
1494 133 790014
1494 132 790017
1496 133 790020
1493 132 790023
1493 132 790026
1495 133 790029
1492 133 790032
1493 136 790034
1490 132 790037
1496 135 790040
1493 131 790043
1491 134 790046
1494 134 790049
1496 135 790052
1492 132 790055
1495 132 790058
1495 133 790061
1494 132 790064
1493 131 790067
1495 130 790070
1492 242 790073
1279 136 790076
1495 133 790079
1489 134 790082
1495 138 790085
1493 130 790088
1495 133 790091
1489 134 790094
1495 134 790097
1491 133 790100
1495 134 790103
1493 135 790106
1493 133 790109
1495 133 790112
1494 134 790115
1494 134 790118
1491 62 790121
1493 132 790124
1492 135 790127
1497 133 790130
1493 133 790133
1494 132 790136
1495 132 790139
1495 134 790142
1493 133 790145
1494 133 790148
1494 134 790151
1492 131 790154
1492 131 790157
1495 134 790160
1495 135 790163
1493 132 790166
1487 134 790169
1496 139 790172
1494 131 790175
1495 133 790178
1495 132 790181
1495 136 790184
1495 134 790187
1495 133 790190
1492 132 790193
1496 133 790196
1488 129 790199
1493 135 790202
1496 133 790205
1495 133 790208
1494 205 790211
1479 130 790214
1495 137 790217
1486 129 790220
1492 134 790223
1497 134 790226
1494 134 790229
1491 132 790232
1494 134 790235
1495 133 790238
1494 133 790241
1493 134 790244
1495 131 790247
1494 133 790250
1493 133 790253
1491 133 790256
1497 162 790259
1493 133 790262
1493 134 790265
1494 132 790268
1493 134 790271
1495 135 790274
1493 134 790277
1495 132 790280
1490 132 790283
1493 134 790286
1490 130 790289
1493 133 790292
1494 134 790295
1490 134 790298
1493 134 790301
1435 257 790304
1493 138 790307
1492 130 790310
1494 134 790313
1495 135 790316
1493 132 790319
1493 134 790322
1493 134 790325
1496 135 790328
1490 134 790331
1493 131 790334
1496 134 790337
1495 135 790340
1493 134 790343
1496 131 790346
1444 304 790349
1493 132 790352
1494 129 790355
1494 134 790358
1493 134 790361
1487 131 790364
1495 133 790367
1496 134 790370
1493 138 790373
1494 132 790376
1495 131 790379
1492 132 790382
1493 132 790385
1492 134 790388
1494 135 790391
1473 242 790394
1494 133 790397
1492 131 790400
1493 135 790403
1494 134 790406
1491 131 790409
1494 133 790412
1495 132 790415
1493 132 790418
1494 130 790421
1494 133 790424
1494 134 790427
1493 129 790430
1495 133 790433
1493 133 790436
1496 135 790439
1493 133 790442
1496 136 790445
1492 130 790448
1491 133 790451
1495 130 790454
1492 133 790457
1494 134 790460
1492 131 790463
1489 133 790466
1495 134 790469
1492 134 790472
1494 131 790475
1497 132 790478
1492 243 790481
1909 129 790484
1491 131 790487
1491 132 790490
1495 134 790493
1491 129 790496
1495 135 790499
1496 134 790502
1492 132 790505
1491 134 790508
1493 132 790511
1493 133 790514
1492 133 790517
1491 130 790520
1493 133 790523
1495 135 790526
1486 132 790529
1496 138 790532
1500 133 790535
1491 133 790538
1493 135 790541
1495 133 790544
1492 133 790547
1489 130 790550
1492 131 790553
1495 133 790556
1494 132 790559
1493 133 790562
1494 132 790565
1493 133 790568
1494 81 790571
1494 132 790574
1488 131 790577
1497 133 790580
1492 130 790583
1492 133 790586
1495 133 790589
1495 133 790592
1491 133 790595
1494 135 790598
1497 131 790601
1493 133 790604
1495 133 790607
1493 132 790610
1493 160 790613
1424 131 790616
1494 136 790619
1491 131 790622
1497 136 790625
1494 133 790628
1494 133 790631
1493 136 790634
1493 135 790637
1494 129 790640
1494 133 790643
1495 133 790646
1492 131 790649
1495 132 790652
1489 133 790655
1588 133 790658
1488 132 790661
1490 131 790664
1490 131 790667
1494 137 790670
1500 134 790673
1489 130 790676
1493 133 790679
1492 133 790682
1492 132 790685
1494 132 790688
1496 136 790691
1492 130 790694
1491 131 790697
1492 132 790700
1496 132 790703
1493 134 790706
1498 133 790709
1492 132 790712
1495 135 790715
1492 131 790718
1494 132 790721
1496 145 790724
1491 133 790727
1494 131 790730
1494 132 790733
1495 131 790736
1492 131 790739
1494 131 790742
1492 135 790745
1493 132 790748
1493 128 790751
1496 134 790754
1495 133 790757
1487 132 790760
1496 133 790763
1495 133 790766
1493 133 790769
1492 133 790772
1495 131 790775
1492 135 790778
1494 132 790781
3815 916 776381
3827 890 776384
3806 908 776387
3820 908 776390
3817 898 776393
3816 909 776396
3818 903 776399
3817 903 776402
3816 901 776405
3816 904 776408
3814 901 776411
3816 903 776414
3817 905 776417
3826 906 776420
3818 906 776423
3822 882 776426
3810 908 776429
3819 906 776432
3813 899 776435
3817 905 776438
3822 904 776441
3814 902 776444
3815 905 776447
3818 903 776450
3815 903 776453
3813 904 776456
3816 896 776459
3801 897 776462
3818 905 776465
3817 878 776468
3826 906 776471
3827 900 776474
3815 899 776477
3819 906 776480
3817 899 776483
3814 901 776486
3818 903 776489
3818 902 776492
3816 906 776495
3815 903 776498
3815 902 776501
3816 897 776504
3822 903 776507
3814 908 776510
3834 895 776513
3805 911 776516
3818 910 776519
3819 902 776522
3817 902 776525
3818 905 776528
3815 901 776531
3814 901 776534
3817 904 776537
3818 904 776540
3815 901 776543
3815 870 776546
3909 901 776549
3817 904 776552
3827 898 776555
3828 903 776558
3809 901 776561
3818 905 776564
3817 900 776567
3814 904 776570
3819 905 776573
3816 904 776576
3817 902 776579
3816 904 776582
3815 902 776585
3815 902 776588
3815 900 776591
3817 904 776594
3795 892 776597
3813 905 776600
3821 899 776603
3810 902 776606
3816 903 776609
3817 901 776612
3815 903 776615
3819 901 776618
3817 902 776621
3818 902 776624
3818 902 776627
3818 903 776630
3825 906 776633
3815 904 776636
3831 892 776639
3803 911 776642
3814 912 776645
3820 899 776648
3817 905 776651
3818 906 776654
3815 901 776657
3817 905 776660
3816 902 776663
3816 902 776666
3817 903 776669
3817 903 776672
3807 906 776675
3814 906 776678
3816 920 776681
3816 896 776684
3814 908 776687
3823 903 776690
3815 900 776693
3816 905 776696
3816 898 776699
3816 903 776702
3815 904 776705
3815 903 776708
3816 904 776711
3819 904 776714
3799 850 776717
3816 903 776720
3816 899 776723
3815 913 776726
3813 897 776729
3817 905 776732
3819 903 776735
3815 902 776738
3814 903 776741
3816 902 776744
3817 903 776747
3816 905 776750
3817 905 776753
3816 901 776756
3814 958 776759
3806 906 776762
3814 903 776765
3791 923 776768
3810 910 776771
3817 898 776774
3814 905 776777
3822 905 776780
3816 904 776783
3817 905 776786
3818 902 776789
3817 904 776792
3816 903 776795
3815 901 776798
3815 903 776801
3813 912 776804
3810 903 776807
3816 919 776810
3820 887 776813
3841 903 776816
3821 912 776819
3815 898 776822
3816 907 776825
3819 900 776828
3816 903 776831
3819 903 776834
3819 904 776837
3816 906 776840
3816 903 776843
3819 898 776846
3797 868 776849
3813 902 776852
3815 926 776855
3805 915 776858
3817 896 776861
3813 902 776864
3819 903 776867
3815 903 776870
3815 904 776873
3816 904 776876
3817 905 776879
3818 900 776882
3814 901 776885
3816 905 776888
3817 905 776891
3806 874 776894
3815 903 776897
3816 914 776900
3813 894 776903
3822 899 776906
3822 905 776909
3811 903 776912
3819 905 776915
3817 905 776918
3818 902 776921
3817 903 776924
3818 902 776927
3818 902 776930
3816 905 776933
3820 903 776936
3821 890 776939
3816 905 776942
3836 898 776945
3804 910 776948
3818 912 776951
3819 900 776954
3815 902 776957
3817 903 776960
3814 902 776963
3817 905 776966
3818 904 776969
3815 902 776972
3818 904 776975
3817 904 776978
3817 901 776981
3824 891 776984
3816 903 776987
3832 897 776990
3803 904 776993
3814 907 776996
3820 899 777000
3815 903 777003
3819 906 777006
3817 903 777009
3816 902 777012
3814 903 777015
3817 905 777018
3818 903 777021
3815 904 777024
3817 904 777027
3808 918 777030
3815 902 777032
3813 919 777035
3821 895 777038
3814 905 777041
3821 908 777044
3814 902 777047
3820 905 777050
3816 904 777053
3817 901 777056
3817 902 777059
3817 903 777062
3820 902 777065
3817 903 777068
3820 903 777071
3801 434 777074
3816 899 777077
3817 906 777080
3813 914 777083
3823 893 777086
3813 904 777089
3822 907 777092
3817 901 777095
3820 904 777098
3817 904 777101
3816 903 777104
3817 904 777107
3816 902 777110
3817 904 777113
3818 904 777116
3820 889 777119
3806 902 777122
3816 906 777125
3831 895 777128
3811 906 777131
3816 909 777134
3816 899 777137
3815 898 777140
3817 902 777143
3815 902 777146
3819 904 777149
3818 901 777152
3815 905 777155
3818 905 777158
3814 902 777161
3816 904 777164
3826 893 777167
3816 903 777170
3827 890 777173
3836 898 777176
3816 908 777179
3820 899 777182
3816 905 777185
3817 903 777188
3816 902 777191
3818 902 777194
3814 904 777197
3817 902 777200
3817 904 777203
3817 903 777206
3816 905 777209
3816 907 777212
3818 902 777215
3816 903 777218
3798 912 777221
3814 909 777224
3820 901 777227
3814 906 777230
3820 903 777233
3817 900 777236
3817 904 777239
3816 903 777242
3817 902 777245
3818 903 777248
3815 905 777251
3818 904 777254
3818 903 777257
3822 908 777260
3817 906 777263
3832 894 777266
3803 905 777269
3817 910 777272
3816 899 777275
3811 899 777278
3817 903 777281
3817 905 777284
3816 902 777287
3816 902 777290
3819 904 777293
3817 904 777296
3816 900 777299
3815 903 777302
3816 892 777305
3823 902 777308
3815 902 777311
3825 897 777314
3808 912 777317
3816 906 777320
3814 901 777323
3816 906 777326
3822 905 777329
3816 901 777332
3812 904 777335
3815 904 777338
3815 903 777341
3816 901 777344
3817 904 777347
3820 903 777350
3785 962 777353
3816 906 777356
3818 893 777359
3831 909 777362
3809 897 777365
3819 906 777368
3819 902 777371
3814 903 777374
3818 901 777377
3817 903 777380
3822 903 777383
3815 900 777386
3816 905 777389
3820 903 777392
3817 904 777395
3816 902 777398
3818 905 777401
3814 902 777404
3791 897 777407
3814 909 777410
3822 897 777413
3817 905 777416
3818 905 777419
3817 905 777422
3819 903 777425
3817 903 777428
3816 903 777431
3817 903 777434
3817 904 777437
3814 901 777440
3816 902 777443
3817 889 777446
3845 902 777449
3814 915 777452
3827 892 777455
3810 906 777458
3817 908 777461
3813 900 777464
3815 908 777467
3817 900 777470
3816 900 777473
3816 902 777476
3812 902 777479
3818 902 777482
3815 903 777485
3818 902 777488
3818 904 777491
3784 953 777494
3815 904 777497
3818 898 777500
3828 907 777503
3807 897 777506
3819 906 777509
3819 900 777512
3815 905 777515
3816 906 777518
3818 902 777521
3819 904 777524
3819 904 777527
3813 904 777530
3819 899 777533
3816 901 777536
3817 921 777539
3815 897 777542
3817 903 777545
3791 907 777548
3814 911 777551
3814 896 777554
3816 906 777557
3819 905 777560
3816 895 777563
3819 900 777566
3814 902 777569
3815 903 777572
3817 903 777575
3817 904 777578
3817 903 777581
3819 903 777584
3816 908 777587
3815 903 777590
3816 883 777593
3804 900 777596
3819 910 777599
3811 898 777602
3816 906 777605
3818 900 777608
3818 903 777611
3818 906 777614
3815 901 777617
3815 902 777620
3818 903 777623
3818 906 777626
3816 904 777629
3816 901 777632
3824 901 777635
3817 901 777638
3799 884 777641
3826 905 777644
3825 902 777647
3809 903 777650
3820 907 777653
3818 901 777656
3817 904 777659
3817 901 777662
3816 902 777665
3819 904 777668
3818 902 777671
3817 903 777674
3817 905 777677
3762 901 777680
3817 901 777683
3816 878 777686
3841 902 777689
3821 911 777692
3811 898 777695
3816 908 777698
3818 904 777701
3815 902 777704
3817 903 777707
3813 904 777710
3818 903 777713
3817 900 777716
3815 906 777719
3816 905 777722
3817 895 777725
3967 901 777728
3817 903 777731
3831 908 777734
3826 898 777737
3807 900 777740
3819 906 777743
3819 903 777746
3814 902 777749
3817 903 777752
3816 903 777755
3820 902 777758
3815 902 777761
3817 901 777764
3815 904 777767
3816 904 777770
3810 871 777773
3817 903 777776
3830 917 777779
3804 893 777782
3820 902 777785
3822 903 777788
3813 905 777791
3819 907 777794
3818 901 777797
3819 904 777800
3818 903 777803
3825 903 777806
3817 905 777809
3816 906 777812
3815 902 777815
3849 907 777818
3820 899 777821
3816 935 777824
3808 909 777827
3827 896 777830
3813 902 777833
3818 907 777836
3816 900 777839
3819 905 777842
3817 903 777845
3815 901 777848
3819 903 777851
3818 900 777854
3817 904 777857
3818 903 777860
3817 913 777863
3813 902 777866
3816 920 777869
3805 892 777872
3821 901 777875
3824 903 777878
3810 901 777881
3816 904 777884
3817 902 777887
3815 905 777890
3818 903 777893
3818 897 777896
3817 905 777899
3817 901 777902
3818 901 777905
3816 889 777908
3808 904 777911
3814 898 777914
3834 903 777917
3808 914 777920
3815 909 777923
3821 900 777926
3815 903 777929
3819 905 777932
3815 902 777935
3819 899 777938
3818 905 777941
3815 905 777944
3816 902 777947
3816 903 777950
3817 884 777953
3789 906 777956
3815 899 777959
3823 910 777962
3811 896 777965
3818 900 777968
3819 903 777971
3817 901 777974
3818 904 777977
3816 902 777980
3816 902 777983
3809 904 777986
3818 904 777989
3816 903 777992
3817 903 777995
3817 870 777998
3858 899 778002
3815 901 778005
3815 910 778008
3816 896 778011
3816 903 778014
3818 906 778017
3813 900 778020
3818 904 778023
3817 903 778026
3816 903 778029
3816 904 778032
3816 903 778034
3817 905 778037
3817 903 778040
3816 886 778043
3870 904 778046
3816 903 778049
3808 918 778052
3815 893 778055
3818 902 778058
3820 904 778061
3814 901 778064
3818 904 778067
3820 901 778070
3816 906 778073
3814 909 778076
3808 907 778079
3806 909 778082
3808 900 778085
3800 871 778088
3784 803 778091
3717 766 778094
3677 680 778097
3609 644 778100
3557 582 778103
3496 512 778106
3424 456 778109
3342 389 778112
3239 326 778115
3165 300 778118
3147 307 778121
3174 324 778124
3200 334 778127
3208 332 778130
3159 321 778133
3176 329 778136
3187 286 778139
3159 326 778142
3204 329 778145
3184 311 778148
3187 323 778151
3193 319 778154
3187 319 778157
3187 321 778160
3189 321 778163
3187 328 778166
3187 320 778169
3188 319 778172
3186 320 778175
3152 354 778178
3186 319 778181
3189 356 778184
3210 318 778187
3175 313 778190
3192 332 778193
3190 319 778196
3182 321 778199
3189 324 778202
3188 321 778205
3187 321 778208
3185 322 778211
3187 320 778214
3190 322 778217
3188 321 778220
3242 310 778223
3190 345 778226
3216 302 778229
3163 316 778232
3196 333 778235
3188 316 778238
3183 324 778241
3189 324 778244
3186 319 778247
3186 321 778250
3185 322 778253
3187 325 778256
3185 322 778259
3187 301 778262
3183 298 778265
3195 318 778268
3164 283 778271
3185 339 778274
3198 318 778277
3180 318 778280
3191 318 778283
3185 319 778286
3186 321 778289
3186 324 778292
3185 323 778295
3183 322 778298
3186 324 778301
3184 326 778304
3168 387 778307
3175 329 778310
3190 368 778313
3204 320 778316
3164 322 778319
3192 336 778322
3183 328 778325
3178 334 778328
3179 330 778331
3182 330 778334
3180 333 778337
3181 333 778340
3184 331 778343
3181 332 778346
3423 330 778349
3158 344 778352
3178 305 778355
3147 337 778358
3194 347 778361
3177 322 778364
3174 342 778367
3183 335 778370
3186 321 782778
3188 317 782781
3188 319 782784
3188 323 782787
3186 324 782790
3186 319 782793
3185 320 782796
3185 319 782799
3185 323 782801
3185 321 782804
3187 321 782807
3186 324 782810
3186 320 782813
3186 318 782816
3191 321 782819
3185 322 782822
3189 322 782825
3185 321 782828
3186 322 782831
3184 323 782834
3186 322 782837
3187 321 782840
3186 321 782843
3184 319 782846
3184 320 782849
3188 324 782852
3188 322 782855
3186 313 782858
3312 322 782861
3187 322 782864
3186 320 782867
3185 323 782870
3187 319 782873
3187 321 782876
3187 321 782879
3185 323 782882
3188 321 782885
3187 322 782888
3184 320 782891
3187 321 782894
3187 320 782897
3186 321 782900
3189 346 782903
3186 319 782906
3185 321 782909
3187 322 782912
3185 318 782915
3186 321 782918
3188 323 782921
3184 319 782924
3186 322 782927
3188 318 782930
3187 324 782933
3186 321 782936
3188 318 782939
3186 320 782942
3237 351 782945
3187 319 782948
3187 323 782951
3185 323 782954
3185 322 782957
3187 321 782960
3187 322 782963
3187 324 782966
3187 320 782969
3187 319 782972
3187 322 782975
3186 322 782978
3187 321 782981
3185 322 782984
3187 328 782987
3182 319 782990
3187 321 782993
3190 324 782996
3187 321 783000
3186 323 783003
3190 321 783006
3185 325 783009
3185 323 783012
3188 320 783015
3189 320 783018
3187 321 783021
3185 322 783024
3188 322 783027
3186 321 783030
3176 324 783032
3188 318 783035
3186 320 783038
3187 321 783041
3185 320 783044
3186 317 783047
3186 320 783050
3187 318 783053
3187 316 783056
3187 320 783059
3185 322 783062
3187 343 783065
3222 365 783068
3237 356 783071
3182 335 783074
3171 298 783077
3108 263 783080
3040 235 783083
3011 245 783086
3074 284 783089
3142 307 783092
3148 291 783095
3107 260 783098
3051 232 783101
3002 219 783104
2967 201 783107
2936 185 783110
2898 170 783113
2851 154 783116
2806 136 783119
2762 126 783122
2730 114 783125
2709 111 783128
2699 109 783131
2696 109 783134
2696 110 783137
2694 108 783140
2692 108 783143
2691 109 783146
2687 107 783149
2686 105 783152
2681 0 783155
2685 105 783158
2688 103 783161
2686 104 783164
2679 103 783167
2663 95 783170
2642 91 783173
2634 90 783176
2625 90 783179
2624 89 783182
2629 91 783185
2634 91 783188
2638 94 783191
2639 95 783194
2557 93 783197
2640 96 783200
2641 92 783203
2646 95 783206
2643 96 783209
2643 95 783212
2637 93 783215
2639 94 783218
2638 92 783221
2638 92 783224
2638 93 783227
2642 94 783230
2646 97 783233
2649 94 783236
2646 96 783239
2647 97 783242
2647 95 783245
2640 96 783248
2644 97 783251
2644 94 783254
2643 96 783257
2643 94 783260
2642 94 783263
2645 97 783266
2646 93 783269
2642 94 783272
2643 116 783275
2642 92 783278
2641 89 783281
2639 96 783284
2642 93 783287
2638 93 783290
2637 93 783293
2636 92 783296
2634 91 783299
2629 83 783302
2623 91 783305
2625 92 783308
2624 91 783311
2629 105 783314
2628 91 783317
2627 88 783320
2627 92 783323
2629 90 783326
2629 92 783329
2631 92 783332
2633 91 783335
2632 91 783338
2636 93 783341
2637 92 783344
2634 95 783347
2633 93 783350
2638 91 783353
2625 85 783356
2524 68 783359
2431 49 783362
2379 41 783365
2363 44 783368
2358 42 783371
2360 41 783374
2361 42 783377
2360 44 783380
2361 44 783383
2363 42 783386
2359 34 783389
2232 43 783392
2360 43 783395
2360 41 783398
2359 47 783401
2359 43 783404
2362 42 783407
2363 44 783410
2361 42 783413
2361 42 783416
2362 40 783419
2361 43 783422
2360 43 783425
2398 43 783428
2360 43 783431
2362 48 783434
2362 43 783437
2359 42 783440
2362 44 783443
2361 46 783446
2363 44 783449
2361 42 783452
2360 45 783455
2361 43 783458
2360 40 783461
2360 509 783464
2361 45 783467
2359 42 783470
2362 45 783473
2363 43 783476
2358 44 783479
2361 43 783482
2362 40 783485
2361 43 783488
2360 41 783491
2357 42 783494
2363 47 783497
2362 48 783500
2360 45 783503
2361 46 783506
2362 44 783509
2361 50 783512
2363 48 783515
2359 48 783518
2360 52 783521
2360 50 783524
2359 53 783527
2362 56 783530
2362 56 783533
2359 53 783536
2362 57 783539
2361 54 783542
2361 50 783545
2357 56 783548
2364 58 783551
2362 55 783554
2360 55 783557
2361 59 783560
2363 59 783563
2363 58 783566
2358 55 783569
2360 60 783572
2362 56 783575
2499 57 783578
2362 58 783581
2358 58 783584
2364 58 783587
2359 54 783590
2359 57 783593
2363 59 783596
2361 57 783599
2361 55 783602
2360 58 783605
2362 56 783608
2361 56 783611
2360 139 783614
2362 54 783617
2361 54 783620
2360 56 783623
2361 56 783626
2359 56 783629
2360 56 783632
2361 54 783635
2359 57 783638
2362 55 783641
2362 54 783644
2362 58 783647
2363 59 783650
2445 53 783653
2360 53 783656
2360 57 783659
2364 53 783662
2359 53 783665
2361 52 783668
2359 52 783671
2363 53 783674
2361 54 783677
2361 55 783680
2364 50 783683
2360 51 783686
2362 83 783689
2362 53 783692
2361 51 783695
2363 53 783698
2358 50 783701
2362 52 783704
2362 50 783707
2360 54 783710
2362 51 783713
2359 49 783716
2360 51 783719
2363 52 783722
2362 50 783725
2361 48 783728
2358 49 783731
2361 44 783734
2362 52 783737
2364 49 783740
2359 51 783743
2362 49 783746
2363 47 783749
2360 49 783752
2354 50 783755
2362 48 783758
2361 50 783761
2363 54 783764
2370 92 783767
2361 48 783770
2361 50 783773
2362 50 783776
2363 50 783779
2361 47 783782
2360 45 783785
2360 48 783788
2360 47 783791
2361 48 783794
2361 49 783797
2360 48 783800
2361 48 783803
2355 66 783806
2361 49 783809
2357 45 783812
2363 49 783815
2365 46 783818
2360 47 783821
2359 48 783824
2361 47 783827
2361 49 783830
2359 46 783833
2361 49 783836
2361 48 783839
2361 48 783842
2354 40 783845
2362 46 783848
2358 49 783851
2362 46 783854
2358 43 783857
2360 47 783860
2364 47 783863
2358 46 783866
2361 45 783869
2364 46 783872
2361 47 783875
2360 46 783878
2363 46 783881
2366 44 783884
2360 43 783887
2361 42 783890
2361 48 783893
2363 47 783896
2359 44 783899
2361 46 783902
2363 46 783905
2361 46 783908
2361 47 783911
2361 47 783914
2361 45 783917
2360 45 783920
2396 30 783923
2360 45 783926
2362 49 783929
2359 41 783932
2360 44 783935
2363 45 783938
2362 45 783941
2363 46 783944
2363 44 783947
2360 47 783950
2359 45 783953
2360 45 783956
2360 44 783959
2362 46 783962
2396 46 783965
2362 45 783968
2359 40 783971
2363 48 783974
2356 42 783977
2363 43 783980
2360 43 783983
2356 45 783986
2362 43 783989
2363 45 783992
2360 43 783995
2355 45 783998
2362 46 784002
2360 41 784005
2359 46 784008
2365 49 784011
2363 45 784014
2362 44 784017
2362 45 784020
2361 43 784023
2361 45 784026
2362 44 784029
2361 44 784032
2361 42 784035
2364 42 784038
2358 45 784040
2362 47 784043
2360 43 784046
2362 45 784049
2364 45 784052
2361 43 784055
2360 46 784058
2361 49 784061
2361 44 784064
2362 43 784067
2360 45 784070
2362 47 784073
2360 42 784076
2361 44 784079
2362 45 784082
2359 46 784085
2360 45 784088
2363 50 784091
2361 44 784094
2357 42 784097
2361 46 784100
2358 43 784103
2360 45 784106
2362 45 784109
2362 36 784112
2361 43 784115
2358 43 784118
2360 43 784121
2361 41 784124
2361 46 784127
2360 40 784130
2362 46 784133
2361 44 784136
2359 47 784139
2362 41 784142
2360 41 784145
2360 45 784148
2360 42 784151
2360 42 784154
2361 43 784157
2362 45 784160
2359 44 784163
2367 53 784166
2363 45 784169
2357 41 784172
2365 45 784175
2360 40 784178
2361 44 784181
2360 42 784184
2359 41 784187
2360 45 784190
2361 45 784193
2359 39 784196
2362 46 784199
2362 45 784202
2363 41 784205
2393 43 784208
2360 40 784211
2358 46 784214
2362 44 784217
2360 41 784220
2359 46 784223
2362 42 784226
2361 41 784229
2361 46 784232
2363 44 784235
2361 43 784238
2360 45 784241
2359 42 784244
2358 72 784247
2361 40 784250
2358 39 784253
2359 45 784256
2363 43 784259
2359 42 784262
2361 45 784265
2362 45 784268
2360 45 784271
2361 42 784274
2362 41 784277
2362 42 784280
2360 39 784283
2357 41 784286
2339 45 784289
2362 38 784292
2358 45 784295
2364 44 784298
2362 43 784301
2364 44 784304
2360 43 784307
2361 43 784310
2360 44 784313
2358 40 784316
2360 43 784319
2362 41 784322
2361 44 784325
2357 43 784328
2360 44 784331
2362 44 784334
2362 44 784337
2359 44 784340
2361 41 784343
2361 42 784346
2359 42 784349
2359 41 784352
2361 42 784355
2361 43 784358
2358 43 784361
2362 44 784364
2347 66 784367
2360 45 784370
2360 46 784373
2363 39 784376
2360 43 784379
2361 43 784382
2360 44 784385
2361 44 784388
2363 43 784391
2359 43 784394
2360 43 784397
2362 43 784400
2360 44 784403
2361 44 784406
2363 43 784409
2362 42 784412
2359 45 784415
2365 39 784418
2361 43 784421
2362 45 784424
2360 43 784427
2360 44 784430
2362 45 784433
2361 45 784436
2362 36 784439
2360 40 784442
2360 47 784445
2385 44 784448
2358 42 784451
2348 50 784454
2374 27 784457
2358 38 784460
2359 45 784463
2366 43 784466
2359 44 784469
2361 42 784472
2362 44 784475
2360 44 784478
2360 42 784481
2361 23 784484
2216 45 784487
2361 45 784490
2359 22 784493
2365 58 784496
2364 39 784499
2355 42 784502
2364 44 784505
2363 42 784508
2360 46 784511
2360 41 784514
2362 41 784517
2360 43 784520
2362 45 784523
2292 48 784526
2358 43 784529
2348 32 784532
2373 52 784535
2353 36 784538
2356 45 784541
2364 44 784544
2358 39 784547
2360 44 784550
2359 45 784553
2360 44 784556
2359 42 784559
2360 46 784562
2386 42 784565
2362 43 784568
2351 62 784571
2369 36 784574
2357 38 784577
2364 44 784580
2359 42 784583
2360 46 784586
2363 44 784589
2359 42 784592
2362 43 784595
2362 42 784598
2360 45 784601
2370 42 784604
2361 59 784607
2381 31 784610
2359 33 784613
2367 51 784616
2362 39 784619
2359 48 784622
2361 44 784625
2361 41 784628
2362 44 784631
2359 42 784634
2359 42 784637
2364 3 784640
2365 41 784643
2361 42 784646
2345 54 784649
2369 42 784652
2357 39 784655
2359 45 784658
2362 40 784661
2359 43 784664
2363 42 784667
2360 43 784670
2366 41 784673
2360 123 784676
2359 32 784679
2363 42 784682
2345 48 784685
2357 33 784688
2365 48 784691
2361 41 784694
2357 43 784697
2364 43 784700
2361 42 784703
2363 41 784706
2361 43 784709
2360 44 784712
2361 42 784715
2364 40 784718
2362 45 784721
2365 60 784724
2344 39 784727
2354 41 784730
2367 48 784733
2359 42 784736
2361 41 784739
2362 44 784742
2360 45 784745
2360 41 784748
2360 44 784751
2360 0 784754
2361 41 784757
2359 33 784760
2348 55 784763
2369 38 784766
2360 39 784769
2363 42 784772
2361 42 784775
2359 42 784778
2360 42 784781
2360 45 784784
2361 43 784787
2360 17 784790
2360 36 784793
2364 42 784796
2349 51 784799
2352 35 784802
2370 49 784805
2361 41 784808
2365 44 784811
2361 43 784814
2359 43 784817
2361 44 784820
2359 41 784823
2360 44 784826
2362 46 784829
2362 43 784832
2362 60 784835
2343 45 784838
2352 41 784841
2368 48 784844
2359 38 784847
2360 43 784850
2363 45 784853
2356 42 784856
2365 45 784859
2361 45 784862
2359 45 784865
2359 53 784868
2360 45 784871
2368 68 784874
2348 44 784877
2352 42 784880
2367 46 784883
2358 38 784886
2360 42 784889
2360 43 784892
2360 44 784895
2362 43 784898
2361 43 784901
2362 44 784904
2391 43 784907
2359 42 784910
2355 63 784913
2368 39 784916
2354 39 784919
2362 46 784922
2361 43 784925
2358 44 784928
2360 43 784931
2361 44 784934
2362 42 784937
2360 41 784940
2366 0 784943
2361 43 784946
2359 43 784949
2346 50 784952
2370 40 784955
2355 40 784958
2364 44 784961
2366 44 784964
2360 44 784967
2363 42 784970
2360 42 784973
2359 45 784976
2364 42 784979
2361 51 784982
2363 40 784985
2378 54 784988
2359 40 784991
2354 47 784994
2369 44 784997
2360 43 785001
2360 45 785004
2362 44 785007
2359 43 785010
2364 43 785013
2359 43 785016
2360 51 785019
2444 46 785022
2361 45 785025
2359 25 785028
2368 56 785031
2354 40 785033
2355 41 785036
2363 43 785039
2359 41 785042
2362 46 785045
2355 41 785048
2361 43 785051
2359 43 785054
2360 41 785057
2363 37 785060
2362 43 785063
2376 57 785066
2352 39 785069
2357 46 785072
2364 44 785075
2359 42 785078
2361 42 785081
2360 43 785084
2359 42 785087
2362 43 785090
2360 45 785093
2364 43 785096
2371 43 785099
2361 59 785102
2344 47 785105
2359 38 785108
2366 50 785111
2360 30 785114
2358 46 785117
2363 43 785120
2361 41 785123
2359 44 785126
2361 43 785129
2360 42 785132
2359 41 785135
2363 43 785138
2360 44 785141
2356 41 785144
2348 46 785147
2369 45 785150
2362 39 785153
2359 45 785156
2362 47 785159
2361 42 785162
2360 42 785165
2360 41 785168
2360 41 785171
2363 43 785174
2361 41 785177
2358 30 785180
2357 45 785183
2352 45 785186
2367 44 785189
2358 40 785192
2360 44 785195
2362 42 785198
2359 41 785201
2360 43 785204
2362 42 785207
2362 43 785210
2358 46 785213
2369 42 785216
2364 57 785219
2371 43 785222
2358 28 785225
2366 46 785228
2362 39 785231
2357 42 785234
2362 43 785237
2361 47 785240
2363 44 785243
2361 41 785246
2361 41 785249
2362 45 785252
2377 39 785255
2361 43 785258
2364 60 785261
2334 44 785264
2356 41 785267
2365 44 785270
2358 39 785273
2361 44 785276
2360 44 785279
2362 41 785282
2362 44 785285
2362 45 785288
2360 16 785291
2360 40 785294
2361 40 785297
2366 26 785300
2356 44 785303
2366 40 785306
2357 42 785309
2364 43 785312
2360 40 785315
2361 45 785318
2362 44 785321
2362 39 785324
2362 41 785327
2360 39 785330
2359 50 785333
2358 39 785336
2372 67 785339
2348 41 785342
2351 40 785345
2366 46 785348
2358 40 785351
2364 44 785354
2359 39 785357
2360 40 785360
2359 43 785363
2361 41 785366
2360 38 785369
2377 42 785372
2364 47 785375
2361 40 785378
2340 53 785381
2371 38 785384
2355 36 785387
2363 47 785390
2362 40 785393
2360 43 785396
2361 42 785399
2358 41 785402
2361 44 785405
2362 43 785408
2360 42 785411
2370 42 785414
2361 62 785417
2364 49 785420
2357 35 785423
2368 48 785426
2360 41 785429
2359 45 785432
2360 38 785435
2359 43 785438
2363 53 785441
2359 41 785444
2363 46 785447
2363 41 785450
2334 46 785453
2359 42 785456
2347 43 785459
2375 44 785462
2357 36 785465
2357 46 785468
2364 42 785471
2361 40 785474
2359 37 785477
2361 43 785480
2362 47 785483
2360 42 785486
2358 44 785489
2361 44 785492
2361 42 785495
2344 47 785498
2355 33 785501
2366 49 785504
2362 39 785507
2356 43 785510
2363 45 785513
2359 40 785516
2362 46 785519
2362 43 785522
2361 39 785525
2360 42 785528
2359 81 785531
2350 43 785534
2363 49 785537
2379 16 785540
2357 36 785543
2362 49 785546
2365 41 785549
2357 45 785552
2360 44 785555
2361 41 785558
2361 42 785561
2357 41 785564
2358 43 785567
2374 0 785570
2360 45 785573
2359 42 785576
2344 51 785579
2368 45 785582
2358 39 785585
2360 46 785588
2364 41 785591
2359 40 785594
2360 43 785597
2361 42 785600
2361 44 785603
2361 44 785606
2343 44 785609
2357 44 785612
2361 52 785615
2357 30 785618
2366 55 785621
2363 36 785624
2356 44 785627
2364 45 785630
2360 41 785633
2361 44 785636
2365 45 785639
2358 41 785642
2360 42 785645
2361 44 785648
2365 43 785651
2362 40 785654
2355 41 785657
2350 48 785660
2367 42 785663
2358 41 785666
2361 44 785669
2363 43 785672
2358 41 785675
2362 43 785678
2362 43 785681
2361 45 785684
2361 45 785687
2362 41 785690
2362 16 785693
2353 42 785696
2351 42 785699
2369 46 785702
2359 40 785705
2360 43 785708
2362 41 785711
2360 44 785714
2360 44 785717
2362 41 785720
2362 41 785723
2533 45 785726
2355 43 785729
2358 27 785732
2366 39 785735
2353 52 785738
2366 40 785741
2358 39 785744
2362 45 785747
2360 42 785750
2360 42 785753
2363 42 785756
2363 43 785759
2360 44 785762
2321 28 785765
2360 46 785768
2360 41 785771
2345 35 785774
2372 49 785777
2361 38 785780
2360 47 785783
2362 42 785786
2358 40 785789
2361 44 785792
2361 40 785795
2361 41 785798
2363 45 785801
2368 35 785804
2353 42 785807
2361 30 785810
2378 52 785813
2356 37 785816
2355 46 785819
2365 45 785822
2356 40 785825
2360 42 785828
2361 43 785831
2359 43 785834
2362 44 785837
2358 44 785840
2363 43 785843
2362 43 785846
2360 27 785849
2363 29 785852
2364 52 785855
2365 40 785858
2357 42 785861
2361 44 785864
2362 43 785867
2362 43 785870
2359 43 785873
2360 43 785876
2363 44 785879
2356 42 785882
2359 45 785885
2343 48 785888
2376 45 785891
2361 37 785894
2358 47 785897
2355 41 785900
2361 45 785903
2361 43 785906
2360 43 785909
2362 41 785912
2364 45 785915
2395 45 785918
2355 41 785921
2362 33 785924
2358 37 785927
2353 48 785930
2369 44 785933
2358 43 785936
2358 44 785939
2363 41 785942
2361 43 785945
2361 46 785948
2362 43 785951
2362 41 785954
2361 66 785957
2358 44 785960
2363 55 785963
2379 33 785966
2356 38 785969
2362 47 785972
2361 42 785975
2359 42 785978
2361 45 785981
2359 42 785984
2363 40 785987
2358 44 785990
2359 43 785993
2296 44 785996
2359 44 786000
2346 32 786003
2375 52 786006
2362 37 786009
2358 46 786012
2364 45 786015
2359 39 786018
2361 42 786021
2362 40 786024
2360 45 786027
2360 42 786030
2378 43 786033
2358 45 786036
2360 38 786039
2364 29 786042
2356 52 786044
2364 40 786047
2362 39 786050
2363 48 786053
2362 43 786056
2363 43 786059
2364 41 786062
2361 41 786065
2359 45 786068
2365 38 786071
2356 43 786074
2359 51 786077
2366 31 786080
2368 53 786083
2365 40 786086
2358 41 786089
2361 45 786092
2362 42 786095
2359 43 786098
2360 42 786101
2360 41 786104
2354 41 786107
2387 46 786110
2359 45 786113
2361 47 786116
2361 28 786119
2359 54 786122
2366 39 786125
2358 41 786128
2361 43 786131
2361 44 786134
2361 40 786137
2362 42 786140
2361 43 786143
2359 42 786146
2326 43 786149
2356 44 786152
2358 26 786155
2359 35 786158
2355 52 786161
2363 40 786164
2358 39 786167
2363 45 786170
2361 40 786173
2364 43 786176
2363 42 786179
2360 44 786182
2360 43 786185
2353 44 786188
2355 45 786191
2360 40 786194
2352 36 786197
2351 48 786200
2365 42 786203
2356 38 786206
2361 43 786209
2362 45 786212
2362 44 786215
2361 40 786218
2360 42 786221
2361 45 786224
2395 46 786227
2354 46 786230
2361 47 786233
2361 29 786236
2357 50 786239
2366 40 786242
2358 42 786245
2365 47 786248
2359 41 786251
2359 42 786254
2360 44 786257
2364 43 786260
2361 41 786263
2342 42 786266
2360 45 786269
2359 44 786272
2362 30 786275
2361 55 786278
2369 40 786281
2357 39 786284
2363 43 786287
2359 42 786290
2360 43 786293
2353 39 786296
2360 44 786299
2358 44 786302
2362 41 786305
2365 44 786308
2362 66 786311
2347 42 786314
2349 40 786317
2367 50 786320
2359 40 786323
2361 44 786326
2357 41 786329
2361 43 786332
2361 41 786335
2363 40 786338
2361 45 786341
2365 45 786344
2382 41 786347
2362 45 786350
2375 59 786353
2354 35 786356
2356 46 786359
2364 43 786362
2358 41 786365
2359 43 786368
2361 40 786371
2360 45 786374
2361 43 786377
2363 39 786380
2360 59 786383
2220 45 786386
2359 43 786389
2359 27 786392
2364 56 786395
2363 40 786398
2353 38 786401
2363 44 786404
2360 42 786407
2361 44 786410
2359 47 786413
2360 44 786416
2360 43 786419
2360 44 786422
2362 54 786425
2357 41 786428
2364 61 786431
2379 46 786434
2355 38 786437
2364 49 786440
2361 40 786443
2359 43 786446
2361 45 786449
2358 42 786452
2363 43 786455
2362 44 786458
2359 42 786461
2362 44 786464
2367 40 786467
2364 63 786470
2355 46 786473
2350 39 786476
2367 48 786479
2356 39 786482
2357 45 786485
2363 42 786488
2366 44 786491
2358 43 786494
2361 41 786497
2362 41 786500
2362 41 786503
2365 44 786506
2357 44 786509
2377 63 786512
2352 39 786515
2353 44 786518
2367 41 786521
2358 41 786524
2359 45 786527
2363 40 786530
2359 43 786533
2363 42 786536
2359 40 786539
2361 44 786542
2360 94 786545
2363 38 786548
2361 43 786551
2368 39 786554
2349 51 786557
2370 43 786560
2356 42 786563
2358 46 786566
2362 40 786569
2360 45 786572
2363 46 786575
2362 43 786578
2360 43 786581
2361 43 786584
2360 47 786587
2362 51 786590
2357 40 786593
2349 49 786596
2354 36 786599
2369 50 786602
2360 39 786605
2360 42 786608
2362 45 786611
2360 43 786614
2359 44 786617
2361 45 786620
2368 43 786623
2361 41 786626
2364 46 786629
2369 0 786632
2363 43 786635
2360 31 786638
2360 56 786641
2366 40 786644
2355 39 786647
2359 45 786650
2366 41 786653
2361 40 786656
2357 42 786659
2362 41 786662
2363 42 786665
2361 41 786668
2361 42 786671
2365 45 786674
2360 37 786677
2359 41 786680
2357 29 786683
2348 53 786686
2367 38 786689
2358 40 786692
2360 48 786695
2358 41 786698
2360 41 786701
2362 44 786704
2359 43 786707
2361 43 786710
2360 40 786713
2364 46 786716
2362 21 786719
1869 41 786722
2361 45 786725
2346 53 786728
2372 36 786731
2356 35 786734
2360 49 786737
2360 42 786740
2359 41 786743
2361 41 786746
2356 42 786749
2359 43 786752
2363 43 786755
2361 42 786758
2365 42 786761
2360 40 786764
2361 52 786767
2358 44 786770
2364 47 786773
2349 43 786776
2372 46 786779
2359 39 786782
2360 44 786785
2363 43 786788
2358 42 786791
2362 41 786794
2358 41 786797
2364 42 786800
2360 44 786803
2359 43 786806
2361 42 786809
2358 44 786812
2364 39 786815
2360 42 786818
2350 36 786821
2369 48 786824
2360 38 786827
2356 44 786830
2364 41 786833
2363 43 786836
2361 43 786839
2365 44 786842
2362 41 786845
2361 41 786848
2360 41 786851
2361 45 786854
2360 44 786857
2365 8 786860
2363 43 786863
2376 61 786866
2354 44 786869
2353 43 786872
2368 46 786875
2359 41 786878
2361 45 786881
2367 46 786884
2368 45 786887
2357 40 786890
2361 41 786893
2360 43 786896
2362 43 786899
2360 43 786902
2363 41 786905
2361 59 786908
2358 39 786911
2346 49 786914
2354 36 786917
2368 50 786920
2358 37 786923
2357 45 786926
2361 44 786929
2359 39 786932
2360 45 786935
2360 42 786938
2360 42 786941
2361 40 786944
2363 42 786947
2361 44 786950
2362 41 786953
2358 9 786956
2358 42 786959
2379 49 786962
2360 36 786965
2355 47 786968
2366 44 786971
2359 43 786974
2361 45 786977
2360 46 786980
2362 46 786983
2363 42 786986
2363 42 786989
2360 44 786992
2359 41 786995
2360 41 786998
2360 41 787002
2361 46 787005
2365 48 787009
2364 24 787011
2366 60 787014
2356 39 787017
2363 42 787020
2359 45 787023
2360 40 787026
2365 48 787029
2360 42 787032
2362 43 787035
2361 39 787038
2360 44 787042
2360 40 787044
2361 44 787047
2362 44 787050
2348 46 787053
2362 39 787056
2327 62 787059
2354 47 787062
2365 34 787065
2362 48 787068
2358 36 787071
2363 43 787075
2362 38 787077
2360 42 787080
2358 41 787083
2362 40 787086
2361 42 787089
2361 43 787092
2359 44 787095
2361 41 787098
2365 42 787101
2359 48 787104
2366 43 787108
2361 25 787110
2363 55 787113
2356 38 787116
2364 39 787119
2361 44 787122
2361 42 787125
2362 42 787128
2361 40 787131
2363 42 787134
2361 38 787137
2361 46 787141
2362 42 787143
2362 43 787146
2335 42 787149
2362 0 787152
2362 42 787155
2374 59 787158
2356 37 787161
2363 38 787164
2363 48 787167
2362 38 787170
2364 44 787174
2366 41 787176
2357 40 787179
2361 40 787182
2359 44 787185
2363 41 787188
2358 42 787191
2361 43 787194
2363 43 787197
2366 41 787200
2354 42 787203
2346 43 787207
2371 45 787209
2357 47 787212
2360 37 787215
2365 46 787218
2361 40 787221
2360 42 787224
2360 43 787227
2360 42 787230
2361 41 787233
2362 43 787236
2364 44 787240
2360 40 787242
2358 43 787245
2367 41 787248
2361 42 787251
2370 46 787254
2361 28 787257
2365 51 787260
2357 38 787263
2363 42 787266
2360 45 787269
2362 44 787273
2361 49 787275
2360 44 787278
2363 42 787281
2361 43 787284
2362 44 787287
2363 44 787290
2363 44 787293
2357 38 787296
2360 40 787299
2350 41 787302
2373 48 787306
2353 42 787308
2361 39 787311
2359 45 787314
2360 43 787317
2358 40 787320
2362 44 787323
2361 43 787326
2361 40 787329
2361 44 787332
2361 44 787335
2362 45 787339
2360 38 787341
2357 54 787344
2379 42 787347
2364 14 787350
2357 29 787353
2365 48 787356
2361 42 787359
2361 40 787362
2360 44 787365
2362 40 787368
2360 44 787372
2361 40 787374
2361 44 787377
2364 41 787380
2362 43 787383
2359 41 787386
2371 43 787389
2363 42 787392
2360 62 787395
2355 45 787398
2369 38 787401
2359 51 787405
2358 38 787407
2364 44 787410
2358 41 787413
2360 40 787416
2362 43 787419
2363 41 787422
2361 39 787425
2363 40 787428
2361 47 787431
2366 94 787434
2363 41 787438
2350 39 787440
2371 30 787443
2359 49 787446
2356 36 787449
2364 45 787452
2361 44 787455
2360 42 787458
2363 42 787461
2363 43 787464
2355 41 787467
2361 45 787471
2358 39 787473
2362 43 787476
1924 64 787479
2361 42 787482
2346 42 787485
2376 48 787488
2355 47 787491
2359 34 787494
2365 48 787497
2358 40 787500
2363 42 787504
2362 40 787506
2361 43 787509
2356 40 787512
2358 43 787515
2360 43 787518
2359 40 787521
2365 41 787524
2362 38 787527
2357 58 787530
2351 37 787533
2368 44 787537
2360 42 787539
2360 39 787542
2360 42 787545
2360 43 787548
2361 43 787551
2361 40 787554
2364 44 787557
2362 42 787560
2361 42 787563
2365 41 787566
2364 88 787570
2365 40 787572
2369 62 787575
2352 35 787578
2365 39 787581
2361 46 787584
2358 39 787587
2365 44 787590
2358 40 787593
2362 41 787596
2361 42 787599
2362 41 787603
2359 40 787605
2359 44 787608
2372 42 787611
2361 38 787614
2372 63 787617
2353 39 787620
2369 38 787623
2360 46 787626
2359 39 787629
2365 43 787632
2359 47 787636
2362 40 787638
2360 42 787641
2360 41 787644
2360 42 787647
2363 39 787650
2364 84 787653
2362 37 787656
2363 42 787659
2363 28 787662
2363 57 787665
2356 39 787669
2361 40 787671
2359 44 787674
2361 40 787677
2362 44 787680
2360 42 787683
2359 43 787686
2359 46 787689
2360 40 787692
2364 40 787695
2357 50 787698
2378 43 787702
2349 55 787704
2354 38 787707
2365 46 787710
2359 42 787713
2363 39 787716
2363 46 787719
2360 44 787722
2364 43 787725
2361 44 787728
2361 42 787731
2361 46 787735
2357 39 787737
2358 55 787740
2361 43 787743
2378 45 787746
2355 48 787749
2360 39 787752
2363 49 787755
2356 42 787758
2368 40 787761
2362 43 787764
2359 43 787768
2361 39 787770
2362 44 787773
2360 46 787776
2350 44 787779
2363 0 787782
2361 42 787785
2367 22 787788
2361 54 787791
2360 35 787794
2366 40 787797
2359 45 787801
2359 40 787803
2361 45 787806
2359 39 787809
2360 41 787812
2360 45 787815
2361 43 787818
2346 43 787821
2359 0 787824
2360 42 787827
2350 26 787830
2369 55 787834
2355 40 787836
2364 40 787839
2363 44 787842
2358 43 787845
2362 44 787848
2362 43 787851
2360 43 787854
2359 42 787857
2362 42 787860
2358 42 787863
2357 45 787867
2360 41 787869
2350 42 787872
2370 42 787875
2357 48 787878
2360 36 787881
2367 44 787884
2361 42 787887
2361 39 787890
2362 44 787893
2360 40 787896
2361 41 787900
2360 41 787902
2365 43 787905
2373 41 787908
2360 41 787911
2349 32 787914
2351 40 787917
2365 43 787920
2358 43 787923
2363 39 787926
2361 42 787929
2353 42 787933
2361 38 787935
2362 43 787938
2359 45 787941
2361 41 787944
2364 41 787947
2366 46 787950
2360 44 787953
2353 39 787956
2370 57 787959
2353 38 787962
2363 42 787966
2361 43 787968
2361 42 787971
2361 44 787974
2358 42 787977
2362 44 787980
2360 47 787983
2362 44 787986
2360 41 787989
2362 42 787992
2357 52 787995
2381 40 787999
2366 41 788003
2357 49 788006
2366 43 788009
2360 42 788012
2359 44 788015
2361 42 788018
2359 43 788021
2358 41 788024
2360 44 788027
2362 42 788030
2363 42 788033
2360 45 788036
2364 43 788039
2361 40 788042
2364 31 788045
2359 51 788048
2363 40 788051
2358 40 788054
2361 44 788057
2358 42 788060
2362 42 788063
2361 44 788066
2360 43 788069
2357 41 788072
2361 44 788075
2361 44 788078
2364 53 788081
2356 43 788084
2359 31 788087
2355 39 788090
2369 49 788093
2359 39 788096
2360 38 788099
2362 43 788102
2359 42 788105
2361 42 788108
2364 43 788111
2358 42 788114
2361 43 788117
2361 41 788120
2360 23 788123
2417 39 788126
2360 51 788129
2394 52 788132
2349 33 788135
2358 47 788138
2365 43 788141
2358 46 788144
2361 42 788147
2360 38 788150
2360 43 788153
2360 40 788156
2360 42 788159
2361 45 788162
2358 45 788165
2360 51 788168
2350 45 788171
2361 24 788174
2330 38 788177
2370 53 788180
2363 35 788183
2354 45 788186
2363 42 788189
2360 42 788192
2363 45 788195
2359 44 788198
2359 41 788201
2362 44 788204
2360 41 788207
2362 42 788210
2372 39 788213
2344 52 788216
2356 2 788219
2355 63 788222
2373 38 788225
2355 39 788228
2364 53 788231
2360 50 788234
2359 54 788237
2361 50 788240
2359 47 788243
2327 43 788246
2244 35 788249
2100 36 788252
1950 46 788255
1815 78 788258
1687 96 788261
1586 93 788264
1473 134 788267
1485 149 788270
1481 127 788273
1503 132 788276
1516 125 788279
1508 134 788282
1501 132 788285
1497 127 788288
1494 133 788291
1494 131 788294
1494 129 788297
1495 130 788300
1495 109 788303
1544 125 788306
1488 152 788309
1525 122 788312
1474 131 788315
1498 138 788318
1498 126 788321
1490 135 788324
1495 135 788327
1492 131 788330
1495 132 788333
1493 133 788336
1494 131 788339
1492 132 788342
1491 134 788345
1495 134 788348
1502 129 788351
1491 133 788354
1471 100 788357
1490 148 788360
1506 131 788363
1486 129 788366
1495 135 788369
1495 131 788372
1495 133 788375
1493 132 788378
1494 133 788381
1491 131 788384
1490 133 788387
1496 134 788390
1495 132 788393
1763 135 788396
1477 144 788399
1494 89 788402
1490 156 788405
1501 128 788408
1483 126 788411
1504 138 788414
1493 128 788417
1493 134 788420
1495 135 788423
1494 132 788426
1494 134 788429
1493 130 788432
1493 131 788435
1492 132 788438
1494 133 788441
1499 118 788444
1499 135 788447
1454 113 788450
1511 154 788453
1502 131 788456
1492 139 788459
1501 145 788462
1497 137 788465
1501 145 788468
1499 141 788471
1500 142 788474
1502 142 788477
1500 148 788480
1500 142 788483
1501 145 788486
1503 136 788489
1532 135 788492
1499 160 788495
1476 118 788498
1497 161 788501
1510 144 788504
1494 148 788507
1505 146 788510
1502 145 788513
1498 145 788516
1495 144 788519
1501 148 788522
1505 148 788525
1503 147 788528
1502 145 788531
1504 145 788534
1457 179 788537
1506 147 788540
1502 184 788543
1519 136 788546
1486 143 788549
1511 149 788552
1503 143 788555
1504 153 788558
1503 146 788561
1500 140 788564
1503 144 788567
1502 145 788570
1508 142 788573
1499 143 788576
1500 153 788579
1500 144 788582
1509 143 788585
1499 145 788588
1472 113 788591
1506 162 788594
1509 138 788597
1493 142 788600
1504 149 788603
1500 141 788606
1496 143 788609
1501 144 788612
1501 142 788615
1497 141 788618
1499 145 788621
1501 143 788624
1499 140 788627
1497 111 788630
1489 145 788633
1496 151 788636
1540 152 788639
1482 126 788642
1499 151 788645
1503 139 788648
1492 138 788651
1501 144 788654
1502 140 788657
1500 145 788660
1498 137 788663
1497 142 788666
1499 143 788669
1496 139 788672
1497 139 788675
1498 152 788678
1482 144 788681
1497 97 788684
1477 159 788687
1515 143 788690
1490 133 788693
1498 143 788696
1503 140 788699
1495 140 788702
1502 137 788705
1494 139 788708
1499 146 788711
1496 137 788714
1495 138 788717
1501 141 788720
1496 140 788723
1475 181 788726
1488 135 788729
1524 161 788732
1479 118 788735
1497 150 788738
1502 137 788741
1492 135 788744
1495 138 788747
1495 136 788750
1494 138 788753
1495 137 788756
1497 136 788759
1489 133 788762
1489 136 788765
1495 135 788768
1497 132 788771
1384 144 788774
1498 137 788777
1519 161 788780
1497 119 788783
1486 139 788786
1504 139 788789
1494 134 788792
1495 139 788795
1496 136 788798
1494 134 788801
1495 140 788804
1493 138 788807
1497 139 788810
1495 135 788813
1497 135 788816
1516 0 788819
1492 142 788822
1492 125 788825
1519 156 788828
1489 123 788831
1489 141 788834
1503 138 788837
1490 135 788840
1497 136 788843
1494 133 788846
1498 136 788849
1495 135 788852
1496 134 788855
1494 139 788858
1498 137 788861
1494 126 788864
1371 140 788867
1496 137 788870
1511 162 788873
1501 122 788876
1483 135 788879
1504 137 788882
1492 133 788885
1494 139 788888
1495 140 788891
1494 134 788894
1494 136 788897
1495 136 788900
1499 135 788903
1493 133 788906
1494 136 788909
1501 145 788912
1492 133 788915
1486 101 788918
1481 144 788921
1507 139 788924
1490 125 788927
1494 136 788930
1495 135 788933
1495 135 788936
1493 132 788939
1494 139 788942
1493 133 788945
1496 132 788948
1493 136 788951
1499 137 788954
1474 185 788957
1486 131 788960
1523 160 788963
1474 113 788966
1496 144 788969
1502 131 788972
1491 134 788975
1495 135 788978
1494 133 788981
1493 134 788984
1499 136 788987
1496 134 788990
1492 131 788993
1490 135 788996
1497 135 789000
1483 171 789003
1487 131 789006
1528 150 789009
1472 111 789012
1495 143 789015
1498 130 789018
1489 129 789021
1497 134 789024
1494 133 789027
1495 135 789030
1499 135 789033
1493 132 789036
1495 130 789039
1493 136 789041
1495 132 789044
1499 142 789047
1487 135 789050
1505 109 789053
1470 131 789056
1506 141 789059
1493 128 789062
1491 136 789065
1495 131 789068
1493 133 789071
1491 134 789074
1495 132 789077
1497 135 789080
1494 133 789083
1495 138 789086
1495 117 789089
1343 133 789092
1500 129 789095
1462 143 789098
1519 141 789101
1484 127 789104
1492 140 789107
1496 133 789110
1492 131 789113
1496 135 789116
1493 134 789119
1497 135 789122
1495 135 789125
1493 132 789128
1493 132 789131
1493 138 789134
1523 126 789137
1490 158 789140
1496 106 789143
1480 140 789146
1506 137 789149
1488 129 789152
1493 137 789155
1495 135 789158
1494 132 789161
1496 135 789164
1493 134 789167
1495 133 789170
1491 132 789173
1492 132 789176
1462 155 789179
1492 131 789182
1492 171 789185
1516 129 789188
1482 121 789191
1498 139 789194
1499 130 789197
1491 136 789200
1495 130 789203
1490 130 789206
1494 134 789209
1496 133 789212
1497 131 789215
1495 132 789218
1493 140 789221
1475 136 789224
1492 130 789227
1472 154 789230
1521 134 789233
1483 127 789236
1493 137 789239
1496 133 789242
1493 132 789245
1496 131 789248
1493 133 789251
1494 134 789254
1494 131 789257
1498 133 789260
1496 134 789263
1570 128 789266
1483 144 789269
1488 87 789272
1481 154 789275
1510 131 789278
1484 127 789281
1495 141 789284
1496 134 789287
1493 132 789290
1493 129 789293
1492 133 789296
1493 134 789299
1496 131 789302
1494 133 789305
1492 137 789308
1498 115 789311
1500 131 789314
1472 103 789317
1492 149 789320
1506 131 789323
1487 127 789326
1497 137 789329
1494 131 789332
1494 136 789335
1492 132 789338
1495 133 789341
1492 131 789344
1494 132 789347
1492 135 789350
1497 144 789353
1505 130 789356
1491 138 789359
1470 110 789362
1496 145 789365
1503 128 789368
1487 132 789371
1499 134 789374
1494 128 789377
1488 133 789380
1495 135 789383
1495 132 789386
1494 133 789389
1493 133 789392
1493 133 789395
1500 146 789398
1487 137 789401
1508 118 789404
1473 132 789407
1504 143 789410
1495 126 789413
1491 136 789416
1490 137 789419
1492 135 789422
1491 132 789425
1492 132 789428
1494 132 789431
1494 134 789434
1492 133 789437
1496 120 789440
1549 124 789443
1493 155 789446
1524 122 789449
1474 127 789452
1502 144 789455
1493 126 789458
1491 136 789461
1495 133 789464
1492 134 789467
1493 135 789470
1495 131 789473
1493 130 789476
1495 132 789479
1494 133 789482
1470 159 789485
1495 130 789488
1498 158 789491
1519 130 789494
1480 128 789497
1497 141 789500
1493 128 789503
1490 135 789506
1494 136 789509
1494 133 789512
1492 135 789515
1492 135 789518
1494 133 789521
1493 132 789524
1494 114 789527
1498 119 789530
1500 132 789533
1460 105 789536
1498 153 789539
1500 128 789542
1487 129 789545
1497 136 789548
1492 133 789551
1489 134 789554
1494 132 789557
1491 131 789560
1492 135 789563
1496 134 789566
1494 133 789569
1496 111 789572
1500 134 789575
1493 133 789578
1523 159 789581
1490 119 789584
1487 137 789587
1498 132 789590
1490 131 789593
1495 136 789596
1496 133 789599
1492 131 789602
1493 135 789605
1491 133 789608
1493 133 789611
1492 134 789614
1493 127 789617
1519 128 789620
1493 149 789623
1485 122 789626
1485 135 789629
1502 134 789632
1489 132 789635
1495 138 789638
1494 131 789641
1493 133 789644
1493 134 789647
1495 134 789650
1493 133 789653
1495 130 789656
1493 133 789659
1494 136 789662
1500 133 789665
1494 126 789668
1492 127 789671
1494 119 789674
1498 132 789677
1492 134 789680
1494 136 789683
1495 131 789686
1492 133 789689
1494 135 789692
1496 134 789695
1496 132 789698
1492 134 789701
1494 133 789704
1494 133 789707
1502 130 789710
1494 141 789713
1494 132 789716
1494 135 789719
1496 134 789722
1495 132 789725
1494 135 789728
1496 134 789731
1494 133 789734
1496 133 789737
1494 132 789740
1495 133 789743
1496 134 789746
1496 134 789749
1495 135 789752
1503 129 789755
1496 131 789758
1500 134 789761
1497 134 789764
1493 132 789767
1496 133 789770
1493 133 789773
1495 135 789776
1496 137 789779
1495 134 789782
1494 134 789785
1491 134 789788
1494 132 789791
1495 135 789794
1496 168 789797
1454 137 789800
1497 134 789803
1494 131 789806
1496 136 789809
1494 132 789812
1495 134 789815
1494 136 789818
1493 135 789821
1493 133 789824
1494 136 789827
1497 135 789830
1492 132 789833
1494 135 789836
1497 134 789839
1492 133 789842
1494 133 789845
1494 134 789848
1497 134 789851
