2061 3881 1257203
2061 3877 1257206
2058 3929 1257209
2049 3878 1257212
2060 3879 1257215
2077 3869 1257218
2050 3880 1257221
2061 3884 1257224
2059 3874 1257227
2059 3881 1257230
2060 3881 1257233
2059 3877 1257236
2062 3879 1257239
2059 3879 1257242
2057 3878 1257245
2059 3878 1257248
2043 3718 1257251
2060 3880 1257254
2057 3885 1257257
2064 3889 1257260
2061 3872 1257263
2057 3882 1257266
2064 3880 1257269
2058 3877 1257272
2058 3881 1257275
2059 3878 1257278
2058 3879 1257281
2060 3878 1257284
2061 3879 1257287
2124 3876 1257290
2061 3878 1257293
2060 3899 1257296
2051 3866 1257299
2064 3877 1257302
2065 3875 1257305
2053 3880 1257308
2060 3882 1257311
2059 3878 1257314
2060 3880 1257317
2060 3882 1257320
2057 3877 1257323
2059 3879 1257326
2063 3867 1257329
2048 3883 1257332
2057 3877 1257335
2051 3877 1257338
2063 3874 1257341
2052 3881 1257344
2061 3876 1257347
2059 3878 1257350
2060 3882 1257353
2061 3878 1257356
2060 3877 1257359
2061 3877 1257362
2057 3879 1257365
2058 3869 1257368
2067 3878 1257371
2057 3882 1257374
2053 3860 1257377
2059 3883 1257380
2065 3879 1257383
2059 3877 1257386
2059 3879 1257389
2060 3877 1257392
2056 3880 1257395
2060 3880 1257398
2059 3877 1257401
2060 3884 1257404
2058 3877 1257407
2067 3884 1257410
2059 3879 1257413
2053 3895 1257416
2060 3868 1257419
2071 3874 1257422
2061 3881 1257425
2058 3877 1257428
2060 3882 1257431
2059 3876 1257434
2059 3878 1257437
2065 3880 1257440
2059 3877 1257443
2058 3879 1257446
2040 3954 1257449
2059 3879 1257452
2057 3881 1257455
2052 3885 1257458
2059 3873 1257461
2057 3882 1257464
2061 3875 1257467
2059 3878 1257470
2061 3884 1257473
2060 3877 1257476
2060 3880 1257479
2061 3881 1257482
2059 3879 1257485
2073 3874 1257488
2058 3879 1257491
2060 3886 1257494
2041 3916 1257497
2056 3881 1257500
2063 3876 1257503
2055 3879 1257506
2061 3879 1257509
2057 3877 1257512
2059 3882 1257515
2060 3880 1257518
2054 3878 1257521
2059 3878 1257524
2061 3887 1257527
2061 3877 1257530
2057 3876 1257533
2070 3885 1257536
2050 3872 1257539
2061 3880 1257542
2062 3876 1257545
2057 3880 1257548
2063 3878 1257551
2056 3876 1257554
2055 3880 1257557
2061 3879 1257560
2058 3878 1257563
2059 3864 1257566
2099 3877 1257569
2059 3875 1257572
2049 3876 1257575
2062 3883 1257578
2056 3874 1257581
2060 3881 1257584
2060 3876 1257587
2058 3880 1257590
2063 3880 1257593
2058 3879 1257596
2058 3880 1257599
2060 3878 1257602
2059 3929 1257605
2057 3877 1257608
2059 3878 1257611
2069 3864 1257614
2078 3876 1257617
2062 3883 1257620
2058 3874 1257623
2058 3882 1257626
2059 3880 1257629
2059 3877 1257632
2059 3878 1257635
2059 3880 1257638
2058 3881 1257641
2059 3877 1257644
2066 3896 1257647
2059 3878 1257650
2054 3885 1257653
2065 3870 1257656
2053 3883 1257659
2060 3884 1257662
2058 3879 1257665
2060 3879 1257668
2060 3881 1257671
2058 3877 1257674
2059 3876 1257677
2059 3877 1257680
2059 3878 1257683
2035 3892 1257686
2058 3880 1257689
2058 3852 1257692
2067 3886 1257695
2068 3877 1257698
2053 3877 1257701
2063 3885 1257704
2060 3877 1257707
2056 3878 1257710
2059 3879 1257713
2060 3880 1257716
2057 3877 1257719
2058 3877 1257722
2056 3880 1257725
2062 3881 1257728
2059 3891 1257731
2067 3865 1257734
2054 3885 1257737
2063 3882 1257740
2056 3874 1257743
2059 3881 1257746
2061 3879 1257749
2058 3877 1257752
2060 3878 1257755
2059 3882 1257758
2061 3880 1257761
2061 3859 1257764
2082 3878 1257767
2058 3882 1257770
2083 3872 1257773
2062 3881 1257776
2053 3877 1257779
2066 3883 1257782
2060 3876 1257785
2057 3879 1257788
2060 3880 1257791
2061 3880 1257794
2060 3890 1257797
2056 3878 1257800
2063 3882 1257803
2058 3879 1257806
2060 3876 1257809
2072 3884 1257812
2048 3899 1257815
2057 3879 1257818
2064 3875 1257821
2058 3880 1257824
2061 3881 1257827
2059 3878 1257830
2061 3880 1257833
2057 3881 1257836
2058 3878 1257839
2059 3875 1257842
2042 3945 1257845
2059 3877 1257848
2058 3853 1257851
2058 3880 1257854
2070 3878 1257857
2053 3879 1257860
2062 3882 1257863
2062 3876 1257866
2057 3884 1257869
2059 3878 1257872
2057 3877 1257875
2058 3880 1257878
2061 3879 1257881
2057 3885 1257884
2057 3880 1257887
2055 3874 1257890
2071 3891 1257893
2052 3873 1257896
2063 3881 1257899
2063 3879 1257902
2057 3878 1257905
2059 3880 1257908
2059 3876 1257911
2061 3880 1257914
2058 3878 1257917
2058 3882 1257920
2060 3860 1257923
2080 3883 1257926
2059 3880 1257929
2047 3862 1257932
2064 3875 1257935
2065 3877 1257938
2052 3876 1257941
2061 3883 1257944
2062 3878 1257947
2056 3878 1257950
2062 3880 1257953
2060 3876 1257956
2057 3881 1257959
2060 3880 1257962
2045 3915 1257965
2058 3878 1257968
2058 3868 1257971
2057 3886 1257974
2055 3874 1257977
2061 3880 1257980
2060 3878 1257983
2057 3873 1257986
2060 3880 1257989
2058 3881 1257992
2060 3879 1257995
2062 3879 1257998
2060 3879 1258002
2068 3888 1258005
2059 3882 1258008
2072 3881 1258011
2051 3869 1258014
2059 3883 1258017
2060 3884 1258020
2059 3877 1258023
2060 3881 1258026
2058 3880 1258029
2060 3879 1258033
2058 3879 1258035
2060 3880 1258038
2060 3882 1258041
2047 3874 1258044
2059 3882 1258047
2049 3883 1258050
2066 3859 1258053
2065 3877 1258056
2054 3876 1258059
2062 3879 1258062
2060 3883 1258066
2058 3877 1258068
2060 3880 1258071
2058 3877 1258074
2060 3877 1258077
2058 3879 1258080
2041 3879 1258083
2059 3867 1258086
2057 3879 1258089
2068 3852 1258092
2066 3882 1258095
2052 3880 1258099
2059 3872 1258101
2063 3881 1258104
2060 3877 1258107
2060 3878 1258110
2059 3882 1258113
2057 3878 1258116
2056 3879 1258119
2058 3878 1258122
2086 3869 1258125
2058 3877 1258128
2050 3879 1258132
2061 3873 1258134
2055 3886 1258137
2061 3873 1258140
2062 3882 1258143
2062 3879 1258146
2058 3878 1258149
2060 3880 1258152
2062 3879 1258155
2060 3877 1258158
2060 3878 1258161
2048 3880 1258165
2058 3886 1258167
2060 3879 1258170
2076 3855 1258173
2068 3873 1258176
2055 3882 1258179
2060 3876 1258182
2062 3881 1258185
2059 3877 1258188
2060 3877 1258191
2059 3880 1258194
2060 3878 1258198
2058 3877 1258200
2059 3877 1258203
2065 3882 1258206
2059 3859 1258209
2074 3878 1258212
2047 3877 1258215
2058 3884 1258218
2062 3883 1258221
2055 3874 1258224
2061 3880 1258227
2060 3880 1258231
2061 3877 1258233
2059 3882 1258236
2058 3881 1258239
2060 3879 1258242
2058 3878 1258245
2103 3864 1258248
2057 3873 1258251
2074 3878 1258254
2069 3883 1258257
2054 3873 1258260
2061 3879 1258264
2058 3878 1258266
2058 3875 1258269
2061 3881 1258272
2060 3879 1258275
2062 3878 1258278
2059 3882 1258281
2059 3879 1258284
2058 3877 1258287
2081 3881 1258290
2059 3878 1258293
2090 3895 1258297
2041 3867 1258299
2063 3871 1258302
2063 3889 1258305
2058 3874 1258308
2061 3880 1258311
2058 3881 1258314
2061 3877 1258317
2061 3876 1258320
2059 3881 1258323
2064 3880 1258326
2060 3878 1258330
2086 3841 1258332
2058 3875 1258335
2085 3885 1258338
2060 3908 1258341
2051 3864 1258344
2070 3883 1258347
2056 3882 1258350
2058 3874 1258353
2060 3880 1258356
2060 3878 1258359
2057 3880 1258363
2058 3875 1258365
2060 3880 1258368
2060 3880 1258371
2072 3880 1258374
2059 3875 1258377
2073 3878 1258380
2035 3850 1258383
2072 3877 1258386
2058 3888 1258389
2057 3872 1258392
2062 3883 1258396
2057 3873 1258398
2060 3879 1258401
2059 3884 1258404
2060 3879 1258407
2059 3881 1258410
2060 3881 1258413
2061 3879 1258416
2063 3887 1258419
2060 3875 1258422
2039 3898 1258425
2056 3850 1258429
2066 3888 1258431
2055 3878 1258434
2062 3877 1258437
2060 3881 1258440
2060 3878 1258443
2058 3879 1258446
2058 3879 1258449
2057 3879 1258452
2057 3878 1258455
2061 3878 1258458
2046 3879 1258462
2076 3823 1258464
2060 3876 1258467
2091 3884 1258470
2051 3894 1258473
2056 3867 1258476
2064 3884 1258479
2056 3877 1258482
2058 3876 1258485
2061 3879 1258488
2058 3879 1258491
2057 3878 1258495
2058 3877 1258497
2062 3879 1258500
2058 3880 1258503
2040 3879 1258506
2073 3885 1258509
2056 3875 1258512
2092 3875 1258515
2052 3892 1258518
2055 3865 1258521
2066 3883 1258524
2057 3880 1258528
2061 3875 1258530
2061 3879 1258533
2058 3882 1258536
2061 3879 1258539
2060 3881 1258542
2058 3878 1258545
2060 3879 1258548
2059 3873 1258551
2064 3895 1258554
2059 3874 1258557
2025 3876 1258561
2067 3862 1258563
2065 3895 1258566
2052 3874 1258569
2062 3877 1258572
2058 3878 1258575
2058 3882 1258578
2062 3879 1258581
2057 3878 1258584
2060 3877 1258587
2061 3879 1258590
2059 3876 1258594
2059 3875 1258596
2058 3879 1258599
2071 3860 1258602
2017 3877 1258605
2082 3875 1258608
2056 3892 1258611
2054 3867 1258614
2063 3880 1258617
2055 3880 1258620
2060 3878 1258623
2060 3883 1258627
2057 3873 1258629
2058 3878 1258632
2060 3880 1258635
2061 3879 1258638
2058 3879 1258641
2060 3877 1258644
2043 3889 1258647
2058 3884 1258650
2036 3837 1258653
2077 3893 1258656
2054 3884 1258660
2058 3867 1258662
2063 3882 1258665
2058 3879 1258668
2064 3879 1258671
2060 3877 1258674
2058 3880 1258677
2061 3878 1258680
2058 3877 1258683
2053 3877 1258686
2063 3879 1258689
2039 3878 1258693
2052 3957 1258695
2086 3881 1258698
2037 3900 1258701
2060 3860 1258704
2067 3890 1258707
2055 3880 1258710
2062 3877 1258713
2057 3879 1258716
2058 3875 1258719
2060 3879 1258722
2060 3877 1258726
2059 3879 1258728
2058 3881 1258731
2059 3880 1258734
2058 3880 1258737
2068 3881 1258740
2066 3848 1258743
2015 3878 1258746
2080 3874 1258749
2056 3895 1258752
2055 3867 1258755
2063 3883 1258759
2057 3879 1258761
2062 3878 1258764
2059 3882 1258767
2060 3878 1258770
2061 3874 1258773
2059 3880 1258776
2058 3884 1258779
2058 3878 1258782
2059 3879 1258785
1734 3894 1258788
2059 3892 1258792
2076 3876 1258794
2066 3915 1258797
2049 3865 1258800
2067 3879 1258803
2056 3882 1258806
2057 3876 1258809
2059 3877 1258812
2059 3875 1258815
2059 3879 1258818
2062 3877 1258821
2059 3879 1258825
2058 3878 1258827
2057 3877 1258830
2062 3881 1258833
2116 3848 1258836
2055 3871 1258839
2087 3906 1258842
2039 3856 1258845
2065 3876 1258848
2058 3886 1258851
2060 3874 1258854
2062 3880 1258858
2056 3877 1258860
2062 3880 1258863
2060 3884 1258866
2062 3880 1258869
2060 3878 1258872
2059 3877 1258875
2059 3877 1258878
2060 3878 1258881
2079 3872 1258884
2062 3870 1258887
2025 3882 1258891
2067 3856 1258893
2065 3894 1258896
2054 3875 1258899
2065 3880 1258902
2058 3877 1258905
2057 3877 1258908
2062 3884 1258911
2059 3881 1258914
2063 3871 1258917
2067 3864 1258920
2062 3862 1258924
2069 3859 1258926
2137 3870 1258929
2224 3865 1258932
2358 3880 1258935
2527 3846 1258938
2619 3860 1258941
2738 3799 1258944
2855 3782 1258947
2924 3749 1258950
2944 3734 1258953
2931 3740 1258957
2912 3739 1258959
2915 3746 1258962
2915 3749 1258965
2923 3744 1258968
2923 3743 1258971
2926 3746 1258974
2925 3746 1258977
2914 3765 1258980
2939 3745 1258983
2898 3720 1258986
2939 3745 1258990
2925 3750 1258992
2922 3740 1258995
2928 3746 1259000
2925 3745 1259003
2927 3744 1259006
2928 3744 1259009
2927 3742 1259012
2927 3743 1259015
2927 3741 1259018
2926 3743 1259021
2926 3705 1259024
2999 3734 1259027
2928 3763 1259030
2964 3730 1259033
2905 3738 1259036
2932 3753 1259039
2928 3738 1259042
2924 3745 1259045
2927 3744 1259048
2925 3741 1259051
2925 3743 1259054
2928 3744 1259057
2923 3741 1259060
2925 3743 1259063
2925 3743 1259066
2925 3745 1259069
2890 3832 1259072
2919 3743 1259075
2940 3786 1259078
2919 3722 1259081
2916 3749 1259084
2935 3746 1259087
2920 3741 1259090
2922 3744 1259093
2926 3743 1259096
2925 3743 1259099
2926 3746 1259102
2926 3743 1259105
2925 3742 1259108
2927 3746 1259111
2927 3742 1259114
2922 3753 1259117
2939 3739 1259120
2928 3757 1259123
2897 3730 1259126
2927 3756 1259129
2935 3740 1259132
2916 3741 1259135
2929 3741 1259138
2927 3735 1259141
2924 3738 1259144
2927 3734 1259147
2925 3730 1259150
2925 3731 1259153
2926 3730 1259156
2922 3727 1259159
2923 3698 1259162
2969 3726 1259165
2919 3730 1259168
2965 3739 1259171
2911 3707 1259174
2920 3734 1259177
2931 3722 1259180
2920 3720 1259183
2925 3726 1259186
2923 3723 1259189
2921 3721 1259192
2923 3724 1259195
2924 3722 1259198
2924 3725 1259201
2924 3722 1259204
2922 3658 1259207
2848 3731 1259210
2915 3724 1259213
2941 3756 1259216
2930 3710 1259219
2914 3724 1259222
2927 3725 1259225
2921 3720 1259228
2925 3727 1259231
2926 3723 1259234
2924 3721 1259237
2927 3724 1259240
2924 3725 1259243
2923 3721 1259246
2923 3721 1259249
2925 3710 1259252
3009 3714 1259255
2922 3731 1259258
2966 3728 1259261
2906 3711 1259264
2924 3735 1259267
2929 3722 1259270
2920 3725 1259273
2928 3729 1259276
2923 3722 1259279
2925 3727 1259282
2925 3728 1259285
2924 3726 1259288
2922 3724 1259291
2924 3729 1259294
2946 3718 1259297
2909 3735 1259300
2921 3686 1259303
2909 3750 1259306
2943 3730 1259309
2914 3722 1259312
2925 3737 1259315
2927 3727 1259318
2924 3729 1259321
2922 3729 1259324
2925 3730 1259327
2925 3731 1259330
2925 3732 1259333
2925 3732 1259336
2924 3731 1259339
2941 3739 1259342
2919 3732 1259345
2949 3721 1259348
2897 3723 1259351
2935 3742 1259354
2922 3726 1259357
2920 3735 1259360
2927 3733 1259363
2922 3733 1259366
2929 3735 1259369
2927 3730 1259372
2923 3735 1259375
2924 3732 1259378
2925 3734 1259381
2926 3733 1259384
2978 3726 1259387
2924 3756 1259390
2955 3715 1259393
2905 3732 1259396
2934 3744 1259399
2928 3731 1259402
2925 3734 1259405
2926 3736 1259408
2922 3733 1259411
2924 3736 1259414
2924 3736 1259417
2925 3735 1259420
2921 3735 1259423
2925 3735 1259426
2925 3777 1259429
2917 3738 1259432
2947 3764 1259435
2908 3716 1259438
2924 3747 1259441
2935 3736 1259444
2917 3732 1259447
2926 3739 1259450
2929 3744 1259453
2922 3737 1259456
2928 3736 1259459
2925 3737 1259462
2926 3739 1259465
2926 3737 1259468
2926 3753 1259471
2923 3734 1259474
2929 3764 1259477
2910 3704 1259480
2919 3749 1259483
2938 3739 1259486
2920 3735 1259489
2927 3740 1259492
2933 3736 1259495
2926 3742 1259498
2927 3737 1259501
2926 3736 1259504
2926 3740 1259507
2925 3737 1259510
2927 3804 1259513
2921 3718 1259516
2937 3738 1259519
2901 3701 1259522
2926 3756 1259525
2938 3737 1259528
2918 3737 1259531
2929 3742 1259534
2925 3736 1259537
2923 3741 1259540
2926 3739 1259543
2924 3737 1259546
2926 3742 1259549
2928 3740 1259552
2925 3734 1259555
2941 3763 1259558
2936 3743 1259561
2923 3698 1259564
2926 3765 1259567
2939 3736 1259570
2915 3738 1259573
2927 3742 1259576
2925 3737 1259579
2924 3741 1259582
2932 3743 1259585
2925 3737 1259588
2926 3742 1259591
2928 3741 1259594
2926 3741 1259597
2923 3679 1259600
2845 3748 1259603
2918 3744 1259606
2926 3772 1259609
2939 3729 1259612
2915 3737 1259615
2932 3745 1259618
2925 3736 1259621
2926 3743 1259624
2927 3743 1259627
2924 3743 1259630
2924 3741 1259633
2926 3741 1259636
2925 3742 1259639
2925 3740 1259642
2877 3708 1259645
2931 3736 1259648
2929 3754 1259651
2957 3747 1259654
2914 3729 1259657
2927 3749 1259660
2929 3742 1259663
2922 3739 1259666
2927 3741 1259669
2925 3741 1259672
2925 3742 1259675
2925 3742 1259678
2926 3742 1259681
2927 3741 1259684
2923 3755 1259687
2919 3744 1259690
2925 3745 1259693
2894 3723 1259696
2931 3758 1259699
2929 3734 1259702
2919 3745 1259705
2928 3742 1259708
2925 3740 1259711
2925 3743 1259714
2931 3740 1259717
2924 3741 1259720
2925 3744 1259723
2927 3740 1259726
2924 3794 1259729
2915 3737 1259732
2933 3738 1259735
2884 3741 1259738
2946 3754 1259741
2923 3733 1259744
2923 3743 1259747
2929 3745 1259750
2922 3740 1259753
2928 3740 1259756
2931 3742 1259759
2927 3745 1259762
2928 3741 1259765
2927 3739 1259768
2924 3743 1259771
2870 3265 1259774
2938 3736 1259777
2926 3721 1259780
2947 3764 1259783
2926 3730 1259786
2919 3744 1259789
2924 3741 1259792
2924 3742 1259795
2926 3743 1259798
2926 3742 1259801
2924 3742 1259804
2923 3741 1259807
2927 3741 1259810
2927 3741 1259813
2926 3741 1259816
2921 3731 1259819
2930 3739 1259822
2898 3740 1259825
2930 3743 1259828
2927 3743 1259831
2927 3740 1259834
2925 3744 1259837
2924 3743 1259840
2926 3741 1259843
2925 3743 1259846
2927 3744 1259849
2924 3739 1259852
2926 3741 1259855
2927 3743 1259858
2925 3743 1259861
2941 3739 1259864
2926 3749 1259867
2932 3742 1259870
2926 3740 1259873
2927 3743 1259876
2926 3744 1259879
2928 3745 1259882
2924 3741 1259885
2925 3737 1259888
2928 3744 1259891
2924 3744 1259894
2925 3744 1259897
2925 3740 1259900
2925 3744 1259903
2977 3737 1259906
2927 3742 1259909
2926 3745 1259912
2923 3743 1259915
2925 3741 1259918
2927 3743 1259921
2927 3745 1259924
2927 3743 1259927
2927 3739 1259930
2925 3744 1259933
2925 3745 1259936
2927 3740 1259939
2925 3741 1259942
2927 3744 1259945
2926 3743 1259948
2912 3722 1259951
2925 3744 1259954
2926 3740 1259957
2924 3747 1259960
2927 3742 1259963
2923 3742 1259966
2926 3743 1259969
2926 3740 1259972
2926 3742 1259975
2927 3745 1259978
2927 3743 1259981
2924 3741 1259984
2925 3742 1259987
2926 3745 1259990
2925 3744 1259993
2918 3633 1259996
2926 3743 1260000
2926 3741 1260003
2924 3741 1260006
2929 3743 1260009
2925 3744 1260012
2924 3745 1260015
2926 3742 1260018
2928 3740 1260021
2925 3740 1260024
2925 3740 1260027
2926 3744 1260030
2926 3744 1260033
2925 3745 1260035
2928 3742 1260038
2927 3746 1260041
2927 3741 1260044
2926 3746 1260047
2924 3742 1260050
2925 3745 1260053
2928 3740 1260056
2925 3741 1260059
2925 3744 1260062
2928 3742 1260065
2925 3739 1260068
2926 3745 1260071
2927 3743 1260074
2924 3740 1260077
2926 3744 1260080
2928 3743 1260083
2929 3748 1260086
2923 3742 1260089
2927 3738 1260092
2924 3745 1260095
2927 3742 1260098
2925 3740 1260101
2929 3747 1260104
2929 3743 1260107
2925 3741 1260110
2928 3742 1260113
2925 3744 1260116
2931 3744 1260119
2926 3739 1260122
2925 3741 1260125
2926 3744 1260128
2927 3741 1260131
2922 3733 1260134
2927 3745 1260137
2929 3746 1260140
2925 3740 1260143
2924 3745 1260146
2927 3745 1260149
2926 3740 1260152
2926 3743 1260155
2925 3744 1260158
2926 3744 1260161
2925 3743 1260164
2924 3744 1260167
2926 3748 1260170
2927 3743 1260173
2922 3743 1260176
2924 3744 1260179
2928 3745 1260182
2926 3745 1260185
2924 3740 1260188
2926 3746 1260191
2928 3744 1260194
2924 3742 1260197
2925 3743 1260200
2927 3744 1260203
2925 3744 1260206
2922 3742 1260209
2927 3743 1260212
2928 3743 1260215
2925 3744 1260218
2926 3744 1260221
2924 3762 1260224
2943 3743 1260227
2925 3742 1260230
2924 3741 1260233
2927 3744 1260236
2928 3743 1260239
2923 3743 1260242
2928 3744 1260245
2925 3744 1260248
2924 3745 1260251
2928 3744 1260254
2927 3745 1260257
2926 3743 1260260
2926 3743 1260263
2926 3742 1260266
2926 3743 1260269
2846 3810 1260272
2926 3741 1260275
2926 3741 1260278
2924 3744 1260281
2927 3744 1260284
2925 3745 1260287
2926 3743 1260290
2928 3744 1260293
2924 3744 1260296
2926 3745 1260299
2924 3744 1260302
2926 3744 1260305
2923 3743 1260308
2927 3744 1260311
2927 3742 1260314
2925 3739 1260317
2994 3744 1260320
2927 3737 1260323
2925 3744 1260326
2927 3742 1260329
2927 3741 1260332
2928 3742 1260335
2926 3743 1260338
2923 3743 1260341
2927 3743 1260344
2927 3744 1260347
2925 3744 1260350
2929 3744 1260353
2927 3742 1260356
2925 3744 1260359
2926 3742 1260362
2939 3903 1260365
2928 3742 1260368
2921 3744 1260371
2928 3743 1260374
2928 3740 1260377
2927 3742 1260380
2925 3744 1260383
2930 3743 1260386
2927 3742 1260389
2926 3745 1260392
2926 3742 1260395
2928 3740 1260398
2925 3744 1260401
2931 3743 1260404
2924 3740 1260407
2925 3749 1260410
2916 3744 1260413
2927 3744 1260416
2930 3742 1260419
2925 3741 1260422
2923 3744 1260425
2926 3740 1260428
2926 3742 1260431
2926 3745 1260434
2928 3746 1260437
2928 3742 1260440
2927 3743 1260443
2929 3745 1260446
2929 3745 1260449
2927 3743 1260452
2927 3742 1260455
2926 3756 1260458
2927 3742 1260461
2929 3741 1260464
2927 3743 1260467
2927 3746 1260470
2925 3739 1260473
2926 3741 1260476
2928 3747 1260479
2925 3746 1260482
2926 3743 1260485
2926 3745 1260488
2926 3743 1260491
2927 3741 1260494
2927 3742 1260497
2925 3742 1260500
2857 4095 1260503
2925 3740 1260506
2926 3739 1260509
2926 3746 1260512
2927 3743 1260515
2926 3744 1260518
2925 3746 1260521
2926 3745 1260524
2925 3740 1260527
2925 3742 1260530
2926 3744 1260533
2926 3743 1260536
2924 3742 1260539
2925 3744 1260542
2927 3745 1260545
2927 3751 1260548
2930 3745 1260551
2927 3746 1260554
2930 3743 1260557
2924 3741 1260560
2925 3744 1260563
2927 3743 1260566
2926 3741 1260569
2924 3742 1260572
2926 3743 1260575
2929 3743 1260578
2927 3743 1260581
2927 3746 1260584
2928 3743 1260587
2926 3742 1260590
2925 3697 1260593
2887 3742 1260596
2926 3745 1260599
2922 3744 1260602
2925 3744 1260605
2924 3744 1260608
2928 3742 1260611
2928 3744 1260614
2927 3746 1260617
2926 3744 1260620
2926 3746 1260623
2925 3743 1260626
2926 3743 1260629
2927 3744 1260632
2927 3743 1260635
2925 3870 1260638
2957 3745 1260641
2927 3745 1260644
2923 3743 1260647
2926 3744 1260650
2927 3743 1260653
2924 3741 1260656
2925 3743 1260659
2926 3742 1260662
2926 3744 1260665
2926 3741 1260668
2922 3743 1260671
2926 3745 1260674
2928 3745 1260677
2927 3744 1260680
2928 3662 1260683
2913 3737 1260686
2926 3742 1260689
2922 3739 1260692
2927 3742 1260695
2929 3744 1260698
2927 3742 1260701
2927 3741 1260704
2928 3742 1260707
2927 3743 1260710
2926 3745 1260713
2926 3742 1260716
2928 3740 1260719
2929 3742 1260722
2927 3741 1260725
2926 3733 1260728
3036 3741 1260731
2926 3745 1260734
2922 3744 1260737
2930 3742 1260740
2928 3742 1260743
2928 3747 1260746
2928 3743 1260749
2927 3743 1260752
2926 3742 1260755
2926 3741 1260758
2927 3743 1260761
2927 3743 1260764
2926 3744 1260767
2926 3741 1260770
2923 3735 1260773
2926 3744 1260776
2925 3746 1260779
2929 3738 1260782
2925 3742 1260785
2924 3746 1260788
2926 3740 1260791
2926 3741 1260794
2927 3744 1260797
2926 3744 1260800
2927 3740 1260803
2927 3741 1260806
2926 3744 1260809
2927 3746 1260812
2928 3741 1260815
2960 3858 1260818
2928 3744 1260821
2927 3740 1260824
2923 3743 1260827
2926 3743 1260830
2927 3746 1260833
2924 3743 1260836
2928 3744 1260839
2928 3746 1260842
2924 3746 1260845
2927 3743 1260848
2927 3741 1260851
2926 3746 1260854
2924 3741 1260857
2927 3741 1260860
2925 3739 1260863
2929 3745 1260866
2929 3745 1260869
2925 3744 1260872
2926 3747 1260875
2926 3742 1260878
2925 3743 1260881
2926 3743 1260884
2925 3745 1260887
2926 3741 1260890
2926 3743 1260893
2926 3746 1260896
2929 3744 1260899
2925 3740 1260902
2925 3748 1260905
3006 3744 1260908
2925 3739 1260911
2925 3746 1260914
2923 3743 1260917
2925 3743 1260920
2926 3742 1260923
2924 3744 1260926
2926 3745 1260929
2930 3743 1260932
2925 3742 1260935
2927 3744 1260938
2926 3743 1260941
2925 3743 1260944
2924 3744 1260947
2886 3793 1260950
2926 3743 1260953
2926 3739 1260956
2922 3743 1260959
2926 3745 1260962
2927 3742 1260965
2924 3743 1260968
2927 3745 1260971
2926 3744 1260974
2925 3746 1260977
2925 3742 1260980
2928 3742 1260983
2927 3744 1260986
2925 3742 1260989
2925 3904 1260992
2927 3743 1260995
2928 3743 1261000
2926 3739 1261003
2928 3744 1261006
2926 3743 1261009
2928 3742 1261012
2927 3744 1261015
2926 3742 1261018
2926 3742 1261021
2925 3745 1261024
2925 3744 1261027
2926 3742 1261030
2928 3743 1261033
2927 3745 1261036
2928 3743 1261039
2927 3742 1261042
2927 3748 1261045
2925 3740 1261048
2928 3740 1261050
2926 3742 1261053
2927 3748 1261056
2928 3743 1261059
2928 3741 1261062
2926 3743 1261065
2927 3744 1261068
2926 3741 1261071
2927 3741 1261074
2926 3742 1261077
2925 3743 1261081
2925 3737 1261083
2927 3740 1261086
2928 3747 1261089
2926 3739 1261092
2929 3742 1261095
2927 3746 1261098
2927 3742 1261101
2925 3741 1261104
2926 3742 1261107
2927 3742 1261110
2927 3744 1261114
2924 3739 1261116
2920 3743 1261119
2928 3746 1261122
2927 3740 1261125
2927 3744 1261128
2929 3744 1261131
2927 3744 1261134
2924 3738 1261137
2927 3742 1261140
2928 3743 1261143
2927 3743 1261147
2926 3736 1261149
2926 3743 1261152
2928 3745 1261155
2929 3744 1261158
2926 3746 1261161
2925 3744 1261164
2927 3744 1261167
2923 3923 1261170
2925 3745 1261173
2927 3744 1261176
2924 3742 1261180
2926 3739 1261182
2926 3742 1261185
2927 3742 1261188
2928 3744 1261191
2929 3741 1261194
2925 3744 1261197
2927 3742 1261200
2924 3743 1261203
2925 3742 1261206
2926 3742 1261209
2926 3743 1261213
2926 3618 1261215
2927 3744 1261218
2927 3741 1261221
2926 3740 1261224
2926 3743 1261227
2925 3744 1261230
2925 3740 1261233
2924 3743 1261236
2924 3742 1261239
2930 3742 1261242
2928 3743 1261246
2927 3740 1261248
2926 3745 1261251
2927 3743 1261254
2927 3745 1261257
2926 3745 1261260
2925 3744 1261263
2929 3743 1261266
2923 3742 1261269
2924 3743 1261272
2927 3745 1261275
2929 3745 1261279
2927 3742 1261281
2926 3742 1261284
2926 3744 1261287
2927 3745 1261290
2926 3743 1261293
2926 3743 1261296
2925 3744 1261299
2924 3742 1261302
2922 3742 1261305
2926 3742 1261308
2928 3746 1261312
2925 3744 1261314
2927 3743 1261317
2927 3749 1261320
2928 3745 1261323
2927 3743 1261326
2926 3745 1261329
2928 3745 1261332
2925 3743 1261335
2925 3743 1261338
2924 3743 1261341
2926 3744 1261345
2926 3742 1261347
2932 3743 1261350
2927 3777 1261353
2926 3744 1261356
2929 3743 1261359
2925 3746 1261362
2928 3741 1261365
2925 3740 1261368
2923 3742 1261371
2930 3741 1261374
2927 3744 1261378
2926 3739 1261380
2928 3745 1261383
2925 3744 1261386
2927 3742 1261389
2926 3744 1261392
2842 3744 1261395
2928 2452 1261398
2925 3742 1261401
2924 3739 1261404
2928 3742 1261407
2927 3743 1261411
2927 3739 1261413
2928 3743 1261416
2927 3745 1261419
2929 3742 1261422
2929 3740 1261425
2926 3743 1261428
2928 3741 1261431
2927 3742 1261434
2926 3743 1261437
2926 3743 1261440
2930 3745 1261444
2933 3739 1261446
2930 3746 1261449
2926 3745 1261452
2928 3744 1261455
2927 3743 1261458
2926 3742 1261461
2927 3743 1261464
2925 3741 1261467
2925 3741 1261470
2927 3744 1261473
2927 3746 1261477
2926 3737 1261479
2927 3744 1261482
2925 3744 1261485
3017 3686 1261488
2924 3743 1261491
2922 3743 1261494
2929 3740 1261497
2925 3743 1261500
2923 3741 1261503
2927 3745 1261506
2925 3741 1261510
2925 3741 1261512
2927 3744 1261515
2928 3746 1261518
2927 3742 1261521
2927 3742 1261524
2927 3741 1261527
2926 3742 1261530
2927 3739 1261533
2927 3738 1261536
2931 3744 1261539
2924 3747 1261543
2926 3740 1261545
2930 3744 1261548
2926 3744 1261551
2927 3741 1261554
2926 3744 1261557
2925 3742 1261560
2927 3742 1261563
2924 3743 1261566
2927 3743 1261569
2926 3744 1261572
2926 3741 1261576
2834 3742 1261578
2927 2343 1261581
2927 3743 1261584
2925 3739 1261587
2929 3745 1261590
2926 3745 1261593
2926 3743 1261596
2924 3742 1261599
2925 3745 1261602
2929 3743 1261605
2928 3745 1261609
2926 3741 1261611
2927 3743 1261614
2926 3742 1261617
2925 3740 1261620
2927 3744 1261623
2890 3741 1261626
2927 3743 1261629
2926 3744 1261632
2927 3746 1261635
2924 3742 1261638
2926 3745 1261642
2924 3743 1261644
2926 3744 1261647
2924 3744 1261650
2927 3742 1261653
2926 3746 1261656
2925 3746 1261659
2927 3742 1261662
2926 3742 1261665
2926 3740 1261668
2930 3313 1261671
2927 3744 1261675
2928 3742 1261677
2925 3741 1261680
2928 3743 1261683
2925 3743 1261686
2926 3745 1261689
2925 3744 1261692
2925 3742 1261695
2923 3743 1261698
2925 3743 1261701
2927 3741 1261704
2927 3745 1261708
2925 3741 1261710
2927 3744 1261713
2923 3746 1261716
2927 3860 1261719
2928 3745 1261722
2925 3739 1261725
2927 3742 1261728
2928 3742 1261731
2926 3741 1261734
2926 3746 1261737
2926 3744 1261741
2927 3738 1261743
2926 3742 1261746
2926 3743 1261749
2925 3743 1261752
2928 3740 1261755
2924 3744 1261758
2927 3743 1261761
2921 3745 1261764
2926 3742 1261767
2930 3746 1261770
2928 3746 1261774
2926 3740 1261776
2927 3742 1261779
2925 3742 1261782
2926 3739 1261785
2928 3743 1261788
2926 3742 1261791
2927 3743 1261794
2925 3742 1261797
2928 3740 1261800
2926 3742 1261803
2924 3743 1261807
2907 3879 1261809
2928 3743 1261812
2924 3744 1261815
2926 3740 1261818
2929 3743 1261821
2923 3743 1261824
2926 3742 1261827
2925 3742 1261830
2927 3743 1261833
2927 3745 1261836
2926 3743 1261840
2926 3739 1261842
2927 3742 1261845
2927 3744 1261848
2929 3745 1261851
2925 3742 1261854
2925 3744 1261857
2927 3744 1261860
2928 3742 1261863
2926 3743 1261866
2927 3744 1261869
2927 3743 1261873
2927 3739 1261875
2927 3742 1261878
2929 3744 1261881
2927 3742 1261884
2926 3741 1261887
2925 3746 1261890
2928 3740 1261893
2926 3745 1261896
2425 3743 1261899
2926 3743 1261902
2924 3741 1261906
2922 3743 1261908
2927 3741 1261911
2928 3745 1261914
2927 3742 1261917
2926 3742 1261920
2927 3739 1261923
2925 3741 1261926
2927 3743 1261929
2926 3743 1261932
2926 3742 1261935
2926 3746 1261939
2924 3741 1261941
2925 3743 1261944
2881 3761 1261947
2927 3743 1261950
2927 3739 1261953
2927 3747 1261956
2926 3742 1261959
2927 3741 1261962
2924 3744 1261965
2925 3745 1261968
2926 3744 1261972
2925 3739 1261974
2927 3746 1261977
2926 3744 1261980
2928 3743 1261983
2925 3743 1261986
2927 3743 1261989
2924 3741 1261992
2926 3743 1261995
2925 3742 1262000
2924 3742 1262003
2925 3745 1262006
2926 3744 1262009
2925 3740 1262012
2926 3744 1262015
2925 3745 1262018
2925 3742 1262021
2926 3743 1262024
2923 3749 1262027
2926 3743 1262030
2924 3743 1262033
2925 3743 1262036
2928 3791 1262039
2926 3744 1262042
2923 3744 1262045
2929 3742 1262048
2924 3744 1262051
2924 3742 1262054
2925 3742 1262057
2926 3743 1262060
2925 3743 1262063
2923 3742 1262066
2926 3742 1262069
2925 3743 1262072
2926 3745 1262075
2925 3742 1262078
2926 3742 1262081
2995 3742 1262084
2926 3741 1262087
2927 3744 1262090
2925 3744 1262093
2928 3742 1262096
2926 3742 1262099
2921 3744 1262102
2928 3744 1262105
2925 3743 1262108
2926 3737 1262111
2925 3744 1262114
2923 3743 1262117
2926 3743 1262120
2928 3744 1262123
2928 3745 1262126
2929 3742 1262129
2927 3742 1262132
2927 3746 1262135
2929 3742 1262138
2925 3744 1262141
2928 3743 1262144
2927 3741 1262147
2926 3743 1262150
2926 3742 1262153
2927 3743 1262156
2926 3744 1262159
2926 3742 1262162
2924 3741 1262165
2927 3744 1262168
2927 3744 1262171
2926 3743 1262174
2932 3743 1262177
2929 3744 1262180
2928 3742 1262183
2925 3740 1262186
2927 3744 1262189
2926 3744 1262192
2927 3744 1262195
2925 3739 1262198
2926 3742 1262201
2927 3742 1262204
2924 3743 1262207
2927 3743 1262210
2928 3741 1262213
2926 3743 1262216
2926 3742 1262219
2921 3742 1262222
2926 3746 1262225
2930 3741 1262228
2927 3740 1262231
2927 3746 1262234
2927 3741 1262237
2926 3743 1262240
2928 3744 1262243
2925 3741 1262246
2925 3745 1262249
2928 3744 1262252
2926 3743 1262255
2927 3742 1262258
2926 3743 1262261
2925 3739 1262264
2917 3740 1262267
2927 3746 1262270
2927 3745 1262273
2925 3742 1262276
2927 3742 1262279
2927 3746 1262282
2926 3743 1262285
2926 3741 1262288
2925 3746 1262291
2924 3744 1262294
2925 3741 1262297
2928 3743 1262300
2926 3743 1262303
2925 3746 1262306
3660 3742 1262309
2921 3743 1262312
2926 3748 1262315
2925 3739 1262318
2922 3742 1262321
2926 3744 1262324
2925 3743 1262327
2923 3744 1262330
2923 3744 1262333
2925 3742 1262336
2924 3744 1262339
2926 3744 1262342
2926 3745 1262345
2928 3746 1262348
2925 3743 1262351
2816 3680 1262354
2928 3743 1262357
2928 3741 1262360
2921 3744 1262363
2927 3744 1262366
2927 3744 1262369
2926 3745 1262372
2927 3744 1262375
2928 3743 1262378
2927 3745 1262381
2924 3742 1262384
2925 3742 1262387
2926 3744 1262390
2928 3745 1262393
2925 3743 1262396
2913 3710 1262399
2928 3746 1262402
2923 3746 1262405
2929 3748 1262408
587 3122 1248003
587 3124 1248006
591 3123 1248009
588 3122 1248012
587 3124 1248015
589 3124 1248018
585 3122 1248021
587 3123 1248024
605 3120 1248027
591 3129 1248030
604 3113 1248032
584 3114 1248035
586 3132 1248038
594 3120 1248041
582 3121 1248044
583 3125 1248047
586 3122 1248050
586 3122 1248053
587 3122 1248056
587 3120 1248059
586 3123 1248062
586 3122 1248065
589 3103 1248068
587 3123 1248071
585 3132 1248074
601 3111 1248077
580 3118 1248080
587 3127 1248083
592 3122 1248086
582 3122 1248089
589 3124 1248092
588 3122 1248095
587 3125 1248098
588 3123 1248101
585 3123 1248104
588 3122 1248107
584 3122 1248110
595 3122 1248113
591 3135 1248116
606 3119 1248119
584 3118 1248122
591 3129 1248125
591 3119 1248128
585 3124 1248131
589 3125 1248134
587 3118 1248137
586 3123 1248140
585 3122 1248143
586 3122 1248146
588 3124 1248149
588 3122 1248152
555 3120 1248155
592 3121 1248158
587 3108 1248161
585 3135 1248164
592 3115 1248167
584 3119 1248170
587 3124 1248173
587 3121 1248176
585 3121 1248179
589 3122 1248182
589 3123 1248185
587 3122 1248188
586 3122 1248191
589 3123 1248194
589 3132 1248197
587 3124 1248200
568 3115 1248203
587 3115 1248206
589 3130 1248209
587 3121 1248212
586 3122 1248215
590 3125 1248218
586 3122 1248221
589 3122 1248224
590 3122 1248227
587 3121 1248230
587 3122 1248233
589 3121 1248236
586 3145 1248239
582 3122 1248242
602 3142 1248245
577 3123 1248248
581 3125 1248251
592 3122 1248254
584 3121 1248257
588 3126 1248260
590 3124 1248263
586 3123 1248266
586 3123 1248269
586 3124 1248272
588 3120 1248275
586 3122 1248278
576 3148 1248281
579 3123 1248284
587 3147 1248287
600 3116 1248290
579 3119 1248293
589 3129 1248296
587 3116 1248299
586 3123 1248302
587 3125 1248305
586 3120 1248308
589 3121 1248311
588 3125 1248314
587 3123 1248317
586 3120 1248320
567 3150 1248323
583 3121 1248326
590 3134 1248329
615 3130 1248332
578 3112 1248335
585 3128 1248338
591 3121 1248341
584 3119 1248344
588 3124 1248347
589 3120 1248350
586 3121 1248353
587 3120 1248356
590 3123 1248359
586 3123 1248362
586 3159 1248365
589 3127 1248368
585 3084 1248371
577 3142 1248374
603 3116 1248377
580 3120 1248380
591 3126 1248383
586 3120 1248386
587 3123 1248389
590 3123 1248392
582 3123 1248395
586 3124 1248398
590 3123 1248401
588 3121 1248404
585 3135 1248407
592 3121 1248410
588 3145 1248413
582 3096 1248416
573 3130 1248419
597 3122 1248422
584 3121 1248425
588 3126 1248428
585 3122 1248431
586 3121 1248434
587 3125 1248437
586 3120 1248440
586 3121 1248443
588 3123 1248446
587 3126 1248449
249 3120 1248452
593 3121 1248455
548 3115 1248458
610 3135 1248461
584 3114 1248464
582 3124 1248467
590 3121 1248470
585 3125 1248473
585 3124 1248476
587 3124 1248479
588 3121 1248482
586 3122 1248485
588 3125 1248488
588 3120 1248491
593 3148 1248494
586 3128 1248497
585 3085 1248500
592 3149 1248503
591 3115 1248506
579 3119 1248509
592 3124 1248512
588 3121 1248515
585 3123 1248518
589 3123 1248521
587 3122 1248524
586 3126 1248527
588 3123 1248530
589 3123 1248533
587 3124 1248536
596 3134 1248539
585 3123 1248542
598 3103 1248545
564 3122 1248548
596 3130 1248551
587 3117 1248554
585 3126 1248557
588 3125 1248560
587 3123 1248563
588 3123 1248566
585 3124 1248569
586 3122 1248572
588 3125 1248575
587 3124 1248578
588 3139 1248581
586 3103 1248584
593 3119 1248587
551 3099 1248590
598 3142 1248593
592 3116 1248596
580 3121 1248599
592 3123 1248602
586 3119 1248605
587 3123 1248608
589 3121 1248611
586 3122 1248614
586 3122 1248617
587 3122 1248620
585 3123 1248623
585 3124 1248626
594 3132 1248629
583 3122 1248632
593 3097 1248635
566 3126 1248638
598 3127 1248641
584 3118 1248644
587 3127 1248647
589 3119 1248650
583 3121 1248653
585 3124 1248656
585 3124 1248659
587 3123 1248662
587 3123 1248665
586 3126 1248668
589 3121 1248671
589 3146 1248674
592 3125 1248677
584 3117 1248680
613 3138 1248683
584 3110 1248686
583 3129 1248689
594 3123 1248692
585 3122 1248695
589 3125 1248698
586 3122 1248701
586 3121 1248704
585 3121 1248707
590 3125 1248710
590 3119 1248713
588 3121 1248716
588 3140 1248719
188 3121 1248722
592 3120 1248725
568 3149 1248728
609 3119 1248731
575 3113 1248734
589 3126 1248737
587 3118 1248740
587 3124 1248743
589 3122 1248746
584 3120 1248749
586 3124 1248752
591 3125 1248755
586 3123 1248758
587 3125 1248761
589 3124 1248764
588 3123 1248767
616 3114 1248770
586 3128 1248773
561 3101 1248776
591 3134 1248779
591 3118 1248782
582 3122 1248785
591 3124 1248788
589 3122 1248791
587 3124 1248794
587 3122 1248797
590 3122 1248800
587 3120 1248803
588 3122 1248806
589 3126 1248809
587 3121 1248812
774 3125 1248815
571 3132 1248818
587 3082 1248821
589 3148 1248824
598 3117 1248827
578 3123 1248830
584 3127 1248833
585 3119 1248836
586 3122 1248839
588 3122 1248842
587 3120 1248845
584 3123 1248848
589 3124 1248851
590 3123 1248854
591 3123 1248857
587 3122 1248860
604 3125 1248863
573 3131 1248866
583 3082 1248869
588 3150 1248872
598 3117 1248875
579 3120 1248878
585 3125 1248881
589 3123 1248884
590 3124 1248887
588 3125 1248890
588 3123 1248893
589 3122 1248896
588 3123 1248899
586 3121 1248902
585 3122 1248905
589 3124 1248908
588 3128 1248911
601 3117 1248914
587 3097 1248917
557 3127 1248920
601 3136 1248923
587 3119 1248926
583 3128 1248929
590 3123 1248932
590 3113 1248935
602 3109 1248938
601 3114 1248941
600 3119 1248944
615 3162 1248947
663 3243 1248950
739 3334 1248953
834 3418 1248956
925 3465 1248959
1045 3554 1248962
1119 3636 1248965
1241 3645 1248968
1219 3649 1248971
1243 3663 1248974
1224 3644 1248977
1213 3648 1248980
1222 3651 1248983
1225 3650 1248986
1226 3652 1248989
1227 3650 1248992
1227 3651 1248995
1227 3653 1248998
1227 3649 1249002
1225 3649 1249005
1228 3922 1249008
1230 3634 1249011
1236 3650 1249014
1196 3668 1249017
1252 3657 1249020
1218 3645 1249023
1228 3656 1249026
1231 3651 1249029
1227 3650 1249032
1227 3649 1249035
1228 3650 1249038
1226 3652 1249041
1227 3654 1249044
1228 3649 1249046
1228 3653 1249049
1229 3652 1249052
1227 3651 1249055
1205 3689 1249058
1223 3653 1249061
1253 3651 1249064
1202 3638 1249067
1236 3664 1249070
1228 3647 1249073
1224 3652 1249076
1230 3653 1249079
1225 3651 1249082
1228 3653 1249085
1229 3650 1249088
1230 3654 1249091
1226 3654 1249094
1228 3653 1249097
1227 3651 1249100
1228 3653 1249103
1238 3691 1249106
1228 3657 1249109
1226 3665 1249112
1259 3664 1249115
1217 3640 1249118
1224 3658 1249121
1232 3652 1249124
1223 3652 1249127
1233 3656 1249130
1227 3649 1249133
1229 3657 1249136
1229 3651 1249139
1230 3651 1249142
1227 3655 1249145
1225 3653 1249148
1230 3649 1249151
1230 3653 1249154
1214 3659 1249157
1222 3603 1249160
1225 3668 1249163
1244 3637 1249166
1228 3631 1249169
1235 3640 1249172
1237 3638 1249175
1235 3642 1249178
1240 3638 1249181
1238 3636 1249184
1236 3634 1249187
1238 3635 1249190
1240 3634 1249193
1239 3633 1249196
1238 3630 1249199
1240 3643 1249202
1238 3629 1249205
1239 3603 1249208
1212 3638 1249211
1255 3640 1249214
1238 3623 1249217
1239 3634 1249220
1242 3632 1249223
1236 3632 1249226
1244 3634 1249229
1239 3629 1249232
1239 3631 1249235
1238 3629 1249238
1240 3633 1249241
1240 3633 1249244
1241 3633 1249247
1214 3638 1249250
1220 3644 1249253
1237 3594 1249256
1236 3659 1249259
1257 3628 1249262
1227 3628 1249265
1242 3640 1249268
1240 3630 1249271
1240 3638 1249274
1241 3638 1249277
1238 3634 1249280
1242 3639 1249283
1239 3635 1249286
1237 3636 1249289
1237 3636 1249292
1240 3639 1249295
1213 3668 1249298
1240 3637 1249301
1243 3676 1249304
1253 3627 1249307
1222 3636 1249310
1245 3644 1249313
1236 3639 1249316
1232 3638 1249319
1239 3640 1249322
1238 3638 1249325
1238 3640 1249328
1233 3638 1249331
1238 3638 1249334
1233 3641 1249337
1236 3639 1249340
1235 3652 1249343
1236 3622 1249346
1247 3637 1249349
1195 3639 1249352
1259 3656 1249355
1228 3629 1249358
1232 3647 1249361
1237 3640 1249364
1232 3642 1249367
1236 3642 1249370
1236 3640 1249373
1235 3643 1249376
1235 3642 1249379
1235 3642 1249382
1234 3642 1249385
1232 3643 1249388
1370 3647 1249391
1215 3652 1249394
1230 3600 1249397
1219 3661 1249400
1248 3645 1249403
1227 3637 1249406
1231 3647 1249409
1232 3643 1249412
1232 3642 1249415
1234 3644 1249418
1235 3647 1249421
1235 3646 1249424
1235 3645 1249427
1232 3642 1249430
1233 3646 1249433
1233 3643 1249436
1194 3647 1249439
1239 3643 1249442
1219 3671 1249445
1253 3641 1249448
1219 3638 1249451
1235 3649 1249454
1229 3645 1249457
1232 3649 1249460
1232 3643 1249463
1233 3647 1249466
1227 3647 1249469
1233 3643 1249472
1230 3646 1249475
1234 3646 1249478
1230 3646 1249481
1228 3674 1249484
1223 3647 1249487
1258 3652 1249490
1207 3632 1249493
1235 3668 1249496
1235 3645 1249499
1227 3645 1249502
1232 3649 1249505
1226 3648 1249508
1230 3649 1249511
1234 3648 1249514
1231 3647 1249517
1230 3648 1249520
1232 3649 1249523
1232 3649 1249526
1197 3688 1249529
1231 3647 1249532
1230 3679 1249535
1253 3642 1249538
1218 3642 1249541
1236 3655 1249544
1233 3647 1249547
1230 3649 1249550
1231 3650 1249553
1229 3648 1249556
1232 3651 1249559
1230 3649 1249562
1232 3649 1249565
1229 3648 1249568
1229 3650 1249571
1206 3641 1249574
1233 3648 1249577
1235 3667 1249580
1256 3655 1249583
1219 3639 1249586
1231 3656 1249589
1237 3648 1249592
1226 3650 1249595
1230 3649 1249598
1229 3648 1249601
1231 3651 1249604
1229 3651 1249607
1227 3649 1249610
1230 3650 1249613
1229 3650 1249616
1200 3692 1249619
1224 3646 1249622
1241 3691 1249625
1233 3635 1249628
1216 3651 1249631
1236 3653 1249634
1231 3646 1249637
1228 3653 1249640
1229 3650 1249643
1229 3648 1249646
1229 3650 1249649
1229 3651 1249652
1228 3649 1249655
1232 3653 1249658
1228 3650 1249661
1235 3666 1249664
1221 3648 1249667
1251 3642 1249670
1201 3639 1249673
1240 3662 1249676
1234 3645 1249679
1225 3650 1249682
1230 3654 1249685
1229 3651 1249688
1232 3656 1249691
1228 3650 1249694
1226 3650 1249697
1229 3650 1249700
1229 3650 1249703
1228 3745 1249706
1189 3641 1249709
1236 3649 1249712
1190 3639 1249715
1249 3665 1249718
1227 3640 1249721
1225 3656 1249724
1231 3650 1249727
1230 3649 1249730
1230 3652 1249733
1229 3651 1249736
1227 3650 1249739
1227 3648 1249742
1230 3653 1249745
1227 3652 1249748
1230 3628 1249751
1247 3648 1249754
1228 3653 1249757
1252 3670 1249760
1226 3639 1249763
1221 3653 1249766
1232 3653 1249769
1225 3650 1249772
1228 3651 1249775
1229 3652 1249778
1226 3649 1249781
1226 3652 1249784
1228 3653 1249787
1230 3652 1249790
1225 3649 1249793
1230 3655 1249796
1236 3649 1249799
1229 3655 1249802
1216 3645 1249805
1226 3660 1249808
1231 3650 1249811
1223 3649 1249814
1233 3655 1249817
1226 3651 1249820
1227 3646 1249823
1227 3650 1249826
1229 3654 1249829
1226 3650 1249832
1226 3653 1249835
1229 3652 1249838
1233 3683 1249841
1229 3653 1249844
1227 3638 1249847
1232 3663 1249850
1227 3652 1249853
1226 3649 1249856
1230 3648 1249859
1231 3652 1249862
1227 3652 1249865
1230 3651 1249868
1230 3653 1249871
1230 3653 1249874
1227 3651 1249877
1229 3651 1249880
1229 3654 1249883
1227 3670 1249886
1227 3652 1249889
1230 3663 1249892
1231 3652 1249895
1227 3649 1249898
1227 3650 1249901
1229 3653 1249904
1228 3652 1249907
1231 3651 1249910
1229 3650 1249913
1230 3654 1249916
1230 3651 1249919
1228 3651 1249922
1227 3652 1249925
1230 3653 1249928
1228 3653 1249931
1228 3650 1249934
1214 3655 1249937
1230 3652 1249940
1228 3651 1249943
1228 3653 1249946
1228 3652 1249949
1229 3652 1249952
1230 3652 1249955
1226 3651 1249958
1230 3653 1249961
1228 3651 1249964
1228 3651 1249967
1226 3655 1249970
1230 3650 1249973
1224 3653 1249976
1228 3655 1249979
1222 3657 1249982
1230 3650 1249985
1229 3651 1249988
1228 3654 1249991
2062 3869 1254400
2064 3869 1254403
2059 3871 1254406
2061 3870 1254409
2062 3869 1254412
2060 3871 1254415
2060 3873 1254418
2060 3871 1254421
2046 3870 1254424
2062 4011 1254427
2059 3873 1254430
2059 3868 1254433
2063 3873 1254436
2060 3874 1254439
2059 3873 1254442
2060 3872 1254444
2061 3875 1254447
2060 3874 1254450
2063 3870 1254453
2061 3871 1254456
2061 3874 1254459
2062 3871 1254462
2099 3774 1254466
2062 3871 1254468
2065 3875 1254471
2059 3867 1254474
2061 3872 1254477
2063 3875 1254480
2062 3873 1254483
2062 3875 1254486
2060 3874 1254489
2062 3875 1254492
2059 3874 1254495
2061 3876 1254499
2061 3873 1254501
2274 3876 1254504
2058 3871 1254507
2060 3876 1254510
2061 3877 1254513
2060 3872 1254516
2059 3874 1254519
2060 3875 1254522
2063 3873 1254525
2061 3875 1254528
2061 3879 1254532
2059 3872 1254534
2060 3876 1254537
2058 3874 1254540
2061 3874 1254543
2063 3832 1254546
2061 3870 1254549
2065 3875 1254552
2058 3874 1254555
2060 3874 1254558
2061 3876 1254561
2061 3877 1254565
2060 3874 1254567
2058 3875 1254570
2062 3875 1254573
2060 3876 1254576
2061 3874 1254579
2062 3872 1254582
2085 3876 1254585
2061 3692 1254588
2061 3872 1254591
2058 3871 1254594
2061 3877 1254598
2061 3875 1254600
2061 3878 1254603
2059 3873 1254606
2060 3877 1254609
2061 3875 1254612
2060 3875 1254615
2060 3879 1254618
2059 3874 1254621
2061 3875 1254624
2053 3863 1254627
2061 3877 1254631
2063 3868 1254633
2059 3882 1254636
2057 3870 1254639
2064 3880 1254642
2058 3875 1254645
2059 3875 1254648
2062 3880 1254651
2061 3875 1254654
2060 3876 1254657
2061 3877 1254660
2061 3880 1254664
2057 3919 1254666
2061 3875 1254669
2053 3877 1254672
2073 3861 1254675
2068 3879 1254678
2057 3878 1254681
2062 3878 1254684
2059 3876 1254687
2061 3876 1254690
2061 3879 1254693
2061 3878 1254697
2058 3875 1254699
2061 3878 1254702
2063 3872 1254705
2058 3892 1254708
2058 3875 1254711
2063 3894 1254714
2055 3869 1254717
2064 3880 1254720
2058 3879 1254723
2059 3875 1254726
2059 3880 1254730
2058 3874 1254732
2060 3880 1254735
2059 3876 1254738
2059 3878 1254741
2039 3876 1254744
2061 3847 1254747
2057 3878 1254750
2064 3884 1254753
2056 3889 1254756
2054 3869 1254759
2062 3882 1254763
2059 3874 1254765
2060 3879 1254768
2057 3880 1254771
2058 3878 1254774
2059 3882 1254777
2059 3881 1254780
2043 3878 1254783
2060 3821 1254786
2060 3879 1254789
2063 3909 1254792
2061 3891 1254796
2053 3868 1254798
2062 3881 1254801
2059 3876 1254804
2061 3876 1254807
2061 3877 1254810
2060 3878 1254813
2060 3878 1254816
2060 3880 1254819
2051 3879 1254822
2058 3907 1254825
2058 3878 1254829
2071 3879 1254831
2050 3880 1254834
2060 3871 1254837
2060 3875 1254840
2060 3875 1254843
2062 3878 1254846
2061 3878 1254849
2059 3877 1254852
2058 3880 1254855
2059 3877 1254858
2065 3878 1254862
2058 3883 1254864
2069 3879 1254867
2051 3894 1254870
2056 3867 1254873
2066 3883 1254876
2058 3878 1254879
2059 3876 1254882
2061 3881 1254885
2059 3877 1254888
2057 3877 1254891
2058 3879 1254895
2060 3876 1254897
2080 3878 1254900
2053 3880 1254903
2046 3881 1254906
2067 3861 1254909
2067 3880 1254912
2056 3879 1254915
2063 3876 1254918
2061 3880 1254921
2054 3874 1254924
2060 3881 1254928
2060 3877 1254930
2057 3881 1254933
2060 3878 1254936
2130 3861 1254939
2059 3877 1254942
2080 3877 1254945
2070 3875 1254948
2052 3877 1254951
2062 3875 1254954
2063 3882 1254957
2057 3878 1254961
2060 3877 1254963
2061 3880 1254966
2058 3875 1254969
2060 3879 1254972
2061 3881 1254975
2056 3880 1254978
2058 3880 1254981
2072 3887 1254984
2051 3869 1254987
2063 3887 1254990
2059 3883 1254994
2060 3873 1254996
2062 3881 1255001
2060 3879 1255004
2060 3878 1255007
2059 3878 1255010
2059 3880 1255013
2031 3838 1255016
2059 3878 1255019
2058 3855 1255022
2060 3875 1255025
2067 3882 1255028
2056 3875 1255031
2059 3881 1255034
2059 3879 1255037
2059 3878 1255040
2062 3881 1255043
2057 3877 1255046
2060 3880 1255049
2064 3877 1255052
2049 3907 1255055
2062 3880 1255058
2061 3871 1255061
2071 3878 1255064
2050 3873 1255067
2063 3883 1255070
2062 3876 1255073
2057 3880 1255076
2058 3877 1255079
2059 3877 1255082
2058 3880 1255085
2059 3877 1255088
2058 3878 1255091
2061 3884 1255094
2058 3879 1255097
2074 3887 1255100
2048 3871 1255103
2063 3885 1255106
2064 3875 1255109
2055 3877 1255112
2059 3881 1255115
2055 3877 1255118
2060 3879 1255121
2060 3883 1255124
2057 3878 1255127
2061 3965 1255130
2059 3875 1255133
2059 3877 1255136
2063 3858 1255139
2093 3878 1255142
2061 3880 1255145
2058 3874 1255148
2060 3880 1255151
2063 3879 1255154
2058 3880 1255157
2060 3876 1255160
2058 3880 1255163
2060 3877 1255166
2060 3869 1255169
2047 3882 1255172
2060 3880 1255175
2049 3862 1255178
2066 3875 1255181
2065 3876 1255184
2055 3877 1255187
2061 3881 1255190
2059 3876 1255193
2060 3880 1255196
2061 3877 1255199
2056 3882 1255202
2059 3878 1255205
2060 3944 1255208
2056 3877 1255211
2059 3878 1255214
2062 3860 1255217
2058 3876 1255220
2064 3883 1255223
2056 3876 1255226
2059 3880 1255229
2061 3876 1255232
2059 3879 1255235
2058 3883 1255238
2060 3878 1255241
2056 3878 1255244
2061 3880 1255247
2063 3873 1255250
2060 3875 1255253
2073 3887 1255256
2047 3873 1255259
2065 3881 1255262
2062 3876 1255265
2056 3881 1255268
2058 3880 1255271
2060 3877 1255274
2060 3878 1255277
2060 3881 1255280
2059 3876 1255283
2062 3879 1255286
2040 3868 1255289
2059 3878 1255292
2058 3874 1255295
2070 3884 1255298
2050 3875 1255301
2062 3883 1255304
2064 3878 1255307
2056 3877 1255310
2060 3877 1255313
2057 3879 1255316
2060 3877 1255319
2061 3880 1255322
2060 3879 1255325
2106 3878 1255328
2057 3880 1255331
2061 3870 1255334
2043 3884 1255337
2057 3885 1255340
2059 3873 1255343
2058 3879 1255346
2058 3877 1255349
2056 3876 1255352
2059 3881 1255355
2057 3878 1255358
2058 3880 1255361
2058 3878 1255364
2058 3862 1255367
2055 3878 1255370
2059 3878 1255373
2052 3889 1255376
2061 3873 1255379
2057 3880 1255382
2063 3879 1255385
2056 3880 1255388
2058 3878 1255391
2060 3879 1255394
2058 3879 1255397
2058 3879 1255400
2058 3878 1255403
2062 3857 1255406
2057 3879 1255409
2061 3878 1255412
2072 3864 1255415
2048 3882 1255418
2062 3885 1255421
2060 3874 1255424
2063 3881 1255427
2063 3878 1255430
2058 3880 1255433
2062 3878 1255436
2060 3879 1255439
2056 3878 1255442
2061 3875 1255445
2031 3826 1255448
2056 3878 1255451
2060 3855 1255454
2068 3877 1255457
2070 3879 1255460
2052 3877 1255463
2062 3877 1255466
2054 3881 1255469
2060 3881 1255472
2059 3878 1255475
2055 3880 1255478
2057 3879 1255481
2060 3877 1255484
2059 3863 1255487
2058 3879 1255490
2059 3879 1255493
2055 3892 1255496
2055 3872 1255499
2054 3882 1255502
2064 3880 1255505
2055 3876 1255508
2059 3881 1255511
2059 3878 1255514
2064 3879 1255517
2061 3881 1255520
2060 3878 1255523
2061 3881 1255526
2064 3885 1255529
2059 3879 1255532
2072 3888 1255535
2047 3870 1255538
2061 3880 1255541
2065 3878 1255544
2054 3880 1255547
2062 3879 1255550
2064 3878 1255553
2062 3878 1255556
2061 3879 1255559
2060 3878 1255562
2061 3881 1255565
2099 3877 1255568
2060 3879 1255571
2058 3863 1255574
2045 3883 1255577
2057 3884 1255580
2057 3873 1255583
2058 3883 1255586
2062 3879 1255589
2059 3879 1255592
2059 3877 1255595
2059 3880 1255598
2057 3879 1255601
2059 3878 1255604
2059 3858 1255607
2145 3880 1255610
2059 3880 1255613
2068 3883 1255616
2069 3876 1255619
2053 3878 1255622
2063 3881 1255625
2059 3876 1255628
2058 3881 1255631
2061 3879 1255634
2063 3881 1255637
2058 3883 1255640
2058 3881 1255643
2061 3877 1255646
2063 3883 1255649
2060 3880 1255652
2064 3893 1255655
2056 3868 1255658
2059 3881 1255661
2064 3880 1255664
2060 3878 1255667
2062 3879 1255670
2058 3876 1255673
2060 3876 1255676
2058 3876 1255679
2060 3879 1255682
2058 3881 1255685
2060 3845 1255688
2036 3877 1255691
2059 3877 1255694
2032 3884 1255697
2056 3887 1255700
2058 3873 1255703
2056 3881 1255706
2065 3881 1255709
2058 3876 1255712
2061 3880 1255715
2062 3880 1255718
2057 3878 1255721
2060 3879 1255724
2061 3880 1255727
2061 3885 1255730
2058 3877 1255733
2060 3888 1255736
2070 3868 1255739
2050 3888 1255742
2062 3882 1255745
2059 3876 1255748
2059 3880 1255751
2059 3878 1255754
2059 3879 1255757
2059 3878 1255760
2059 3880 1255763
2058 3878 1255766
2061 3877 1255769
2040 3909 1255772
2060 3879 1255775
2059 3872 1255778
2071 3889 1255781
2054 3876 1255784
2058 3882 1255787
2060 3877 1255790
2055 3877 1255793
2060 3880 1255796
2058 3873 1255799
2062 3879 1255802
2069 3878 1255805
2060 3879 1255808
2060 3857 1255811
2048 3879 1255814
2059 3882 1255817
2042 3875 1255820
2066 3889 1255823
2053 3872 1255826
2057 3884 1255829
2061 3877 1255832
2059 3883 1255835
2059 3879 1255838
2060 3878 1255841
2056 3879 1255844
2062 3880 1255847
2059 3880 1255850
2045 3905 1255853
2059 3879 1255856
2055 3852 1255859
2067 3881 1255862
2066 3880 1255865
2052 3878 1255868
2063 3879 1255871
2063 3879 1255874
2058 3878 1255877
2061 3879 1255880
2060 3879 1255883
2059 3882 1255886
2059 3881 1255889
2059 3859 1255892
2140 3879 1255895
2058 3880 1255898
2080 3876 1255901
2068 3874 1255904
2051 3876 1255907
2061 3882 1255910
2061 3876 1255913
2057 3880 1255916
2061 3882 1255919
2059 3879 1255922
2059 3881 1255925
2059 3880 1255928
2059 3880 1255931
2065 3877 1255934
2055 3877 1255937
2059 3897 1255940
2058 3866 1255943
2058 3881 1255946
2065 3881 1255949
2057 3877 1255952
2059 3880 1255955
2058 3877 1255958
2057 3880 1255961
2060 3880 1255964
2062 3879 1255967
2059 3877 1255970
2029 3789 1255973
2058 3877 1255976
2057 3858 1255979
2048 3883 1255982
2063 3885 1255985
2056 3875 1255988
2060 3879 1255991
2062 3880 1255994
2059 3881 1255997
2059 3874 1256001
2062 3880 1256004
2060 3881 1256007
2058 3879 1256010
2059 3886 1256013
2065 3876 1256016
2060 3875 1256019
2076 3880 1256022
2050 3873 1256025
2064 3884 1256028
2063 3873 1256031
2059 3880 1256034
2061 3883 1256037
2060 3880 1256040
2063 3880 1256042
2058 3882 1256045
2060 3877 1256048
2060 3857 1256051
2097 3879 1256054
2058 3879 1256057
2038 3877 1256060
2065 3885 1256063
2058 3875 1256066
2059 3883 1256069
2063 3876 1256072
2056 3880 1256075
2061 3878 1256078
2060 3879 1256081
2058 3877 1256084
2060 3876 1256087
2058 3870 1256090
2059 3882 1256093
2056 3876 1256096
2063 3859 1256099
2051 3880 1256102
2064 3882 1256105
2055 3879 1256108
2061 3883 1256111
2060 3880 1256114
2056 3878 1256117
2059 3882 1256120
2059 3878 1256123
2058 3881 1256126
2058 3845 1256129
2056 3883 1256132
2060 3877 1256135
2076 3884 1256138
2045 3872 1256141
2064 3882 1256144
2063 3876 1256147
2055 3877 1256150
2061 3880 1256153
2060 3878 1256156
2059 3880 1256159
2057 3877 1256162
2061 3879 1256165
2061 3878 1256168
2063 3864 1256171
2058 3878 1256174
2055 3888 1256177
2070 3867 1256180
2052 3879 1256183
2063 3882 1256186
2056 3879 1256189
2059 3881 1256192
2060 3877 1256195
2060 3883 1256198
2059 3878 1256201
2059 3878 1256204
2060 3882 1256207
2060 3847 1256210
2059 3879 1256213
2059 3873 1256216
2069 3884 1256219
2052 3876 1256222
2066 3885 1256225
2060 3879 1256228
2059 3881 1256231
2061 3878 1256234
2058 3880 1256237
2059 3881 1256240
2060 3880 1256243
2060 3879 1256246
2046 3896 1256249
2056 3881 1256252
2058 3889 1256255
2064 3890 1256258
2056 3870 1256261
2059 3880 1256264
2062 3879 1256267
2058 3878 1256270
2060 3880 1256273
2060 3878 1256276
2059 3876 1256279
2060 3880 1256282
2061 3878 1256285
2042 3957 1256288
2058 3880 1256291
2057 3861 1256294
2055 3886 1256297
2065 3873 1256300
2054 3880 1256303
2061 3876 1256306
2055 3877 1256309
2058 3879 1256312
2059 3877 1256315
2059 3879 1256318
2058 3881 1256321
2062 3879 1256324
2042 3823 1256327
2057 3878 1256330
2055 3851 1256333
2090 3876 1256336
2066 3886 1256339
2054 3875 1256342
2061 3883 1256345
2061 3878 1256348
2059 3879 1256351
2060 3878 1256354
2062 3881 1256357
2057 3880 1256360
2059 3879 1256363
2034 3876 1256366
2060 3878 1256369
2058 3901 1256372
2060 3862 1256375
2053 3882 1256378
2062 3882 1256381
2058 3877 1256384
2061 3881 1256387
2062 3881 1256390
2056 3880 1256393
2063 3877 1256396
2057 3878 1256399
2060 3879 1256402
2057 3882 1256405
2073 3878 1256408
2059 3878 1256411
2052 3894 1256414
2057 3869 1256417
2055 3883 1256420
2063 3882 1256423
2053 3873 1256426
2060 3881 1256429
2058 3878 1256432
2058 3879 1256435
2059 3880 1256438
2057 3880 1256441
2060 3843 1256444
2012 3877 1256447
2062 3881 1256450
2032 3868 1256453
2067 3882 1256456
2065 3872 1256459
2055 3880 1256462
2059 3882 1256465
2058 3877 1256468
2055 3880 1256471
2058 3879 1256474
2059 3880 1256477
2060 3878 1256480
2059 3881 1256483
2061 3882 1256486
2061 3880 1256489
2054 3869 1256492
2073 3875 1256495
2049 3876 1256498
2061 3883 1256501
2060 3877 1256504
2058 3878 1256507
2067 3882 1256510
2059 3877 1256513
2060 3882 1256516
2061 3879 1256519
2062 3879 1256522
2123 3872 1256525
2060 3880 1256528
2059 3892 1256531
2045 3867 1256534
2066 3880 1256537
2064 3878 1256540
2055 3880 1256543
2060 3879 1256546
2058 3880 1256549
2058 3880 1256552
2060 3877 1256555
2060 3875 1256558
2060 3881 1256561
2058 3857 1256564
2087 3875 1256567
2057 3879 1256570
2030 3890 1256573
2057 3888 1256576
2059 3874 1256579
2056 3883 1256582
2063 3883 1256585
2057 3876 1256588
2059 3877 1256591
2058 3882 1256594
2058 3877 1256597
2060 3877 1256600
2059 3881 1256603
2043 3936 1256606
2059 3878 1256609
2061 3885 1256612
2064 3894 1256615
2058 3870 1256618
2058 3881 1256621
2061 3879 1256624
2059 3878 1256627
2058 3878 1256630
2060 3883 1256633
2058 3884 1256636
2061 3878 1256639
2063 3880 1256642
2060 3871 1256645
2065 3878 1256648
2059 3878 1256651
2051 3894 1256654
2060 3869 1256657
2056 3884 1256660
2063 3879 1256663
2057 3875 1256666
2061 3882 1256669
2059 3877 1256672
2058 3879 1256675
2060 3879 1256678
2058 3879 1256681
2059 3877 1256684
2057 3894 1256687
2059 3877 1256690
2056 3882 1256693
2068 3873 1256696
2051 3875 1256699
2065 3884 1256702
2061 3874 1256705
2059 3880 1256708
2060 3878 1256711
2061 3879 1256714
2060 3879 1256717
2061 3880 1256720
2058 3878 1256723
2062 3867 1256726
2047 3876 1256729
2058 3879 1256732
2052 3894 1256735
2058 3870 1256738
2057 3885 1256741
2063 3880 1256744
2055 3880 1256747
2060 3880 1256750
2058 3880 1256753
2057 3880 1256756
2060 3878 1256759
2057 3878 1256762
2060 3879 1256765
2043 3974 1256768
2062 3877 1256771
2061 3885 1256774
2056 3887 1256777
2054 3869 1256780
2059 3878 1256783
2065 3880 1256786
2057 3877 1256789
2060 3879 1256792
2056 3884 1256795
2060 3879 1256798
2059 3878 1256801
2061 3879 1256804
2055 3863 1256807
2063 3878 1256810
2058 3879 1256813
2125 3872 1256816
2064 3887 1256819
2052 3871 1256822
2061 3882 1256825
2059 3878 1256828
2057 3877 1256831
2060 3882 1256834
2058 3880 1256837
2060 3880 1256840
2060 3877 1256843
2059 3880 1256846
2024 4029 1256849
2059 3878 1256852
2057 3854 1256855
2075 3875 1256858
2066 3880 1256861
2057 3875 1256864
2061 3884 1256867
2060 3880 1256870
2059 3878 1256873
2058 3879 1256876
2059 3879 1256879
2059 3875 1256882
2061 3881 1256885
2057 3846 1256888
2011 3879 1256891
2057 3877 1256894
2036 3874 1256897
2057 3889 1256900
2063 3874 1256903
2055 3882 1256906
2059 3880 1256909
2058 3881 1256912
2060 3882 1256915
2059 3879 1256918
2057 3876 1256921
2061 3885 1256924
2058 3880 1256927
2050 3888 1256930
2060 3880 1256933
2061 3861 1256936
2079 3874 1256939
2064 3884 1256942
2054 3877 1256945
2059 3882 1256948
2060 3878 1256951
2056 3876 1256954
2063 3883 1256957
2059 3878 1256960
2064 3878 1256963
2061 3881 1256966
2060 3846 1256969
2048 3879 1256972
2059 3878 1256975
2036 3885 1256978
2055 3885 1256981
2061 3872 1256984
2054 3877 1256987
2062 3879 1256990
2056 3875 1256993
2055 3879 1256996
2061 3882 1257000
2060 3875 1257003
2057 3879 1257006
2060 3877 1257009
2044 3968 1257012
2057 3876 1257015
2057 3884 1257018
2063 3887 1257021
2062 3870 1257024
2055 3880 1257027
2063 3882 1257030
2060 3877 1257033
2057 3882 1257036
2059 3876 1257039
2059 3876 1257042
2059 3880 1257044
2059 3873 1257047
2061 3876 1257050
2086 3881 1257053
2060 3877 1257056
2060 3888 1257059
2057 3873 1257062
2062 3882 1257065
2061 3883 1257068
2059 3877 1257071
2062 3881 1257074
2059 3879 1257077
2060 3877 1257080
2061 3877 1257083
2060 3878 1257086
2063 3880 1257089
2065 3873 1257092
2062 3880 1257095
2068 3890 1257098
2048 3870 1257101
2063 3878 1257104
2066 3878 1257107
2055 3879 1257110
2059 3878 1257113
2058 3877 1257116
2060 3884 1257119
2058 3879 1257122
2058 3880 1257125
2061 3882 1257128
2059 3623 1257131
2065 3880 1257134
2059 3861 1257137
2051 3877 1257140
2057 3883 1257143
2056 3874 1257146
2058 3881 1257149
2062 3877 1257152
2058 3876 1257155
2058 3880 1257158
2061 3878 1257161
2059 3878 1257164
2060 3878 1257167
2056 3872 1257170
2064 3878 1257173
2057 3874 1257176
2058 3884 1257179
2062 3872 1257182
2056 3879 1257185
2062 3882 1257188
2056 3880 1257191
2058 3880 1257194
2059 3875 1257197
2059 3880 1257200
