4094 2513 3799964
4081 2543 3799967
4068 2483 3799970
4070 2527 3799973
4091 2518 3799976
4078 2513 3799979
4083 2521 3799982
4081 2518 3799985
4080 2517 3799988
4080 2519 3799991
4079 2516 3799994
4080 2517 3799997
4080 2519 3800001
4083 2517 3800004
4020 2381 3800007
4095 2513 3800010
4081 2516 3800013
4095 2533 3800016
4076 2502 3800019
4076 2523 3800022
4086 2515 3800025
4078 2514 3800028
4082 2517 3800031
4080 2516 3800033
4080 2518 3800036
4081 2521 3800039
4081 2515 3800042
4082 2519 3800045
4080 2519 3800048
4095 2514 3800051
4081 2514 3800054
4086 2479 3800057
4062 2525 3800060
4095 2523 3800063
4074 2508 3800066
4080 2520 3800069
4083 2517 3800072
4081 2518 3800075
4081 2517 3800078
4083 2517 3800081
4083 2518 3800084
4082 2514 3800087
4083 2517 3800090
4080 2495 3800093
4017 2535 3800096
4074 2515 3800099
4073 2551 3800102
4095 2514 3800105
4070 2513 3800108
4087 2525 3800111
4083 2516 3800114
4081 2519 3800117
4080 2515 3800120
4079 2516 3800123
4082 2518 3800126
4081 2520 3800129
4077 2514 3800132
4082 2520 3800135
4083 2521 3800138
4095 2507 3800141
4084 2546 3800144
4090 2487 3800147
4067 2521 3800150
4094 2520 3800153
4078 2514 3800156
4081 2521 3800159
4085 2519 3800162
4075 2515 3800165
4082 2520 3800168
4085 2515 3800171
4082 2518 3800174
4082 2517 3800177
4083 2519 3800180
4095 2503 3800183
4069 2522 3800186
4080 2473 3800189
4073 2540 3800192
4095 2514 3800195
4067 2510 3800198
4082 2522 3800201
4085 2513 3800204
4081 2518 3800207
4085 2520 3800210
4082 2518 3800213
4081 2517 3800216
4078 2515 3800219
4079 2516 3800222
4082 2515 3800225
4071 2617 3800228
4068 2515 3800231
4089 2562 3800234
4089 2501 3800237
4069 2520 3800240
4091 2524 3800243
4079 2512 3800246
4082 2519 3800249
4081 2515 3800252
4077 2518 3800255
4081 2516 3800258
4079 2517 3800261
4078 2514 3800264
4080 2516 3800267
4082 2517 3800270
4083 2491 3800273
4087 2516 3800276
4064 2477 3800279
4074 2532 3800282
4094 2516 3800285
4073 2512 3800288
4083 2521 3800291
4081 2516 3800294
4078 2516 3800297
4081 2516 3800300
4084 2518 3800303
4082 2519 3800306
4081 2516 3800309
4079 2518 3800312
4080 2490 3800315
4095 2511 3800318
4077 2519 3800321
4095 2541 3800324
4076 2501 3800327
4073 2522 3800330
4087 2519 3800333
4079 2515 3800336
4080 2521 3800339
4083 2517 3800342
4082 2517 3800345
4082 2517 3800348
4080 2518 3800351
4078 2516 3800354
4083 2517 3800357
4082 2517 3800360
4051 2526 3800363
4076 2493 3800366
4048 2521 3800369
4095 2531 3800372
4079 2509 3800375
4077 2516 3800378
4085 2518 3800381
4078 2515 3800384
4082 2515 3800387
4081 2517 3800390
4083 2519 3800393
4080 2515 3800396
4082 2517 3800399
4081 2519 3800402
4095 2513 3800405
4084 2516 3800408
4089 2482 3800411
4061 2525 3800414
4094 2521 3800417
4076 2509 3800420
4080 2521 3800423
4085 2518 3800426
4080 2515 3800429
4080 2519 3800432
4083 2518 3800435
4079 2515 3800438
4081 2515 3800441
4080 2515 3800444
4082 2537 3800447
4089 2511 3800450
4080 2542 3800453
4069 2488 3800456
4073 2530 3800459
4090 2516 3800462
4075 2516 3800465
4083 2520 3800468
4082 2516 3800471
4081 2516 3800474
4081 2517 3800477
4081 2516 3800480
4079 2517 3800483
4081 2517 3800486
4082 2519 3800489
4095 2512 3800492
4075 2518 3800495
4095 2499 3800498
4055 2512 3800501
4093 2526 3800504
4078 2510 3800507
4078 2519 3800510
4084 2517 3800513
4080 2513 3800516
4080 2517 3800519
4082 2518 3800522
4081 2515 3800525
4078 2515 3800528
4082 2518 3800531
4082 2528 3800534
4066 2522 3800537
4081 2519 3800540
4049 2498 3800543
4089 2532 3800546
4083 2509 3800549
4076 2517 3800552
4085 2520 3800555
4081 2518 3800558
4078 2518 3800561
4084 2518 3800564
4080 2517 3800567
4079 2519 3800570
4080 2518 3800573
4084 2920 3800576
4075 2500 3800579
4090 2514 3800582
4046 2488 3800585
4089 2536 3800588
4089 2512 3800591
4070 2514 3800594
4084 2521 3800597
4084 2515 3800600
4080 2518 3800603
4080 2518 3800606
4081 2516 3800609
4081 2517 3800612
4079 2520 3800615
4082 2518 3800618
4077 2515 3800621
4090 2520 3800624
4075 2477 3800627
4086 2544 3800630
4092 2509 3800633
4071 2513 3800636
4085 2520 3800639
4082 2514 3800642
4079 2516 3800645
4081 2516 3800648
4081 2515 3800651
4084 2515 3800654
4082 2519 3800657
4078 2515 3800660
4081 2488 3800663
4001 2523 3800666
4077 2519 3800669
4089 2530 3800672
4076 2518 3800675
4080 2517 3800678
4079 2516 3800681
4081 2515 3800684
4081 2517 3800687
4082 2518 3800690
4078 2515 3800693
4080 2518 3800696
4083 2517 3800699
4081 2519 3800702
4081 2517 3800705
4067 2581 3800708
4074 2517 3800711
4081 2503 3800714
4080 2515 3800717
4080 2517 3800720
4080 2519 3800723
4079 2517 3800726
4082 2517 3800729
4083 2518 3800732
4081 2518 3800735
4080 2515 3800738
4079 2514 3800741
4080 2519 3800744
4081 2516 3800747
4081 2514 3800750
4091 2515 3800753
4081 2515 3800756
4079 2518 3800759
4081 2516 3800762
4081 2518 3800765
4080 2519 3800768
4080 2516 3800771
4079 2517 3800774
4081 2519 3800777
4080 2515 3800780
4084 2515 3800783
4083 2518 3800786
4081 2519 3800789
4079 2515 3800792
4087 2531 3800795
4082 2519 3800798
4081 2520 3800801
4084 2515 3800804
4079 2515 3800807
4080 2519 3800810
4082 2513 3800813
4080 2516 3800816
4079 2521 3800819
4083 2517 3800822
4080 2515 3800825
4081 2523 3800828
4082 2517 3800831
4079 2517 3800834
4081 2522 3800837
4079 2517 3800840
4081 2522 3800843
4082 2514 3800846
4080 2516 3800849
4082 2519 3800852
4082 2517 3800855
4078 2515 3800858
4081 2517 3800861
4083 2516 3800864
4080 2517 3800867
4080 2516 3800870
4081 2519 3800873
4083 2517 3800876
4079 2562 3800879
4079 2517 3800882
4082 2517 3800885
4085 2515 3800888
4076 2515 3800891
4080 2518 3800894
4083 2516 3800897
4081 2516 3800900
4082 2517 3800903
4080 2514 3800906
4081 2517 3800909
4081 2517 3800912
4082 2518 3800915
4083 2516 3800918
4081 2517 3800921
4025 2516 3800924
4083 2519 3800927
4082 2519 3800930
4078 2514 3800933
4080 2519 3800936
4083 2517 3800939
4078 2516 3800942
4080 2519 3800945
4081 2517 3800948
4082 2517 3800951
4080 2516 3800954
4080 2518 3800957
4081 2520 3800960
4081 2518 3800963
4080 2613 3800966
4079 2519 3800969
4081 2516 3800972
4083 2516 3800975
4078 2515 3800978
4080 2516 3800981
4080 2516 3800984
4080 2518 3800987
4078 2516 3800990
4081 2519 3800993
4081 2519 3800996
4080 2517 3801000
4079 2519 3801003
4081 2514 3801006
4077 2519 3801009
4081 2520 3801012
4087 2516 3801015
4083 2518 3801018
4081 2516 3801021
4080 2519 3801024
4083 2517 3801027
4080 2516 3801030
4082 2521 3801032
4083 2517 3801035
4082 2516 3801038
4080 2517 3801041
4081 2520 3801044
4080 2517 3801047
4081 2515 3801050
4082 2518 3801053
4081 2511 3801056
4082 2518 3801059
4085 2518 3801062
4081 2518 3801065
4082 2517 3801068
4083 2518 3801071
4079 2517 3801074
4082 2518 3801077
4081 2517 3801080
4080 2517 3801083
4082 2518 3801086
4080 2517 3801089
4081 2520 3801092
4078 2515 3801095
4079 2513 3801098
4095 2518 3801101
4079 2513 3801104
4080 2519 3801107
4081 2518 3801110
4081 2516 3801113
4081 2517 3801116
4081 2517 3801119
4079 2516 3801122
4082 2517 3801125
4080 2514 3801128
4079 2518 3801131
4082 2515 3801134
4082 2517 3801137
4079 2516 3801140
4095 2767 3801143
4075 2516 3801146
4083 2516 3801149
4079 2517 3801152
4082 2516 3801155
4080 2515 3801158
4079 2517 3801161
4081 2517 3801164
4082 2517 3801167
4083 2518 3801170
4081 2514 3801173
4081 2517 3801176
4083 2518 3801179
4082 2519 3801182
4082 2519 3801185
4087 2510 3801188
4080 2517 3801191
4082 2517 3801194
4079 2513 3801197
4083 2518 3801200
4083 2519 3801203
4080 2516 3801206
4079 2516 3801209
4081 2518 3801212
4082 2518 3801215
4082 2516 3801218
4082 2514 3801221
4081 2518 3801224
4080 2515 3801227
4082 2517 3801230
4047 2516 3801233
4082 2512 3801236
4080 2515 3801239
4083 2517 3801242
4082 2517 3801245
4082 2519 3801248
4082 2517 3801251
4083 2516 3801254
4078 2519 3801257
4080 2516 3801260
4081 2515 3801263
4080 2518 3801266
4082 2517 3801269
4079 2515 3801272
4095 2520 3801275
4077 2517 3801278
4081 2517 3801281
4078 2517 3801284
4081 2517 3801287
4081 2518 3801290
4082 2515 3801293
4078 2516 3801296
4081 2519 3801299
4082 2517 3801302
4078 2516 3801305
4080 2517 3801308
4083 2517 3801311
4080 2520 3801314
4080 2517 3801317
4071 2550 3801320
4080 2521 3801323
4079 2517 3801326
4082 2517 3801329
4081 2520 3801332
4086 2519 3801335
4077 2515 3801338
4079 2518 3801341
4082 2518 3801344
4081 2519 3801347
4080 2517 3801350
4079 2516 3801353
4079 2519 3801356
4080 2515 3801359
4081 2390 3801362
4042 2519 3801365
4082 2518 3801368
4077 2513 3801371
4079 2519 3801374
4083 2517 3801377
4081 2520 3801380
4080 2517 3801383
4081 2519 3801386
4079 2517 3801389
4079 2513 3801392
4079 2516 3801395
4079 2519 3801398
4081 2517 3801401
4079 2515 3801404
4081 2519 3801407
4094 2515 3801410
4081 2520 3801413
4083 2517 3801416
4078 2515 3801419
4081 2518 3801422
4079 2518 3801425
4080 2518 3801428
4083 2518 3801431
4081 2517 3801434
4079 2517 3801437
4081 2520 3801440
4083 2517 3801443
4081 2516 3801446
4080 2518 3801449
4088 2467 3801452
4082 2517 3801455
4074 2517 3801458
4083 2522 3801461
4082 2517 3801464
4082 2518 3801467
4077 2516 3801470
4084 2517 3801473
4083 2518 3801476
4083 2517 3801479
4082 2517 3801482
4082 2516 3801485
4080 2518 3801488
4079 2516 3801491
4084 2536 3801494
4095 2519 3801497
4083 2516 3801500
4079 2516 3801503
4083 2518 3801506
4081 2516 3801509
4081 2515 3801512
4080 2517 3801515
4081 2516 3801518
4081 2516 3801521
4082 2517 3801524
4082 2517 3801527
4081 2517 3801530
4084 2518 3801533
4079 2517 3801536
4077 2407 3801539
4082 2514 3801542
4082 2514 3801545
4080 2520 3801548
4082 2515 3801551
4081 2518 3801554
4080 2517 3801557
4081 2517 3801560
4082 2517 3801563
4081 2517 3801566
4079 2516 3801569
4081 2517 3801572
4084 2516 3801575
4081 2521 3801578
4083 2491 3801581
4095 2514 3801584
4081 2518 3801587
4076 2516 3801590
4081 2517 3801593
4079 2516 3801596
4081 2518 3801599
4080 2516 3801602
4081 2516 3801605
4082 2517 3801608
4080 2519 3801611
4079 2516 3801614
4083 2518 3801617
4081 2518 3801620
4080 2516 3801623
4084 2515 3801626
4080 2516 3801629
4081 2521 3801632
4080 2515 3801635
4080 2515 3801638
4081 2519 3801641
4082 2517 3801644
4082 2517 3801647
4082 2517 3801650
4080 2519 3801653
4079 2516 3801656
4080 2515 3801659
4080 2519 3801662
4083 2517 3801665
4095 3255 3801668
4083 2517 3801671
4081 2519 3801674
4078 2516 3801677
4081 2516 3801680
4081 2517 3801683
4079 2519 3801686
4079 2517 3801689
4079 2515 3801692
4081 2517 3801695
4081 2517 3801698
4080 2515 3801701
4078 2518 3801704
4083 2519 3801707
4081 2510 3801710
4075 2517 3801713
4082 2517 3801716
4084 2521 3801719
4079 2514 3801722
4079 2516 3801725
4081 2520 3801728
4081 2517 3801731
4079 2512 3801734
4082 2518 3801737
4083 2517 3801740
4082 2518 3801743
4080 2517 3801746
4082 2519 3801749
4082 2494 3801752
4095 2514 3801755
4081 2515 3801758
4077 2517 3801761
4083 2519 3801764
4079 2513 3801767
4079 2517 3801770
4083 2519 3801773
4081 2518 3801776
4080 2518 3801779
4082 2519 3801782
4081 2518 3801785
4079 2517 3801788
4079 2518 3801791
4080 2524 3801794
4095 2513 3801797
4081 2514 3801800
4076 2517 3801803
4084 2518 3801806
4082 2514 3801809
4080 2519 3801812
4082 2518 3801815
4080 2519 3801818
4086 2515 3801821
4079 2519 3801824
4080 2518 3801827
4082 2516 3801830
4080 2516 3801833
4083 2529 3801836
4095 2515 3801839
4081 2517 3801842
4077 2515 3801845
4083 2518 3801848
4080 2517 3801851
4080 2516 3801854
4081 2514 3801857
4080 2517 3801860
4082 2517 3801863
4079 2517 3801866
4080 2518 3801869
4083 2516 3801872
4081 2519 3801875
4083 2524 3801878
4095 2517 3801881
4080 2516 3801884
4077 2513 3801887
4082 2518 3801890
4081 2518 3801893
4080 2515 3801896
4079 2516 3801899
4081 2516 3801902
4082 2516 3801905
4081 2518 3801908
4082 2517 3801911
4080 2518 3801914
4081 2516 3801917
4081 2517 3801920
4024 2514 3801923
4081 2518 3801926
4080 2513 3801929
4078 2518 3801932
4084 2517 3801935
4082 2517 3801938
4081 2520 3801941
4080 2519 3801944
4081 2515 3801947
4082 2516 3801950
4079 2516 3801953
4079 2516 3801956
4080 2517 3801959
4079 2547 3801962
3837 2517 3801965
4082 2515 3801968
4081 2515 3801971
4082 2522 3801974
4084 2518 3801977
4082 2516 3801980
4080 2518 3801983
4078 2516 3801986
4082 2515 3801989
4083 2517 3801992
4082 2518 3801995
4081 2514 3801998
4083 2516 3802002
4081 2604 3802005
3715 2519 3802008
4085 2518 3802011
4079 2516 3802014
4081 2520 3802017
4083 2516 3802020
4080 2519 3802023
4081 2517 3802026
4079 2517 3802029
4083 2516 3802032
4082 2515 3802035
4083 2516 3802038
4081 2518 3802040
4079 2518 3802043
4080 2434 3802046
4080 2519 3802049
4080 2516 3802052
4081 2517 3802055
4076 2515 3802058
4079 2518 3802061
4082 2517 3802064
4082 2515 3802067
4080 2518 3802070
4082 2520 3802073
4080 2517 3802076
4080 2517 3802079
4081 2519 3802082
4080 2517 3802085
4081 2515 3802088
4079 2525 3802091
4081 2520 3802094
4082 2517 3802097
4081 2517 3802100
4081 2519 3802103
4082 2519 3802106
4082 2518 3802109
4083 2518 3802112
4081 2516 3802115
4079 2517 3802118
4081 2516 3802121
4081 2519 3802124
4083 2518 3802127
4079 2513 3802130
4071 2567 3802133
4083 2521 3802136
4081 2518 3802139
4082 2517 3802142
4083 2517 3802145
4071 2517 3802148
4080 2518 3802151
4079 2515 3802154
4081 2516 3802157
4083 2519 3802160
4080 2516 3802163
4082 2519 3802166
4084 2517 3802169
4079 2518 3802172
3921 2516 3802175
4081 2516 3802178
4080 2520 3802181
4078 2514 3802184
4081 2517 3802187
4081 2519 3802190
4082 2517 3802193
4080 2514 3802196
4080 2517 3802199
4081 2516 3802202
4081 2516 3802205
4079 2517 3802208
4081 2516 3802211
4080 2517 3802214
4079 2515 3802217
4034 2514 3802220
4081 2513 3802223
4084 2518 3802226
4079 2515 3802229
4081 2518 3802232
4084 2517 3802235
4080 2517 3802238
4082 2518 3802241
4082 2516 3802244
4081 2519 3802247
4080 2515 3802250
4080 2515 3802253
4082 2519 3802256
4081 2517 3802259
4083 2508 3802262
4082 2518 3802265
4087 2518 3802268
4081 2516 3802271
4081 2518 3802274
4083 2518 3802277
4082 2518 3802280
4080 2516 3802283
4080 2517 3802286
4081 2517 3802289
4082 2516 3802292
4078 2517 3802295
4083 2518 3802298
4082 2518 3802301
3934 2517 3802304
4082 2517 3802307
4082 2518 3802310
4081 2513 3802313
4079 2515 3802316
4080 2517 3802319
4080 2518 3802322
4084 2517 3802325
4080 2517 3802328
4079 2518 3802331
4081 2517 3802334
4083 2519 3802337
4081 2518 3802340
4081 2514 3802343
4081 2427 3802346
4065 2520 3802349
4083 2516 3802352
4082 2513 3802355
4081 2518 3802358
4081 2517 3802361
4080 2516 3802364
4082 2516 3802367
4081 2519 3802370
4080 2517 3802373
4081 2517 3802376
4081 2518 3802379
4080 2518 3802382
4082 2515 3802385
4081 2518 3802388
4095 2518 3802391
4080 2515 3802394
4081 2520 3802397
4080 2516 3802400
4080 2521 3802403
4081 2519 3802406
4079 2518 3802409
4080 2519 3802412
4081 2518 3802415
4081 2518 3802418
4083 2520 3802421
4083 2519 3802424
4080 2518 3802427
4081 2517 3802430
4081 2519 3802433
4082 2511 3802436
4082 2519 3802439
4086 2516 3802442
4079 2517 3802445
4082 2519 3802448
4081 2516 3802451
4081 2517 3802454
4081 2519 3802457
4078 2515 3802460
4078 2513 3802463
4082 2517 3802466
4079 2518 3802469
4081 2518 3802472
4072 2515 3802475
4080 2519 3802478
4076 2518 3802481
4081 2519 3802484
4084 2520 3802487
4082 2519 3802490
4080 2517 3802493
4082 2518 3802496
4081 2518 3802499
4080 2519 3802502
4081 2517 3802505
4081 2515 3802508
4079 2519 3802511
4080 2516 3802514
4081 2517 3802517
4082 2522 3802520
4085 2650 3802523
4081 2515 3802526
4080 2515 3802529
4081 2518 3802532
4084 2516 3802535
4080 2517 3802538
4082 2518 3802541
4080 2518 3802544
4080 2515 3802547
4080 2516 3802550
4083 2518 3802553
4082 2518 3802556
4080 2516 3802559
4082 2519 3802562
4083 2520 3802565
4078 2521 3802568
4079 2516 3802571
4084 2516 3802574
4081 2516 3802577
4079 2516 3802580
4081 2515 3802583
4080 2519 3802586
4080 2517 3802589
4077 2516 3802592
4083 2517 3802595
4082 2517 3802598
4080 2519 3802601
4080 2516 3802604
4079 2516 3802607
4081 2521 3802610
4035 2514 3802613
4081 2512 3802616
4082 2520 3802619
4084 2515 3802622
4077 2515 3802625
4082 2517 3802628
4083 2515 3802631
4081 2518 3802634
4081 2516 3802637
4081 2517 3802640
4082 2517 3802643
4079 2515 3802646
4081 2516 3802649
4081 2517 3802652
3986 2478 3802655
4081 2516 3802658
4082 2514 3802661
4080 2516 3802664
4082 2518 3802667
4079 2518 3802670
4081 2517 3802673
4082 2517 3802676
4081 2519 3802679
4082 2517 3802682
4081 2517 3802685
4083 2517 3802688
4079 2517 3802691
4080 2517 3802694
4082 2517 3802697
4079 2525 3802700
4080 2518 3802703
4085 2517 3802706
4079 2515 3802709
4078 2519 3802712
4080 2518 3802715
4081 2514 3802718
4081 2517 3802721
4079 2517 3802724
4079 2516 3802727
4082 2516 3802730
4080 2519 3802733
4077 2518 3802736
4083 2516 3802739
4080 2523 3802742
4028 2517 3802745
4081 2513 3802748
4083 2519 3802751
4081 2516 3802754
4077 2516 3802757
4083 2517 3802760
4081 2517 3802763
4080 2518 3802766
4083 2520 3802769
4083 2516 3802772
4080 2518 3802775
4080 2518 3802778
4081 2516 3802781
4082 2517 3802784
4081 2399 3802787
4080 2516 3802790
4080 2514 3802793
4080 2519 3802796
4080 2521 3802799
4084 2519 3802802
4082 2518 3802805
4082 2520 3802808
4081 2518 3802811
4080 2517 3802814
4081 2519 3802817
4081 2518 3802820
4082 2517 3802823
4080 2518 3802826
4080 2480 3802829
4080 2518 3802832
4081 2517 3802835
4080 2513 3802838
4078 2520 3802841
4082 2517 3802844
4079 2516 3802847
4082 2518 3802850
4082 2517 3802853
4078 2516 3802856
4079 2515 3802859
4080 2519 3802862
4083 2519 3802865
4080 2516 3802868
4081 2514 3802871
3794 2520 3802874
4080 2514 3802877
4082 2518 3802880
4079 2516 3802883
4079 2518 3802886
4079 2514 3802889
4080 2516 3802892
4082 2520 3802895
4082 2517 3802898
4080 2516 3802901
4080 2517 3802904
4080 2517 3802907
4082 2514 3802910
4080 2517 3802913
4082 2517 3802916
4080 2525 3802919
4080 2516 3802922
4084 2519 3802925
4081 2516 3802928
4083 2519 3802931
4082 2517 3802934
4083 2519 3802937
4083 2518 3802940
4082 2517 3802943
4079 2517 3802946
4084 2519 3802949
4083 2517 3802952
4080 2514 3802955
4080 2518 3802958
4082 2516 3802961
4091 2518 3802964
4081 2521 3802967
4086 2516 3802970
4079 2518 3802973
4080 2516 3802976
4081 2512 3802979
4080 2518 3802982
4082 2517 3802985
4078 2514 3802988
4082 2518 3802991
4082 2518 3802994
4083 2516 3802997
4079 2517 3803001
4082 2518 3803004
4087 2523 3803007
4081 2514 3803010
4083 2517 3803013
4079 2515 3803016
4080 2517 3803019
4081 2513 3803022
4080 2519 3803025
4082 2514 3803028
4082 2517 3803031
4083 2517 3803033
4080 2517 3803036
4079 2516 3803039
4080 2520 3803042
4080 2517 3803045
3631 2515 3803048
4082 2515 3803051
4080 2520 3803054
4079 2517 3803057
4082 2517 3803060
4083 2517 3803063
4082 2517 3803066
4081 2515 3803069
4079 2515 3803072
4080 2517 3803075
4080 2518 3803078
4080 2517 3803081
4082 2516 3803084
4084 2517 3803087
4083 2544 3803090
4095 2517 3803093
4082 2517 3803096
4079 2516 3803099
4079 2518 3803102
4082 2517 3803105
4081 2518 3803108
4080 2519 3803111
4077 2515 3803114
4081 2519 3803117
4081 2519 3803120
4080 2519 3803123
4081 2518 3803126
4085 2518 3803129
4079 2521 3803132
4074 2502 3803135
4078 2514 3803138
4078 2520 3803141
4084 2519 3803144
4078 2515 3803147
4084 2518 3803150
4079 2518 3803153
4079 2517 3803156
4080 2517 3803159
4081 2515 3803162
4081 2516 3803165
4081 2515 3803168
4080 2516 3803171
4083 2518 3803174
4003 2657 3803177
4080 2515 3803180
4081 2516 3803183
4080 2517 3803186
4083 2518 3803189
4082 2518 3803192
4083 2518 3803195
4082 2518 3803198
4079 2516 3803201
4079 2516 3803204
4080 2517 3803207
4081 2517 3803210
4077 2516 3803213
4080 2520 3803216
4083 2519 3803219
4094 2519 3803222
4081 2521 3803225
4084 2518 3803228
4078 2517 3803231
4079 2517 3803234
4080 2516 3803237
4079 2520 3803240
4082 2518 3803243
4078 2515 3803246
4078 2519 3803249
4083 2518 3803252
4081 2518 3803255
4081 2518 3803258
4080 2523 3803261
3970 2516 3803264
4080 2515 3803267
4077 2517 3803270
4084 2518 3803273
4080 2515 3803276
4078 2516 3803279
4082 2518 3803282
4083 2515 3803285
4081 2519 3803288
4081 2519 3803291
4083 2515 3803294
4080 2518 3803297
4081 2515 3803300
4080 2591 3803303
4082 2514 3803306
4081 2517 3803309
4078 2515 3803312
4080 2515 3803315
4081 2516 3803318
4081 2517 3803321
4080 2518 3803324
4082 2518 3803327
4080 2518 3803330
4079 2516 3803333
4084 2516 3803336
4080 2518 3803339
4081 2518 3803342
4080 2516 3803345
4089 2506 3803348
4085 2517 3803351
4083 2521 3803354
4084 2517 3803357
4077 2515 3803360
4080 2517 3803363
4081 2516 3803366
4082 2518 3803369
4083 2518 3803372
4081 2518 3803375
4079 2520 3803378
4079 2517 3803381
4083 2518 3803384
4081 2519 3803387
4095 2570 3803390
4084 2517 3803393
4080 2513 3803396
4077 2517 3803399
4081 2518 3803402
4081 2516 3803405
4081 2520 3803408
4079 2515 3803411
4080 2516 3803414
4082 2517 3803417
4081 2521 3803420
4080 2517 3803423
4083 2515 3803426
4080 2519 3803429
4079 2515 3803432
4091 2516 3803435
4082 2520 3803438
4080 2517 3803441
4078 2512 3803444
4082 2517 3803447
4082 2517 3803450
4082 2519 3803453
4084 2516 3803456
4079 2519 3803459
4079 2519 3803462
4080 2519 3803465
4081 2514 3803468
4079 2517 3803471
4079 2481 3803474
3915 2516 3803477
4080 2519 3803480
4081 2518 3803483
4081 2514 3803486
4082 2518 3803489
4081 2517 3803492
4083 2517 3803495
4079 2516 3803498
4081 2516 3803501
4080 2519 3803504
4080 2518 3803507
4081 2516 3803510
4082 2519 3803513
4083 2520 3803516
4088 2506 3803519
4081 2518 3803522
4079 2520 3803525
4081 2519 3803528
4081 2517 3803531
4082 2518 3803534
4083 2519 3803537
4083 2519 3803540
4080 2516 3803543
4080 2519 3803546
4081 2518 3803549
4081 2516 3803552
4080 2516 3803555
4081 2517 3803558
4095 2516 3803561
4080 2516 3803564
4078 2517 3803567
4077 2517 3803570
4082 2519 3803573
4081 2515 3803576
4081 2519 3803579
4081 2518 3803582
4082 2518 3803585
4081 2517 3803588
4080 2516 3803591
4080 2517 3803594
4079 2514 3803597
4078 2515 3803600
4080 2522 3803603
4095 2519 3803606
4080 2518 3803609
4077 2517 3803612
4083 2518 3803615
4081 2516 3803618
4081 2517 3803621
4082 2516 3803624
4083 2519 3803627
4079 2518 3803630
4082 2518 3803633
4081 2518 3803636
4082 2517 3803639
4080 2517 3803642
4081 2517 3803645
4077 2562 3803648
4084 2518 3803651
4076 2518 3803654
4085 2518 3803657
4079 2517 3803660
4078 2515 3803663
4080 2516 3803666
4083 2517 3803669
4084 2517 3803672
4078 2517 3803675
4082 2516 3803678
4083 2516 3803681
4080 2516 3803684
4081 2517 3803687
4082 2505 3803690
4084 2517 3803693
4079 2518 3803696
4084 2516 3803699
4082 2516 3803702
4082 2519 3803705
4079 2516 3803708
4081 2516 3803711
4082 2515 3803714
4079 2518 3803717
4082 2517 3803720
4083 2516 3803723
4080 2516 3803726
4078 2516 3803729
4080 2516 3803732
4087 2512 3803735
4080 2519 3803738
4082 2518 3803741
4079 2514 3803744
4080 2519 3803747
4082 2518 3803750
4082 2517 3803753
4082 2518 3803756
4080 2517 3803759
4080 2515 3803762
4081 2514 3803765
4081 2518 3803768
4081 2517 3803771
4080 2517 3803774
3932 2517 3803777
4079 2517 3803780
4084 2520 3803783
4080 2515 3803786
4082 2516 3803789
4084 2519 3803792
4080 2516 3803795
4080 2516 3803798
4081 2517 3803801
4077 2519 3803804
4078 2516 3803807
4081 2517 3803810
4084 2523 3803813
4083 2519 3803816
4078 2461 3803819
4095 2509 3803822
4068 2509 3803825
4068 2506 3803828
4073 2492 3803831
4089 2425 3803834
4095 2304 3803837
4095 2164 3803840
4095 2037 3803843
4095 1919 3803846
4095 1806 3803849
4095 1708 3803852
4095 1659 3803855
4095 1665 3803858
4095 1683 3803861
4095 1418 3803864
4095 1697 3803867
4095 1684 3803870
4095 1684 3803873
4095 1684 3803876
4095 1682 3803879
4095 1682 3803882
4095 1683 3803885
4095 1680 3803888
4095 1682 3803891
4095 1680 3803894
4095 1680 3803897
4095 1681 3803900
4095 1679 3803903
4095 1702 3803906
4095 1681 3803909
4095 1681 3803912
4095 1681 3803915
4095 1682 3803918
4095 1678 3803921
4095 1682 3803924
4095 1679 3803927
4095 1679 3803930
4095 1681 3803933
4095 1679 3803936
4095 1679 3803939
4095 1678 3803942
4095 1680 3803945
4095 1682 3803948
4095 1720 3803951
4095 1681 3803954
4095 1682 3803957
4095 1680 3803960
4095 1678 3803963
4095 1681 3803966
4095 1680 3803969
4095 1679 3803972
4095 1681 3803975
4095 1681 3803978
4095 1679 3803981
4095 1680 3803984
4095 1680 3803987
4095 1679 3803990
4095 1688 3803993
4095 1680 3803996
4095 1681 3804000
4095 1683 3804003
4095 1680 3804006
4095 1679 3804009
4095 1678 3804012
4095 1680 3804015
4095 1681 3804018
4095 1678 3804021
4095 1677 3804024
4095 1680 3804027
4095 1679 3804030
4095 1680 3804032
4095 1681 3804035
4095 1684 3804038
4095 1679 3804041
4095 1681 3804044
4095 1677 3804047
4095 1682 3804050
4095 1676 3804053
4095 1676 3804056
4095 1678 3804059
4095 1679 3804062
4095 1677 3804065
4095 1679 3804068
4095 1678 3804071
4095 1678 3804074
4095 1676 3804077
3967 1677 3804080
4095 1678 3804083
4095 1681 3804086
4095 1675 3804089
4095 1681 3804092
4095 1679 3804095
4095 1678 3804098
4095 1678 3804101
4095 1676 3804104
4095 1678 3804107
4095 1677 3804110
4095 1678 3804113
4095 1679 3804116
4095 1676 3804119
4095 1663 3804122
4095 1679 3804125
4095 1677 3804128
4095 1677 3804131
4095 1679 3804134
4095 1678 3804137
4095 1685 3804140
4095 1677 3804143
4095 1678 3804146
4095 1679 3804149
4095 1678 3804152
4095 1679 3804155
4095 1680 3804158
4095 1680 3804161
4095 1679 3804164
4095 1683 3804167
4095 1677 3804170
4095 1679 3804173
4095 1675 3804176
4095 1677 3804179
4095 1679 3804182
4095 1679 3804185
4095 1680 3804188
4095 1680 3804191
4095 1679 3804194
4095 1681 3804197
4095 1679 3804200
4095 1679 3804203
4095 1678 3804206
4095 1707 3804209
4095 1679 3804212
4095 1677 3804215
4095 1678 3804218
4095 1680 3804221
4095 1677 3804224
4095 1677 3804227
4095 1681 3804230
4095 1680 3804233
4095 1678 3804236
4095 1678 3804239
4095 1679 3804242
4095 1677 3804245
4095 1677 3804248
4095 1682 3804251
4078 1677 3804254
4095 1673 3804257
4095 1682 3804260
4095 1680 3804263
4095 1678 3804266
4095 1677 3804269
4095 1677 3804272
4095 1678 3804275
4095 1678 3804278
4095 1681 3804281
4095 1682 3804284
4095 1679 3804287
4095 1679 3804290
4095 1169 3804293
4095 1680 3804296
4095 1679 3804299
4095 1677 3804302
4095 1678 3804305
4095 1680 3804308
4095 1677 3804311
4095 1680 3804314
4095 1681 3804317
4095 1678 3804320
4095 1681 3804323
4095 1680 3804326
4095 1684 3804329
4095 1680 3804332
4095 1678 3804335
4095 1717 3804338
4095 1679 3804341
4095 1677 3804344
4095 1680 3804347
4095 1681 3804350
4095 1679 3804353
4095 1680 3804356
4095 1681 3804359
4095 1682 3804362
4095 1681 3804365
4095 1677 3804368
4095 1681 3804371
4095 1678 3804374
4095 1680 3804377
4095 1332 3804380
4095 1678 3804383
4095 1676 3804386
4095 1678 3804389
4095 1681 3804392
4095 1678 3804395
4095 1679 3804398
4095 1681 3804401
4095 1680 3804404
4095 1678 3804407
4095 1680 3804410
4095 1681 3804413
4095 1678 3804416
4095 1677 3804419
4095 1681 3804422
4095 1678 3804425
4095 1684 3804428
4095 1677 3804431
4095 1679 3804434
4095 1679 3804437
4095 1676 3804440
4095 1681 3804443
4095 1681 3804446
4095 1679 3804449
4095 1678 3804452
4095 1681 3804455
4095 1678 3804458
4095 1680 3804461
4095 1683 3804464
4095 1680 3804467
4095 1678 3804470
4095 1680 3804473
4095 1680 3804476
4095 1680 3804479
4095 1681 3804482
4095 1678 3804485
4095 1681 3804488
4095 1680 3804491
4095 1679 3804494
4095 1678 3804497
4095 1680 3804500
4095 1680 3804503
4095 1693 3804506
4095 1681 3804509
4095 1679 3804512
4095 1680 3804515
4095 1679 3804518
4095 1678 3804521
4095 1680 3804524
4095 1681 3804527
4095 1679 3804530
4095 1679 3804533
4095 1680 3804536
4095 1681 3804539
4095 1680 3804542
4095 1680 3804545
4095 1681 3804548
4095 1667 3804551
4095 1681 3804554
4095 1684 3804557
4095 1679 3804560
4095 1681 3804563
4095 1680 3804566
4095 1680 3804569
4095 1681 3804572
4095 1679 3804575
4095 1681 3804578
4095 1680 3804581
4095 1679 3804584
4095 1681 3804587
4095 1679 3804590
4095 1318 3804593
4095 1682 3804596
4095 1677 3804599
4095 1680 3804602
4095 1682 3804605
4095 1680 3804608
4095 1680 3804611
4095 1680 3804614
4095 1679 3804617
4095 1681 3804620
4095 1679 3804623
4095 1683 3804626
4095 1682 3804629
4095 1678 3804632
4095 1684 3804635
4095 1681 3804638
4095 1676 3804641
4095 1683 3804644
4095 1679 3804647
4095 1678 3804650
4095 1679 3804653
4095 1681 3804656
4095 1681 3804659
4095 1679 3804662
4095 1677 3804665
4095 1681 3804668
4095 1678 3804671
4095 1678 3804674
4095 1763 3804677
4095 1681 3804680
4095 1679 3804683
4095 1679 3804686
4095 1681 3804689
4095 1682 3804692
4095 1679 3804695
4095 1681 3804698
4095 1681 3804701
4095 1679 3804704
4095 1679 3804707
4095 1681 3804710
4095 1680 3804713
4095 1678 3804716
4095 1679 3804719
4095 1730 3804722
4095 1682 3804725
4095 1679 3804728
4095 1681 3804731
4095 1680 3804734
4095 1680 3804737
4095 1678 3804740
4095 1680 3804743
4095 1682 3804746
4095 1676 3804749
4095 1680 3804752
4095 1684 3804755
4095 1681 3804758
4095 1679 3804761
4095 1683 3804764
4095 1681 3804767
4095 1680 3804770
4095 1678 3804773
4095 1679 3804776
4095 1681 3804779
4095 1675 3804782
4095 1680 3804785
4095 1680 3804788
4095 1679 3804791
4095 1679 3804794
4095 1679 3804797
4095 1679 3804800
4095 1677 3804803
4095 1708 3804806
4067 1680 3804809
4095 1679 3804812
4095 1673 3804815
4095 1683 3804818
4095 1681 3804821
4095 1681 3804824
4095 1682 3804827
4095 1680 3804830
4095 1679 3804833
4095 1678 3804836
4095 1679 3804839
4095 1681 3804842
4095 1681 3804845
4095 1679 3804848
4095 1632 3804851
4095 1680 3804854
4095 1681 3804857
4095 1683 3804860
4095 1679 3804863
4095 1682 3804866
4095 1681 3804869
4095 1677 3804872
4095 1681 3804875
4095 1679 3804878
4095 1680 3804881
4095 1681 3804884
4095 1681 3804887
4095 1681 3804890
4095 1675 3804893
4095 1679 3804896
4095 1680 3804899
4095 1682 3804902
4095 1679 3804905
4095 1681 3804908
4095 1680 3804911
4095 1680 3804914
4095 1682 3804917
4095 1678 3804920
4095 1682 3804923
4095 1682 3804926
4095 1678 3804929
4095 1681 3804932
4095 1679 3804935
4095 1679 3804938
4095 1679 3804941
4095 1682 3804944
4095 1680 3804947
4095 1681 3804950
4095 1681 3804953
4095 1683 3804956
4095 1681 3804959
4095 1679 3804962
4095 1682 3804965
4095 1680 3804968
4095 1679 3804971
4095 1679 3804974
4095 1680 3804977
4095 1686 3804980
4095 1680 3804983
4095 1681 3804986
4095 1686 3804989
4095 1681 3804992
4095 1680 3804995
4095 1681 3804998
4095 1680 3805002
4095 1679 3805005
4095 1677 3805008
4095 1682 3805011
4095 1683 3805014
4095 1680 3805017
4095 1679 3805020
4095 1682 3805023
4095 1681 3805026
4095 1677 3805029
4095 1681 3805032
4095 1682 3805034
4095 1679 3805037
4095 1681 3805040
4095 1680 3805043
4095 1680 3805046
4095 1682 3805049
4095 1684 3805052
4095 1680 3805055
4095 1678 3805058
4095 1680 3805061
4095 1679 3805064
4095 1686 3805067
4095 1679 3805070
4095 1675 3805073
4095 1683 3805076
4095 1680 3805079
4095 1679 3805082
4095 1682 3805085
4095 1678 3805088
4095 1679 3805091
4095 1680 3805094
4095 1680 3805097
4095 1680 3805100
4095 1681 3805103
4095 1680 3805106
4095 1682 3805109
4095 1755 3805112
4095 1679 3805115
4095 1678 3805118
4095 1677 3805121
4095 1679 3805124
4095 1679 3805127
4095 1682 3805130
4095 1680 3805133
4095 1679 3805136
4095 1680 3805139
4095 1684 3805142
4095 1678 3805145
4095 1679 3805148
4095 1682 3805151
4095 1691 3805154
4095 1679 3805157
4095 1680 3805160
4095 1677 3805163
4095 1679 3805166
4095 1681 3805169
4095 1682 3805172
4095 1682 3805175
4095 1680 3805178
4095 1682 3805181
4095 1682 3805184
4095 1678 3805187
4095 1679 3805190
4095 1681 3805193
4095 1680 3805196
4095 1685 3805199
4095 1680 3805202
4095 1683 3805205
4095 1680 3805208
4095 1680 3805211
4095 1683 3805214
4095 1679 3805217
4095 1679 3805220
4095 1681 3805223
4095 1680 3805226
4095 1681 3805229
4095 1677 3805232
4095 1682 3805235
4095 1680 3805238
4095 1683 3805241
4095 1584 3805244
4095 1681 3805247
4095 1677 3805250
4095 1682 3805253
4095 1679 3805256
4095 1681 3805259
4095 1680 3805262
4095 1679 3805265
4095 1682 3805268
4095 1681 3805271
4095 1680 3805274
4095 1681 3805277
4095 1681 3805280
4095 1679 3805283
4095 1773 3805286
2779 1680 3805289
4095 1681 3805292
4095 1677 3805295
4095 1679 3805298
4095 1684 3805301
4095 1681 3805304
4095 1683 3805307
4095 1679 3805310
4095 1679 3805313
4095 1680 3805316
4095 1679 3805319
4095 1680 3805322
4095 1681 3805325
4095 1678 3805328
4095 1676 3805331
4095 1680 3805334
4095 1683 3805337
4095 1682 3805340
4095 1683 3805343
4095 1679 3805346
4095 1679 3805349
4095 1680 3805352
4095 1680 3805355
4095 1681 3805358
4095 1679 3805361
4095 1680 3805364
4095 1681 3805367
4095 1680 3805370
4095 1682 3805373
4095 1678 3805376
4095 1679 3805379
4095 1681 3805382
4095 1680 3805385
4095 1678 3805388
4095 1682 3805391
4095 1681 3805394
4095 1683 3805397
4095 1680 3805400
4095 1680 3805403
4095 1683 3805406
4095 1681 3805409
4095 1679 3805412
4095 1680 3805415
4095 1687 3805418
4095 1680 3805421
4095 1680 3805424
4095 1680 3805427
4095 1681 3805430
4095 1678 3805433
4095 1681 3805436
4095 1681 3805439
4095 1680 3805442
4095 1678 3805445
4095 1681 3805448
4095 1680 3805451
4095 1679 3805454
4095 1680 3805457
4095 1682 3805460
4095 1715 3805463
4095 1679 3805466
4095 1680 3805469
4095 1682 3805472
4095 1680 3805475
4095 1676 3805478
4095 1681 3805481
4095 1679 3805484
4095 1679 3805487
4095 1679 3805490
4095 1682 3805493
4095 1679 3805496
4095 1678 3805499
4095 1679 3805502
4095 1676 3805505
4095 1685 3805508
4095 1679 3805511
4095 1697 3805514
4095 1675 3805517
4095 1673 3805520
4095 1685 3805523
4095 1679 3805526
4095 1679 3805529
4095 1683 3805532
4095 1683 3805535
4095 1682 3805538
4095 1680 3805541
4095 1678 3805544
4095 1681 3805547
4095 1665 3805550
4095 1679 3805553
4095 1685 3805556
4095 1657 3805559
4095 1670 3805562
4095 1687 3805565
4095 1680 3805568
4095 1682 3805571
4095 1681 3805574
4095 1681 3805577
4095 1681 3805580
4095 1681 3805583
4095 1676 3805586
4095 1684 3805589
4095 1680 3805592
4095 1675 3805595
4095 1694 3805598
4095 1675 3805601
4095 1673 3805604
4095 1688 3805607
4095 1676 3805610
4095 1680 3805613
4095 1678 3805616
4095 1678 3805619
4095 1682 3805622
4095 1683 3805625
4095 1679 3805628
4095 1682 3805631
4095 1682 3805634
4095 1671 3805637
4095 1680 3805640
4095 1680 3805643
4095 1689 3805646
4095 1680 3805649
4095 1676 3805652
4095 1683 3805655
4095 1676 3805658
4095 1679 3805661
4095 1683 3805664
4095 1680 3805667
4095 1682 3805670
4095 1680 3805673
4095 1679 3805676
4095 1626 3805679
4095 1677 3805682
4095 1668 3805685
4095 1691 3805688
4095 1672 3805691
4095 1681 3805694
4095 1683 3805697
4095 1679 3805700
4095 1681 3805703
4095 1679 3805706
4095 1680 3805709
4095 1678 3805712
4095 1679 3805715
4095 1681 3805718
4095 1679 3805721
4095 1680 3805724
4095 1664 3805727
4095 1675 3805730
4095 1687 3805733
4095 1680 3805736
4095 1677 3805739
4095 1680 3805742
4095 1676 3805745
4095 1680 3805748
4095 1680 3805751
4095 1680 3805754
4095 1682 3805757
4095 1679 3805760
4095 1684 3805763
4095 1679 3805766
4095 1683 3805769
4095 1700 3805772
4095 1678 3805775
4095 1677 3805778
4095 1680 3805781
4095 1678 3805784
4095 1681 3805787
4095 1683 3805790
4095 1679 3805793
4095 1680 3805796
4095 1680 3805799
4095 1682 3805802
4095 1672 3805805
4095 1674 3805808
4095 1679 3805811
4095 1666 3805814
4095 1692 3805817
4095 1676 3805820
4095 1679 3805823
4095 1683 3805826
4095 1679 3805829
4095 1680 3805832
4095 1684 3805835
4095 1682 3805838
4095 1678 3805841
4095 1680 3805844
4095 1679 3805847
4095 1678 3805850
4095 1676 3805853
4095 1684 3805856
4095 1673 3805859
4095 1686 3805862
4095 1681 3805865
4095 1677 3805868
4095 1684 3805871
4095 1677 3805874
4095 1682 3805877
4095 1680 3805880
4095 1678 3805883
4095 1681 3805886
4095 1682 3805889
4095 1614 3805892
4095 1678 3805895
4095 1670 3805898
4095 1691 3805901
4095 1678 3805904
4095 1681 3805907
4095 1683 3805910
4095 1677 3805913
4095 1679 3805916
4095 1681 3805919
4095 1683 3805922
4095 1679 3805925
4095 1680 3805928
4095 1680 3805931
4095 1706 3805934
4095 1680 3805937
4095 1701 3805940
4095 1685 3805943
4095 1676 3805946
4095 1683 3805949
4095 1678 3805952
4095 1684 3805955
4095 1681 3805958
4095 1683 3805961
4095 1684 3805964
4095 1680 3805967
4095 1681 3805970
4095 1681 3805973
4095 1681 3805976
4095 1679 3805979
4095 1688 3805982
4095 1680 3805985
4095 1685 3805988
4095 1674 3805991
4095 1679 3805994
4095 1683 3805997
4095 1683 3806001
4095 1682 3806004
4095 1682 3806007
4095 1679 3806010
4095 1676 3806013
4095 1638 3806016
4095 1683 3806019
4095 1679 3806022
4095 1662 3806025
4095 1689 3806028
4095 1675 3806031
4095 1678 3806034
4095 1679 3806037
4095 1682 3806039
4095 1681 3806042
4095 1680 3806045
4095 1679 3806048
4095 1682 3806051
4095 1681 3806054
4095 1683 3806057
4095 1680 3806060
4095 1680 3806063
4095 1693 3806066
4095 1678 3806069
4095 1679 3806072
4095 1685 3806075
4095 1678 3806078
4095 1682 3806081
4095 1682 3806084
4095 1679 3806087
4095 1681 3806090
4095 1680 3806093
4095 1678 3806096
4095 1679 3806099
4095 1680 3806102
4095 1687 3806105
4095 1677 3806108
4095 1670 3806111
4095 1685 3806114
4095 1679 3806117
4095 1681 3806120
4095 1685 3806123
4095 1679 3806126
4095 1681 3806129
4095 1680 3806132
4095 1680 3806135
4095 1678 3806138
4095 1681 3806141
4095 1672 3806144
4095 1694 3806147
4095 1677 3806150
4095 1672 3806153
4095 1686 3806156
4095 1677 3806159
4095 1679 3806162
4095 1681 3806165
4095 1679 3806168
4095 1680 3806171
4095 1681 3806174
4095 1681 3806177
4095 1679 3806180
4095 1682 3806183
4095 1676 3806186
4095 1696 3806189
4095 1671 3806192
4095 1672 3806195
4095 1683 3806198
4095 1679 3806201
4095 1679 3806204
4095 1682 3806207
4095 1680 3806210
4095 1678 3806213
4095 1682 3806216
4095 1681 3806219
4095 1681 3806222
4095 1679 3806225
4095 1676 3806228
4095 1683 3806231
4095 1678 3806234
4095 1671 3806237
4095 1692 3806240
4095 1679 3806243
4095 1679 3806246
4095 1683 3806249
4095 1679 3806252
4095 1683 3806255
4095 1677 3806258
4095 1681 3806261
4095 1681 3806264
4095 1662 3806267
4095 1681 3806270
4095 1683 3806273
4095 1690 3806276
4095 1674 3806279
4095 1677 3806282
4095 1687 3806285
4095 1679 3806288
4095 1679 3806291
4095 1682 3806294
4095 1680 3806297
4095 1679 3806300
4095 1680 3806303
4095 1682 3806306
4095 1679 3806309
4095 1685 3806312
4095 1680 3806315
4095 1675 3806318
4095 1682 3806321
4095 1678 3806324
4095 1677 3806327
4095 1681 3806330
4095 1679 3806333
4095 1679 3806336
4095 1681 3806339
4095 1676 3806342
4095 1679 3806345
4095 1681 3806348
4095 1679 3806351
4095 1617 3806354
4095 1676 3806357
4095 1676 3806360
4095 1690 3806363
4095 1679 3806366
4095 1684 3806369
4095 1679 3806372
4095 1677 3806375
4095 1678 3806378
4095 1682 3806381
4095 1682 3806384
4095 1678 3806387
4095 1680 3806390
4095 1680 3806393
4095 1682 3806396
4095 1679 3806399
4095 1703 3806402
4095 1687 3806405
4095 1674 3806408
4095 1685 3806411
4095 1676 3806414
4095 1681 3806417
4095 1680 3806420
4095 1678 3806423
4095 1680 3806426
4095 1678 3806429
4095 1680 3806432
4095 1678 3806435
4095 1680 3806438
4095 1684 3806441
4095 1680 3806444
4095 1685 3806447
4095 1674 3806450
4095 1683 3806453
4095 1676 3806456
4095 1681 3806459
4095 1679 3806462
4095 1680 3806465
4095 1680 3806468
4095 1687 3806471
4095 1680 3806474
4095 1679 3806477
4095 1679 3806480
4095 1680 3806483
4095 1680 3806486
4095 1686 3806489
4095 1666 3806492
4095 1688 3806495
4095 1677 3806498
4095 1680 3806501
4095 1680 3806504
4095 1678 3806507
4095 1680 3806510
4095 1684 3806513
4095 1679 3806516
4095 1679 3806519
4095 1680 3806522
4095 1679 3806525
4095 1683 3806528
4095 1680 3806531
4095 1674 3806534
4095 1688 3806537
4095 1677 3806540
4095 1675 3806543
4095 1685 3806546
4095 1680 3806549
4095 1681 3806552
4095 1678 3806555
4095 1678 3806558
4095 1682 3806561
4095 1681 3806564
4095 1679 3806567
4095 1681 3806570
4095 1682 3806573
4095 1688 3806576
4095 1667 3806579
4095 1689 3806582
4095 1680 3806585
4095 1681 3806588
4095 1683 3806591
4095 1682 3806594
4095 1680 3806597
4095 1680 3806600
4095 1679 3806603
4095 1680 3806606
4095 1678 3806609
4095 1682 3806612
4095 1688 3806615
4095 1681 3806618
4095 1685 3806621
4095 1672 3806624
4095 1690 3806627
4095 1675 3806630
4095 1679 3806633
4095 1682 3806636
4095 1681 3806639
2929 3744 3792242
2928 3743 3792245
2930 3746 3792248
2929 3745 3792251
2929 3744 3792254
2929 3748 3792257
2930 3742 3792260
2928 3743 3792263
2927 3744 3792266
2927 3870 3792269
2927 3744 3792272
2930 3742 3792275
2926 3745 3792278
2930 3745 3792281
2927 3743 3792284
2927 3744 3792287
2927 3745 3792290
2926 3741 3792293
2927 3745 3792296
2927 3746 3792299
2930 3745 3792302
2925 3742 3792305
2927 3743 3792308
2914 3842 3792311
2931 3742 3792314
2924 3741 3792317
2927 3749 3792320
2930 3744 3792323
2926 3743 3792326
2927 3745 3792329
2927 3745 3792332
2928 3746 3792335
2926 3744 3792338
2928 3747 3792341
2928 3744 3792344
2930 3743 3792347
2927 3745 3792350
2923 3665 3792353
2930 3745 3792356
2928 3741 3792359
2928 3748 3792362
2927 3746 3792365
2930 3744 3792368
2927 3743 3792371
2928 3747 3792374
2927 3744 3792377
2931 3743 3792380
2928 3746 3792383
2929 3745 3792386
2930 3742 3792389
2928 3743 3792392
2930 3781 3792395
2927 3744 3792398
2927 3744 3792401
2928 3743 3792404
2929 3745 3792407
2927 3744 3792410
2929 3743 3792413
2927 3746 3792416
2930 3745 3792419
2928 3742 3792422
2927 3742 3792425
2930 3745 3792428
2926 3745 3792431
2929 3745 3792434
2927 3733 3792437
2930 3746 3792440
2928 3746 3792443
2931 3743 3792446
2927 3745 3792449
2926 3748 3792452
2927 3743 3792455
2927 3743 3792458
2927 3747 3792461
2929 3746 3792464
2929 3744 3792467
2924 3744 3792470
2927 3745 3792473
2927 4095 3792476
2926 3748 3792479
2928 3749 3792482
2933 3748 3792485
2928 3744 3792488
2929 3745 3792491
2928 3746 3792494
2929 3743 3792497
2929 3744 3792500
2926 3745 3792503
2929 3741 3792506
2928 3740 3792509
2928 3743 3792512
2931 3745 3792515
2923 3447 3792518
2928 3746 3792521
2927 3742 3792524
2932 3748 3792527
2928 3742 3792530
2930 3745 3792533
2927 3742 3792536
2930 3744 3792539
2926 3741 3792542
2928 3742 3792545
2929 3747 3792548
2928 3744 3792551
2928 3744 3792554
2928 3743 3792557
2928 3744 3792560
2927 3748 3792563
2928 3743 3792566
2928 3746 3792569
2931 3743 3792572
2927 3744 3792575
2929 3745 3792578
2928 3744 3792581
2928 3745 3792584
2927 3744 3792587
2927 3743 3792590
2928 3744 3792593
2927 3743 3792596
2928 3746 3792599
2929 3744 3792602
2937 3851 3792605
2926 3743 3792608
2928 3741 3792611
2928 3745 3792614
2930 3743 3792617
2929 3746 3792620
2925 3744 3792623
2929 3744 3792626
2929 3745 3792629
2927 3746 3792632
2927 3744 3792635
2931 3746 3792638
2929 3746 3792641
2928 3746 3792644
2928 3747 3792647
2885 3742 3792650
2928 3739 3792653
2927 3746 3792656
2929 3744 3792659
2926 3745 3792662
2930 3746 3792665
2928 3743 3792668
2928 3746 3792671
2927 3745 3792674
2929 3745 3792677
2928 3747 3792680
2927 3744 3792683
2928 3745 3792686
2928 3743 3792689
2925 3690 3792692
2925 3744 3792695
2931 3743 3792698
2928 3744 3792701
2931 3746 3792704
2925 3743 3792707
2929 3744 3792710
2927 3745 3792713
2926 3743 3792716
2928 3745 3792719
2926 3745 3792722
2926 3744 3792725
2930 3745 3792728
2929 3743 3792731
2926 3743 3792734
2930 3742 3792737
2928 3743 3792740
2932 3744 3792743
2927 3743 3792746
2927 3745 3792749
2930 3744 3792752
2927 3743 3792755
2927 3745 3792758
2928 3746 3792761
2929 3743 3792764
2926 3743 3792767
2929 3745 3792770
2927 3743 3792773
2929 3744 3792776
2927 3747 3792779
2930 3749 3792782
2929 3745 3792785
2930 3740 3792788
2923 3745 3792791
2929 3745 3792794
2929 3743 3792797
2926 3745 3792800
2931 3744 3792803
2926 3743 3792806
2929 3743 3792809
2928 3749 3792812
2928 3745 3792815
2929 3744 3792818
2925 3741 3792821
2927 3745 3792824
2926 3734 3792827
2931 3744 3792830
2931 3743 3792833
2926 3744 3792836
2928 3743 3792839
2927 3742 3792842
2929 3746 3792845
2928 3743 3792848
2928 3743 3792851
2926 3743 3792854
2927 3745 3792857
2930 3743 3792860
2930 3743 3792863
2922 3746 3792866
2930 3744 3792869
2884 3823 3792872
2927 3743 3792875
2927 3741 3792878
2929 3745 3792881
2930 3744 3792884
2927 3743 3792887
2930 3746 3792890
2930 3743 3792893
2930 3744 3792896
2928 3741 3792899
2929 3745 3792902
2928 3742 3792905
2927 3745 3792908
2928 3745 3792911
2929 3744 3792914
2929 3725 3792917
2968 3742 3792920
2928 3742 3792923
2928 3745 3792926
2930 3743 3792929
2925 3743 3792932
2929 3744 3792935
2929 3743 3792938
2928 3745 3792941
2927 3744 3792944
2928 3743 3792947
2928 3745 3792950
2927 3743 3792953
2928 3745 3792956
2928 3746 3792959
2928 3745 3792962
2930 3619 3792965
2925 3742 3792968
2922 3741 3792971
2928 3746 3792974
2929 3745 3792977
2926 3742 3792980
2928 3744 3792983
2926 3742 3792986
2929 3743 3792989
2929 3742 3792992
2929 3746 3792995
2925 3743 3792998
2929 3744 3793002
2928 3745 3793005
2927 3744 3793008
2927 4095 3793011
2928 3746 3793014
2927 3744 3793017
2925 3744 3793020
2930 3741 3793023
2931 3746 3793026
2926 3743 3793029
2929 3743 3793032
2929 3744 3793035
2927 3743 3793038
2927 3744 3793041
2930 3745 3793044
2927 3743 3793047
2928 3747 3793050
2930 3746 3793053
2927 3743 3793055
2927 3738 3793058
2967 3746 3793061
2928 3741 3793064
2929 3748 3793067
2926 3743 3793070
2928 3748 3793073
2930 3744 3793076
2927 3743 3793079
2927 3744 3793082
2929 3745 3793085
2926 3746 3793088
2931 3744 3793091
2927 3744 3793094
2928 3745 3793097
2928 3746 3793100
2928 3742 3793103
2927 3745 3793106
2925 3744 3793109
2926 3744 3793112
2926 3744 3793115
2929 3742 3793118
2927 3745 3793121
2929 3745 3793124
2928 3744 3793127
2925 3742 3793130
2930 3744 3793133
2927 3744 3793136
2927 3742 3793139
2928 3746 3793142
2927 3744 3793145
2928 3744 3793148
2925 3742 3793151
2916 3757 3793154
2928 3744 3793157
2926 3747 3793160
2928 3743 3793163
2927 3745 3793166
2926 3745 3793169
2933 3742 3793172
2927 3744 3793175
2928 3746 3793178
2928 3745 3793181
2929 3742 3793184
2928 3748 3793187
2930 3747 3793190
2933 3742 3793193
2928 3743 3793196
2928 3744 3793199
2924 3738 3793202
2929 3740 3793205
2930 3744 3793208
2925 3743 3793211
2929 3744 3793214
2928 3743 3793217
2927 3746 3793220
2929 3744 3793223
2929 3743 3793226
2925 3743 3793229
2928 3743 3793232
2929 3742 3793235
2927 3742 3793238
2927 3744 3793241
2931 3743 3793244
2929 3714 3793247
2891 3743 3793250
2930 3741 3793253
2929 3745 3793256
2931 3742 3793259
2924 3743 3793262
2930 3744 3793265
2928 3743 3793268
2928 3742 3793271
2927 3745 3793274
2929 3744 3793277
2929 3744 3793280
2929 3743 3793283
2931 3744 3793286
2927 3744 3793289
2929 3744 3793292
2856 4095 3793295
2928 3747 3793298
2928 3739 3793301
2926 3745 3793304
2929 3746 3793307
2928 3741 3793310
2928 3745 3793313
2928 3744 3793316
2927 3744 3793319
2928 3743 3793322
2930 3745 3793325
2926 3744 3793328
2929 3745 3793331
2926 3741 3793334
2927 3743 3793337
2928 3098 3793340
2930 3746 3793343
2930 3744 3793346
2928 3740 3793349
2927 3746 3793352
2929 3743 3793355
2928 3743 3793358
2927 3743 3793361
2930 3746 3793364
2926 3742 3793367
2926 3743 3793370
2927 3746 3793373
2927 3742 3793376
2928 3745 3793379
2927 3743 3793382
2928 3745 3793385
2759 3744 3793388
2931 3744 3793391
2927 3741 3793394
2926 3744 3793397
2928 3744 3793400
2928 3744 3793403
2927 3746 3793406
2929 3746 3793409
2929 3746 3793412
2928 3746 3793415
2929 3746 3793418
2926 3745 3793421
2926 3746 3793424
2927 3742 3793427
2930 3746 3793430
2926 3737 3793433
2906 3744 3793436
2928 3746 3793439
2930 3749 3793442
2929 3746 3793445
2928 3745 3793448
2929 3746 3793451
2926 3744 3793454
2928 3745 3793457
2927 3743 3793460
2928 3746 3793463
2926 3741 3793466
2929 3744 3793469
2929 3745 3793472
2929 3745 3793475
2930 3751 3793478
2829 3741 3793481
2927 3744 3793484
2924 3746 3793487
2929 3747 3793490
2926 3742 3793493
2928 3743 3793496
2924 3744 3793499
2929 3743 3793502
2926 3744 3793505
2929 3741 3793508
2929 3745 3793511
2929 3743 3793514
2927 3745 3793517
2932 3744 3793520
2928 3744 3793523
3043 3742 3793526
2929 3743 3793529
2923 3745 3793532
2930 3745 3793535
2929 3744 3793538
2929 3744 3793541
2931 3745 3793544
2928 3741 3793547
2928 3745 3793550
2928 3744 3793553
2928 3743 3793556
2928 3740 3793559
2930 3747 3793562
2927 3745 3793565
2930 3751 3793568
2931 3747 3793571
2928 3743 3793574
2930 3746 3793577
2929 3741 3793580
2928 3743 3793583
2928 3744 3793586
2930 3743 3793589
2928 3742 3793592
2928 3748 3793595
2929 3741 3793598
2930 3741 3793601
2929 3747 3793604
2930 3745 3793607
2929 3744 3793610
2928 3742 3793613
2924 3745 3793616
2930 3746 3793619
2929 3742 3793622
2923 3744 3793625
2929 3746 3793628
2928 3743 3793631
2927 3743 3793634
2929 3746 3793637
2928 3744 3793640
2928 3743 3793643
2925 3743 3793646
2928 3745 3793649
2929 3744 3793652
2930 3743 3793655
2930 3730 3793658
2930 3745 3793661
2927 3744 3793664
2931 3742 3793667
2927 3746 3793670
2927 3746 3793673
2927 3744 3793676
2928 3744 3793679
2929 3747 3793682
2928 3744 3793685
2928 3743 3793688
2926 3745 3793691
2930 3745 3793694
2926 3742 3793697
2930 3739 3793700
3073 3747 3793703
2930 3744 3793706
2925 3743 3793709
2932 3744 3793712
2926 3744 3793715
2928 3744 3793718
2929 3743 3793721
2925 3746 3793724
2931 3746 3793727
2930 3744 3793730
2931 3744 3793733
2928 3746 3793736
2928 3747 3793739
2928 3745 3793742
2948 3838 3793745
2925 3745 3793748
2929 3740 3793751
2927 3746 3793754
2929 3743 3793757
2928 3745 3793760
2929 3745 3793763
2928 3745 3793766
2929 3746 3793769
2928 3745 3793772
2930 3744 3793775
2928 3744 3793778
2929 3744 3793781
2928 3744 3793784
2926 3751 3793787
2797 3742 3793790
2929 3744 3793793
2924 3742 3793796
2930 3746 3793799
2927 3745 3793802
2929 3744 3793805
2929 3746 3793808
2928 3744 3793811
2927 3745 3793814
2928 3742 3793817
2930 3746 3793820
2926 3743 3793823
2931 3744 3793826
2929 3743 3793829
2948 3766 3793832
2929 3743 3793835
2929 3744 3793838
2929 3750 3793841
2928 3740 3793844
2920 3733 3793847
2926 3727 3793850
2926 3727 3793853
2926 3731 3793856
2944 3719 3793859
3007 3677 3793862
3120 3615 3793865
3240 3544 3793868
3353 3471 3793871
3455 3399 3793874
3515 3316 3793877
3620 3253 3793880
3660 3242 3793883
3668 3253 3793886
3648 3262 3793889
3646 3269 3793892
3645 3265 3793895
3649 3263 3793898
3649 3264 3793901
3651 3260 3793904
3653 3262 3793907
3653 3259 3793910
3654 3258 3793913
3652 3259 3793916
3660 3211 3793919
3652 3256 3793922
3652 3260 3793925
3655 3259 3793928
3653 3256 3793931
3655 3259 3793934
3655 3258 3793937
3654 3258 3793940
3654 3257 3793943
3655 3256 3793946
3653 3261 3793949
3652 3257 3793952
3653 3255 3793955
3654 3258 3793958
3651 3264 3793961
3641 3256 3793964
3654 3257 3793967
3653 3260 3793970
3656 3256 3793973
3652 3256 3793976
3653 3258 3793979
3652 3257 3793982
3653 3256 3793985
3651 3256 3793988
3654 3258 3793991
3652 3257 3793994
3651 3256 3793997
3652 3258 3794001
3653 3258 3794004
3654 3280 3794007
3654 3258 3794010
3652 3259 3794013
3656 3257 3794016
3650 3256 3794019
3654 3258 3794022
3655 3256 3794025
3650 3256 3794028
3654 3256 3794031
3653 3257 3794034
3652 3258 3794037
3652 3255 3794040
3654 3255 3794043
3651 3259 3794046
3655 3252 3794049
3651 3259 3794052
3654 3255 3794054
3652 3261 3794057
3653 3256 3794060
3649 3253 3794063
3653 3257 3794066
3648 3254 3794069
3650 3254 3794072
3649 3252 3794075
3649 3252 3794078
3648 3249 3794081
3647 3246 3794084
3647 3251 3794087
3650 3245 3794090
3622 3289 3794093
3645 3242 3794096
3640 3244 3794099
3645 3245 3794102
3645 3241 3794105
3642 3243 3794108
3645 3244 3794111
3645 3242 3794114
3644 3240 3794117
3643 3245 3794120
3646 3241 3794123
3644 3241 3794126
3640 3241 3794129
3642 3243 3794132
3643 3305 3794135
3963 3243 3794138
3643 3245 3794141
3640 3239 3794144
3645 3242 3794147
3643 3240 3794150
3641 3243 3794153
3643 3241 3794156
3644 3241 3794159
3642 3241 3794162
3641 3243 3794165
3644 3242 3794168
3642 3241 3794171
3646 3244 3794174
3644 3242 3794177
3204 3241 3794180
3643 3247 3794183
3645 3248 3794186
3643 3241 3794189
3645 3247 3794192
3647 3241 3794195
3645 3243 3794198
3644 3241 3794201
3645 3242 3794204
3645 3246 3794207
3647 3242 3794210
3645 3244 3794213
3646 3245 3794216
3644 3245 3794219
3646 3245 3794222
3640 3289 3794225
3644 3244 3794228
3645 3249 3794231
3653 3256 3798639
3652 3256 3798642
3653 3256 3798645
3653 3253 3798648
3652 3259 3798651
3652 3257 3798654
3651 3240 3798657
3604 3258 3798660
3652 3253 3798663
3665 3261 3798666
3644 3252 3798668
3651 3258 3798671
3653 3252 3798674
3649 3258 3798677
3653 3257 3798680
3650 3256 3798683
3650 3256 3798686
3654 3256 3798689
3651 3257 3798692
3650 3254 3798695
3653 3256 3798698
3643 3256 3798701
3651 3256 3798704
3652 3261 3798707
3657 3265 3798710
3653 3252 3798713
3649 3259 3798716
3656 3258 3798719
3650 3255 3798722
3653 3260 3798725
3651 3254 3798728
3652 3257 3798731
3651 3260 3798734
3652 3256 3798737
3654 3256 3798740
3650 3256 3798743
3659 3260 3798746
3651 3257 3798749
3645 3240 3798752
3655 3257 3798755
3660 3258 3798758
3646 3254 3798761
3654 3261 3798764
3653 3259 3798767
3652 3259 3798770
3654 3258 3798773
3652 3257 3798776
3652 3257 3798779
3649 3256 3798782
3649 3256 3798785
3650 3242 3798788
3647 3256 3798791
3651 3266 3798794
3668 3246 3798797
3641 3271 3798800
3651 3259 3798803
3651 3253 3798806
3650 3259 3798809
3653 3259 3798812
3651 3257 3798815
3652 3258 3798818
3649 3256 3798821
3652 3256 3798824
3652 3259 3798827
3656 3261 3798830
3614 3358 3798833
3647 3246 3798836
3644 3233 3798839
3642 3251 3798842
3640 3234 3798845
3668 3205 3798848
3725 3117 3798851
3797 3003 3798854
3879 2891 3798857
3943 2780 3798860
3997 2676 3798863
4040 2573 3798866
4074 2509 3798869
4087 2499 3798872
4084 2520 3798875
4076 2529 3798878
4078 2528 3798881
4050 2539 3798884
4072 2526 3798887
4084 2514 3798890
4078 2523 3798893
4084 2521 3798896
4082 2518 3798899
4082 2520 3798902
4086 2519 3798905
4081 2517 3798908
4082 2518 3798911
4081 2519 3798914
4081 2519 3798917
4080 2527 3798920
4090 2519 3798923
4082 2536 3798926
4072 2502 3798929
4087 2516 3798932
4087 2517 3798935
4078 2518 3798938
4083 2518 3798941
4082 2517 3798944
4079 2518 3798947
4082 2514 3798950
4078 2516 3798953
4084 2521 3798956
4083 2518 3798959
4084 2519 3798962
4070 2518 3798965
4082 2519 3798968
4079 2534 3798971
4079 2505 3798974
4095 2515 3798977
4085 2521 3798980
4079 2516 3798983
4080 2516 3798986
4085 2518 3798989
4082 2518 3798992
4084 2517 3798995
4082 2518 3798998
4084 2517 3799002
4081 2518 3799005
4083 2517 3799008
4088 2524 3799011
4084 2519 3799014
4095 2514 3799017
4069 2525 3799020
4081 2521 3799023
4085 2515 3799026
4080 2519 3799029
4084 2516 3799032
4081 2517 3799035
4083 2518 3799038
4083 2515 3799041
4082 2517 3799044
4079 2516 3799047
4083 2515 3799050
4080 2825 3799052
4079 2515 3799055
4082 2514 3799058
4054 2549 3799061
4074 2512 3799064
4079 2510 3799067
4070 2512 3799070
4075 2512 3799073
4070 2512 3799076
4074 2510 3799079
4074 2509 3799082
4072 2510 3799085
4072 2509 3799088
4072 2507 3799091
4069 2506 3799094
4070 2489 3799097
4089 2506 3799100
4070 2509 3799103
4045 2518 3799106
4071 2503 3799109
4074 2507 3799112
4070 2509 3799115
4065 2506 3799118
4068 2511 3799121
4066 2506 3799124
4070 2511 3799127
4070 2510 3799130
4067 2508 3799133
4069 2506 3799136
4068 2506 3799139
4035 2506 3799142
4060 2514 3799145
4067 2484 3799148
4055 2522 3799151
4071 2517 3799154
4067 2502 3799157
4069 2510 3799160
4064 2509 3799163
4066 2507 3799166
4069 2509 3799169
4067 2503 3799172
4070 2510 3799175
4069 2507 3799178
4072 2510 3799181
4068 2507 3799184
4079 2511 3799187
4064 2508 3799190
4090 2495 3799193
4048 2507 3799196
4079 2521 3799199
4072 2503 3799202
4065 2513 3799205
4074 2509 3799208
4070 2508 3799211
4075 2513 3799214
4069 2510 3799217
4072 2511 3799220
4072 2510 3799223
4072 2510 3799226
4071 2526 3799229
4080 2506 3799232
4074 2536 3799235
4061 2481 3799238
4064 2521 3799241
4084 2513 3799244
4070 2509 3799247
4072 2512 3799250
4072 2512 3799253
4073 2509 3799256
4075 2511 3799259
4073 2511 3799262
4076 2513 3799265
4075 2514 3799268
4075 2516 3799271
4072 2488 3799274
4084 2511 3799277
4060 2477 3799280
4066 2525 3799283
4088 2514 3799286
4066 2508 3799289
4076 2520 3799292
4076 2511 3799295
4074 2511 3799298
4075 2515 3799301
4075 2509 3799304
4075 2514 3799307
4076 2517 3799310
4074 2511 3799313
4069 2544 3799316
4088 2513 3799319
4072 2479 3799322
4090 2539 3799325
4083 2504 3799328
4067 2513 3799331
4081 2519 3799334
4076 2511 3799337
4075 2515 3799340
4077 2514 3799343
4077 2512 3799346
4074 2512 3799349
4078 2513 3799352
4074 2513 3799355
4078 2512 3799358
4095 2502 3799361
4078 2533 3799364
4095 2499 3799367
4054 2506 3799370
4085 2525 3799373
4079 2512 3799376
4075 2518 3799379
4077 2514 3799382
4077 2513 3799385
4076 2515 3799388
4076 2511 3799391
4076 2515 3799394
4076 2514 3799397
4077 2550 3799400
4071 2516 3799403
4084 2513 3799406
4039 2498 3799409
4095 2532 3799412
4072 2503 3799415
4070 2517 3799418
4081 2515 3799421
4075 2512 3799424
4079 2516 3799427
4078 2516 3799430
4078 2514 3799433
4077 2513 3799436
4078 2518 3799439
4077 2516 3799442
4090 2540 3799445
4067 2517 3799448
4095 2542 3799451
4057 2495 3799454
4077 2523 3799457
4086 2517 3799460
4074 2514 3799463
4080 2519 3799466
4076 2514 3799469
4077 2517 3799472
4079 2516 3799475
4079 2513 3799478
4076 2516 3799481
4080 2517 3799484
4023 2365 3799487
4089 2506 3799490
4079 2499 3799493
4095 2538 3799496
4080 2513 3799499
4073 2519 3799502
4085 2519 3799505
4076 2516 3799508
4080 2518 3799511
4078 2513 3799514
4076 2516 3799517
4083 2514 3799520
4077 2515 3799523
4077 2518 3799526
4082 2517 3799529
4057 2522 3799532
4078 2521 3799535
4051 2495 3799538
4085 2529 3799541
4084 2512 3799544
4073 2514 3799547
4083 2520 3799550
4078 2513 3799553
4082 2519 3799556
4082 2516 3799559
4080 2513 3799562
4081 2519 3799565
4080 2517 3799568
4080 2496 3799571
4095 2509 3799574
4080 2520 3799577
4095 2546 3799580
4080 2500 3799583
4070 2517 3799586
4087 2520 3799589
4077 2514 3799592
4085 2516 3799595
4081 2518 3799598
4081 2519 3799601
4080 2516 3799604
4080 2516 3799607
4078 2517 3799610
4078 2883 3799613
4076 2495 3799616
4090 2512 3799619
4062 2480 3799622
4077 2531 3799625
4095 2517 3799628
4073 2514 3799631
4081 2520 3799634
4081 2513 3799637
4077 2517 3799640
4083 2517 3799643
4077 2516 3799646
4080 2516 3799649
4079 2514 3799652
4080 2517 3799655
4059 2569 3799658
4074 2516 3799661
4084 2550 3799664
4095 2512 3799667
4065 2506 3799670
4083 2525 3799673
4084 2516 3799676
4076 2515 3799679
4082 2518 3799682
4078 2516 3799685
4082 2519 3799688
4080 2516 3799691
4080 2519 3799694
4080 2517 3799697
4076 2523 3799700
4066 2519 3799703
4080 2529 3799706
4053 2491 3799709
4082 2529 3799712
4088 2514 3799715
4074 2518 3799718
4086 2518 3799721
4080 2516 3799724
4079 2518 3799727
4081 2518 3799730
4079 2514 3799733
4077 2517 3799736
4080 2518 3799739
4082 2459 3799742
4062 2524 3799745
4081 2513 3799748
4040 2521 3799751
4095 2528 3799754
4076 2507 3799757
4078 2521 3799760
4086 2519 3799763
4078 2515 3799766
4081 2518 3799769
4080 2517 3799772
4079 2518 3799775
4079 2514 3799778
4080 2517 3799781
4081 2518 3799784
4052 2598 3799787
4084 2513 3799790
4083 2534 3799793
4095 2525 3799796
4068 2503 3799799
4080 2525 3799802
4084 2517 3799805
4080 2516 3799808
4079 2518 3799811
4081 2519 3799814
4079 2519 3799817
4081 2516 3799820
4081 2517 3799823
4081 2509 3799826
4082 2480 3799829
4095 2519 3799832
4077 2523 3799835
4094 2549 3799838
4090 2504 3799841
4066 2515 3799844
4085 2522 3799847
4079 2512 3799850
4081 2517 3799853
4082 2523 3799856
4083 2518 3799859
4083 2517 3799862
4082 2516 3799865
4079 2518 3799868
4083 2516 3799871
4072 2426 3799874
4092 2513 3799877
4083 2496 3799880
4095 2540 3799883
4083 2503 3799886
4074 2522 3799889
4088 2520 3799892
4081 2514 3799895
4080 2518 3799898
4081 2518 3799901
4079 2518 3799904
4082 2516 3799907
4080 2515 3799910
4081 2518 3799913
4079 2598 3799916
4070 2510 3799919
4089 2515 3799922
4038 2509 3799925
4095 2533 3799928
4081 2506 3799931
4074 2520 3799934
4085 2517 3799937
4079 2514 3799940
4080 2517 3799943
4081 2517 3799946
4080 2515 3799949
4083 2517 3799952
4079 2517 3799955
4082 2517 3799958
4083 2536 3799961
