1271 1274 4520157
1271 1271 4520160
1270 1272 4520163
1272 1274 4520166
1270 1270 4520169
1272 1270 4520172
1271 1271 4520175
1271 1272 4520178
1269 1272 4520181
1272 1272 4520184
1272 1274 4520187
1271 1272 4520190
1271 1271 4520193
1270 1273 4520196
1271 1274 4520199
1270 1271 4520202
1271 1271 4520205
1272 1272 4520208
1271 1272 4520211
1270 1272 4520214
1272 1274 4520217
1272 1272 4520220
1270 1272 4520223
1270 1272 4520226
1270 1272 4520229
1270 1273 4520232
1270 1271 4520235
1270 1272 4520238
1271 1272 4520241
1272 1271 4520244
1270 1274 4520247
1271 1273 4520250
1271 1271 4520253
1270 1273 4520256
1270 1273 4520259
1269 1272 4520262
1271 1272 4520265
1270 1272 4520268
1271 1271 4520271
1272 1271 4520274
1271 1273 4520277
1269 1272 4520280
1272 1272 4520283
1271 1273 4520286
1270 1272 4520289
1270 1272 4520292
1270 1272 4520295
1272 1273 4520298
1270 1272 4520301
1271 1270 4520304
1271 1273 4520307
1271 1272 4520310
1270 1272 4520313
1272 1273 4520316
1272 1273 4520319
1270 1273 4520322
1271 1272 4520325
1271 1272 4520328
1272 1273 4520331
1270 1272 4520334
1270 1273 4520337
1272 1271 4520340
1271 1271 4520343
1270 1273 4520346
1272 1273 4520349
1272 1272 4520352
1271 1272 4520355
1271 1272 4520358
1270 1273 4520361
1272 1273 4520364
1270 1273 4520367
1270 1271 4520370
1272 1271 4520373
1271 1272 4520376
1270 1273 4520379
1272 1273 4520382
1272 1273 4520385
1271 1273 4520388
1270 1272 4520391
1271 1272 4520394
1272 1274 4520397
1270 1271 4520400
1271 1270 4520403
1272 1272 4520406
1271 1272 4520409
1270 1272 4520412
1272 1272 4520415
1272 1273 4520418
1271 1273 4520421
1271 1271 4520424
1271 1273 4520427
1272 1273 4520430
1270 1271 4520433
1270 1271 4520436
1272 1272 4520439
1271 1272 4520442
1270 1271 4520445
1273 1272 4520448
1272 1274 4520451
1270 1272 4520454
1271 1272 4520457
1271 1273 4520460
1271 1272 4520463
1271 1272 4520466
1270 1271 4520469
1270 1272 4520472
1271 1272 4520475
1269 1273 4520478
1272 1273 4520481
1271 1272 4520484
1271 1273 4520487
1270 1272 4520490
1270 1271 4520493
1271 1273 4520496
1270 1272 4520499
1269 1271 4520502
1271 1272 4520505
1270 1270 4520508
1270 1273 4520511
1272 1273 4520514
1272 1274 4520517
1271 1273 4520520
1271 1271 4520523
1271 1273 4520526
1272 1274 4520529
1272 1271 4520532
1271 1270 4520535
1272 1272 4520538
1272 1273 4520541
1270 1273 4520544
1272 1273 4520547
1272 1274 4520550
1270 1272 4520553
1270 1272 4520556
1270 1273 4520559
1269 1274 4520562
1269 1272 4520565
1271 1272 4520568
1271 1272 4520571
1272 1271 4520574
1270 1273 4520577
1272 1274 4520580
1272 1273 4520583
1271 1274 4520586
1270 1273 4520589
1272 1271 4520592
1271 1272 4520595
1270 1272 4520598
1270 1271 4520601
1272 1271 4520604
1272 1272 4520607
1270 1273 4520610
1272 1272 4520613
1272 1272 4520616
1270 1273 4520619
1270 1272 4520622
1270 1272 4520625
1272 1273 4520628
1270 1272 4520631
1270 1271 4520634
1271 1272 4520637
1271 1273 4520640
1270 1272 4520643
1272 1272 4520646
1272 1274 4520649
1271 1273 4520652
1271 1272 4520655
1271 1273 4520658
1272 1274 4520661
1270 1272 4520664
1271 1270 4520667
1272 1273 4520670
1272 1271 4520673
1270 1272 4520676
1271 1273 4520679
1272 1273 4520682
1271 1272 4520685
1271 1272 4520688
1271 1273 4520691
1272 1273 4520694
1270 1272 4520697
1270 1272 4520700
1271 1272 4520703
1271 1271 4520706
1270 1273 4520709
1272 1274 4520712
1272 1273 4520715
1270 1273 4520718
1271 1273 4520721
1270 1273 4520724
1271 1274 4520727
1270 1273 4520730
1271 1271 4520733
1272 1272 4520736
1271 1272 4520739
1269 1273 4520742
1271 1273 4520745
1272 1273 4520748
1271 1273 4520751
1271 1272 4520754
1271 1272 4520757
1272 1275 4520760
1270 1272 4520763
1271 1270 4520766
1272 1272 4520769
1271 1274 4520772
1269 1273 4520775
1272 1273 4520778
1272 1273 4520781
1271 1273 4520784
1271 1271 4520787
1271 1274 4520790
1272 1273 4520793
1270 1271 4520796
1270 1271 4520799
1271 1270 4520802
1272 1272 4520805
1271 1272 4520808
1272 1273 4520811
1272 1274 4520814
1271 1272 4520817
1271 1274 4520820
1271 1273 4520823
1272 1272 4520826
1270 1272 4520829
1270 1270 4520832
1271 1272 4520835
1272 1272 4520838
1270 1274 4520841
1272 1273 4520844
1272 1272 4520847
1270 1273 4520850
1271 1272 4520853
1271 1272 4520856
1271 1274 4520859
1270 1272 4520862
1270 1270 4520865
1272 1271 4520868
1272 1272 4520871
1270 1273 4520874
1272 1272 4520877
1272 1274 4520880
1270 1273 4520883
1271 1271 4520886
1271 1273 4520889
1272 1273 4520892
1269 1272 4520895
1270 1270 4520898
1272 1272 4520901
1271 1273 4520904
1270 1273 4520907
1272 1274 4520910
1271 1273 4520913
1271 1272 4520916
1271 1272 4520919
1271 1272 4520922
1272 1273 4520925
1271 1271 4520928
1270 1272 4520931
1271 1273 4520934
1272 1272 4520937
1270 1274 4520940
1272 1273 4520943
1273 1272 4520946
1271 1273 4520949
1271 1272 4520952
1271 1272 4520955
1272 1272 4520958
1271 1273 4520961
1270 1271 4520964
1272 1271 4520967
1272 1273 4520970
1270 1273 4520973
1272 1272 4520976
1272 1273 4520979
1271 1273 4520982
1271 1272 4520985
1271 1272 4520988
1271 1272 4520991
1271 1272 4520994
1270 1270 4520997
1273 1272 4521001
1272 1273 4521004
1272 1271 4521007
1272 1272 4521010
1271 1272 4521013
1269 1273 4521016
1270 1272 4521019
1270 1273 4521022
1272 1273 4521025
1272 1272 4521028
1272 1272 4521031
1272 1272 4521033
1272 1272 4521036
1270 1272 4521039
1271 1274 4521042
1272 1273 4521045
1273 1271 4521048
1271 1272 4521051
1271 1274 4521054
1271 1272 4521057
1271 1272 4521060
1272 1272 4521063
1272 1271 4521066
1271 1272 4521069
1271 1273 4521072
1270 1273 4521075
1271 1272 4521078
1272 1274 4521081
1270 1273 4521084
1271 1271 4521087
1272 1272 4521090
1271 1273 4521093
1270 1272 4521096
1272 1272 4521099
1271 1273 4521102
1271 1273 4521105
1272 1272 4521108
1271 1272 4521111
1271 1274 4521114
1270 1272 4521117
1271 1271 4521120
1271 1273 4521123
1271 1270 4521126
1270 1272 4521129
1272 1273 4521132
1271 1273 4521135
1271 1272 4521138
1272 1272 4521141
1270 1273 4521144
1272 1273 4521147
1270 1272 4521150
1270 1272 4521153
1272 1271 4521156
1271 1271 4521159
1270 1273 4521162
1272 1272 4521165
1272 1273 4521168
1271 1273 4521171
1271 1273 4521174
1271 1273 4521177
1272 1273 4521180
1270 1273 4521183
1271 1271 4521186
1272 1271 4521189
1272 1272 4521192
1270 1273 4521195
1272 1273 4521198
1272 1274 4521201
1270 1273 4521204
1271 1273 4521207
1270 1272 4521210
1272 1275 4521213
1270 1272 4521216
1271 1271 4521219
1271 1272 4521222
1271 1272 4521225
1270 1272 4521228
1271 1273 4521231
1272 1274 4521234
1270 1273 4521237
1271 1271 4521240
1271 1273 4521243
1272 1274 4521246
1271 1271 4521249
1270 1271 4521252
1271 1274 4521255
1272 1272 4521258
1270 1273 4521261
1272 1274 4521264
1272 1274 4521267
1271 1272 4521270
1271 1273 4521273
1271 1272 4521276
1272 1273 4521279
1270 1272 4521282
1271 1270 4521285
1271 1270 4521288
1272 1271 4521291
1270 1273 4521294
1272 1272 4521297
1272 1272 4521300
1270 1274 4521303
1271 1271 4521306
1271 1271 4521309
1272 1274 4521312
1270 1274 4521315
1270 1271 4521318
1272 1272 4521321
1272 1273 4521324
1271 1273 4521327
1273 1273 4521330
1273 1274 4521333
1271 1273 4521336
1271 1272 4521339
1271 1273 4521342
1271 1274 4521345
1269 1272 4521348
1270 1271 4521351
1272 1272 4521354
1271 1272 4521357
1270 1273 4521360
1272 1273 4521363
1271 1273 4521366
1270 1272 4521369
1270 1272 4521372
1270 1273 4521375
1271 1273 4521378
1270 1272 4521381
1270 1271 4521384
1272 1272 4521387
1272 1271 4521390
1270 1274 4521393
1272 1272 4521396
1272 1272 4521399
1271 1273 4521402
1271 1272 4521405
1270 1272 4521408
1272 1272 4521411
1270 1272 4521414
1270 1271 4521417
1272 1271 4521420
1272 1273 4521423
1271 1273 4521426
1271 1272 4521429
1272 1272 4521432
1270 1272 4521435
1271 1272 4521438
1271 1272 4521441
1273 1274 4521444
1270 1273 4521447
1271 1270 4521450
1272 1274 4521453
1272 1273 4521456
1270 1272 4521459
1272 1272 4521462
1271 1274 4521465
1271 1272 4521468
1271 1272 4521471
1271 1273 4521474
1271 1273 4521477
1270 1272 4521480
1270 1271 4521483
1272 1272 4521486
1271 1271 4521489
1270 1273 4521492
1271 1273 4521495
1271 1273 4521498
1270 1272 4521501
1271 1273 4521504
1270 1273 4521507
1272 1273 4521510
1271 1272 4521513
1270 1271 4521516
1272 1271 4521519
1272 1271 4521522
1270 1273 4521525
1270 1273 4521528
1271 1274 4521531
1270 1273 4521534
1271 1272 4521537
1270 1272 4521540
1271 1274 4521543
1271 1272 4521546
1270 1270 4521549
1271 1272 4521552
1271 1272 4521555
1270 1273 4521558
1272 1273 4521561
1272 1274 4521564
1272 1273 4521567
1271 1272 4521570
1271 1273 4521573
1272 1274 4521576
1270 1271 4521579
1270 1271 4521582
1272 1272 4521585
1268 1272 4521588
1270 1273 4521591
1272 1273 4521594
1272 1274 4521597
1270 1272 4521600
1272 1272 4521603
1270 1273 4521606
1271 1273 4521609
1271 1271 4521612
1270 1272 4521615
1270 1272 4521618
1271 1272 4521621
1270 1272 4521624
1272 1273 4521627
1272 1273 4521630
1271 1272 4521633
1271 1273 4521636
1271 1272 4521639
1272 1274 4521642
1270 1272 4521645
1271 1271 4521648
1272 1271 4521651
1272 1271 4521654
1270 1273 4521657
1272 1273 4521660
1272 1273 4521663
1270 1273 4521666
1271 1272 4521669
1270 1272 4521672
1271 1273 4521675
1270 1272 4521678
1270 1271 4521681
1271 1273 4521684
1271 1273 4521687
1269 1273 4521690
1273 1273 4521693
1272 1274 4521696
1271 1273 4521699
1271 1271 4521702
1271 1273 4521705
1272 1272 4521708
1271 1271 4521711
1270 1271 4521714
1272 1272 4521717
1271 1272 4521720
1270 1272 4521723
1272 1274 4521726
1272 1273 4521729
1270 1272 4521732
1270 1272 4521735
1271 1273 4521738
1273 1274 4521741
1271 1272 4521744
1271 1272 4521747
1272 1272 4521750
1272 1272 4521753
1271 1274 4521756
1272 1273 4521759
1272 1272 4521762
1271 1273 4521765
1271 1272 4521768
1270 1272 4521771
1272 1273 4521774
1270 1272 4521777
1270 1272 4521780
1272 1271 4521783
1272 1273 4521786
1270 1273 4521789
1272 1272 4521792
1271 1273 4521795
1270 1273 4521798
1271 1272 4521801
1271 1273 4521804
1272 1274 4521807
1271 1273 4521810
1271 1270 4521813
1272 1273 4521816
1272 1272 4521819
1270 1272 4521822
1272 1273 4521825
1271 1274 4521828
1270 1272 4521831
1271 1271 4521834
1271 1273 4521837
1272 1274 4521840
1270 1271 4521843
1270 1272 4521846
1271 1272 4521849
1272 1271 4521852
1270 1273 4521855
1272 1273 4521858
1272 1272 4521861
1271 1272 4521864
1271 1273 4521867
1271 1273 4521870
1272 1273 4521873
1271 1273 4521876
1270 1271 4521879
1272 1271 4521882
1272 1272 4521885
1270 1273 4521888
1272 1272 4521891
1272 1273 4521894
1271 1273 4521897
1271 1273 4521900
1271 1272 4521903
1272 1275 4521906
1270 1273 4521909
1270 1270 4521912
1271 1272 4521915
1271 1272 4521918
1270 1273 4521921
1272 1272 4521924
1272 1273 4521927
1270 1273 4521930
1271 1272 4521933
1271 1274 4521936
1272 1274 4521939
1270 1271 4521942
1271 1271 4521945
1271 1272 4521948
1271 1272 4521951
1270 1273 4521954
1272 1273 4521957
1272 1274 4521960
1271 1272 4521963
1271 1273 4521966
1271 1273 4521969
1272 1272 4521972
1270 1272 4521975
1270 1271 4521978
1270 1273 4521981
1271 1272 4521984
1270 1272 4521987
1272 1274 4521990
1272 1273 4521993
1270 1273 4521996
1272 1273 4522000
1270 1273 4522003
1272 1273 4522006
1271 1271 4522009
1273 1271 4522012
1271 1271 4522015
1271 1272 4522018
1271 1273 4522021
1272 1272 4522024
1272 1272 4522027
1271 1273 4522029
1272 1272 4522032
1270 1272 4522035
1271 1274 4522038
1271 1273 4522041
1273 1270 4522044
1271 1273 4522047
1271 1275 4522050
1271 1273 4522053
1272 1271 4522056
1272 1272 4522059
1271 1271 4522062
1271 1272 4522065
1272 1274 4522068
1272 1273 4522071
1271 1272 4522074
1272 1274 4522077
1271 1273 4522080
1271 1271 4522083
1272 1272 4522086
1271 1272 4522089
1270 1272 4522092
1272 1273 4522095
1271 1273 4522098
1270 1272 4522101
1271 1271 4522104
1271 1273 4522107
1272 1274 4522110
1270 1272 4522113
1271 1271 4522116
1272 1272 4522119
1271 1271 4522122
1270 1273 4522125
1272 1273 4522128
1272 1273 4522131
1271 1272 4522134
1272 1272 4522137
1270 1273 4522140
1272 1273 4522143
1270 1272 4522146
1271 1272 4522149
1272 1272 4522152
1272 1272 4522155
1270 1274 4522158
1272 1272 4522161
1273 1272 4522164
1271 1272 4522167
1271 1273 4522170
1271 1274 4522173
1272 1273 4522176
1270 1273 4522179
1270 1271 4522182
1272 1271 4522185
1271 1272 4522188
1269 1275 4522191
1271 1273 4522194
1271 1274 4522197
1270 1273 4522200
1271 1273 4522203
1272 1273 4522206
1272 1275 4522209
1270 1272 4522212
1271 1270 4522215
1272 1273 4522218
1271 1270 4522221
1269 1271 4522224
1271 1272 4522227
1272 1274 4522230
1270 1273 4522233
1271 1272 4522236
1270 1274 4522239
1272 1273 4522242
1271 1271 4522245
1270 1271 4522248
1272 1273 4522251
1271 1272 4522254
1269 1272 4522257
1272 1273 4522260
1271 1274 4522263
1271 1272 4522266
1271 1273 4522269
1271 1272 4522272
1272 1273 4522275
1270 1272 4522278
1269 1271 4522281
1272 1271 4522284
1272 1271 4522287
1270 1274 4522290
1273 1273 4522293
1272 1274 4522296
1271 1274 4522299
1271 1272 4522302
1271 1272 4522305
1272 1273 4522308
1270 1273 4522311
1270 1271 4522314
1271 1272 4522317
1271 1272 4522320
1270 1273 4522323
1272 1272 4522326
1272 1274 4522329
1271 1273 4522332
1271 1271 4522335
1270 1273 4522338
1271 1273 4522341
1271 1271 4522344
1271 1270 4522347
1272 1272 4522350
1271 1273 4522353
1270 1272 4522356
1273 1274 4522359
1272 1274 4522362
1271 1271 4522365
1271 1272 4522368
1270 1273 4522371
1272 1273 4522374
1271 1272 4522377
1270 1271 4522380
1271 1273 4522383
1271 1271 4522386
1273 1273 4522389
1272 1273 4522392
1272 1272 4522395
1270 1272 4522398
1270 1272 4522401
1273 1271 4522404
1272 1273 4522407
1270 1272 4522410
1270 1272 4522413
1272 1271 4522416
1272 1272 4522419
1271 1273 4522422
1272 1272 4522425
1272 1273 4522428
1270 1273 4522431
1269 1272 4522434
1271 1272 4522437
1272 1273 4522440
1270 1273 4522443
1270 1270 4522446
1272 1272 4522449
1272 1272 4522452
1270 1272 4522455
1272 1272 4522458
1271 1273 4522461
1272 1272 4522464
1271 1271 4522467
1271 1273 4522470
1272 1274 4522473
1269 1271 4522476
1271 1272 4522479
1272 1272 4522482
1271 1271 4522485
1270 1273 4522488
1272 1273 4522491
1275 1274 4522494
1272 1273 4522497
1272 1273 4522500
1272 1274 4522503
1272 1273 4522506
1271 1272 4522509
1270 1272 4522512
1272 1271 4522515
1271 1271 4522518
1270 1273 4522521
1272 1273 4522524
1272 1273 4522527
1272 1273 4522530
1271 1273 4522533
1271 1272 4522536
1272 1273 4522539
1271 1273 4522542
1271 1271 4522545
1272 1271 4522548
1271 1272 4522551
1270 1273 4522554
1271 1273 4522557
1272 1273 4522560
1271 1273 4522563
1271 1273 4522566
1271 1272 4522569
1272 1275 4522572
1270 1272 4522575
1270 1271 4522578
1272 1273 4522581
1272 1272 4522584
1270 1273 4522587
1272 1273 4522590
1272 1274 4522593
1271 1272 4522596
1271 1272 4522599
1270 1273 4522602
1272 1273 4522605
1270 1272 4522608
1270 1271 4522611
1271 1272 4522614
1272 1272 4522617
1271 1273 4522620
1272 1274 4522623
1272 1273 4522626
1271 1272 4522629
1271 1272 4522632
1271 1272 4522635
1272 1273 4522638
1270 1273 4522641
1270 1273 4522644
1271 1272 4522647
1271 1272 4522650
1270 1274 4522653
1272 1273 4522656
1272 1273 4522659
1271 1273 4522662
1271 1272 4522665
1271 1272 4522668
1271 1274 4522671
1270 1273 4522674
1271 1271 4522677
1273 1272 4522680
1272 1273 4522683
1271 1273 4522686
1272 1272 4522689
1272 1275 4522692
1271 1273 4522695
1271 1271 4522698
1270 1274 4522701
1272 1274 4522704
1270 1271 4522707
1271 1270 4522710
1272 1272 4522713
1272 1273 4522716
1270 1273 4522719
1272 1274 4522722
1272 1272 4522725
1271 1272 4522728
1271 1272 4522731
1271 1273 4522734
1271 1273 4522737
1271 1272 4522740
1270 1272 4522743
1272 1272 4522746
1272 1271 4522749
1270 1274 4522752
1272 1272 4522755
1272 1272 4522758
1270 1272 4522761
1270 1272 4522764
1271 1272 4522767
1272 1273 4522770
1270 1272 4522773
1270 1272 4522776
1272 1271 4522779
1272 1273 4522782
1270 1273 4522785
1273 1272 4522788
1272 1273 4522791
1271 1273 4522794
1270 1272 4522797
1272 1272 4522800
1272 1274 4522803
1270 1272 4522806
1270 1271 4522809
1272 1273 4522812
1272 1272 4522815
1270 1272 4522818
1272 1273 4522821
1271 1273 4522824
1269 1272 4522827
1271 1271 4522830
1271 1273 4522833
1272 1274 4522836
1271 1272 4522839
1271 1271 4522842
1272 1273 4522845
1271 1271 4522848
1270 1273 4522851
1272 1273 4522854
1271 1273 4522857
1271 1273 4522860
1270 1273 4522863
1270 1273 4522866
1272 1273 4522869
1270 1273 4522872
1271 1271 4522875
1272 1271 4522878
1272 1272 4522881
1270 1272 4522884
1273 1273 4522887
1272 1273 4522890
1271 1273 4522893
1271 1273 4522896
1270 1272 4522899
1272 1274 4522902
1271 1273 4522905
1271 1270 4522908
1272 1271 4522911
1271 1272 4522914
1271 1273 4522917
1273 1273 4522920
1272 1273 4522923
1271 1274 4522926
1271 1271 4522929
1271 1273 4522932
1273 1274 4522935
1270 1271 4522938
1270 1271 4522941
1271 1272 4522944
1273 1270 4522947
1271 1272 4522950
1272 1273 4522953
1272 1273 4522956
1271 1273 4522959
1271 1272 4522962
1271 1273 4522965
1271 1273 4522968
1270 1272 4522971
1270 1271 4522974
1272 1271 4522977
1271 1271 4522980
1270 1271 4522983
1272 1273 4522986
1272 1272 4522989
1271 1273 4522992
1271 1273 4522995
1271 1272 4522999
1272 1272 4523002
1270 1272 4523005
1271 1273 4523008
1271 1272 4523011
1272 1274 4508610
1271 1272 4508613
1271 1271 4508616
1271 1272 4508619
1271 1274 4508622
1269 1272 4508625
1270 1271 4508628
1273 1273 4508631
1272 1271 4508634
1271 1272 4508637
1272 1273 4508640
1272 1274 4508643
1270 1273 4508646
1271 1271 4508649
1271 1273 4508652
1271 1273 4508655
1270 1272 4508658
1271 1272 4508661
1271 1272 4508664
1271 1271 4508667
1270 1273 4508670
1272 1273 4508673
1272 1273 4508676
1271 1272 4508679
1271 1272 4508682
1271 1273 4508685
1271 1273 4508688
1271 1273 4508691
1271 1271 4508694
1272 1271 4508697
1272 1272 4508700
1269 1273 4508703
1271 1273 4508706
1272 1273 4508709
1271 1273 4508712
1271 1273 4508715
1271 1272 4508718
1272 1274 4508721
1269 1273 4508724
1271 1270 4508727
1272 1272 4508730
1271 1272 4508733
1271 1272 4508736
1273 1273 4508739
1272 1274 4508742
1270 1273 4508745
1270 1272 4508748
1271 1273 4508751
1271 1274 4508754
1270 1272 4508757
1270 1271 4508760
1272 1272 4508763
1272 1272 4508766
1270 1273 4508769
1272 1273 4508772
1272 1274 4508775
1271 1273 4508778
1271 1272 4508781
1270 1273 4508784
1272 1272 4508787
1270 1272 4508790
1270 1272 4508793
1271 1271 4508796
1271 1271 4508799
1270 1272 4508802
1271 1273 4508805
1271 1272 4508808
1270 1273 4508811
1272 1272 4508814
1271 1271 4508817
1271 1273 4508820
1270 1272 4508823
1270 1270 4508826
1271 1271 4508829
1271 1272 4508832
1270 1274 4508835
1272 1272 4508838
1272 1274 4508841
1271 1273 4508844
1271 1271 4508847
1271 1272 4508850
1272 1274 4508853
1268 1273 4508856
1270 1271 4508859
1272 1272 4508862
1272 1273 4508865
1270 1272 4508868
1272 1273 4508871
1271 1274 4508874
1270 1271 4508877
1271 1272 4508880
1270 1273 4508883
1272 1273 4508886
1270 1271 4508889
1271 1271 4508892
1271 1273 4508895
1272 1271 4508898
1271 1273 4508901
1272 1274 4508904
1271 1272 4508907
1271 1273 4508910
1271 1273 4508913
1270 1272 4508916
1272 1273 4508919
1271 1272 4508922
1270 1271 4508925
1272 1272 4508928
1272 1272 4508931
1270 1274 4508934
1272 1272 4508937
1272 1273 4508940
1271 1274 4508943
1271 1272 4508946
1271 1273 4508949
1272 1274 4508952
1270 1273 4508955
1270 1271 4508958
1272 1273 4508961
1272 1273 4508964
1270 1272 4508967
1272 1273 4508970
1272 1274 4508973
1271 1273 4508976
1272 1272 4508979
1271 1272 4508982
1271 1274 4508985
1270 1272 4508988
1270 1271 4508991
1272 1273 4508994
1272 1271 4508997
1270 1272 4509001
1271 1272 4509004
1271 1273 4509007
1271 1273 4509010
1272 1272 4509013
1273 1271 4509016
1272 1273 4509019
1271 1271 4509022
1272 1273 4509025
1272 1272 4509027
1271 1274 4509030
1272 1272 4509033
1272 1271 4509036
1271 1272 4509039
1271 1273 4509042
1271 1274 4509045
1272 1274 4509048
1272 1271 4509051
1272 1274 4509054
1273 1271 4509057
1271 1271 4509060
1272 1272 4509063
1270 1274 4509066
1270 1273 4509069
1271 1273 4509072
1271 1273 4509075
1271 1273 4509078
1273 1273 4509081
1270 1273 4509084
1270 1271 4509087
1272 1271 4509090
1272 1272 4509093
1270 1273 4509096
1271 1277 4509099
1271 1272 4509102
1270 1273 4509105
1271 1272 4509108
1271 1272 4509111
1272 1274 4509114
1270 1271 4509117
1270 1271 4509120
1271 1272 4509123
1271 1270 4509126
1270 1272 4509129
1272 1272 4509132
1272 1273 4509135
1271 1272 4509138
1271 1272 4509141
1271 1273 4509144
1271 1274 4509147
1271 1271 4509150
1270 1271 4509153
1272 1272 4509156
1271 1272 4509159
1270 1272 4509162
1272 1273 4509165
1272 1274 4509168
1271 1273 4509171
1271 1273 4509174
1271 1273 4509177
1271 1272 4509180
1270 1273 4509183
1270 1272 4509186
1272 1272 4509189
1272 1271 4509192
1270 1273 4509195
1272 1273 4509198
1272 1272 4509201
1271 1274 4509204
1271 1273 4509207
1271 1272 4509210
1272 1274 4509213
1270 1272 4509216
1270 1270 4509219
1272 1272 4509222
1271 1272 4509225
1270 1273 4509228
1272 1272 4509231
1272 1273 4509234
1271 1273 4509237
1271 1271 4509240
1271 1273 4509243
1272 1274 4509246
1271 1271 4509249
1271 1271 4509252
1271 1272 4509255
1271 1272 4509258
1270 1272 4509261
1272 1273 4509264
1272 1273 4509267
1271 1271 4509270
1270 1272 4509273
1270 1273 4509276
1270 1274 4509279
1269 1272 4509282
1270 1271 4509285
1271 1273 4509288
1271 1272 4509291
1270 1273 4509294
1272 1273 4509297
1272 1273 4509300
1271 1272 4509303
1271 1272 4509306
1272 1273 4509309
1273 1273 4509312
1271 1272 4509315
1270 1272 4509318
1272 1272 4509321
1272 1273 4509324
1270 1274 4509327
1272 1272 4509330
1272 1273 4509333
1270 1273 4509336
1268 1273 4509339
1270 1273 4509342
1272 1274 4509345
1270 1272 4509348
1270 1271 4509351
1271 1272 4509354
1271 1273 4509357
1270 1272 4509360
1271 1273 4509363
1271 1274 4509366
1271 1272 4509369
1271 1271 4509372
1270 1272 4509375
1271 1273 4509378
1270 1272 4509381
1270 1271 4509384
1272 1272 4509387
1271 1271 4509390
1270 1272 4509393
1272 1273 4509396
1271 1273 4509399
1271 1273 4509402
1272 1272 4509405
1271 1274 4509408
1272 1273 4509411
1270 1272 4509414
1270 1272 4509417
1272 1272 4509420
1271 1272 4509423
1270 1273 4509426
1271 1273 4509429
1271 1273 4509432
1271 1273 4509435
1271 1273 4509438
1270 1273 4509441
1272 1273 4509444
1270 1273 4509447
1270 1270 4509450
1271 1271 4509453
1272 1272 4509456
1270 1273 4509459
1272 1272 4509462
1273 1273 4509465
1271 1273 4509468
1271 1272 4509471
1270 1272 4509474
1272 1274 4509477
1270 1272 4509480
1271 1271 4509483
1272 1272 4509486
1271 1271 4509489
1271 1272 4509492
1271 1273 4509495
1271 1274 4509498
1271 1273 4509501
1271 1272 4509504
1271 1274 4509507
1271 1273 4509510
1270 1271 4509513
1270 1271 4509516
1272 1273 4509519
1272 1272 4509522
1270 1273 4509525
1272 1274 4509528
1272 1274 4509531
1271 1272 4509534
1271 1273 4509537
1271 1272 4509540
1271 1273 4509543
1271 1272 4509546
1270 1269 4509549
1271 1271 4509552
1272 1271 4509555
1270 1273 4509558
1272 1273 4509561
1272 1273 4509564
1271 1274 4509567
1271 1272 4509570
1270 1272 4509573
1272 1274 4509576
1270 1272 4509579
1271 1271 4509582
1273 1272 4509585
1272 1273 4509588
1271 1274 4509591
1272 1273 4509594
1272 1274 4509597
1271 1273 4509600
1271 1271 4509603
1270 1273 4509606
1272 1274 4509609
1270 1272 4509612
1271 1271 4509615
1272 1273 4509618
1271 1273 4509621
1271 1273 4509624
1272 1274 4509627
1272 1273 4509630
1271 1272 4509633
1271 1273 4509636
1271 1273 4509639
1271 1274 4509642
1271 1272 4509645
1271 1272 4509648
1272 1272 4509651
1272 1272 4509654
1270 1273 4509657
1272 1273 4509660
1272 1272 4509663
1271 1272 4509666
1271 1272 4509669
1270 1272 4509672
1272 1273 4509675
1270 1272 4509678
1270 1271 4509681
1272 1271 4509684
1272 1273 4509687
1271 1273 4509690
1272 1272 4509693
1272 1273 4509696
1270 1273 4509699
1270 1273 4509702
1272 1272 4509705
1273 1274 4509708
1270 1273 4509711
1271 1270 4509714
1272 1273 4509717
1272 1273 4509720
1271 1272 4509723
1271 1272 4509726
1272 1273 4509729
1270 1273 4509732
1271 1273 4509735
1270 1273 4509738
1272 1274 4509741
1270 1271 4509744
1270 1272 4509747
1272 1273 4509750
1271 1271 4509753
1270 1273 4509756
1271 1273 4509759
1273 1272 4509762
1271 1272 4509765
1271 1273 4509768
1271 1273 4509771
1272 1273 4509774
1271 1273 4509777
1271 1272 4509780
1272 1271 4509783
1271 1272 4509786
1270 1273 4509789
1269 1274 4509792
1271 1273 4509795
1270 1274 4509798
1271 1273 4509801
1272 1273 4509804
1272 1274 4509807
1271 1273 4509810
1270 1270 4509813
1272 1272 4509816
1272 1272 4509819
1269 1273 4509822
1271 1273 4509825
1271 1273 4509828
1271 1274 4509831
1271 1272 4509834
1271 1273 4509837
1272 1274 4509840
1270 1271 4509843
1270 1270 4509846
1272 1273 4509849
1272 1271 4509852
1271 1272 4509855
1272 1272 4509858
1272 1274 4509861
1271 1272 4509864
1271 1272 4509867
1270 1274 4509870
1271 1273 4509873
1270 1270 4509876
1271 1272 4509879
1272 1272 4509882
1271 1272 4509885
1270 1272 4509888
1272 1273 4509891
1272 1274 4509894
1271 1272 4509897
1271 1273 4509900
1271 1272 4509903
1272 1274 4509906
1270 1273 4509909
1271 1272 4509912
1272 1272 4509915
1271 1273 4509918
1270 1273 4509921
1272 1273 4509924
1272 1274 4509927
1271 1273 4509930
1271 1272 4509933
1271 1272 4509936
1272 1274 4509939
1270 1272 4509942
1270 1271 4509945
1273 1272 4509948
1272 1272 4509951
1270 1273 4509954
1272 1273 4509957
1272 1274 4509960
1271 1272 4509963
1271 1271 4509966
1271 1273 4509969
1272 1271 4509972
1270 1271 4509975
1270 1270 4509978
1272 1272 4509981
1271 1272 4509984
1270 1272 4509987
1272 1274 4509990
1272 1273 4509993
1271 1272 4509996
1271 1273 4510000
1270 1272 4510003
1271 1272 4510006
1271 1271 4510009
1272 1272 4510012
1271 1273 4510015
1270 1272 4510018
1271 1274 4510021
1272 1272 4510024
1272 1272 4510027
1271 1272 4510029
1272 1272 4510032
1270 1273 4510035
1272 1273 4510038
1271 1274 4510041
1272 1272 4510044
1271 1273 4510047
1271 1274 4510050
1271 1273 4510053
1271 1271 4510056
1272 1271 4510059
1271 1272 4510062
1271 1272 4510065
1273 1273 4510068
1272 1274 4510071
1271 1273 4510074
1273 1273 4510077
1270 1273 4510080
1270 1271 4510083
1272 1271 4510086
1272 1272 4510089
1270 1273 4510092
1271 1272 4510095
1272 1273 4510098
1270 1273 4510101
1271 1272 4510104
1271 1272 4510107
1272 1274 4510110
1270 1273 4510113
1271 1270 4510116
1272 1272 4510119
1271 1272 4510122
1270 1273 4510125
1272 1272 4510128
1272 1273 4510131
1270 1273 4510134
1271 1272 4510137
1271 1273 4510140
1272 1274 4510143
1270 1272 4510146
1270 1271 4510149
1272 1272 4510152
1272 1272 4510155
1270 1272 4510158
1272 1273 4510161
1272 1274 4510164
1271 1272 4510167
1270 1273 4510170
1271 1273 4510173
1273 1274 4510176
1270 1272 4510179
1270 1271 4510182
1270 1272 4510185
1271 1272 4510188
1270 1273 4510191
1272 1273 4510194
1271 1272 4510197
1271 1273 4510200
1272 1272 4510203
1271 1271 4510206
1272 1274 4510209
1270 1273 4510212
1271 1270 4510215
1272 1271 4510218
1271 1272 4510221
1270 1273 4510224
1272 1273 4510227
1272 1273 4510230
1271 1273 4510233
1270 1271 4510236
1271 1272 4510239
1272 1274 4510242
1268 1273 4510245
1271 1271 4510248
1272 1273 4510251
1271 1273 4510254
1271 1272 4510257
1272 1273 4510260
1272 1274 4510263
1270 1272 4510266
1271 1272 4510269
1270 1273 4510272
1273 1275 4510275
1270 1273 4510278
1272 1273 4510281
1273 1273 4510284
1272 1272 4510287
1270 1274 4510290
1272 1274 4510293
1272 1273 4510296
1271 1272 4510299
1271 1272 4510302
1271 1272 4510305
1272 1273 4510308
1270 1272 4510311
1271 1271 4510314
1272 1272 4510317
1272 1272 4510320
1271 1273 4510323
1272 1272 4510326
1272 1273 4510329
1270 1273 4510332
1270 1272 4510335
1270 1273 4510338
1272 1273 4510341
1270 1273 4510344
1270 1270 4510347
1272 1272 4510350
1271 1273 4510353
1270 1272 4510356
1272 1273 4510359
1271 1274 4510362
1270 1274 4510365
1271 1272 4510368
1271 1273 4510371
1272 1274 4510374
1270 1271 4510377
1271 1271 4510380
1272 1273 4510383
1272 1271 4510386
1270 1273 4510389
1271 1274 4510392
1272 1273 4510395
1271 1273 4510398
1271 1272 4510401
1271 1273 4510404
1272 1273 4510407
1271 1273 4510410
1271 1272 4510413
1271 1272 4510416
1272 1271 4510419
1270 1273 4510422
1272 1272 4510425
1272 1273 4510428
1271 1273 4510431
1271 1273 4510434
1271 1273 4510437
1272 1273 4510440
1271 1273 4510443
1270 1271 4510446
1272 1272 4510449
1272 1272 4510452
1270 1274 4510455
1272 1273 4510458
1272 1273 4510461
1271 1274 4510464
1271 1273 4510467
1271 1273 4510470
1272 1275 4510473
1270 1272 4510476
1271 1271 4510479
1272 1273 4510482
1271 1272 4510485
1271 1273 4510488
1272 1273 4510491
1272 1274 4510494
1271 1273 4510497
1271 1272 4510500
1271 1274 4510503
1272 1273 4510506
1270 1272 4510509
1271 1272 4510512
1271 1274 4510515
1271 1273 4510518
1271 1273 4510521
1272 1274 4510524
1272 1274 4510527
1270 1272 4510530
1271 1274 4510533
1271 1273 4510536
1272 1273 4510539
1270 1272 4510542
1270 1272 4510545
1272 1272 4510548
1273 1272 4510551
1271 1273 4510554
1273 1274 4510557
1272 1273 4510560
1271 1274 4510563
1271 1273 4510566
1271 1272 4510569
1272 1274 4510572
1270 1272 4510575
1271 1270 4510578
1273 1272 4510581
1272 1273 4510584
1270 1273 4510587
1272 1273 4510590
1273 1274 4510593
1270 1273 4510596
1272 1271 4510599
1273 1272 4515008
1271 1275 4515011
1276 1273 4515014
1268 1272 4515017
1270 1271 4515020
1272 1271 4515023
1273 1270 4515026
1277 1275 4515029
1270 1277 4515031
1271 1269 4515034
1274 1273 4515037
1272 1273 4515040
1275 1271 4515043
1269 1277 4515046
1270 1271 4515049
1271 1270 4515052
1274 1274 4515055
1273 1275 4515058
1270 1274 4515061
1271 1268 4515064
1271 1271 4515067
1274 1273 4515070
1273 1271 4515073
1276 1275 4515076
1268 1272 4515079
1270 1271 4515082
1274 1271 4515085
1272 1275 4515088
1277 1278 4515091
1269 1268 4515094
1269 1270 4515097
1270 1273 4515100
1273 1274 4515103
1275 1272 4515106
1267 1275 4515109
1269 1272 4515112
1273 1271 4515115
1271 1274 4515118
1276 1273 4515121
1271 1277 4515124
1271 1269 4515127
1270 1270 4515130
1273 1272 4515133
1272 1273 4515136
1271 1276 4515139
1268 1269 4515142
1270 1270 4515145
1271 1274 4515148
1273 1271 4515151
1277 1276 4515154
1272 1270 4515157
1272 1268 4515160
1273 1272 4515163
1272 1271 4515166
1277 1277 4515169
1269 1270 4515172
1269 1270 4515175
1271 1272 4515178
1272 1273 4515181
1276 1271 4515184
1269 1272 4515187
1270 1273 4515190
1272 1270 4515193
1271 1272 4515196
1276 1274 4515199
1272 1278 4515202
1270 1268 4515205
1271 1271 4515208
1271 1274 4515211
1275 1272 4515214
1270 1275 4515217
1269 1271 4515220
1271 1271 4515223
1272 1269 4515226
1273 1273 4515229
1273 1276 4515232
1271 1270 4515235
1270 1270 4515238
1272 1273 4515241
1271 1271 4515244
1276 1276 4515247
1269 1270 4515250
1270 1272 4515253
1273 1272 4515256
1273 1272 4515259
1276 1272 4515262
1269 1271 4515265
1271 1272 4515268
1271 1270 4515271
1272 1270 4515274
1275 1274 4515277
1269 1277 4515280
1270 1269 4515283
1274 1272 4515286
1272 1275 4515289
1276 1271 4515292
1270 1276 4515295
1270 1271 4515298
1272 1272 4515301
1273 1270 4515304
1271 1272 4515307
1269 1277 4515310
1270 1270 4515313
1271 1269 4515316
1272 1274 4515319
1273 1274 4515322
1277 1275 4515325
1269 1272 4515328
1270 1271 4515331
1274 1273 4515334
1271 1271 4515337
1274 1274 4515340
1268 1271 4515343
1270 1270 4515346
1272 1270 4515349
1273 1275 4515352
1277 1273 4515355
1269 1271 4515358
1270 1271 4515361
1273 1271 4515364
1272 1273 4515367
1276 1272 4515370
1270 1277 4515373
1270 1271 4515376
1272 1271 4515379
1273 1273 4515382
1276 1273 4515385
1271 1278 4515388
1271 1269 4515391
1270 1270 4515394
1272 1271 4515397
1271 1274 4515400
1271 1275 4515403
1270 1269 4515406
1270 1272 4515409
1273 1275 4515412
1272 1270 4515415
1277 1277 4515418
1269 1272 4515421
1271 1269 4515424
1272 1271 4515427
1274 1273 4515430
1277 1272 4515433
1268 1269 4515436
1269 1269 4515439
1270 1272 4515442
1272 1272 4515445
1277 1272 4515448
1269 1278 4515451
1270 1271 4515454
1273 1270 4515457
1273 1274 4515460
1275 1271 4515463
1270 1277 4515466
1270 1269 4515469
1270 1270 4515472
1272 1272 4515475
1275 1273 4515478
1270 1276 4515481
1271 1270 4515484
1271 1271 4515487
1272 1271 4515490
1272 1272 4515493
1277 1275 4515496
1272 1270 4515499
1270 1270 4515502
1273 1272 4515505
1270 1273 4515508
1276 1277 4515511
1269 1269 4515514
1271 1272 4515517
1274 1273 4515520
1273 1273 4515523
1276 1275 4515526
1268 1271 4515529
1271 1272 4515532
1271 1270 4515535
1272 1271 4515538
1275 1274 4515541
1268 1271 4515544
1270 1270 4515547
1274 1273 4515550
1271 1275 4515553
1277 1271 4515556
1270 1276 4515559
1270 1270 4515562
1273 1272 4515565
1272 1273 4515568
1274 1273 4515571
1268 1276 4515574
1270 1270 4515577
1270 1269 4515580
1273 1272 4515583
1273 1274 4515586
1271 1275 4515589
1270 1270 4515592
1271 1270 4515595
1273 1273 4515598
1272 1271 4515601
1276 1275 4515604
1270 1268 4515607
1270 1271 4515610
1274 1271 4515613
1273 1273 4515616
1277 1277 4515619
1269 1270 4515622
1269 1270 4515625
1271 1271 4515628
1273 1275 4515631
1276 1271 4515634
1267 1270 4515637
1268 1272 4515640
1272 1272 4515643
1273 1271 4515646
1276 1274 4515649
1269 1278 4515652
1270 1269 4515655
1273 1271 4515658
1272 1274 4515661
1277 1272 4515664
1269 1275 4515667
1269 1269 4515670
1270 1271 4515673
1272 1273 4515676
1277 1271 4515679
1270 1278 4515682
1271 1271 4515685
1271 1270 4515688
1271 1272 4515691
1273 1272 4515694
1277 1276 4515697
1269 1269 4515700
1270 1269 4515703
1271 1273 4515706
1271 1272 4515709
1277 1275 4515712
1269 1272 4515715
1271 1272 4515718
1273 1271 4515721
1272 1273 4515724
1276 1275 4515727
1269 1272 4515730
1268 1271 4515733
1270 1270 4515736
1272 1273 4515739
1275 1274 4515742
1269 1270 4515745
1271 1272 4515748
1273 1274 4515751
1272 1271 4515754
1275 1271 4515757
1270 1276 4515760
1271 1271 4515763
1272 1269 4515766
1271 1273 4515769
1275 1274 4515772
1269 1277 4515775
1270 1268 4515778
1271 1273 4515781
1273 1272 4515784
1273 1271 4515787
1270 1276 4515790
1270 1268 4515793
1271 1270 4515796
1271 1270 4515799
1271 1271 4515802
1276 1277 4515805
1270 1270 4515808
1271 1271 4515811
1274 1274 4515814
1272 1273 4515817
1277 1274 4515820
1268 1271 4515823
1271 1270 4515826
1272 1272 4515829
1273 1273 4515832
1275 1272 4515835
1267 1272 4515838
1270 1272 4515841
1272 1270 4515844
1273 1272 4515847
1276 1274 4515850
1268 1275 4515853
1270 1271 4515856
1273 1271 4515859
1272 1275 4515862
1276 1272 4515865
1269 1275 4515868
1269 1270 4515871
1271 1271 4515874
1272 1271 4515877
1272 1274 4515880
1270 1278 4515883
1271 1268 4515886
1270 1270 4515889
1272 1272 4515892
1274 1274 4515895
1276 1274 4515898
1270 1269 4515901
1269 1271 4515904
1273 1273 4515907
1271 1271 4515910
1276 1278 4515913
1269 1272 4515916
1270 1268 4515919
1273 1272 4515922
1273 1274 4515925
1277 1275 4515928
1268 1271 4515931
1269 1270 4515934
1270 1270 4515937
1272 1273 4515940
1276 1272 4515943
1270 1273 4515946
1270 1272 4515949
1273 1270 4515952
1271 1273 4515955
1276 1272 4515958
1271 1278 4515961
1270 1269 4515964
1270 1269 4515967
1271 1272 4515970
1274 1274 4515973
1277 1274 4515976
1269 1272 4515979
1271 1272 4515982
1274 1272 4515985
1271 1271 4515988
1276 1272 4515991
1269 1273 4515994
1270 1270 4515999
1271 1274 4516002
1273 1271 4516005
1275 1276 4516008
1270 1269 4516011
1270 1271 4516014
1269 1272 4516017
1273 1274 4516020
1272 1277 4516023
1275 1269 4516026
1270 1270 4516029
1269 1274 4516032
1272 1273 4516035
1269 1271 4516038
1276 1270 4516041
1269 1271 4516044
1270 1270 4516047
1270 1273 4516050
1272 1275 4516053
1277 1277 4516056
1269 1270 4516059
1269 1271 4516062
1269 1273 4516065
1273 1274 4516068
1271 1275 4516071
1276 1269 4516074
1271 1270 4516077
1271 1273 4516080
1271 1273 4516083
1271 1276 4516086
1277 1272 4516089
1267 1272 4516092
1269 1271 4516095
1270 1273 4516098
1273 1275 4516101
1274 1277 4516104
1269 1268 4516107
1270 1270 4516110
1272 1274 4516113
1270 1273 4516116
1271 1275 4516119
1270 1271 4516122
1269 1271 4516125
1270 1273 4516128
1272 1272 4516131
1272 1278 4516134
1276 1271 4516137
1268 1270 4516140
1270 1272 4516143
1271 1272 4516146
1272 1273 4516149
1276 1278 4516152
1269 1271 4516155
1269 1270 4516158
1272 1273 4516161
1271 1273 4516164
1271 1278 4516167
1268 1269 4516170
1269 1270 4516173
1270 1271 4516176
1272 1271 4516179
1271 1277 4516182
1277 1273 4516185
1269 1272 4516188
1269 1272 4516191
1272 1274 4516194
1272 1274 4516197
1275 1277 4516200
1267 1272 4516203
1268 1270 4516206
1273 1273 4516209
1271 1272 4516212
1273 1277 4516215
1269 1270 4516218
1270 1271 4516221
1270 1273 4516224
1270 1273 4516227
1272 1276 4516230
1276 1273 4516233
1267 1271 4516236
1269 1270 4516239
1272 1273 4516242
1272 1273 4516245
1273 1273 4516248
1269 1271 4516251
1271 1273 4516254
1272 1274 4516257
1271 1272 4516260
1275 1278 4516263
1270 1271 4516266
1268 1270 4516269
1269 1271 4516272
1271 1273 4516275
1272 1275 4516278
1275 1271 4516281
1269 1272 4516284
1270 1273 4516287
1272 1273 4516290
1271 1273 4516293
1275 1271 4516296
1269 1272 4516299
1269 1272 4516302
1272 1274 4516305
1270 1273 4516308
1275 1276 4516311
1269 1270 4516314
1269 1270 4516317
1272 1272 4516320
1271 1275 4516323
1272 1277 4516326
1274 1269 4516329
1270 1270 4516332
1269 1273 4516335
1273 1272 4516338
1272 1273 4516341
1276 1271 4516344
1268 1271 4516347
1269 1270 4516350
1273 1275 4516353
1271 1273 4516356
1275 1277 4516359
1268 1270 4516362
1270 1271 4516365
1271 1272 4516368
1273 1272 4516371
1271 1277 4516374
1272 1270 4516377
1269 1270 4516380
1269 1274 4516383
1274 1274 4516386
1271 1274 4516389
1277 1272 4516392
1267 1271 4516395
1271 1270 4516398
1271 1271 4516401
1271 1273 4516404
1275 1278 4516407
1269 1269 4516410
1269 1271 4516413
1270 1273 4516416
1273 1274 4516419
1270 1277 4516422
1268 1271 4516425
1268 1272 4516428
1270 1273 4516431
1273 1272 4516434
1271 1277 4516437
1275 1271 4516440
1268 1271 4516443
1269 1272 4516446
1269 1270 4516449
1273 1275 4516452
1274 1277 4516455
1266 1272 4516458
1267 1270 4516461
1272 1273 4516464
1272 1273 4516467
1275 1277 4516470
1269 1271 4516473
1270 1272 4516476
1270 1271 4516479
1270 1272 4516482
1273 1278 4516485
1268 1270 4516488
1271 1272 4516491
1270 1274 4516494
1273 1272 4516497
1272 1276 4516500
1277 1270 4516503
1268 1273 4516506
1269 1270 4516509
1272 1273 4516512
1271 1275 4516515
1276 1272 4516518
1267 1271 4516521
1270 1272 4516524
1270 1273 4516527
1272 1273 4516530
1275 1276 4516533
1268 1272 4516536
1269 1272 4516539
1272 1274 4516542
1271 1273 4516545
1274 1276 4516548
1270 1271 4516551
1269 1271 4516554
1271 1273 4516557
1271 1274 4516560
1272 1276 4516563
1270 1271 4516566
1270 1270 4516569
1270 1273 4516572
1272 1273 4516575
1271 1276 4516578
1275 1269 4516581
1269 1273 4516584
1269 1273 4516587
1273 1275 4516590
1271 1275 4516593
1276 1272 4516596
1268 1271 4516599
1270 1271 4516602
1270 1272 4516605
1271 1272 4516608
1274 1274 4516611
1268 1270 4516614
1270 1273 4516617
1271 1273 4516620
1271 1273 4516623
1273 1276 4516626
1270 1270 4516629
1270 1271 4516632
1271 1273 4516635
1271 1274 4516638
1272 1276 4516641
1271 1271 4516644
1270 1272 4516647
1272 1275 4516650
1271 1272 4516653
1271 1277 4516656
1273 1272 4516659
1270 1270 4516662
1270 1272 4516665
1271 1273 4516668
1272 1274 4516671
1274 1272 4516674
1270 1272 4516677
1270 1271 4516680
1272 1273 4516683
1271 1274 4516686
1272 1274 4516689
1270 1271 4516692
1271 1272 4516695
1271 1270 4516698
1271 1270 4516701
1272 1273 4516704
1271 1272 4516707
1271 1271 4516710
1269 1271 4516713
1272 1274 4516716
1270 1274 4516719
1271 1272 4516722
1270 1273 4516725
1270 1272 4516728
1271 1272 4516731
1272 1272 4516734
1272 1273 4516737
1271 1272 4516740
1271 1272 4516743
1271 1272 4516746
1271 1274 4516749
1272 1272 4516752
1271 1274 4516755
1270 1273 4516758
1272 1271 4516761
1271 1272 4516764
1272 1272 4516767
1270 1273 4516770
1271 1272 4516773
1272 1273 4516776
1270 1271 4516779
1273 1273 4516782
1270 1272 4516785
1271 1274 4516788
1270 1272 4516791
1271 1271 4516794
1271 1273 4516797
1271 1273 4516800
1271 1272 4516803
1271 1273 4516806
1271 1272 4516809
1270 1271 4516812
1273 1274 4516815
1270 1272 4516818
1271 1272 4516821
1270 1272 4516824
1272 1273 4516827
1272 1273 4516830
1271 1272 4516833
1271 1273 4516836
1271 1272 4516839
1271 1271 4516842
1271 1271 4516845
1272 1273 4516848
1269 1272 4516851
1271 1274 4516854
1269 1273 4516857
1271 1272 4516860
1271 1271 4516863
1271 1273 4516866
1271 1273 4516869
1271 1272 4516872
1271 1272 4516875
1269 1272 4516878
1269 1273 4516881
1269 1272 4516884
1271 1274 4516887
1270 1273 4516890
1272 1272 4516893
1270 1273 4516896
1272 1273 4516899
1270 1272 4516902
1271 1272 4516905
1270 1272 4516908
1267 1272 4516911
1271 1273 4516914
1271 1272 4516917
1271 1274 4516920
1270 1273 4516923
1272 1272 4516926
1271 1273 4516929
1272 1271 4516932
1270 1273 4516935
1271 1273 4516938
1273 1271 4516941
1271 1270 4516944
1272 1273 4516947
1270 1273 4516950
1271 1273 4516953
1271 1273 4516956
1272 1272 4516959
1271 1271 4516962
1272 1272 4516965
1271 1274 4516968
1273 1272 4516971
1272 1272 4516974
1271 1272 4516977
1273 1274 4516980
1271 1273 4516983
1273 1274 4516986
1270 1273 4516989
1272 1272 4516992
1271 1272 4516995
1271 1273 4516999
1271 1272 4517002
1271 1272 4517005
1273 1272 4517008
1271 1271 4517011
1272 1271 4517014
1272 1272 4517017
1273 1273 4517020
1271 1273 4517023
1272 1272 4517026
1270 1274 4517029
1271 1272 4517032
1272 1270 4517035
1271 1273 4517038
1270 1272 4517040
1273 1272 4517043
1270 1274 4517046
1273 1271 4517049
1272 1271 4517052
1270 1273 4517055
1273 1272 4517058
1271 1273 4517061
1271 1271 4517064
1270 1273 4517067
1271 1274 4517070
1272 1272 4517073
1272 1273 4517076
1271 1272 4517079
1272 1271 4517082
1272 1271 4517085
1269 1273 4517088
1271 1273 4517091
1271 1272 4517094
1271 1272 4517097
1270 1272 4517100
1272 1274 4517103
1271 1272 4517106
1272 1274 4517109
1270 1272 4517112
1272 1272 4517115
1271 1273 4517118
1272 1272 4517121
1270 1273 4517124
1271 1272 4517127
1271 1273 4517130
1270 1272 4517133
1272 1273 4517136
1271 1274 4517139
1272 1273 4517142
1270 1272 4517145
1271 1272 4517148
1271 1273 4517151
1272 1272 4517154
1271 1273 4517157
1271 1273 4517160
1271 1272 4517163
1271 1271 4517166
1272 1274 4517169
1270 1272 4517172
1271 1273 4517175
1270 1272 4517178
1272 1274 4517181
1271 1273 4517184
1273 1273 4517187
1271 1274 4517190
1271 1273 4517193
1271 1272 4517196
1270 1272 4517199
1272 1273 4517202
1271 1271 4517205
1271 1274 4517208
1270 1274 4517211
1271 1273 4517214
1272 1273 4517217
1272 1273 4517220
1271 1274 4517223
1271 1272 4517226
1271 1273 4517229
1270 1271 4517232
1272 1273 4517235
1270 1273 4517238
1271 1272 4517241
1271 1272 4517244
1272 1271 4517247
1272 1273 4517250
1272 1273 4517253
1271 1273 4517256
1271 1273 4517259
1271 1272 4517262
1271 1271 4517265
1272 1273 4517268
1270 1273 4517271
1271 1274 4517274
1270 1272 4517277
1272 1273 4517280
1271 1273 4517283
1272 1272 4517286
1271 1274 4517289
1271 1272 4517292
1271 1271 4517295
1271 1272 4517298
1272 1274 4517301
1270 1272 4517304
1271 1273 4517307
1270 1274 4517310
1272 1273 4517313
1271 1272 4517316
1271 1273 4517319
1271 1273 4517322
1271 1272 4517325
1271 1273 4517328
1270 1272 4517331
1272 1273 4517334
1271 1272 4517337
1271 1274 4517340
1270 1273 4517343
1271 1272 4517346
1271 1274 4517349
1271 1272 4517352
1271 1272 4517355
1271 1272 4517358
1271 1272 4517361
1270 1271 4517364
1272 1273 4517367
1270 1273 4517370
1272 1274 4517373
1270 1272 4517376
1271 1273 4517379
1271 1273 4517382
1271 1271 4517385
1271 1272 4517388
1271 1273 4517391
1271 1271 4517394
1270 1271 4517397
1271 1274 4517400
1270 1273 4517403
1272 1273 4517406
1270 1273 4517409
1273 1272 4517412
1271 1271 4517415
1271 1272 4517418
1270 1274 4517421
1270 1273 4517424
1271 1272 4517427
1270 1271 4517430
1272 1274 4517433
1270 1272 4517436
1272 1273 4517439
1270 1273 4517442
1271 1271 4517445
1272 1272 4517448
1271 1273 4517451
1269 1272 4517454
1270 1271 4517457
1270 1271 4517460
1269 1272 4517463
1271 1273 4517466
1269 1273 4517469
1272 1274 4517472
1269 1272 4517475
1271 1271 4517478
1271 1272 4517481
1273 1272 4517484
1273 1273 4517487
1272 1272 4517490
1271 1273 4517493
1271 1272 4517496
1272 1274 4517499
1270 1273 4517502
1271 1272 4517505
1270 1272 4517508
1271 1272 4517511
1269 1273 4517514
1271 1272 4517517
1271 1273 4517520
1271 1273 4517523
1271 1272 4517526
1271 1272 4517529
1271 1275 4517532
1270 1271 4517535
1272 1273 4517538
1270 1273 4517541
1272 1272 4517544
1271 1271 4517547
1272 1272 4517550
1271 1273 4517553
1271 1272 4517556
1272 1271 4517559
1271 1272 4517562
1272 1273 4517565
1270 1272 4517568
1270 1274 4517571
1270 1272 4517574
1270 1272 4517577
1271 1272 4517580
1271 1273 4517583
1271 1272 4517586
1271 1272 4517589
1271 1273 4517592
1270 1271 4517595
1272 1273 4517598
1270 1273 4517601
1271 1274 4517604
1270 1272 4517607
1272 1272 4517610
1271 1273 4517613
1271 1272 4517616
1271 1273 4517619
1271 1273 4517622
1271 1271 4517625
1271 1271 4517628
1271 1274 4517631
1270 1272 4517634
1271 1273 4517637
1270 1273 4517640
1272 1272 4517643
1271 1272 4517646
1271 1272 4517649
1270 1274 4517652
1271 1271 4517655
1271 1272 4517658
1270 1271 4517661
1271 1273 4517664
1271 1272 4517667
1271 1274 4517670
1270 1273 4517673
1272 1272 4517676
1271 1272 4517679
1271 1273 4517682
1271 1272 4517685
1271 1272 4517688
1270 1272 4517691
1270 1271 4517694
1272 1273 4517697
1271 1272 4517700
1271 1274 4517703
1270 1272 4517706
1271 1272 4517709
1271 1273 4517712
1271 1272 4517715
1271 1271 4517718
1271 1273 4517721
1271 1272 4517724
1270 1270 4517727
1272 1273 4517730
1270 1273 4517733
1271 1273 4517736
1270 1272 4517739
1272 1273 4517742
1271 1272 4517745
1271 1272 4517748
1270 1273 4517751
1271 1272 4517754
1270 1272 4517757
1270 1272 4517760
1272 1274 4517763
1270 1273 4517766
1272 1273 4517769
1270 1273 4517772
1271 1272 4517775
1273 1272 4517778
1271 1273 4517781
1271 1271 4517784
1272 1271 4517787
1272 1271 4517790
1270 1272 4517793
1272 1274 4517796
1271 1272 4517799
1272 1275 4517802
1270 1272 4517805
1272 1271 4517808
1271 1272 4517811
1271 1273 4517814
1271 1273 4517817
1271 1273 4517820
1271 1273 4517823
1270 1273 4517826
1272 1273 4517829
1270 1274 4517832
1271 1273 4517835
1270 1272 4517838
1271 1272 4517841
1270 1270 4517844
1270 1271 4517847
1270 1271 4517850
1271 1273 4517853
1271 1272 4517856
1270 1271 4517859
1272 1274 4517862
1270 1272 4517865
1272 1272 4517868
1269 1273 4517871
1272 1273 4517874
1271 1271 4517877
1272 1272 4517880
1270 1274 4517883
1271 1272 4517886
1271 1272 4517889
1271 1273 4517892
1271 1274 4517895
1271 1272 4517898
1272 1273 4517901
1269 1273 4517904
1271 1271 4517907
1272 1272 4517910
1271 1272 4517913
1271 1273 4517916
1271 1272 4517919
1271 1274 4517922
1270 1271 4517925
1272 1273 4517928
1271 1272 4517931
1271 1274 4517934
1269 1272 4517937
1272 1271 4517940
1271 1272 4517943
1271 1272 4517946
1271 1272 4517949
1271 1273 4517952
1270 1272 4517955
1270 1270 4517958
1272 1273 4517961
1271 1272 4517964
1272 1272 4517967
1270 1272 4517970
1271 1272 4517973
1271 1272 4517976
1271 1271 4517979
1271 1274 4517982
1271 1272 4517985
1271 1271 4517988
1270 1272 4517991
1272 1273 4517994
1270 1272 4517997
1271 1272 4518001
1271 1274 4518004
1270 1272 4518007
1272 1273 4518010
1270 1272 4518013
1271 1272 4518016
1271 1272 4518019
1272 1270 4518022
1271 1272 4518025
1273 1272 4518028
1272 1272 4518031
1272 1273 4518034
1272 1274 4518036
1271 1271 4518039
1271 1272 4518042
1271 1273 4518045
1272 1271 4518048
1270 1273 4518051
1271 1272 4518054
1271 1272 4518057
1271 1271 4518060
1271 1272 4518063
1271 1274 4518066
1271 1271 4518069
1272 1270 4518072
1271 1274 4518075
1271 1271 4518078
1271 1272 4518081
1271 1272 4518084
1272 1274 4518087
1270 1271 4518090
1271 1273 4518093
1270 1273 4518096
1272 1272 4518099
1272 1272 4518102
1271 1273 4518105
1270 1272 4518108
1271 1272 4518111
1270 1272 4518114
1270 1270 4518117
1272 1273 4518120
1270 1272 4518123
1271 1274 4518126
1270 1272 4518129
1271 1272 4518132
1271 1273 4518135
1272 1272 4518138
1271 1272 4518141
1271 1272 4518144
1270 1272 4518147
1270 1271 4518150
1272 1273 4518153
1270 1273 4518156
1272 1273 4518159
1270 1272 4518162
1272 1273 4518165
1270 1272 4518168
1271 1272 4518171
1270 1273 4518174
1271 1273 4518177
1271 1272 4518180
1270 1271 4518183
1272 1274 4518186
1270 1272 4518189
1271 1273 4518192
1270 1272 4518195
1271 1271 4518198
1271 1271 4518201
1271 1272 4518204
1270 1274 4518207
1270 1272 4518210
1270 1271 4518213
1271 1271 4518216
1272 1274 4518219
1271 1272 4518222
1271 1274 4518225
1270 1273 4518228
1272 1272 4518231
1271 1272 4518234
1271 1272 4518237
1269 1272 4518240
1271 1271 4518243
1270 1273 4518246
1270 1271 4518249
1272 1273 4518252
1270 1273 4518255
1271 1273 4518258
1269 1272 4518261
1271 1272 4518264
1271 1273 4518267
1271 1272 4518270
1270 1272 4518273
1270 1273 4518276
1271 1273 4518279
1271 1271 4518282
1272 1274 4518285
1270 1272 4518288
1271 1273 4518291
1269 1273 4518294
1271 1273 4518297
1271 1272 4518300
1272 1272 4518303
1271 1274 4518306
1271 1273 4518309
1271 1272 4518312
1270 1273 4518315
1272 1274 4518318
1270 1271 4518321
1271 1274 4518324
1270 1273 4518327
1271 1272 4518330
1272 1272 4518333
1271 1273 4518336
1271 1273 4518339
1271 1272 4518342
1271 1274 4518345
1270 1271 4518348
1271 1273 4518351
1271 1274 4518354
1271 1273 4518357
1269 1272 4518360
1272 1271 4518363
1271 1272 4518366
1271 1272 4518369
1271 1272 4518372
1271 1273 4518375
1270 1272 4518378
1270 1271 4518381
1272 1274 4518384
1270 1273 4518387
1271 1273 4518390
1270 1272 4518393
1271 1273 4518396
1270 1272 4518399
1271 1272 4518402
1271 1274 4518405
1271 1272 4518408
1271 1271 4518411
1270 1272 4518414
1271 1274 4518417
1271 1272 4518420
1272 1273 4518423
1270 1273 4518426
1271 1272 4518429
1271 1271 4518432
1271 1274 4518435
1271 1273 4518438
1270 1272 4518441
1271 1273 4518444
1270 1272 4518447
1272 1274 4518450
1270 1272 4518453
1271 1273 4518456
1270 1273 4518459
1272 1272 4518462
1271 1273 4518465
1271 1273 4518468
1271 1272 4518471
1271 1272 4518474
1270 1272 4518477
1269 1272 4518480
1272 1273 4518483
1271 1273 4518486
1271 1274 4518489
1270 1272 4518492
1272 1273 4518495
1271 1273 4518498
1271 1271 4518501
1271 1273 4518504
1270 1272 4518507
1271 1270 4518510
1270 1271 4518513
1271 1273 4518516
1270 1273 4518519
1271 1273 4518522
1270 1272 4518525
1272 1272 4518528
1270 1271 4518531
1271 1272 4518534
1271 1273 4518537
1271 1273 4518540
1272 1272 4518543
1270 1272 4518546
1272 1274 4518549
1271 1273 4518552
1271 1274 4518555
1269 1274 4518558
1272 1271 4518561
1271 1272 4518564
1271 1272 4518567
1268 1273 4518570
1270 1272 4518573
1271 1273 4518576
1270 1272 4518579
1272 1273 4518582
1270 1274 4518585
1271 1273 4518588
1270 1272 4518591
1271 1272 4518594
1271 1273 4518597
1267 1273 4518600
1270 1272 4518603
1270 1272 4518606
1271 1272 4518609
1270 1272 4518612
1272 1274 4518615
1271 1273 4518618
1271 1272 4518621
1270 1272 4518624
1271 1272 4518627
1271 1273 4518630
1271 1272 4518633
1271 1273 4518636
1271 1273 4518639
1271 1272 4518642
1270 1271 4518645
1271 1274 4518648
1271 1272 4518651
1271 1273 4518654
1269 1273 4518657
1272 1272 4518660
1271 1272 4518663
1272 1273 4518666
1271 1274 4518669
1271 1272 4518672
1271 1272 4518675
1271 1273 4518678
1271 1274 4518681
1270 1272 4518684
1270 1274 4518687
1269 1273 4518690
1271 1272 4518693
1271 1272 4518696
1270 1274 4518699
1270 1274 4518702
1271 1272 4518705
1271 1273 4518708
1270 1270 4518711
1272 1273 4518714
1270 1273 4518717
1271 1273 4518720
1270 1272 4518723
1272 1271 4518726
1271 1272 4518729
1272 1273 4518732
1271 1273 4518735
1271 1273 4518738
1271 1272 4518741
1270 1272 4518744
1272 1274 4518747
1270 1271 4518750
1271 1272 4518753
1269 1273 4518756
1272 1273 4518759
1271 1273 4518762
1272 1271 4518765
1270 1273 4518768
1271 1272 4518771
1271 1271 4518774
1271 1272 4518777
1272 1274 4518780
1271 1272 4518783
1273 1273 4518786
1270 1273 4518789
1272 1273 4518792
1271 1272 4518795
1272 1273 4518798
1270 1273 4518801
1271 1271 4518804
1271 1272 4518807
1270 1270 4518810
1272 1272 4518813
1271 1272 4518816
1272 1273 4518819
1270 1273 4518822
1272 1272 4518825
1272 1273 4518828
1272 1272 4518831
1271 1272 4518834
1271 1273 4518837
1270 1272 4518840
1269 1270 4518843
1271 1273 4518846
1271 1273 4518849
1271 1273 4518852
1270 1272 4518855
1271 1273 4518858
1271 1272 4518861
1272 1271 4518864
1271 1273 4518867
1271 1272 4518870
1270 1271 4518873
1270 1270 4518876
1272 1273 4518879
1270 1273 4518882
1272 1273 4518885
1270 1273 4518888
1271 1272 4518891
1271 1272 4518894
1271 1272 4518897
1271 1273 4518900
1271 1272 4518903
1271 1271 4518906
1270 1272 4518909
1272 1274 4518912
1271 1272 4518915
1272 1274 4518918
1269 1272 4518921
1271 1271 4518924
1271 1272 4518927
1271 1272 4518930
1271 1273 4518933
1271 1272 4518936
1271 1272 4518939
1270 1272 4518942
1272 1274 4518945
1271 1274 4518948
1271 1273 4518951
1269 1271 4518954
1272 1273 4518957
1270 1272 4518960
1270 1273 4518963
1271 1273 4518966
1271 1273 4518969
1270 1273 4518972
1270 1271 4518975
1272 1273 4518978
1271 1273 4518981
1271 1272 4518984
1269 1272 4518987
1271 1272 4518990
1271 1272 4518993
1271 1272 4518996
1270 1273 4519000
1270 1272 4519003
1271 1271 4519006
1271 1273 4519009
1271 1272 4519012
1272 1272 4519015
1270 1272 4519018
1271 1271 4519021
1272 1273 4519024
1273 1271 4519027
1272 1273 4519030
1271 1273 4519033
1272 1272 4519036
1272 1273 4519039
1271 1273 4519041
1271 1271 4519044
1272 1272 4519047
1270 1273 4519050
1270 1272 4519053
1268 1273 4519056
1271 1272 4519059
1271 1273 4519062
1270 1271 4519065
1272 1272 4519068
1271 1275 4519071
1271 1270 4519074
1272 1272 4519077
1271 1273 4519080
1273 1272 4519083
1272 1272 4519086
1272 1272 4519089
1272 1274 4519092
1270 1272 4519095
1271 1273 4519098
1270 1273 4519101
1272 1271 4519104
1271 1272 4519107
1271 1272 4519110
1270 1273 4519113
1271 1272 4519116
1272 1273 4519119
1270 1272 4519122
1271 1273 4519125
1271 1272 4519128
1271 1274 4519131
1270 1271 4519134
1271 1272 4519137
1270 1272 4519140
1270 1272 4519143
1270 1272 4519146
1271 1272 4519149
1271 1272 4519152
1270 1271 4519155
1272 1274 4519158
1270 1273 4519161
1271 1273 4519164
1270 1272 4519167
1272 1272 4519170
1271 1272 4519173
1271 1272 4519176
1271 1273 4519179
1272 1272 4519182
1271 1272 4519185
1271 1272 4519188
1272 1274 4519191
1270 1272 4519194
1272 1273 4519197
1269 1273 4519200
1271 1272 4519203
1271 1272 4519206
1272 1272 4519209
1271 1273 4519212
1271 1272 4519215
1270 1272 4519218
1270 1271 4519221
1271 1272 4519224
1271 1272 4519227
1271 1274 4519230
1270 1273 4519233
1272 1271 4519236
1271 1272 4519239
1272 1273 4519242
1271 1273 4519245
1271 1272 4519248
1270 1272 4519251
1270 1270 4519254
1272 1273 4519257
1270 1273 4519260
1271 1273 4519263
1269 1272 4519266
1271 1272 4519269
1271 1273 4519272
1272 1272 4519275
1271 1273 4519278
1271 1273 4519281
1271 1272 4519284
1268 1271 4519287
1272 1274 4519290
1270 1274 4519293
1270 1274 4519296
1270 1273 4519299
1272 1273 4519302
1271 1273 4519305
1271 1272 4519308
1271 1274 4519311
1271 1272 4519314
1271 1272 4519317
1270 1271 4519320
1271 1273 4519323
1270 1271 4519326
1270 1273 4519329
1269 1273 4519332
1271 1272 4519335
1271 1272 4519338
1271 1273 4519341
1270 1272 4519344
1270 1271 4519347
1271 1272 4519350
1270 1272 4519353
1271 1273 4519356
1270 1272 4519359
1271 1274 4519362
1270 1273 4519365
1272 1272 4519368
1271 1273 4519371
1271 1272 4519374
1270 1272 4519377
1271 1272 4519380
1270 1272 4519383
1270 1271 4519386
1272 1273 4519389
1271 1273 4519392
1271 1273 4519395
1270 1272 4519398
1272 1273 4519401
1271 1272 4519404
1272 1271 4519407
1270 1273 4519410
1270 1273 4519413
1270 1272 4519416
1270 1271 4519419
1272 1273 4519422
1270 1273 4519425
1271 1273 4519428
1270 1273 4519431
1272 1272 4519434
1271 1271 4519437
1272 1272 4519440
1270 1273 4519443
1270 1272 4519446
1271 1271 4519449
1270 1272 4519452
1272 1274 4519455
1271 1272 4519458
1272 1273 4519461
1270 1272 4519464
1271 1271 4519467
1271 1272 4519470
1271 1272 4519473
1271 1273 4519476
1272 1272 4519479
1271 1272 4519482
1271 1272 4519485
1271 1273 4519488
1271 1273 4519491
1271 1273 4519494
1270 1271 4519497
1271 1271 4519500
1271 1273 4519503
1270 1271 4519506
1270 1272 4519509
1271 1272 4519512
1270 1272 4519515
1270 1271 4519518
1272 1274 4519521
1271 1273 4519524
1271 1272 4519527
1270 1272 4519530
1271 1272 4519533
1271 1271 4519536
1272 1271 4519539
1271 1272 4519542
1271 1272 4519545
1270 1271 4519548
1270 1272 4519551
1272 1274 4519554
1270 1271 4519557
1271 1273 4519560
1270 1273 4519563
1270 1272 4519566
1271 1272 4519569
1271 1272 4519572
1270 1273 4519575
1270 1271 4519578
1270 1273 4519581
1270 1272 4519584
1272 1273 4519587
1271 1273 4519590
1271 1274 4519593
1269 1271 4519596
1271 1271 4519599
1271 1273 4519602
1271 1272 4519605
1270 1272 4519608
1271 1272 4519611
1271 1272 4519614
1271 1270 4519617
1272 1273 4519620
1270 1272 4519623
1270 1272 4519626
1270 1271 4519629
1272 1272 4519632
1271 1273 4519635
1271 1272 4519638
1270 1272 4519641
1271 1273 4519644
1271 1272 4519647
1270 1271 4519650
1272 1274 4519653
1270 1272 4519656
1271 1273 4519659
1270 1272 4519662
1272 1273 4519665
1272 1272 4519668
1271 1272 4519671
1271 1274 4519674
1270 1271 4519677
1271 1272 4519680
1270 1272 4519683
1271 1273 4519686
1270 1272 4519689
1272 1273 4519692
1270 1273 4519695
1271 1272 4519698
1271 1272 4519701
1271 1274 4519704
1270 1273 4519707
1271 1272 4519710
1270 1273 4519713
1269 1273 4519716
1272 1274 4519719
1271 1273 4519722
1271 1275 4519725
1270 1273 4519728
1271 1272 4519731
1272 1273 4519734
1271 1272 4519737
1271 1272 4519740
1271 1272 4519743
1270 1271 4519746
1271 1270 4519749
1272 1273 4519752
1270 1274 4519755
1271 1274 4519758
1270 1273 4519761
1271 1273 4519764
1271 1272 4519767
1271 1271 4519770
1270 1272 4519773
1270 1271 4519776
1272 1271 4519779
1270 1271 4519782
1271 1274 4519785
1269 1272 4519788
1272 1273 4519791
1270 1273 4519794
1271 1272 4519797
1272 1271 4519800
1271 1273 4519803
1270 1273 4519806
1271 1272 4519809
1271 1271 4519812
1270 1272 4519815
1272 1274 4519818
1271 1272 4519821
1272 1274 4519824
1269 1273 4519827
1272 1271 4519830
1271 1272 4519833
1272 1273 4519836
1270 1273 4519839
1271 1272 4519842
1270 1272 4519845
1270 1271 4519848
1272 1273 4519851
1270 1273 4519854
1271 1273 4519857
1269 1272 4519860
1271 1272 4519863
1270 1272 4519866
1272 1272 4519869
1271 1272 4519872
1271 1273 4519875
1270 1272 4519878
1270 1271 4519881
1272 1274 4519884
1270 1272 4519887
1271 1272 4519890
1270 1272 4519893
1270 1272 4519896
1271 1272 4519899
1272 1271 4519902
1271 1273 4519905
1271 1273 4519908
1270 1271 4519911
1270 1272 4519914
1272 1274 4519917
1270 1271 4519920
1271 1273 4519923
1269 1273 4519926
1272 1272 4519929
1271 1272 4519932
1271 1272 4519935
1271 1273 4519938
1271 1272 4519941
1271 1272 4519944
1271 1272 4519947
1271 1273 4519950
1271 1272 4519953
1271 1273 4519956
1272 1271 4519959
1272 1271 4519962
1271 1272 4519965
1272 1273 4519968
1271 1272 4519971
1271 1273 4519974
1271 1272 4519977
1271 1271 4519980
1271 1273 4519983
1270 1273 4519986
1273 1272 4519989
1270 1271 4519992
1272 1272 4519995
1271 1273 4519999
1272 1271 4520002
1272 1273 4520005
1272 1273 4520008
1271 1269 4520011
1272 1272 4520014
1271 1272 4520017
1274 1273 4520020
1272 1274 4520023
1273 1272 4520026
1271 1274 4520029
1271 1272 4520032
1272 1271 4520035
1271 1274 4520038
1270 1270 4520040
1273 1272 4520043
1270 1274 4520046
1271 1272 4520049
1271 1272 4520052
1270 1273 4520055
1273 1272 4520058
1271 1273 4520061
1271 1272 4520064
1270 1275 4520067
1271 1273 4520070
1272 1272 4520073
1271 1273 4520076
1270 1272 4520079
1272 1272 4520082
1272 1272 4520085
1270 1273 4520088
1271 1273 4520091
1271 1272 4520094
1271 1273 4520097
1270 1271 4520100
1272 1273 4520103
1270 1273 4520106
1271 1273 4520109
1270 1272 4520112
1272 1272 4520115
1270 1272 4520118
1272 1272 4520121
1271 1272 4520124
1270 1273 4520127
1270 1271 4520130
1270 1271 4520133
1272 1274 4520136
1270 1272 4520139
1272 1273 4520142
1270 1273 4520145
1271 1272 4520148
1271 1273 4520151
1272 1272 4520154
