1270 1273 4534560
1271 1273 4534563
1273 1274 4534566
1276 1278 4534569
1270 1273 4534572
1270 1270 4534575
1272 1272 4534578
1272 1273 4534581
1275 1276 4534584
1268 1270 4534587
1271 1272 4534590
1274 1274 4534593
1272 1273 4534596
1276 1276 4534599
1269 1271 4534602
1270 1271 4534605
1270 1272 4534608
1272 1273 4534611
1273 1275 4534614
1272 1270 4534617
1269 1272 4534620
1273 1271 4534623
1272 1272 4534626
1271 1276 4534629
1276 1272 4534632
1268 1271 4534635
1270 1275 4534638
1272 1273 4534641
1270 1274 4534644
1277 1271 4534647
1268 1271 4534650
1269 1272 4534653
1274 1274 4534656
1273 1274 4534659
1275 1272 4534662
1268 1271 4534665
1270 1272 4534668
1272 1275 4534671
1272 1273 4534674
1274 1275 4534677
1269 1272 4534680
1270 1271 4534683
1271 1273 4534686
1272 1273 4534689
1276 1278 4534692
1269 1271 4534695
1270 1271 4534698
1272 1275 4534701
1272 1273 4534704
1276 1276 4534707
1268 1269 4534710
1271 1270 4534713
1271 1272 4534716
1271 1274 4534719
1272 1277 4534722
1271 1271 4534725
1270 1271 4534728
1271 1273 4534731
1271 1273 4534734
1274 1277 4534737
1275 1272 4534740
1268 1270 4534743
1270 1273 4534746
1274 1272 4534749
1270 1273 4534752
1277 1272 4534755
1269 1272 4534758
1270 1272 4534761
1271 1273 4534764
1272 1273 4534767
1276 1278 4534770
1269 1271 4534773
1269 1269 4534776
1274 1273 4534779
1271 1273 4534782
1271 1278 4534785
1271 1271 4534788
1271 1273 4534791
1270 1272 4534794
1272 1273 4534797
1272 1277 4534800
1276 1272 4534803
1267 1270 4534806
1268 1270 4534809
1273 1274 4534812
1273 1273 4534815
1274 1277 4534818
1270 1272 4534821
1270 1271 4534824
1272 1274 4534827
1271 1272 4534830
1271 1277 4534833
1277 1270 4534836
1269 1271 4534839
1270 1273 4534842
1273 1272 4534845
1272 1273 4534848
1275 1272 4534851
1270 1272 4534854
1270 1272 4534857
1271 1273 4534860
1272 1276 4534863
1272 1278 4534866
1271 1272 4534869
1269 1271 4534872
1270 1272 4534875
1273 1273 4534878
1273 1277 4534881
1275 1272 4534884
1269 1271 4534887
1270 1273 4534890
1272 1273 4534893
1272 1271 4534896
1275 1277 4534899
1270 1271 4534902
1269 1271 4534905
1272 1271 4534908
1271 1273 4534911
1272 1277 4534914
1269 1270 4534917
1271 1272 4534920
1271 1274 4534923
1271 1274 4534926
1272 1275 4534929
1275 1272 4534932
1269 1273 4534935
1269 1272 4534938
1271 1272 4534941
1271 1275 4534944
1277 1270 4534947
1267 1272 4534950
1270 1272 4534953
1273 1274 4534956
1271 1272 4534959
1275 1272 4534962
1269 1272 4534965
1271 1272 4534968
1270 1273 4534971
1270 1272 4534974
1276 1276 4534977
1269 1270 4534980
1269 1272 4534983
1273 1274 4534986
1273 1272 4534989
1271 1276 4534992
1269 1271 4534995
1270 1272 4534999
1272 1274 4535002
1271 1272 4535005
1274 1275 4535008
1276 1271 4535011
1269 1272 4535014
1271 1270 4535017
1275 1273 4535020
1271 1272 4535023
1275 1273 4535026
1269 1272 4535029
1269 1272 4535031
1272 1275 4535034
1272 1272 4535037
1276 1277 4535040
1269 1271 4535043
1267 1272 4535046
1270 1272 4535049
1272 1272 4535052
1271 1275 4535055
1269 1269 4535058
1270 1272 4535061
1273 1273 4535064
1272 1271 4535067
1273 1276 4535070
1276 1271 4535073
1267 1271 4535076
1271 1272 4535079
1273 1275 4535082
1271 1273 4535085
1274 1271 4535088
1268 1273 4535091
1271 1273 4535094
1270 1272 4535097
1271 1272 4535100
1276 1277 4535103
1271 1269 4535106
1269 1271 4535109
1272 1274 4535112
1273 1274 4535115
1271 1274 4535118
1270 1270 4535121
1271 1272 4535124
1272 1274 4535127
1272 1273 4535130
1271 1276 4535133
1278 1272 4535136
1270 1271 4535139
1270 1273 4535142
1275 1275 4535145
1273 1274 4535148
1275 1272 4535151
1268 1273 4535154
1269 1271 4535157
1273 1273 4535160
1270 1274 4535163
1274 1276 4535166
1270 1270 4535169
1271 1271 4535172
1270 1275 4535175
1274 1273 4535178
1272 1277 4535181
1270 1271 4535184
1271 1270 4535187
1270 1273 4535190
1272 1274 4535193
1271 1276 4535196
1276 1270 4535199
1269 1271 4535202
1270 1273 4535205
1273 1274 4535208
1273 1273 4535211
1276 1272 4535214
1268 1272 4535217
1270 1271 4535220
1272 1273 4535223
1272 1275 4535226
1275 1276 4535229
1270 1269 4535232
1271 1272 4535235
1272 1274 4535238
1271 1274 4535241
1272 1276 4535244
1270 1270 4535247
1271 1271 4535250
1271 1273 4535253
1271 1273 4535256
1273 1277 4535259
1276 1271 4535262
1268 1271 4535265
1271 1272 4535268
1273 1273 4535271
1271 1274 4535274
1276 1272 4535277
1269 1272 4535280
1269 1272 4535283
1271 1273 4535286
1271 1274 4535289
1276 1278 4535292
1270 1271 4535295
1269 1270 4535298
1272 1273 4535301
1272 1273 4535304
1270 1275 4535307
1272 1270 4535310
1271 1272 4535313
1270 1274 4535316
1271 1273 4535319
1273 1276 4535322
1277 1273 4535325
1268 1271 4535328
1269 1270 4535331
1273 1274 4535334
1273 1271 4535337
1274 1272 4535340
1269 1273 4535343
1270 1273 4535346
1272 1273 4535349
1273 1273 4535352
1275 1278 4535355
1270 1272 4535358
1269 1270 4535361
1270 1273 4535364
1274 1273 4535367
1272 1275 4535370
1269 1271 4535373
1272 1273 4535376
1271 1274 4535379
1272 1273 4535382
1272 1277 4535385
1276 1272 4535388
1269 1273 4535391
1269 1274 4535394
1273 1272 4535397
1272 1271 4535400
1276 1272 4535403
1268 1273 4535406
1271 1272 4535409
1272 1273 4535412
1271 1275 4535415
1275 1277 4535418
1269 1270 4535421
1271 1273 4539829
1272 1271 4539832
1271 1271 4539835
1271 1274 4539838
1270 1272 4539841
1271 1271 4539844
1271 1271 4539846
1273 1272 4539849
1271 1273 4539852
1271 1272 4539855
1271 1274 4539858
1272 1272 4539861
1273 1271 4539864
1270 1272 4539867
1271 1273 4539870
1270 1273 4539873
1271 1273 4539876
1272 1273 4539879
1270 1273 4539882
1273 1274 4539885
1270 1273 4539888
1270 1271 4539891
1272 1272 4539894
1272 1272 4539897
1271 1274 4539900
1272 1273 4539903
1272 1273 4539906
1271 1273 4539909
1271 1272 4539912
1271 1272 4539915
1272 1274 4539918
1270 1271 4539921
1271 1270 4539924
1272 1272 4539927
1272 1273 4539930
1270 1273 4539933
1272 1273 4539936
1272 1274 4539939
1271 1272 4539942
1271 1271 4539945
1271 1274 4539948
1271 1273 4539951
1270 1272 4539954
1270 1271 4539957
1271 1272 4539960
1272 1271 4539963
1270 1272 4539966
1272 1273 4539969
1271 1272 4539972
1271 1272 4539975
1270 1273 4539978
1271 1272 4539981
1271 1272 4539984
1269 1272 4539987
1270 1272 4539990
1272 1272 4539993
1271 1272 4539996
1269 1273 4540000
1270 1274 4540003
1271 1275 4540006
1272 1271 4540009
1272 1271 4540012
1271 1272 4540015
1271 1275 4540018
1271 1269 4540021
1273 1270 4540024
1272 1271 4540026
1272 1272 4540029
1271 1272 4540032
1270 1272 4540035
1271 1274 4540038
1271 1272 4540041
1272 1271 4540044
1271 1273 4540047
1271 1272 4540050
1270 1272 4540053
1271 1273 4540056
1271 1273 4540059
1270 1273 4540062
1274 1273 4540065
1271 1273 4540068
1270 1271 4540071
1272 1271 4540074
1271 1272 4540077
1270 1272 4540080
1273 1272 4540083
1272 1273 4540086
1270 1274 4540089
1271 1273 4540092
1271 1272 4540095
1272 1274 4540098
1270 1272 4540101
1270 1271 4540104
1272 1273 4540107
1271 1273 4540110
1270 1273 4540113
1272 1273 4540116
1273 1274 4540119
1271 1273 4540122
1271 1272 4540125
1271 1274 4540128
1272 1273 4540131
1270 1270 4540134
1270 1272 4540137
1272 1273 4540140
1271 1272 4540143
1270 1272 4540146
1272 1273 4540149
1272 1273 4540152
1271 1273 4540155
1271 1273 4540158
1270 1273 4540161
1272 1272 4540164
1270 1271 4540167
1270 1271 4540170
1271 1272 4540173
1272 1272 4540176
1270 1273 4540179
1271 1274 4540182
1272 1272 4540185
1271 1274 4540188
1271 1272 4540191
1271 1272 4540194
1271 1273 4540197
1270 1272 4540200
1270 1270 4540203
1272 1272 4540206
1271 1272 4540209
1270 1273 4540212
1272 1273 4540215
1272 1274 4540218
1271 1273 4540221
1271 1271 4540224
1270 1273 4540227
1272 1274 4540230
1270 1272 4540233
1270 1270 4540236
1272 1272 4540239
1272 1272 4540242
1270 1272 4540245
1272 1273 4540248
1272 1274 4540251
1271 1272 4540254
1271 1272 4540257
1270 1273 4540260
1271 1273 4540263
1271 1272 4540266
1271 1271 4540269
1272 1273 4540272
1272 1272 4540275
1270 1273 4540278
1272 1274 4540281
1272 1273 4540284
1271 1272 4540287
1271 1273 4540290
1270 1272 4540293
1272 1274 4540296
1270 1272 4540299
1270 1272 4540302
1271 1271 4540305
1271 1273 4540308
1270 1274 4540311
1272 1272 4540314
1272 1273 4540317
1271 1273 4540320
1272 1271 4540323
1271 1271 4540326
1272 1273 4540329
1270 1272 4540332
1270 1270 4540335
1272 1272 4540338
1271 1272 4540341
1270 1272 4540344
1273 1273 4540347
1271 1273 4540350
1272 1272 4540353
1271 1271 4540356
1274 1272 4540359
1271 1273 4540362
1270 1271 4540365
1270 1271 4540368
1271 1272 4540371
1270 1272 4540374
1270 1273 4540377
1272 1273 4540380
1272 1272 4540383
1270 1271 4540386
1270 1271 4540389
1270 1273 4540392
1272 1273 4540395
1270 1272 4540398
1270 1272 4540401
1271 1271 4540404
1272 1272 4540407
1270 1273 4540410
1273 1273 4540413
1273 1273 4540416
1271 1273 4540419
1271 1273 4540422
1271 1272 4540425
1272 1274 4540428
1270 1273 4540431
1270 1271 4540434
1272 1272 4540437
1272 1273 4540440
1270 1273 4540443
1272 1272 4540446
1272 1273 4540449
1270 1273 4540452
1271 1271 4540455
1271 1273 4540458
1271 1274 4540461
1270 1272 4540464
1270 1270 4540467
1271 1272 4540470
1272 1273 4540473
1270 1272 4540476
1272 1273 4540479
1272 1273 4540482
1270 1273 4540485
1271 1273 4540488
1271 1274 4540491
1272 1273 4540494
1270 1272 4540497
1270 1271 4540500
1271 1272 4540503
1272 1272 4540506
1271 1273 4540509
1272 1273 4540512
1272 1274 4540515
1271 1272 4540518
1271 1273 4540521
1270 1272 4540524
1272 1273 4540527
1270 1272 4540530
1270 1271 4540533
1271 1271 4540536
1271 1272 4540539
1270 1273 4540542
1272 1273 4540545
1272 1273 4540548
1271 1274 4540551
1270 1272 4540554
1271 1272 4540557
1272 1274 4540560
1269 1270 4540563
1271 1270 4540566
1272 1271 4540569
1271 1272 4540572
1270 1273 4540575
1272 1272 4540578
1272 1274 4540581
1271 1272 4540584
1271 1271 4540587
1270 1273 4540590
1271 1274 4540593
1271 1273 4540596
1271 1271 4540599
1271 1272 4540602
1271 1272 4540605
1270 1272 4540608
1272 1273 4540611
1272 1273 4540614
1271 1272 4540617
1271 1273 4540620
1270 1275 4540623
1270 1274 4540626
1270 1272 4540629
1271 1272 4540632
1271 1272 4540635
1271 1271 4540638
1270 1274 4540641
1272 1273 4540644
1271 1272 4540647
1270 1273 4540650
1271 1273 4540653
1270 1272 4540656
1272 1273 4540659
1270 1273 4540662
1270 1271 4540665
1272 1271 4540668
1272 1273 4540671
1270 1273 4540674
1272 1272 4540677
1272 1274 4540680
1270 1273 4540683
1270 1272 4540686
1271 1273 4540689
1272 1274 4540692
1270 1273 4540695
1270 1270 4540698
1271 1273 4540701
1271 1272 4540704
1271 1272 4540707
1272 1273 4540710
1271 1274 4540713
1271 1272 4540716
1271 1272 4540719
1271 1273 4540722
1272 1274 4540725
1271 1271 4540728
1270 1272 4540731
1271 1272 4540734
1271 1272 4540737
1270 1273 4540740
1272 1273 4540743
1272 1273 4540746
1271 1272 4540749
1271 1272 4540752
1271 1273 4540755
1272 1273 4540758
1271 1273 4540761
1270 1272 4540764
1272 1271 4540767
1271 1272 4540770
1270 1273 4540773
1274 1272 4540776
1273 1273 4540779
1270 1273 4540782
1271 1273 4540785
1271 1273 4540788
1272 1274 4540791
1271 1273 4540794
1270 1271 4540797
1272 1273 4540800
1272 1272 4540803
1269 1274 4540806
1272 1273 4540809
1272 1274 4540812
1270 1274 4540815
1271 1272 4540818
1272 1274 4540821
1273 1274 4540824
1270 1271 4540827
1270 1271 4540830
1273 1273 4540833
1272 1271 4540836
1270 1272 4540839
1272 1272 4540842
1272 1274 4540845
1270 1273 4540848
1271 1272 4540851
1271 1274 4540854
1271 1273 4540857
1270 1272 4540860
1270 1271 4540863
1273 1272 4540866
1274 1272 4540869
1271 1273 4540872
1272 1274 4540875
1272 1272 4540878
1271 1273 4540881
1271 1273 4540884
1271 1272 4540887
1272 1273 4540890
1270 1273 4540893
1268 1272 4540896
1271 1272 4540899
1272 1272 4540902
1270 1274 4540905
1272 1272 4540908
1272 1274 4540911
1270 1273 4540914
1271 1271 4540917
1271 1272 4540920
1272 1274 4540923
1269 1272 4540926
1271 1271 4540929
1272 1272 4540932
1272 1272 4540935
1270 1272 4540938
1272 1272 4540941
1272 1273 4540944
1270 1271 4540947
1271 1272 4540950
1271 1273 4540953
1271 1273 4540956
1270 1271 4540959
1271 1271 4540962
1272 1272 4540965
1272 1271 4540968
1270 1272 4540971
1272 1273 4540974
1271 1273 4540977
1271 1272 4540980
1271 1272 4540983
1270 1273 4540986
1271 1273 4540989
1271 1272 4540992
1270 1272 4540995
1271 1272 4540999
1271 1272 4541002
1271 1272 4541005
1272 1272 4541008
1271 1271 4541011
1271 1273 4541014
1271 1272 4541017
1272 1272 4541020
1270 1272 4541023
1271 1273 4541026
1272 1274 4541029
1270 1272 4541031
1271 1275 4541034
1271 1271 4541037
1272 1272 4541040
1270 1274 4541043
1271 1273 4541046
1271 1272 4541049
1272 1271 4541052
1272 1272 4541055
1272 1272 4541058
1271 1273 4541061
1273 1273 4541064
1270 1272 4541067
1272 1271 4541070
1271 1272 4541073
1270 1271 4541076
1272 1271 4541079
1272 1272 4541082
1270 1272 4541085
1271 1272 4541088
1270 1272 4541091
1271 1274 4541094
1270 1272 4541097
1270 1270 4541100
1272 1272 4541103
1271 1272 4541106
1270 1272 4541109
1272 1272 4541112
1272 1273 4541115
1270 1273 4541118
1271 1272 4541121
1271 1273 4541124
1272 1274 4541127
1270 1271 4541130
1271 1271 4541133
1271 1272 4541136
1271 1272 4541139
1270 1272 4541142
1272 1273 4541145
1271 1273 4541148
1271 1272 4541151
1271 1273 4541154
1271 1273 4541157
1272 1272 4541160
1270 1272 4541163
1270 1272 4541166
1273 1272 4541169
1272 1272 4541172
1270 1274 4541175
1272 1274 4541178
1272 1272 4541181
1271 1273 4541184
1271 1273 4541187
1271 1271 4541190
1272 1273 4541193
1269 1272 4541196
1268 1272 4541199
1271 1272 4541202
1271 1272 4541205
1270 1273 4541208
1272 1272 4541211
1272 1274 4541214
1270 1273 4541217
1270 1271 4541220
1271 1272 4541223
1271 1274 4541226
1272 1273 4541229
1272 1271 4541232
1273 1273 4541235
1272 1273 4541238
1270 1272 4541241
1272 1273 4541244
1272 1274 4541247
1271 1272 4541250
1271 1272 4541253
1271 1273 4541256
1271 1274 4541259
1271 1272 4541262
1270 1271 4541265
1271 1273 4541268
1272 1272 4541271
1270 1273 4541274
1271 1274 4541277
1272 1273 4541280
1271 1273 4541283
1271 1273 4541286
1271 1273 4541289
1272 1273 4541292
1270 1272 4541295
1271 1272 4541298
1272 1272 4541301
1272 1272 4541304
1271 1273 4541307
1272 1272 4541310
1272 1273 4541313
1271 1273 4541316
1270 1272 4541319
1271 1272 4541322
1271 1274 4541325
1270 1273 4541328
1270 1272 4541331
1272 1271 4541334
1272 1272 4541337
1270 1273 4541340
1272 1272 4541343
1271 1274 4541346
1270 1274 4541349
1271 1272 4541352
1270 1272 4541355
1272 1274 4541358
1270 1271 4541361
1271 1271 4541364
1272 1273 4541367
1271 1272 4541370
1270 1272 4541373
1272 1272 4541376
1272 1272 4541379
1272 1272 4541382
1272 1273 4541385
1271 1274 4541388
1273 1274 4541391
1271 1271 4541394
1271 1272 4541397
1272 1271 4541400
1271 1271 4541403
1269 1273 4541406
1272 1274 4541409
1272 1273 4541412
1271 1273 4541415
1270 1273 4541418
1271 1273 4541421
1272 1273 4541424
1270 1273 4541427
1271 1271 4541430
1272 1272 4541433
1271 1273 4541436
1270 1274 4541439
1270 1273 4541442
1271 1274 4541445
1270 1273 4541448
1270 1272 4541451
1271 1272 4541454
1272 1275 4541457
1270 1272 4541460
1270 1270 4541463
1271 1271 4541466
1271 1273 4541469
1271 1273 4541472
1273 1273 4541475
1271 1273 4541478
1271 1273 4541481
1272 1273 4541484
1271 1274 4541487
1271 1273 4541490
1271 1271 4541493
1270 1271 4541496
1271 1272 4541499
1272 1271 4541502
1270 1272 4541505
1272 1273 4541508
1272 1274 4541511
1270 1272 4541514
1271 1274 4541517
1270 1273 4541520
1272 1273 4541523
1270 1272 4541526
1270 1271 4541529
1273 1272 4541532
1272 1272 4541535
1270 1273 4541538
1272 1273 4541541
1272 1272 4541544
1271 1274 4541547
1271 1272 4541550
1271 1272 4541553
1271 1274 4541556
1270 1273 4541559
1270 1271 4541562
1272 1272 4541565
1271 1272 4541568
1270 1273 4541571
1273 1273 4541574
1272 1274 4541577
1270 1273 4541580
1271 1272 4541583
1271 1272 4541586
1271 1274 4541589
1270 1273 4541592
1271 1271 4541595
1272 1273 4541598
1272 1273 4541601
1270 1272 4541604
1272 1274 4541607
1272 1274 4541610
1271 1272 4541613
1271 1272 4541616
1271 1273 4541619
1271 1273 4541622
1270 1272 4541625
1270 1272 4541628
1272 1273 4541631
1271 1271 4541634
1270 1274 4541637
1271 1273 4541640
1272 1273 4541643
1271 1273 4541646
1271 1273 4541649
1270 1273 4541652
1272 1273 4541655
1271 1273 4541658
1270 1272 4541661
1271 1271 4541664
1272 1273 4541667
1271 1273 4541670
1272 1272 4541673
1272 1273 4541676
1270 1274 4541679
1272 1271 4541682
1271 1271 4541685
1272 1273 4541688
1270 1272 4541691
1270 1270 4541694
1272 1272 4541697
1271 1273 4541700
1270 1272 4541703
1271 1272 4541706
1271 1274 4541709
1272 1273 4541712
1272 1273 4541715
1271 1273 4541718
1272 1274 4541721
1270 1272 4541724
1271 1271 4541727
1272 1272 4541730
1272 1271 4541733
1271 1272 4541736
1272 1273 4541739
1272 1272 4541742
1270 1271 4541745
1271 1272 4541748
1270 1274 4541751
1272 1273 4541754
1270 1272 4541757
1270 1272 4541760
1272 1271 4541763
1271 1271 4541766
1270 1273 4541769
1271 1274 4541772
1273 1274 4541775
1271 1273 4541778
1271 1273 4541781
1271 1273 4541784
1272 1274 4541787
1270 1273 4541790
1270 1270 4541793
1271 1272 4541796
1271 1273 4541799
1270 1273 4541802
1272 1273 4541805
1272 1273 4541808
1270 1273 4541811
1271 1273 4541814
1271 1272 4541817
1272 1275 4541820
1270 1271 4541823
1270 1271 4541826
1271 1272 4541829
1271 1273 4541832
1270 1272 4541835
1272 1273 4541838
1272 1274 4541841
1271 1273 4541844
1271 1272 4541847
1271 1274 4541850
1271 1272 4541853
1270 1272 4541856
1271 1271 4541859
1272 1272 4541862
1272 1272 4541865
1270 1273 4541868
1272 1273 4541871
1271 1273 4541874
1271 1272 4541877
1271 1273 4541880
1271 1272 4541883
1272 1273 4541886
1269 1272 4541889
1270 1273 4541892
1271 1272 4541895
1272 1272 4541898
1270 1274 4541901
1272 1273 4541904
1273 1273 4541907
1271 1274 4541910
1271 1271 4541913
1271 1272 4541916
1272 1273 4541919
1270 1273 4541922
1270 1271 4541925
1272 1272 4541928
1272 1273 4541931
1270 1273 4541934
1272 1273 4541937
1272 1274 4541940
1271 1272 4541943
1271 1271 4541946
1270 1272 4541949
1271 1274 4541952
1270 1271 4541955
1271 1271 4541958
1272 1272 4541961
1271 1273 4541964
1271 1272 4541967
1272 1274 4541970
1272 1273 4541973
1271 1272 4541976
1270 1272 4541979
1270 1273 4541982
1272 1273 4541985
1271 1272 4541988
1271 1272 4541991
1272 1272 4541994
1272 1272 4541997
1270 1273 4542001
1271 1271 4542004
1272 1273 4542007
1271 1274 4542010
1271 1273 4542013
1273 1271 4542016
1272 1272 4542019
1271 1272 4542022
1271 1273 4542025
1272 1272 4542027
1271 1275 4542030
1271 1272 4542033
1272 1270 4542036
1271 1271 4542039
1270 1273 4542042
1270 1273 4542045
1273 1273 4542048
1272 1272 4542051
1272 1273 4542054
1273 1272 4542057
1271 1273 4542060
1272 1271 4542063
1271 1271 4542066
1271 1273 4542069
1270 1273 4542072
1271 1272 4542075
1271 1273 4542078
1272 1274 4542081
1270 1273 4542084
1270 1271 4542087
1271 1272 4542090
1272 1273 4542093
1270 1272 4542096
1272 1273 4542099
1271 1273 4542102
1271 1272 4542105
1271 1271 4542108
1271 1273 4542111
1272 1274 4542114
1271 1271 4542117
1271 1271 4542120
1272 1272 4542123
1271 1271 4542126
1270 1273 4542129
1271 1273 4542132
1270 1272 4542135
1270 1273 4542138
1270 1273 4542141
1270 1273 4542144
1272 1273 4542147
1271 1272 4542150
1270 1272 4542153
1271 1272 4542156
1271 1272 4542159
1269 1273 4542162
1273 1271 4542165
1272 1272 4542168
1271 1272 4542171
1270 1273 4542174
1271 1272 4542177
1272 1274 4542180
1270 1273 4542183
1270 1271 4542186
1272 1271 4542189
1272 1273 4542192
1271 1273 4542195
1272 1272 4542198
1272 1273 4542201
1271 1274 4542204
1271 1272 4542207
1271 1272 4542210
1272 1274 4542213
1270 1271 4542216
1271 1270 4542219
1271 1272 4542222
1271 1272 4542225
1271 1273 4542228
1273 1273 4542231
1272 1274 4542234
1271 1273 4542237
1271 1273 4542240
1271 1274 4542243
1272 1273 4542246
1271 1272 4542249
1270 1272 4542252
1272 1271 4542255
1272 1271 4542258
1270 1272 4542261
1272 1274 4542264
1272 1273 4542267
1271 1272 4542270
1271 1273 4542273
1270 1272 4542276
1272 1273 4542279
1270 1272 4542282
1270 1271 4542285
1271 1272 4542288
1272 1272 4542291
1270 1273 4542294
1272 1273 4542297
1272 1273 4542300
1271 1273 4542303
1271 1272 4542306
1271 1272 4542309
1271 1273 4542312
1269 1272 4542315
1271 1270 4542318
1271 1272 4542321
1271 1272 4542324
1270 1273 4542327
1272 1273 4542330
1272 1274 4542333
1271 1272 4542336
1271 1272 4542339
1271 1273 4542342
1271 1271 4542345
1270 1270 4542348
1271 1270 4542351
1271 1272 4542354
1272 1272 4542357
1270 1272 4542360
1272 1274 4542363
1272 1273 4542366
1271 1272 4542369
1271 1272 4542372
1270 1271 4542375
1272 1272 4542378
1270 1271 4542381
1270 1271 4542384
1271 1272 4542387
1272 1272 4542390
1271 1274 4542393
1272 1272 4542396
1272 1272 4542399
1270 1273 4542402
1271 1271 4542405
1271 1272 4542408
1272 1274 4542411
1270 1272 4542414
1271 1271 4542417
1272 1271 4542420
1272 1273 4542423
1270 1272 4542426
1272 1272 4542429
1272 1273 4542432
1270 1274 4542435
1270 1272 4542438
1270 1272 4542441
1272 1274 4542444
1270 1272 4542447
1270 1271 4542450
1272 1273 4542453
1272 1272 4542456
1270 1272 4542459
1272 1273 4542462
1271 1274 4542465
1270 1272 4542468
1271 1271 4542471
1271 1273 4542474
1272 1274 4542477
1270 1272 4542480
1271 1272 4542483
1272 1272 4542486
1272 1271 4542489
1270 1273 4542492
1271 1273 4542495
1272 1273 4542498
1271 1272 4542501
1271 1272 4542504
1271 1273 4542507
1272 1273 4542510
1271 1272 4542513
1271 1272 4542516
1272 1271 4542519
1272 1272 4542522
1270 1273 4542525
1272 1273 4542528
1272 1273 4542531
1270 1273 4542534
1271 1272 4542537
1270 1272 4542540
1272 1274 4542543
1270 1273 4542546
1270 1271 4542549
1271 1272 4542552
1271 1272 4542555
1271 1273 4542558
1273 1272 4542561
1272 1274 4542564
1271 1273 4542567
1271 1272 4542570
1271 1273 4542573
1272 1274 4542576
1270 1271 4542579
1271 1271 4542582
1272 1273 4542585
1268 1273 4542588
1269 1272 4542591
1271 1273 4542594
1271 1273 4542597
1271 1272 4542600
1271 1272 4542603
1271 1273 4542606
1272 1272 4542609
1270 1272 4542612
1270 1271 4542615
1272 1272 4542618
1272 1271 4542621
1270 1273 4542624
1271 1274 4542627
1272 1273 4542630
1270 1273 4542633
1271 1273 4542636
1271 1272 4542639
1272 1273 4542642
1270 1273 4542645
1270 1271 4542648
1272 1272 4542651
1272 1272 4542654
1271 1273 4542657
1272 1273 4542660
1272 1273 4542663
1271 1274 4542666
1270 1271 4542669
1271 1272 4542672
1271 1274 4542675
1271 1272 4542678
1270 1270 4542681
1272 1272 4542684
1271 1273 4542687
1270 1273 4542690
1272 1272 4542693
1272 1274 4542696
1270 1271 4542699
1271 1271 4542702
1270 1273 4542705
1271 1273 4542708
1270 1272 4542711
1270 1271 4542714
1272 1273 4542717
1272 1272 4542720
1270 1272 4542723
1272 1274 4542726
1272 1273 4542729
1271 1272 4542732
1270 1272 4542735
1270 1272 4542738
1272 1272 4542741
1271 1272 4542744
1271 1272 4542747
1272 1273 4542750
1272 1272 4542753
1270 1273 4542756
1272 1273 4542759
1272 1273 4542762
1270 1273 4542765
1270 1270 4542768
1270 1272 4542771
1272 1272 4542774
1270 1272 4542777
1271 1271 4542780
1271 1271 4542783
1272 1273 4542786
1269 1273 4542789
1272 1272 4542792
1271 1273 4542795
1270 1271 4542798
1271 1272 4542801
1273 1271 4542804
1272 1273 4542807
1270 1272 4542810
1270 1271 4542813
1271 1273 4542816
1271 1272 4542819
1270 1271 4542822
1272 1273 4542825
1272 1274 4542828
1270 1272 4542831
1271 1272 4542834
1270 1273 4542837
1272 1274 4542840
1271 1272 4542843
1270 1272 4542846
1272 1272 4542849
1272 1271 4542852
1270 1273 4542855
1272 1273 4542858
1271 1273 4542861
1271 1272 4542864
1271 1272 4542867
1271 1273 4542870
1272 1273 4542873
1270 1273 4542876
1270 1271 4542879
1272 1271 4542882
1271 1272 4542885
1270 1273 4542888
1271 1272 4542891
1271 1272 4542894
1271 1272 4542897
1271 1272 4542900
1270 1272 4542903
1272 1274 4542906
1270 1273 4542909
1269 1270 4542912
1272 1271 4542915
1272 1272 4542918
1271 1273 4542921
1273 1272 4542924
1272 1273 4542927
1271 1273 4542930
1271 1272 4542933
1271 1274 4542936
1272 1274 4542939
1271 1271 4542942
1270 1271 4542945
1271 1272 4542948
1271 1271 4542951
1270 1272 4542954
1272 1273 4542957
1271 1274 4542960
1271 1272 4542963
1271 1272 4542966
1270 1273 4542969
1272 1273 4542972
1270 1272 4542975
1270 1271 4542978
1270 1273 4542981
1271 1272 4542984
1270 1273 4542987
1272 1274 4542990
1272 1273 4542993
1271 1272 4542996
1271 1273 4543000
1270 1272 4543003
1274 1273 4543006
1270 1271 4543009
1269 1273 4543012
1270 1272 4543015
1270 1273 4543018
1271 1273 4543021
1272 1272 4543024
1272 1272 4543027
1272 1272 4543029
1272 1272 4543032
1270 1273 4543035
1272 1273 4543038
1273 1273 4543041
1274 1270 4543044
1271 1273 4543047
1271 1275 4543050
1272 1273 4543053
1271 1272 4543056
1271 1272 4543059
1272 1271 4543062
1271 1272 4543065
1271 1273 4543068
1273 1273 4543071
1272 1273 4543074
1273 1274 4543077
1271 1273 4543080
1271 1271 4543083
1273 1272 4543086
1272 1273 4543089
1270 1272 4543092
1272 1273 4543095
1272 1274 4543098
1270 1272 4543101
1271 1271 4543104
1271 1272 4543107
1272 1274 4543110
1270 1272 4543113
1271 1271 4543116
1271 1273 4543119
1271 1272 4543122
1270 1273 4543125
1272 1273 4543128
1272 1273 4543131
1270 1273 4543134
1271 1273 4543137
1271 1273 4543140
1272 1273 4543143
1270 1272 4543146
1270 1272 4543149
1272 1271 4543152
1272 1272 4543155
1270 1273 4543158
1272 1273 4543161
1272 1273 4543164
1271 1272 4543167
1271 1273 4543170
1271 1273 4543173
1272 1273 4543176
1271 1273 4543179
1270 1270 4543182
1272 1272 4543185
1271 1272 4543188
1270 1273 4543191
1272 1273 4543194
1271 1273 4543197
1270 1273 4543200
1271 1272 4543203
1271 1272 4543206
1272 1275 4543209
1270 1271 4543212
1270 1270 4543215
1271 1272 4543218
1271 1272 4543221
1270 1272 4543224
1271 1273 4543227
1271 1273 4543230
1271 1272 4543233
1271 1272 4543236
1271 1274 4543239
1273 1273 4543242
1270 1271 4543245
1270 1271 4543248
1271 1271 4543251
1271 1271 4543254
1270 1273 4543257
1272 1273 4543260
1271 1273 4543263
1270 1272 4543266
1271 1273 4543269
1271 1273 4543272
1272 1272 4543275
1270 1272 4543278
1270 1272 4543281
1272 1271 4543284
1272 1272 4543287
1270 1274 4543290
1272 1273 4543293
1271 1273 4543296
1271 1274 4543299
1271 1273 4543302
1272 1272 4543305
1271 1273 4543308
1270 1273 4543311
1270 1271 4543314
1272 1271 4543317
1272 1272 4543320
1270 1273 4543323
1272 1272 4543326
1272 1275 4543329
1270 1273 4543332
1272 1272 4543335
1271 1273 4543338
1271 1274 4543341
1270 1272 4543344
1271 1271 4543347
1272 1273 4543350
1273 1273 4543353
1271 1272 4543356
1272 1273 4543359
1272 1273 4543362
1271 1273 4543365
1273 1273 4543368
1270 1273 4543371
1271 1274 4543374
1270 1272 4543377
1270 1272 4543380
1273 1273 4543383
1274 1269 4543386
1270 1272 4543389
1271 1272 4543392
1271 1272 4543395
1270 1274 4543398
1271 1272 4543401
1271 1272 4543404
1271 1273 4543407
1270 1272 4543410
1270 1273 4543413
1273 1271 4543416
1271 1273 4543419
1269 1273 4543422
1272 1272 4543425
1272 1273 4543428
1271 1273 4543431
1270 1272 4543434
1271 1272 4543437
1272 1274 4543440
1270 1273 4543443
1272 1272 4543446
1272 1273 4543449
1271 1272 4543452
1269 1272 4543455
1272 1273 4543458
1272 1274 4543461
1271 1271 4543464
1271 1271 4543467
1271 1273 4543470
1272 1273 4543473
1270 1272 4543476
1272 1272 4543479
1272 1272 4543482
1271 1271 4543485
1270 1272 4543488
1272 1273 4543491
1275 1272 4543494
1271 1272 4543497
1271 1272 4543500
1271 1273 4543503
1272 1273 4543506
1271 1273 4543509
1271 1271 4543512
1272 1270 4543515
1272 1272 4543518
1270 1273 4543521
1270 1273 4543524
1272 1273 4543527
1270 1272 4543530
1271 1273 4543533
1271 1271 4543536
1272 1275 4543539
1272 1272 4543542
1270 1270 4543545
1271 1271 4543548
1271 1272 4543551
1266 1273 4543554
1272 1273 4543557
1271 1273 4543560
1270 1272 4543563
1270 1271 4543566
1270 1273 4543569
1273 1275 4543572
1270 1271 4543575
1270 1271 4543578
1272 1272 4543581
1270 1273 4543584
1270 1273 4543587
1273 1273 4543590
1272 1273 4543593
1271 1272 4543596
1271 1272 4543599
1270 1274 4543602
1273 1273 4543605
1270 1271 4543608
1270 1271 4543611
1272 1271 4543614
1271 1271 4543617
1271 1273 4543620
1272 1272 4543623
1272 1273 4543626
1271 1272 4543629
1270 1273 4543632
1272 1273 4543635
1272 1272 4543638
1270 1272 4543641
1270 1270 4543644
1271 1271 4543647
1272 1273 4543650
1270 1274 4543653
1272 1272 4543656
1272 1273 4543659
1271 1273 4543662
1271 1272 4543665
1272 1272 4543668
1271 1274 4543671
1270 1271 4543674
1270 1271 4543677
1272 1272 4543680
1272 1273 4543683
1270 1273 4543686
1272 1272 4543689
1271 1274 4543692
1271 1272 4543695
1272 1273 4543698
1271 1273 4543701
1271 1274 4543704
1270 1272 4543707
1271 1271 4543710
1271 1273 4543713
1272 1272 4543716
1270 1273 4543719
1272 1274 4543722
1271 1272 4543725
1271 1273 4543728
1272 1272 4543731
1270 1272 4543734
1272 1272 4543737
1270 1272 4543740
1270 1272 4543743
1272 1272 4543746
1271 1272 4543749
1270 1273 4543752
1272 1273 4543755
1272 1272 4543758
1271 1273 4543761
1271 1273 4543764
1270 1273 4543767
1271 1273 4543770
1270 1272 4543773
1270 1272 4543776
1272 1272 4543779
1272 1273 4543782
1270 1272 4543785
1272 1272 4543788
1272 1274 4543791
1271 1275 4543794
1269 1272 4543797
1270 1272 4543800
1272 1274 4543803
1270 1273 4543806
1271 1271 4543809
1271 1273 4543812
1271 1272 4543815
1270 1272 4543818
1271 1273 4543821
1272 1274 4543824
1270 1272 4543827
1271 1271 4543830
1271 1273 4543833
1271 1274 4543836
1270 1272 4543839
1270 1272 4543842
1271 1271 4543845
1271 1271 4543848
1270 1273 4543851
1271 1273 4543854
1272 1273 4543857
1270 1272 4543860
1270 1272 4543863
1270 1273 4543866
1272 1273 4543869
1271 1272 4543872
1270 1271 4543875
1271 1271 4543878
1271 1272 4543881
1269 1273 4543884
1273 1273 4543887
1272 1272 4543890
1270 1272 4543893
1271 1273 4543896
1271 1272 4543899
1272 1275 4543902
1270 1272 4543905
1270 1270 4543908
1272 1272 4543911
1271 1272 4543914
1270 1272 4543917
1273 1272 4543920
1272 1273 4543923
1271 1273 4543926
1271 1271 4543929
1271 1273 4543932
1273 1274 4543935
1270 1271 4543938
1270 1270 4543941
1271 1272 4543944
1269 1272 4543947
1270 1274 4543950
1272 1273 4543953
1272 1273 4543956
1270 1272 4543959
1271 1272 4543962
1271 1274 4543965
1271 1272 4543968
1270 1272 4543971
1270 1271 4543974
1272 1272 4543977
1272 1272 4543980
1271 1273 4543983
1271 1273 4543986
1271 1272 4543989
1271 1273 4543992
1271 1274 4543995
1272 1270 4543999
1270 1271 4544002
1269 1271 4544005
1271 1272 4544008
1270 1272 4544011
1273 1271 4544014
1269 1270 4544017
1272 1271 4544020
1270 1271 4544023
1272 1273 4544026
1274 1275 4544029
1268 1271 4544031
1269 1273 4544034
1271 1271 4544037
1271 1272 4544040
1272 1275 4544043
1270 1272 4544046
1269 1271 4544049
1271 1272 4544052
1271 1272 4544055
1274 1274 4544058
1269 1270 4544061
1270 1270 4544064
1269 1271 4544067
1272 1271 4544070
1271 1274 4544073
1268 1271 4544076
1271 1271 4544079
1271 1272 4544082
1270 1274 4544085
1272 1275 4544088
1275 1268 4544091
1271 1272 4544094
1269 1273 4544097
1271 1270 4544100
1272 1275 4544103
1275 1271 4544106
1267 1271 4544109
1270 1272 4544112
1273 1274 4544115
1271 1275 4544118
1275 1270 4544121
1267 1271 4544124
1270 1271 4544127
1270 1272 4544130
1272 1271 4544133
1275 1271 4544136
1268 1271 4544139
1269 1271 4544142
1272 1273 4544145
1272 1273 4544148
1275 1276 4544151
1269 1269 4544154
1269 1270 4544157
1273 1274 4544160
1270 1271 4544163
1274 1275 4544166
1269 1269 4544169
1269 1270 4544172
1269 1275 4544175
1272 1272 4544178
1272 1276 4544181
1267 1269 4544184
1268 1271 4544187
1270 1272 4544190
1272 1274 4544193
1271 1276 4544196
1265 1269 4544199
1270 1270 4544202
1271 1273 4544205
1270 1273 4544208
1272 1275 4544211
1275 1271 4544214
1267 1271 4544217
1269 1272 4544220
1273 1272 4544223
1271 1277 4544226
1274 1271 4544229
1267 1269 4544232
1270 1272 4544235
1272 1273 4544238
1270 1271 4544241
1276 1271 4544244
1268 1271 4544247
1268 1271 4544250
1270 1272 4544253
1271 1274 4544256
1275 1277 4544259
1266 1271 4544262
1269 1270 4544265
1273 1272 4544268
1271 1271 4544271
1274 1276 4544274
1270 1270 4544277
1269 1271 4544280
1271 1273 4544283
1270 1272 4544286
1274 1277 4544289
1269 1271 4544292
1268 1271 4544295
1270 1272 4544298
1273 1272 4544301
1271 1275 4544304
1268 1270 4544307
1268 1271 4544310
1270 1271 4544313
1270 1273 4544316
1271 1275 4544319
1274 1269 4544322
1270 1272 4544325
1269 1273 4544328
1271 1269 4544331
1272 1274 4544334
1275 1270 4544337
1264 1272 4544340
1270 1273 4544343
1273 1273 4544346
1270 1276 4544349
1274 1269 4544352
1267 1271 4544355
1270 1273 4544358
1270 1271 4544361
1272 1271 4544364
1275 1271 4544367
1270 1270 4544370
1269 1272 4544373
1272 1273 4544376
1273 1275 4544379
1275 1276 4544382
1268 1271 4544385
1269 1272 4544388
1273 1273 4544391
1269 1272 4544394
1274 1275 4544397
1270 1268 4544400
1270 1269 4544403
1269 1274 4544406
1272 1273 4544409
1276 1277 4544412
1268 1270 4544415
1268 1271 4544418
1269 1270 4544421
1272 1274 4544424
1270 1275 4544427
1269 1268 4544430
1269 1270 4544433
1270 1271 4544436
1270 1273 4544439
1273 1276 4544442
1276 1271 4544445
1268 1272 4544448
1269 1272 4544451
1272 1272 4544454
1271 1276 4544457
1274 1271 4544460
1267 1269 4544463
1270 1272 4544466
1273 1273 4544469
1270 1273 4544472
1275 1270 4544475
1268 1272 4544478
1268 1270 4544481
1270 1272 4544484
1271 1274 4544487
1275 1277 4544490
1268 1268 4544493
1269 1269 4544496
1273 1274 4544499
1272 1271 4544502
1269 1276 4544505
1270 1271 4544508
1270 1271 4544511
1269 1271 4544514
1270 1272 4544517
1271 1275 4544520
1276 1272 4544523
1267 1270 4544526
1267 1271 4544529
1273 1272 4544532
1271 1270 4544535
1274 1272 4544538
1269 1270 4544541
1270 1271 4544544
1270 1272 4544547
1270 1273 4544550
1275 1276 4544553
1270 1271 4544556
1269 1271 4544559
1270 1272 4544562
1272 1272 4544565
1271 1275 4544568
1270 1269 4544571
1270 1270 4544574
1270 1274 4544577
1270 1271 4544580
1272 1275 4544583
1274 1271 4544586
1269 1272 4544589
1268 1271 4544592
1271 1272 4544595
1273 1273 4544598
1275 1275 4544601
1267 1270 4544604
1270 1271 4544607
1272 1275 4544610
1269 1273 4544613
1275 1276 4544616
1267 1271 4544619
1270 1272 4544622
1269 1271 4544625
1271 1273 4544628
1272 1274 4544631
1275 1270 4544634
1266 1271 4544637
1269 1274 4544640
1273 1273 4544643
1271 1272 4544646
1276 1271 4544649
1268 1271 4544652
1270 1272 4544655
1269 1272 4544658
1271 1272 4544661
1276 1275 4544664
1269 1270 4544667
1268 1271 4544670
1274 1275 4544673
1272 1273 4544676
1271 1277 4544679
1270 1269 4544682
1270 1270 4544685
1270 1274 4544688
1269 1272 4544691
1270 1273 4544694
1275 1271 4544697
1268 1268 4544700
1268 1271 4544703
1274 1272 4544706
1272 1272 4544709
1273 1271 4544712
1268 1270 4544715
1269 1272 4544718
1271 1273 4544721
1270 1272 4544724
1275 1275 4544727
1270 1269 4544730
1270 1270 4544733
1269 1274 4544736
1273 1273 4544739
1271 1276 4544742
1274 1269 4544745
1269 1271 4544748
1270 1273 4544751
1272 1272 4544754
1270 1276 4544757
1275 1270 4544760
1268 1269 4544763
1270 1270 4544766
1270 1274 4544769
1273 1274 4544772
1275 1276 4544775
1267 1271 4544778
1268 1271 4544781
1272 1273 4544784
1271 1272 4544787
1273 1276 4544790
1269 1268 4544793
1270 1269 4544796
1270 1271 4544799
1271 1274 4544802
1272 1275 4544805
1275 1271 4544808
1267 1271 4544811
1268 1271 4544814
1272 1272 4544817
1271 1273 4544820
1271 1270 4544823
1266 1269 4544826
1270 1271 4544829
1271 1272 4544832
1271 1272 4544835
1276 1277 4544838
1270 1271 4544841
1269 1270 4544844
1271 1274 4544847
1271 1273 4544850
1272 1276 4544853
1268 1268 4544856
1268 1269 4544859
1270 1271 4544862
1271 1270 4544865
1271 1276 4544868
1276 1272 4544871
1268 1270 4544874
1269 1272 4544877
1271 1273 4544880
1272 1272 4544883
1275 1271 4544886
1268 1272 4544889
1269 1271 4544892
1273 1272 4544895
1272 1273 4544898
1274 1277 4544901
1270 1269 4544904
1270 1271 4544907
1269 1273 4544910
1268 1274 4544913
1270 1274 4544916
1275 1270 4544919
1268 1270 4544922
1269 1271 4544925
1272 1271 4544928
1270 1275 4544931
1274 1270 4544934
1269 1271 4544937
1269 1272 4544940
1272 1273 4544943
1273 1272 4544946
1275 1277 4544949
1270 1271 4544952
1269 1270 4544955
1273 1272 4544958
1271 1272 4544961
1275 1275 4544964
1268 1270 4544967
1270 1271 4544970
1269 1272 4544973
1271 1273 4544976
1271 1275 4544979
1274 1271 4544982
1268 1271 4544985
1268 1273 4544988
1272 1271 4544991
1271 1273 4544994
1276 1271 4544997
1266 1270 4545001
1269 1270 4545004
1270 1273 4545007
1272 1273 4545010
1275 1277 4545013
1270 1269 4545016
1269 1271 4545019
1272 1274 4545022
1271 1271 4545025
1275 1276 4545027
1267 1271 4545030
1269 1270 4545033
1271 1270 4545036
1272 1273 4545039
1271 1276 4545042
1274 1270 4545045
1270 1272 4545048
1270 1273 4545051
1273 1271 4545054
1271 1275 4545057
1275 1271 4545060
1269 1271 4545063
1269 1271 4545066
1271 1274 4545069
1271 1274 4545072
1274 1275 4545075
1267 1271 4545078
1270 1272 4545081
1272 1272 4545084
1270 1270 4545087
1275 1276 4545090
1269 1270 4545093
1268 1271 4545096
1271 1272 4545099
1272 1274 4545102
1271 1276 4545105
1272 1268 4545108
1269 1270 4545111
1269 1271 4545114
1272 1272 4545117
1270 1276 4545120
1275 1272 4545123
1267 1270 4545126
1270 1271 4545129
1272 1274 4545132
1272 1272 4545135
1274 1271 4545138
1267 1272 4545141
1269 1270 4545144
1271 1271 4545147
1271 1274 4545150
1273 1276 4545153
1270 1269 4545156
1267 1270 4545159
1271 1273 4545162
1271 1273 4545165
1271 1275 4545168
1269 1271 4545171
1269 1270 4545174
1269 1271 4545177
1270 1272 4545180
1273 1277 4545183
1274 1270 4545186
1268 1271 4545189
1268 1273 4545192
1273 1273 4545195
1271 1271 4545198
1276 1273 4545201
1267 1271 4545204
1269 1270 4545207
1270 1272 4545210
1271 1273 4545213
1276 1278 4545216
1269 1269 4545219
1270 1272 4545222
1271 1275 4545225
1272 1271 4545228
1270 1277 4545231
1269 1269 4545234
1269 1270 4545237
1269 1271 4545240
1270 1272 4545243
1271 1275 4545246
1276 1272 4545249
1268 1271 4545252
1269 1274 4545255
1271 1271 4545258
1271 1276 4545261
1274 1270 4545264
1268 1269 4545267
1268 1271 4545270
1270 1273 4545273
1271 1272 4545276
1273 1274 4545279
1268 1272 4545282
1269 1271 4545285
1273 1273 4545288
1269 1273 4545291
1274 1276 4545294
1270 1268 4545297
1269 1271 4545300
1269 1273 4545303
1271 1272 4545306
1271 1275 4545309
1274 1269 4545312
1270 1271 4545315
1269 1272 4545318
1272 1274 4545321
1269 1275 4545324
1276 1269 4545327
1268 1270 4545330
1269 1271 4545333
1271 1273 4545336
1272 1272 4545339
1274 1270 4545342
1267 1270 4545345
1270 1271 4545348
1270 1273 4545351
1271 1274 4545354
1274 1275 4545357
1269 1269 4545360
1269 1271 4545363
1271 1273 4545366
1272 1273 4545369
1270 1275 4545372
1269 1270 4545375
1270 1269 4545378
1271 1274 4545381
1270 1272 4545384
1271 1276 4545387
1274 1271 4545390
1268 1271 4545393
1270 1272 4545396
1273 1273 4545399
1270 1272 4545402
1274 1271 4545405
1268 1271 4545408
1269 1271 4545411
1272 1273 4545414
1271 1271 4545417
1275 1277 4545420
1267 1270 4545423
1267 1270 4545426
1271 1272 4545429
1271 1271 4545432
1270 1277 4545435
1268 1269 4545438
1269 1270 4545441
1269 1270 4545444
1272 1273 4545447
1271 1275 4545450
1275 1272 4545453
1264 1271 4545456
1269 1272 4545459
1272 1272 4545462
1270 1272 4545465
1274 1270 4545468
1268 1271 4545471
1269 1272 4545474
1269 1271 4545477
1273 1274 4545480
1274 1276 4545483
1270 1269 4545486
1268 1269 4545489
1272 1272 4545492
1270 1272 4545495
1274 1275 4545498
1268 1270 4545501
1269 1271 4545504
1270 1272 4545507
1271 1271 4545510
1271 1278 4545513
1269 1269 4545516
1269 1271 4545519
1268 1271 4545522
1271 1273 4545525
1272 1275 4545528
1276 1269 4545531
1268 1271 4545534
1269 1272 4545537
1272 1271 4545540
1270 1276 4545543
1276 1272 4545546
1267 1270 4545549
1270 1273 4545552
1271 1273 4545555
1271 1272 4545558
1275 1270 4545561
1268 1271 4545564
1269 1270 4545567
1270 1272 4545570
1271 1273 4545573
1274 1275 4545576
1268 1271 4545579
1269 1271 4545582
1272 1275 4545585
1269 1272 4545588
1275 1276 4545591
1269 1270 4545594
1270 1270 4545597
1271 1274 4545600
1271 1272 4545603
1269 1274 4545606
1268 1267 4545609
1270 1271 4545612
1269 1272 4545615
1272 1274 4545618
1271 1275 4545621
1276 1269 4545624
1269 1270 4545627
1270 1272 4545630
1271 1272 4545633
1271 1275 4545636
1276 1270 4545639
1268 1270 4545642
1270 1275 4545645
1272 1273 4545648
1271 1274 4545651
1274 1271 4545654
1267 1270 4545657
1269 1270 4545660
1271 1273 4545663
1271 1273 4545666
1275 1267 4545669
1268 1271 4545672
1269 1271 4545675
1272 1274 4545678
1271 1273 4545681
1275 1279 4545684
1267 1270 4545687
1270 1269 4545690
1272 1274 4545693
1271 1272 4545696
1275 1276 4545699
1269 1269 4545702
1269 1271 4545705
1269 1271 4545708
1273 1274 4545711
1271 1276 4545714
1270 1271 4545717
1268 1269 4545720
1270 1271 4545723
1271 1273 4545726
1272 1276 4545729
1275 1270 4545732
1268 1271 4545735
1269 1273 4545738
1272 1271 4545741
1272 1277 4545744
1275 1271 4545747
1268 1271 4545750
1268 1271 4545753
1272 1273 4545756
1271 1272 4545759
1274 1271 4545762
1267 1271 4545765
1269 1271 4545768
1270 1271 4545771
1271 1273 4545774
1275 1277 4545777
1266 1271 4545780
1269 1272 4545783
1271 1274 4545786
1272 1272 4545789
1276 1277 4545792
1269 1270 4545795
1268 1271 4545798
1270 1272 4545801
1271 1273 4545804
1269 1275 4545807
1270 1270 4545810
1269 1271 4545813
1270 1272 4545816
1267 1273 4545819
1272 1275 4545822
1274 1269 4545825
1270 1270 4545828
1270 1273 4545831
1271 1271 4545834
1271 1276 4545837
1274 1268 4545840
1269 1271 4545843
1268 1272 4545846
1274 1276 4545849
1270 1272 4545852
1277 1271 4545855
1268 1271 4545858
1270 1270 4545861
1270 1273 4545864
1272 1274 4545867
1274 1275 4545870
1266 1270 4545873
1270 1273 4545876
1270 1273 4545879
1270 1273 4545882
1274 1276 4545885
1270 1269 4545888
1270 1270 4545891
1272 1273 4545894
1271 1273 4545897
1272 1275 4545900
1267 1268 4545903
1268 1270 4545906
1270 1272 4545909
1271 1273 4545912
1272 1275 4545915
1270 1270 4545918
1270 1270 4545921
1270 1272 4545924
1271 1273 4545927
1271 1275 4545930
1275 1271 4545933
1267 1270 4545936
1268 1272 4545939
1273 1272 4545942
1269 1275 4545945
1275 1272 4545948
1266 1271 4545951
1269 1270 4545954
1271 1274 4545957
1272 1271 4545960
1274 1271 4545963
1267 1271 4545966
1268 1271 4545969
1270 1271 4545972
1271 1274 4545975
1274 1277 4545978
1269 1271 4545981
1268 1270 4545984
1272 1274 4545987
1270 1271 4545990
1272 1275 4545993
1268 1270 4545996
1269 1272 4546000
1270 1271 4546003
1272 1273 4546006
1274 1276 4546009
1274 1268 4546012
1269 1269 4546015
1270 1273 4546018
1273 1271 4546021
1270 1276 4546024
1276 1271 4546027
1267 1271 4546030
1269 1270 4546033
1271 1272 4546036
1272 1273 4546039
1273 1276 4546041
1269 1270 4546044
1268 1273 4546047
1271 1270 4546050
1271 1271 4546053
1274 1277 4546056
1270 1268 4546059
1268 1271 4546062
1270 1271 4546065
1271 1274 4546068
1270 1276 4546071
1270 1268 4546074
1270 1272 4546077
1269 1271 4546080
1272 1272 4546083
1272 1276 4546086
1274 1272 4546089
1268 1271 4546092
1270 1272 4546095
1273 1273 4546098
1270 1271 4546101
1277 1272 4546104
1267 1272 4546107
1269 1272 4546110
1268 1271 4546113
1272 1273 4546116
1274 1276 4546119
1269 1269 4546122
1269 1271 4546125
1271 1274 4546128
1270 1272 4546131
1269 1275 4546134
1270 1271 4546137
1268 1271 4546140
1270 1272 4546143
1270 1273 4546146
1272 1276 4546149
1275 1268 4546152
1271 1269 4546155
1270 1274 4546158
1272 1271 4546161
1271 1274 4546164
1275 1271 4546167
1268 1272 4546170
1268 1270 4546173
1271 1274 4546176
1271 1273 4546179
1275 1275 4546182
1267 1270 4546185
1269 1271 4546188
1271 1274 4546191
1270 1271 4546194
1275 1277 4546197
1268 1268 4546200
1270 1271 4546203
1270 1273 4546206
1272 1274 4546209
1270 1274 4546212
1268 1268 4546215
1270 1271 4546218
1270 1272 4546221
1271 1272 4546224
1271 1276 4546227
1275 1271 4546230
1267 1269 4546233
1270 1273 4546236
1271 1273 4546239
1270 1273 4546242
1273 1271 4546245
1269 1271 4546248
1270 1272 4546251
1271 1271 4546254
1271 1275 4546257
1275 1277 4546260
1269 1268 4546263
1269 1269 4546266
1272 1275 4546269
1272 1270 4546272
1271 1277 4546275
1268 1270 4546278
1269 1270 4546281
1269 1270 4546284
1272 1273 4546287
1272 1277 4546290
1275 1269 4546293
1267 1270 4546296
1268 1273 4546299
1270 1274 4546302
1269 1275 4546305
1276 1272 4546308
1266 1271 4546311
1270 1271 4546314
1270 1273 4546317
1272 1274 4546320
1273 1275 4546323
1267 1270 4546326
1269 1270 4546329
1272 1272 4546332
1271 1273 4546335
1274 1276 4546338
1269 1271 4546341
1268 1271 4546344
1270 1272 4546347
1272 1274 4546350
1271 1274 4546353
1268 1270 4546356
1268 1271 4546359
1269 1272 4546362
1271 1270 4546365
1272 1277 4546368
1275 1272 4546371
1268 1272 4546374
1268 1272 4546377
1273 1273 4546380
1272 1272 4546383
1275 1271 4546386
1267 1271 4546389
1269 1271 4546392
1270 1271 4546395
1271 1272 4546398
1275 1277 4546401
1268 1269 4546404
1269 1271 4546407
1270 1274 4546410
1272 1271 4546413
1270 1276 4546416
1270 1270 4546419
1269 1271 4546422
1270 1270 4546425
1272 1272 4546428
1271 1275 4546431
1275 1272 4546434
1267 1270 4546437
1269 1275 4546440
1271 1271 4546443
1271 1274 4546446
1275 1271 4546449
1268 1271 4546452
1269 1272 4546455
1270 1273 4546458
1271 1274 4546461
1274 1275 4546464
1268 1272 4546467
1268 1272 4546470
1272 1273 4546473
1269 1272 4546476
1275 1277 4546479
1269 1268 4546482
1270 1269 4546485
1270 1273 4546488
1271 1273 4546491
1271 1276 4546494
1269 1268 4546497
1270 1272 4546500
1269 1271 4546503
1271 1273 4546506
1270 1275 4546509
1275 1272 4546512
1267 1271 4546515
1270 1273 4546518
1272 1273 4546521
1270 1276 4546524
1275 1270 4546527
1267 1270 4546530
1269 1272 4546533
1270 1272 4546536
1272 1274 4546539
1273 1272 4546542
1267 1270 4546545
1269 1270 4546548
1272 1273 4546551
1270 1274 4546554
1275 1276 4546557
1269 1270 4546560
1268 1270 4546563
1272 1274 4546566
1270 1272 4546569
1270 1277 4546572
1269 1269 4546575
1270 1270 4546578
1270 1272 4546581
1272 1273 4546584
1271 1275 4546587
1275 1271 4546590
1269 1270 4546593
1269 1271 4546596
1272 1273 4546599
1271 1275 4546602
1275 1271 4546605
1267 1270 4546608
1270 1271 4546611
1271 1272 4546614
1271 1271 4546617
1274 1272 4546620
1269 1272 4546623
1269 1270 4546626
1270 1271 4546629
1272 1274 4546632
1270 1275 4546635
1267 1272 4546638
1268 1272 4546641
1271 1273 4546644
1271 1271 4546647
1274 1274 4546650
1270 1272 4546653
1269 1270 4546656
1270 1272 4546659
1270 1272 4546662
1273 1275 4546665
1271 1271 4546668
1271 1273 4546671
1270 1273 4546674
1272 1271 4546677
1271 1273 4546680
1273 1272 4546683
1270 1271 4546686
1271 1272 4546689
1271 1273 4546692
1268 1273 4546695
1271 1273 4546698
1270 1273 4546701
1271 1274 4546704
1270 1272 4546707
1272 1273 4546710
1272 1272 4546713
1271 1271 4546716
1270 1273 4546719
1271 1273 4546722
1269 1273 4546725
1270 1272 4546728
1272 1273 4546731
1270 1273 4546734
1272 1273 4546737
1270 1273 4546740
1272 1273 4546743
1271 1271 4546746
1272 1272 4546749
1270 1273 4546752
1270 1273 4546755
1271 1272 4546758
1271 1271 4546761
1272 1274 4546764
1270 1273 4546767
1271 1273 4546770
1270 1273 4546773
1272 1271 4546776
1271 1271 4546779
1271 1273 4546782
1271 1272 4546785
1271 1272 4546788
1271 1272 4546791
1270 1272 4546794
1272 1274 4546797
1271 1272 4546800
1271 1274 4546803
1270 1272 4546806
1270 1272 4546809
1270 1273 4546812
1271 1273 4546815
1271 1272 4546818
1272 1273 4546821
1271 1272 4546824
1270 1272 4546827
1272 1274 4546830
1271 1273 4546833
1272 1272 4546836
1270 1272 4546839
1271 1272 4546842
1271 1271 4546845
1271 1271 4546848
1270 1272 4546851
1270 1272 4546854
1270 1272 4546857
1271 1271 4546860
1272 1274 4546863
1270 1272 4546866
1272 1272 4546869
1269 1273 4546872
1271 1274 4546875
1270 1273 4546878
1271 1272 4546881
1271 1271 4546884
1271 1273 4546887
1270 1272 4546890
1271 1273 4546893
1272 1274 4546896
1271 1272 4546899
1271 1273 4546902
1269 1273 4546905
1270 1272 4546908
1271 1272 4546911
1271 1273 4546914
1270 1273 4546917
1270 1272 4546920
1271 1272 4546923
1270 1272 4546926
1271 1273 4546929
1271 1273 4546932
1270 1274 4546935
1270 1273 4546938
1272 1271 4546941
1271 1273 4546944
1272 1273 4546947
1270 1272 4546950
1271 1273 4546953
1270 1272 4546956
1270 1271 4546959
1272 1274 4546962
1270 1273 4546965
1271 1273 4546968
1270 1272 4546971
1271 1273 4546974
1271 1274 4546977
1271 1272 4546980
1271 1274 4546983
1270 1272 4546986
1271 1271 4546989
1271 1271 4546992
1271 1274 4546995
1269 1272 4546999
1271 1271 4547002
1271 1273 4547005
1272 1272 4547008
1270 1271 4547011
1270 1274 4547014
1272 1273 4547017
1271 1273 4547020
1271 1270 4547023
1274 1272 4547026
1272 1272 4547029
1272 1272 4547032
1271 1272 4547035
1272 1273 4547038
1271 1271 4547041
1272 1274 4547043
1270 1275 4547046
1272 1272 4547049
1270 1273 4547052
1270 1272 4547055
1271 1274 4547058
1272 1272 4547061
1272 1273 4547064
1271 1274 4547067
1272 1271 4547070
1272 1272 4547073
1271 1273 4547076
1271 1271 4547079
1272 1273 4547082
1273 1272 4547085
1266 1273 4547088
1269 1272 4547091
1270 1272 4547094
1271 1272 4547097
1271 1272 4547100
1271 1273 4547103
1270 1272 4547106
1271 1271 4547109
1270 1271 4547112
1272 1274 4547115
1270 1271 4547118
1271 1272 4547121
1270 1272 4547124
1271 1273 4547127
1271 1271 4547130
1272 1273 4547133
1270 1274 4547136
1271 1271 4547139
1271 1272 4547142
1270 1272 4547145
1272 1274 4547148
1270 1271 4547151
1271 1273 4547154
1269 1273 4547157
1271 1271 4547160
1272 1271 4547163
1271 1273 4547166
1271 1272 4547169
1271 1272 4547172
1271 1273 4547175
1270 1271 4547178
1272 1273 4547181
1271 1272 4547184
1271 1274 4547187
1270 1272 4547190
1272 1272 4547193
1271 1273 4547196
1271 1272 4547199
1271 1273 4547202
1271 1273 4547205
1270 1272 4547208
1270 1271 4547211
1271 1273 4547214
1271 1273 4547217
1271 1273 4547220
1270 1272 4547223
1271 1273 4547226
1271 1272 4547229
1272 1272 4547232
1271 1273 4547235
1270 1272 4547238
1271 1272 4547241
1270 1271 4547244
1272 1275 4547247
1270 1272 4547250
1271 1273 4547253
1270 1273 4547256
1271 1272 4547259
1271 1272 4547262
1271 1273 4547265
1270 1274 4547268
1270 1272 4547271
1271 1272 4547274
1270 1272 4547277
1272 1274 4547280
1270 1272 4547283
1271 1275 4547286
1269 1272 4547289
1271 1271 4547292
1271 1272 4547295
1271 1275 4547298
1270 1273 4547301
1270 1272 4547304
1271 1273 4547307
1270 1272 4547310
1273 1273 4547313
1271 1274 4547316
1271 1273 4547319
1269 1271 4547322
1271 1272 4547325
1271 1273 4547328
1271 1271 4547331
1271 1272 4547334
1271 1273 4547337
1270 1272 4547340
1270 1271 4547343
1271 1274 4547346
1270 1272 4547349
1272 1272 4547352
1270 1272 4547355
1272 1273 4547358
1270 1271 4547361
1271 1271 4547364
1271 1273 4547367
1270 1273 4547370
1271 1272 4547373
1270 1272 4547376
1271 1273 4547379
1271 1272 4547382
1271 1274 4547385
1269 1272 4547388
1271 1272 4547391
1271 1271 4547394
1272 1272 4547397
1270 1273 4547400
1271 1272 4547403
1271 1273 4547406
1270 1272 4547409
1272 1272 4547412
1271 1272 4547415
1271 1273 4547418
1270 1272 4547421
1271 1272 4547424
1271 1272 4547427
1271 1274 4547430
1270 1272 4547433
1271 1273 4547436
1271 1272 4547439
1270 1271 4547442
1271 1274 4547445
1270 1273 4547448
1270 1273 4547451
1270 1272 4547454
1271 1273 4547457
1271 1273 4547460
1271 1272 4547463
1271 1273 4547466
1271 1273 4547469
1271 1271 4547472
1270 1272 4547475
1272 1274 4547478
1272 1272 4547481
1272 1274 4547484
1270 1272 4547487
1271 1273 4547490
1271 1272 4547493
1271 1272 4547496
1270 1273 4547499
1271 1272 4547502
1271 1272 4547505
1270 1272 4547508
1272 1272 4547511
1271 1272 4547514
1271 1273 4547517
1270 1273 4547520
1271 1271 4547523
1271 1272 4547526
1272 1273 4547529
1270 1272 4547532
1271 1272 4547535
1270 1273 4547538
1270 1271 4547541
1272 1273 4547544
1271 1272 4547547
1271 1274 4547550
1269 1271 4547553
1271 1272 4547556
1271 1273 4547559
1272 1271 4547562
1271 1272 4547565
1271 1278 4547568
1270 1272 4547571
1270 1271 4547574
1272 1274 4547577
1271 1273 4547580
1271 1273 4547583
1270 1272 4547586
1271 1273 4547589
1271 1272 4547592
1272 1271 4547595
1271 1273 4547598
1271 1272 4547601
1271 1271 4547604
1270 1271 4547607
1272 1274 4547610
1270 1273 4547613
1272 1273 4547616
1270 1273 4547619
1271 1271 4547622
1272 1272 4547625
1271 1272 4547628
1270 1273 4547631
1271 1272 4547634
1271 1272 4547637
1270 1272 4547640
1272 1274 4547643
1271 1272 4547646
1271 1274 4547649
1269 1272 4547652
1272 1271 4547655
1271 1272 4547658
1272 1273 4547661
1271 1272 4547664
1271 1272 4547667
1271 1273 4547670
1270 1271 4547673
1272 1273 4547676
1270 1273 4547679
1271 1273 4547682
1270 1272 4547685
1271 1272 4547688
1271 1272 4547691
1271 1271 4547694
1270 1273 4547697
1271 1273 4547700
1271 1273 4547703
1271 1271 4547706
1272 1275 4547709
1270 1272 4547712
1271 1272 4547715
1269 1272 4547718
1271 1271 4547721
1272 1272 4547724
1272 1271 4547727
1270 1274 4547730
1271 1273 4547733
1271 1272 4547736
1270 1272 4547739
1272 1273 4547742
1270 1271 4547745
1272 1274 4547748
1269 1271 4547751
1272 1272 4547754
1272 1272 4547757
1271 1273 4547760
1271 1273 4547763
1270 1272 4547766
1271 1273 4547769
1271 1271 4547772
1272 1273 4547775
1270 1274 4547778
1271 1276 4547781
1269 1273 4547784
1272 1273 4547787
1271 1273 4547790
1272 1273 4547793
1271 1273 4547796
1271 1273 4547799
1271 1272 4547802
1270 1271 4547805
1272 1273 4547808
1270 1273 4547811
1272 1273 4547814
1271 1272 4547817
1272 1273 4547820
1271 1272 4547823
1272 1272 4547826
1271 1274 4547829
1271 1274 4533432
1270 1272 4533435
1272 1272 4533438
1269 1272 4533441
1270 1274 4533444
1270 1272 4533447
1272 1272 4533450
1271 1273 4533453
1270 1272 4533456
1270 1272 4533459
1271 1274 4533462
1271 1272 4533465
1270 1271 4533468
1271 1272 4533471
1270 1272 4533474
1270 1273 4533477
1270 1272 4533480
1272 1273 4533483
1271 1272 4533486
1272 1271 4533489
1270 1273 4533492
1271 1273 4533495
1271 1271 4533498
1271 1271 4533501
1271 1273 4533504
1270 1272 4533507
1271 1273 4533510
1270 1273 4533513
1272 1271 4533516
1271 1271 4533519
1271 1273 4533522
1270 1273 4533525
1271 1272 4533528
1271 1272 4533531
1270 1271 4533534
1271 1273 4533537
1271 1272 4533540
1271 1274 4533543
1270 1274 4533546
1270 1270 4533549
1271 1273 4533552
1271 1272 4533555
1271 1272 4533558
1271 1273 4533561
1271 1272 4533564
1269 1271 4533567
1271 1272 4533570
1271 1273 4533573
1271 1273 4533576
1270 1272 4533579
1271 1273 4533582
1271 1272 4533585
1272 1272 4533588
1271 1273 4533591
1272 1274 4533594
1269 1272 4533597
1270 1271 4533600
1271 1275 4533603
1270 1273 4533606
1272 1274 4533609
1270 1272 4533612
1271 1272 4533615
1271 1272 4533618
1271 1272 4533621
1271 1273 4533624
1274 1271 4533627
1271 1271 4533630
1270 1271 4533633
1272 1274 4533636
1271 1272 4533639
1273 1274 4533642
1268 1273 4533645
1271 1271 4533648
1271 1272 4533651
1272 1273 4533654
1269 1275 4533657
1269 1272 4533660
1270 1272 4533663
1270 1272 4533666
1272 1274 4533669
1271 1273 4533672
1272 1273 4533675
1269 1271 4533678
1271 1271 4533681
1271 1272 4533684
1272 1271 4533687
1271 1272 4533690
1270 1272 4533693
1270 1273 4533696
1270 1272 4533699
1272 1274 4533702
1271 1273 4533705
1271 1272 4533708
1269 1272 4533711
1272 1273 4533714
1267 1273 4533717
1270 1272 4533720
1269 1272 4533723
1270 1273 4533726
1271 1272 4533729
1271 1271 4533732
1272 1275 4533735
1271 1272 4533738
1270 1272 4533741
1269 1273 4533744
1272 1272 4533747
1271 1272 4533750
1273 1271 4533753
1270 1274 4533756
1271 1272 4533759
1271 1272 4533762
1270 1273 4533765
1273 1273 4533768
1270 1271 4533771
1271 1274 4533774
1270 1273 4533777
1272 1272 4533780
1271 1272 4533783
1272 1272 4533786
1270 1272 4533789
1271 1272 4533792
1270 1273 4533795
1270 1271 4533798
1273 1273 4533801
1270 1273 4533804
1271 1273 4533807
1270 1272 4533810
1272 1272 4533813
1272 1273 4533816
1271 1272 4533819
1271 1272 4533822
1271 1273 4533825
1271 1272 4533828
1271 1271 4533831
1271 1273 4533834
1270 1272 4533837
1271 1272 4533840
1270 1273 4533843
1272 1273 4533846
1272 1271 4533849
1272 1271 4533852
1271 1274 4533855
1272 1272 4533858
1271 1272 4533861
1271 1272 4533864
1271 1273 4533867
1270 1272 4533870
1271 1274 4533873
1270 1274 4533876
1272 1273 4533879
1271 1272 4533882
1272 1273 4533885
1271 1273 4533888
1271 1271 4533891
1271 1272 4533894
1270 1273 4533897
1271 1274 4533900
1270 1272 4533903
1271 1274 4533906
1270 1273 4533909
1272 1271 4533912
1270 1273 4533915
1271 1272 4533918
1271 1272 4533921
1271 1272 4533924
1271 1273 4533927
1270 1272 4533930
1272 1274 4533933
1271 1273 4533936
1272 1274 4533939
1271 1273 4533942
1271 1272 4533945
1270 1271 4533948
1272 1272 4533951
1271 1274 4533954
1271 1271 4533957
1271 1270 4533960
1270 1270 4533963
1271 1274 4533966
1270 1273 4533969
1271 1273 4533972
1271 1273 4533975
1271 1272 4533978
1271 1272 4533981
1271 1273 4533984
1271 1273 4533987
1272 1271 4533990
1270 1272 4533993
1270 1272 4533996
1272 1274 4534000
1271 1272 4534003
1273 1274 4534006
1270 1272 4534009
1270 1270 4534012
1272 1274 4534015
1270 1273 4534018
1272 1273 4534021
1270 1272 4534024
1272 1270 4534027
1272 1272 4534030
1272 1272 4534033
1272 1276 4534036
1275 1272 4534039
1270 1271 4534041
1271 1272 4534044
1272 1273 4534047
1270 1272 4534050
1277 1271 4534053
1268 1272 4534056
1270 1271 4534059
1271 1273 4534062
1272 1274 4534065
1276 1276 4534068
1270 1271 4534071
1270 1270 4534074
1273 1274 4534077
1272 1273 4534080
1272 1275 4534083
1270 1270 4534086
1270 1271 4534089
1272 1273 4534092
1271 1274 4534095
1273 1278 4534098
1275 1270 4534101
1269 1270 4534104
1270 1274 4534107
1273 1273 4534110
1271 1274 4534113
1275 1272 4534116
1268 1272 4534119
1270 1271 4534122
1272 1274 4534125
1272 1274 4534128
1275 1277 4534131
1268 1269 4534134
1269 1271 4534137
1272 1273 4534140
1271 1271 4534143
1272 1277 4534146
1269 1271 4534149
1270 1270 4534152
1270 1271 4534155
1272 1275 4534158
1271 1275 4534161
1276 1272 4534164
1267 1272 4534167
1270 1275 4534170
1274 1273 4534173
1272 1275 4534176
1276 1272 4534179
1269 1270 4534182
1269 1272 4534185
1270 1273 4534188
1273 1274 4534191
1274 1276 4534194
1269 1272 4534197
1268 1272 4534200
1273 1273 4534203
1271 1272 4534206
1276 1278 4534209
1269 1271 4534212
1270 1271 4534215
1270 1273 4534218
1271 1273 4534221
1273 1277 4534224
1274 1271 4534227
1269 1272 4534230
1269 1274 4534233
1273 1272 4534236
1271 1277 4534239
1276 1271 4534242
1268 1271 4534245
1270 1272 4534248
1271 1273 4534251
1272 1272 4534254
1275 1278 4534257
1267 1271 4534260
1269 1272 4534263
1270 1273 4534266
1271 1273 4534269
1276 1277 4534272
1270 1270 4534275
1269 1272 4534278
1271 1272 4534281
1272 1273 4534284
1270 1275 4534287
1268 1272 4534290
1271 1271 4534293
1272 1275 4534296
1271 1273 4534299
1272 1276 4534302
1276 1271 4534305
1269 1272 4534308
1270 1272 4534311
1272 1273 4534314
1271 1273 4534317
1274 1268 4534320
1270 1272 4534323
1269 1271 4534326
1272 1274 4534329
1270 1274 4534332
1277 1276 4534335
1270 1271 4534338
1270 1271 4534341
1271 1274 4534344
1272 1273 4534347
1270 1277 4534350
1269 1269 4534353
1271 1272 4534356
1270 1273 4534359
1271 1274 4534362
1271 1276 4534365
1276 1272 4534368
1268 1271 4534371
1270 1272 4534374
1273 1274 4534377
1271 1272 4534380
1275 1271 4534383
1268 1269 4534386
1270 1273 4534389
1270 1273 4534392
1272 1275 4534395
1274 1278 4534398
1270 1270 4534401
1270 1270 4534404
1272 1274 4534407
1271 1274 4534410
1275 1276 4534413
1268 1269 4534416
1268 1270 4534419
1271 1273 4534422
1271 1273 4534425
1273 1278 4534428
1274 1272 4534431
1268 1270 4534434
1270 1274 4534437
1273 1273 4534440
1270 1277 4534443
1276 1270 4534446
1268 1271 4534449
1269 1271 4534452
1271 1274 4534455
1272 1275 4534458
1275 1278 4534461
1267 1270 4534464
1270 1271 4534467
1272 1274 4534470
1272 1271 4534473
1275 1277 4534476
1269 1270 4534479
1270 1271 4534482
1270 1273 4534485
1273 1275 4534488
1275 1277 4534491
1270 1270 4534494
1268 1271 4534497
1270 1272 4534500
1272 1273 4534503
1274 1276 4534506
1268 1271 4534509
1271 1272 4534512
1271 1273 4534515
1271 1272 4534518
1273 1278 4534521
1276 1271 4534524
1269 1272 4534527
1268 1274 4534530
1274 1273 4534533
1271 1275 4534536
1276 1271 4534539
1268 1272 4534542
1270 1272 4534545
1271 1274 4534548
1273 1273 4534551
1277 1272 4534554
1268 1271 4534557
