1269 1273 1225662
1272 1273 1225665
1272 1273 1225668
1270 1273 1225671
1271 1276 1225674
1268 1269 1225677
1270 1272 1225680
1271 1272 1225683
1270 1270 1225686
1270 1272 1225689
1271 1273 1225692
1269 1272 1225695
1272 1271 1225698
1271 1273 1225701
1270 1272 1225704
1270 1271 1225707
1270 1272 1225710
1274 1276 1225713
1268 1268 1225716
1267 1271 1225719
1272 1272 1225722
1270 1270 1225725
1269 1272 1225728
1271 1273 1225731
1271 1272 1225734
1270 1272 1225737
1271 1272 1225740
1270 1270 1225743
1272 1272 1225746
1269 1271 1225749
1274 1276 1225752
1267 1271 1225755
1268 1272 1225758
1271 1272 1225761
1271 1272 1225764
1272 1272 1225767
1270 1273 1225770
1270 1270 1225773
1271 1271 1225776
1272 1272 1225779
1269 1272 1225782
1270 1271 1225785
1271 1271 1225788
1275 1276 1225791
1266 1271 1225794
1270 1273 1225797
1272 1272 1225800
1269 1272 1225803
1271 1271 1225806
1270 1271 1225809
1271 1273 1225812
1270 1272 1225815
1270 1270 1225818
1271 1272 1225821
1271 1271 1225824
1269 1272 1225827
1275 1270 1225830
1268 1272 1225833
1268 1273 1225836
1270 1271 1225839
1271 1273 1225842
1272 1274 1225845
1271 1271 1225848
1270 1272 1225851
1272 1272 1225854
1272 1271 1225857
1269 1272 1225860
1271 1272 1225863
1271 1272 1225866
1274 1270 1225869
1268 1271 1225872
1268 1273 1225875
1271 1272 1225878
1271 1274 1225881
1270 1271 1225884
1271 1271 1225887
1271 1272 1225890
1269 1273 1225893
1271 1272 1225896
1271 1272 1225899
1270 1273 1225902
1271 1272 1225905
1274 1271 1225908
1268 1273 1225911
1267 1272 1225914
1270 1270 1225917
1273 1272 1225920
1271 1272 1225923
1270 1272 1225926
1272 1272 1225929
1272 1273 1225932
1271 1273 1225935
1270 1271 1225938
1271 1273 1225941
1272 1273 1225944
1273 1270 1225947
1266 1270 1225950
1269 1272 1225953
1271 1272 1225956
1270 1274 1225959
1271 1273 1225962
1271 1274 1225965
1270 1272 1225968
1271 1272 1225971
1271 1272 1225974
1272 1272 1225977
1270 1272 1225980
1270 1271 1225983
1276 1275 1225986
1268 1271 1225989
1268 1274 1225992
1271 1272 1225995
1272 1273 1225999
1271 1273 1226002
1271 1272 1226005
1271 1272 1226008
1271 1272 1226011
1270 1272 1226014
1269 1271 1226017
1272 1271 1226020
1270 1272 1226023
1274 1276 1226026
1268 1271 1226029
1268 1273 1226031
1271 1273 1226034
1270 1270 1226037
1271 1272 1226040
1269 1273 1226043
1271 1273 1226046
1271 1272 1226049
1271 1271 1226052
1271 1272 1226055
1271 1271 1226058
1271 1273 1226061
1272 1276 1226064
1269 1268 1226067
1270 1271 1226070
1273 1272 1226073
1270 1271 1226076
1271 1272 1226079
1272 1272 1226082
1270 1272 1226085
1270 1271 1226088
1271 1273 1226091
1271 1274 1226094
1270 1271 1226097
1270 1270 1226100
1271 1275 1226103
1271 1268 1226106
1269 1271 1226109
1272 1273 1226112
1272 1273 1226115
1270 1272 1226118
1271 1272 1226121
1270 1273 1226124
1271 1272 1226127
1270 1272 1226130
1270 1271 1226133
1271 1271 1226136
1271 1271 1226139
1269 1275 1226142
1271 1270 1226145
1271 1271 1226148
1270 1271 1226151
1271 1273 1226154
1271 1272 1226157
1271 1272 1226160
1269 1272 1226163
1270 1271 1226166
1272 1271 1226169
1272 1271 1226172
1270 1273 1226175
1272 1273 1226178
1271 1276 1226181
1267 1270 1226184
1269 1270 1226187
1271 1271 1226190
1272 1274 1226193
1270 1274 1226196
1270 1271 1226199
1271 1272 1226202
1272 1272 1226205
1270 1273 1226208
1272 1272 1226211
1272 1274 1226214
1270 1272 1226217
1271 1274 1226220
1274 1269 1226223
1270 1269 1226226
1271 1271 1226229
1269 1270 1226232
1272 1273 1226235
1272 1272 1226238
1270 1272 1226241
1272 1273 1226244
1272 1272 1226247
1270 1271 1226250
1270 1272 1226253
1270 1270 1226256
1272 1273 1226259
1274 1269 1226262
1266 1269 1226265
1272 1274 1226268
1271 1271 1226271
1270 1273 1226274
1272 1272 1226277
1272 1272 1226280
1270 1273 1226283
1271 1272 1226286
1271 1272 1226289
1272 1273 1226292
1270 1272 1226295
1270 1271 1226298
1275 1271 1226301
1268 1272 1226304
1268 1273 1226307
1272 1272 1226310
1271 1273 1226313
1270 1275 1226316
1269 1273 1226319
1270 1273 1226322
1271 1274 1226325
1270 1272 1226328
1270 1271 1226331
1272 1273 1226334
1271 1272 1226337
1274 1271 1226340
1268 1272 1226343
1270 1273 1226346
1271 1273 1226349
1272 1272 1226352
1270 1273 1226355
1271 1274 1226358
1270 1272 1226361
1270 1272 1226364
1271 1271 1226367
1271 1270 1226370
1269 1272 1226373
1271 1273 1226376
1275 1272 1226379
1267 1271 1226382
1268 1271 1226385
1270 1273 1226388
1272 1274 1226391
1270 1273 1226394
1270 1271 1226397
1271 1271 1226400
1271 1272 1226403
1269 1273 1226406
1271 1272 1226409
1271 1273 1226412
1270 1273 1226415
1274 1276 1226418
1266 1271 1226421
1270 1274 1226424
1269 1270 1226427
1271 1270 1226430
1272 1272 1226433
1271 1272 1226436
1269 1272 1226439
1272 1272 1226442
1272 1273 1226445
1270 1273 1226448
1271 1271 1226451
1271 1273 1226454
1271 1277 1226457
1268 1268 1226460
1268 1270 1226463
1272 1272 1226466
1270 1270 1226469
1270 1271 1226472
1272 1273 1226475
1271 1272 1226478
1270 1272 1226481
1271 1273 1226484
1270 1273 1226487
1271 1272 1226490
1269 1271 1226493
1270 1274 1226496
1271 1268 1226499
1270 1269 1226502
1270 1273 1226505
1272 1273 1226508
1272 1273 1226511
1270 1273 1226514
1271 1272 1226517
1270 1271 1226520
1271 1273 1226523
1270 1272 1226526
1269 1271 1226529
1271 1272 1226532
1270 1275 1226535
1268 1270 1226538
1271 1271 1226541
1271 1273 1226544
1272 1273 1226547
1271 1271 1226550
1270 1273 1226553
1272 1274 1226556
1270 1273 1226559
1271 1271 1226562
1271 1273 1226565
1272 1272 1226568
1270 1272 1226571
1272 1276 1226574
1271 1271 1226577
1269 1270 1226580
1270 1271 1226583
1270 1273 1226586
1270 1273 1226589
1270 1271 1226592
1270 1271 1226595
1271 1272 1226598
1271 1271 1226601
1270 1273 1226604
1272 1274 1226607
1272 1272 1226610
1270 1275 1226613
1270 1269 1226616
1270 1268 1226619
1272 1271 1226622
1269 1272 1226625
1270 1271 1226628
1271 1271 1226631
1272 1272 1226634
1269 1273 1226637
1272 1271 1226640
1271 1272 1226643
1270 1272 1226646
1270 1271 1226649
1270 1274 1226652
1276 1270 1226655
1268 1270 1226658
1271 1270 1226661
1270 1271 1226664
1271 1273 1226667
1270 1271 1226670
1272 1272 1226673
1271 1273 1226676
1270 1272 1226679
1271 1272 1226682
1270 1272 1226685
1272 1274 1226688
1270 1275 1226691
1274 1269 1226694
1268 1270 1226697
1271 1272 1226700
1269 1272 1226703
1271 1273 1226706
1272 1273 1226709
1271 1271 1226712
1270 1272 1226715
1270 1273 1226718
1271 1273 1226721
1270 1271 1226724
1270 1271 1226727
1272 1271 1226730
1276 1270 1226733
1267 1271 1226736
1271 1275 1226739
1271 1272 1226742
1269 1272 1226745
1270 1273 1226748
1270 1273 1226751
1271 1273 1226754
1270 1273 1226757
1270 1271 1226760
1271 1270 1226763
1271 1272 1226766
1270 1273 1226769
1275 1272 1226772
1268 1272 1226775
1269 1274 1226778
1271 1272 1226781
1270 1271 1226784
1271 1274 1226787
1269 1271 1226790
1270 1270 1226793
1271 1272 1226796
1271 1270 1226799
1270 1271 1226802
1272 1271 1226805
1271 1273 1226808
1274 1272 1226811
1267 1271 1226814
1269 1274 1226817
1272 1273 1226820
1270 1271 1226823
1270 1271 1226826
1271 1270 1226829
1272 1271 1226832
1270 1272 1226835
1272 1273 1226838
1271 1273 1226841
1270 1272 1226844
1271 1274 1226847
1274 1272 1226850
1268 1272 1226853
1268 1272 1226856
1270 1270 1226859
1271 1270 1226862
1270 1271 1226865
1270 1273 1226868
1272 1273 1226871
1272 1272 1226874
1271 1274 1226877
1270 1271 1226880
1270 1272 1226883
1271 1273 1226886
1273 1272 1226889
1268 1269 1226892
1270 1271 1226895
1272 1273 1226898
1271 1273 1226901
1272 1272 1226904
1272 1274 1226907
1270 1273 1226910
1270 1271 1226913
1270 1272 1226916
1271 1273 1226919
1270 1272 1226922
1270 1271 1226925
1274 1271 1226928
1268 1271 1226931
1268 1272 1226934
1272 1275 1226937
1273 1273 1226940
1270 1271 1226943
1270 1272 1226946
1270 1273 1226949
1271 1273 1226952
1269 1272 1226955
1270 1271 1226958
1271 1272 1226961
1271 1272 1226964
1274 1274 1226967
1268 1272 1226970
1269 1271 1226973
1270 1273 1226976
1271 1273 1226979
1270 1271 1226982
1272 1274 1226985
1271 1273 1226988
1270 1271 1226991
1271 1271 1226994
1271 1273 1226997
1270 1272 1227001
1271 1270 1227004
1275 1273 1227007
1267 1272 1227010
1269 1271 1227013
1273 1270 1227016
1273 1273 1227019
1271 1272 1227022
1272 1272 1227025
1272 1274 1227027
1270 1274 1227030
1271 1270 1227033
1272 1271 1227036
1270 1272 1227039
1270 1272 1227042
1274 1271 1227045
1268 1272 1227048
1270 1271 1227051
1272 1272 1227054
1273 1273 1227057
1271 1272 1227060
1272 1271 1227063
1271 1273 1227066
1272 1274 1227069
1271 1273 1227072
1271 1273 1227075
1270 1273 1227078
1271 1274 1227081
1272 1273 1227084
1268 1270 1227087
1271 1272 1227090
1271 1271 1227093
1271 1273 1227096
1272 1273 1227099
1273 1272 1227102
1272 1272 1227105
1271 1272 1227108
1270 1273 1227111
1272 1273 1227114
1270 1272 1227117
1270 1272 1227120
1274 1274 1227123
1268 1271 1227126
1268 1272 1227129
1273 1272 1227132
1273 1274 1227135
1270 1273 1227138
1271 1273 1227141
1270 1271 1227144
1272 1274 1227147
1270 1273 1227150
1271 1270 1227153
1271 1272 1227156
1271 1272 1227159
1272 1275 1227162
1271 1271 1227165
1270 1273 1227168
1271 1273 1227171
1270 1272 1227174
1271 1273 1227177
1272 1273 1227180
1270 1271 1227183
1270 1271 1227186
1272 1272 1227189
1272 1271 1227192
1270 1272 1227195
1272 1273 1227198
1272 1274 1227201
1269 1270 1227204
1270 1272 1227207
1271 1273 1227210
1272 1273 1227213
1270 1272 1227216
1270 1270 1227219
1273 1271 1227222
1272 1271 1227225
1271 1273 1227228
1272 1273 1227231
1272 1273 1227234
1271 1273 1227237
1271 1273 1227240
1270 1271 1227243
1271 1273 1227246
1270 1272 1227249
1272 1272 1227252
1273 1272 1227255
1272 1273 1227258
1270 1274 1227261
1272 1273 1227264
1272 1274 1227267
1271 1273 1227270
1271 1271 1227273
1271 1272 1227276
1271 1274 1227279
1269 1272 1227282
1270 1270 1227285
1272 1272 1227288
1271 1273 1227291
1271 1273 1227294
1272 1272 1227297
1272 1274 1227300
1271 1272 1227303
1271 1272 1227306
1271 1273 1227309
1272 1273 1227312
1270 1271 1227315
1270 1271 1227318
1271 1272 1227321
1271 1271 1227324
1270 1272 1227327
1272 1274 1227330
1272 1272 1227333
1270 1273 1227336
1270 1272 1227339
1271 1273 1227342
1271 1273 1227345
1271 1271 1227348
1270 1272 1227351
1271 1272 1227354
1271 1272 1227357
1270 1274 1227360
1272 1272 1227363
1272 1272 1227366
1271 1273 1227369
1271 1274 1227372
1270 1273 1227375
1272 1273 1227378
1270 1272 1227381
1270 1271 1227384
1272 1272 1227387
1271 1272 1227390
1270 1272 1227393
1272 1273 1227396
1272 1274 1227399
1270 1274 1227402
1270 1272 1227405
1270 1272 1227408
1271 1274 1227411
1270 1272 1227414
1270 1271 1227417
1272 1273 1227420
1271 1272 1227423
1270 1271 1227426
1271 1273 1227429
1271 1275 1227432
1270 1273 1227435
1271 1272 1227438
1271 1274 1227441
1271 1273 1227444
1270 1272 1227447
1271 1272 1227450
1271 1271 1227453
1271 1271 1227456
1270 1273 1227459
1272 1272 1227462
1273 1272 1227465
1271 1273 1227468
1271 1273 1227471
1271 1273 1227474
1272 1273 1227477
1271 1273 1227480
1271 1271 1227483
1272 1272 1227486
1271 1272 1227489
1269 1274 1227492
1272 1273 1227495
1273 1273 1227498
1271 1274 1227501
1271 1272 1227504
1271 1272 1227507
1272 1275 1227510
1270 1271 1227513
1271 1270 1227516
1272 1272 1227519
1271 1274 1227522
1269 1273 1227525
1272 1273 1227528
1272 1274 1227531
1270 1273 1227534
1271 1272 1227537
1271 1274 1227540
1271 1273 1227543
1271 1272 1227546
1270 1272 1227549
1271 1272 1227552
1272 1272 1227555
1271 1272 1227558
1273 1274 1227561
1272 1273 1227564
1271 1273 1227567
1271 1273 1227570
1270 1272 1227573
1272 1273 1227576
1270 1273 1227579
1270 1271 1227582
1272 1272 1227585
1272 1272 1227588
1270 1273 1227591
1272 1273 1227594
1272 1273 1227597
1271 1274 1227600
1271 1272 1227603
1271 1272 1227606
1272 1273 1227609
1270 1272 1227612
1270 1271 1227615
1272 1271 1227618
1272 1272 1227621
1270 1273 1227624
1272 1273 1227627
1272 1274 1227630
1270 1273 1227633
1271 1271 1227636
1270 1273 1227639
1272 1274 1227642
1270 1272 1227645
1271 1271 1227648
1272 1273 1227651
1271 1272 1227654
1270 1272 1227657
1272 1274 1227660
1271 1273 1227663
1271 1272 1227666
1271 1273 1227669
1271 1273 1227672
1271 1273 1227675
1270 1271 1227678
1270 1271 1227681
1271 1273 1227684
1271 1271 1227687
1270 1274 1227690
1272 1272 1227693
1272 1273 1227696
1271 1272 1227699
1271 1273 1227702
1271 1272 1227705
1272 1273 1227708
1269 1272 1227711
1270 1271 1227714
1272 1271 1227717
1272 1272 1227720
1270 1273 1227723
1272 1272 1227726
1272 1273 1227729
1270 1273 1227732
1273 1272 1227735
1271 1271 1227738
1272 1274 1227741
1270 1273 1227744
1270 1271 1227747
1272 1272 1227750
1272 1272 1227753
1270 1272 1227756
1272 1273 1227759
1272 1273 1227762
1272 1274 1227765
1272 1273 1227768
1272 1273 1227771
1272 1275 1227774
1271 1272 1227777
1271 1272 1227780
1272 1272 1227783
1271 1271 1227786
1270 1272 1227789
1272 1273 1227792
1272 1272 1227795
1271 1271 1227798
1271 1272 1227801
1270 1273 1227804
1272 1274 1227807
1270 1271 1227810
1270 1272 1227813
1271 1271 1227816
1271 1272 1227819
1270 1273 1227822
1271 1273 1227825
1271 1272 1227828
1271 1272 1227831
1271 1272 1227834
1270 1273 1227837
1272 1274 1227840
1270 1272 1227843
1271 1271 1227846
1272 1271 1227849
1272 1273 1227852
1270 1273 1227855
1272 1273 1227858
1272 1273 1227861
1271 1274 1227864
1271 1272 1227867
1271 1272 1227870
1272 1274 1227873
1270 1271 1227876
1270 1271 1227879
1272 1272 1227882
1271 1272 1227885
1270 1272 1227888
1272 1272 1227891
1272 1273 1227894
1271 1273 1227897
1271 1272 1227900
1271 1273 1227903
1271 1273 1227906
1270 1272 1227909
1270 1271 1227912
1271 1273 1227915
1272 1272 1227918
1271 1273 1227921
1272 1274 1227924
1272 1273 1227927
1271 1273 1227930
1271 1273 1227933
1270 1272 1227936
1272 1273 1227939
1270 1272 1227942
1270 1270 1227945
1272 1271 1227948
1271 1271 1227951
1270 1273 1227954
1272 1273 1227957
1271 1273 1227960
1271 1274 1227963
1271 1272 1227966
1270 1272 1227969
1272 1273 1227972
1270 1271 1227975
1271 1270 1227978
1272 1271 1227981
1272 1273 1227984
1270 1273 1227987
1272 1272 1227990
1272 1274 1227993
1270 1272 1227996
1270 1271 1228000
1271 1273 1228003
1271 1274 1228006
1270 1271 1228009
1272 1272 1228012
1271 1273 1228015
1270 1273 1228018
1272 1272 1228021
1272 1273 1228024
1271 1271 1228027
1271 1271 1228029
1272 1273 1228032
1269 1273 1228035
1271 1273 1228038
1271 1273 1228041
1273 1272 1228044
1271 1273 1228047
1271 1273 1228050
1271 1274 1228053
1271 1272 1228056
1271 1271 1228059
1272 1272 1228062
1270 1273 1228065
1271 1273 1228068
1271 1272 1228071
1271 1273 1228074
1272 1274 1228077
1271 1272 1228080
1271 1272 1228083
1272 1272 1228086
1271 1271 1228089
1270 1273 1228092
1272 1273 1228095
1272 1272 1228098
1271 1273 1228101
1271 1273 1228104
1270 1273 1228107
1272 1274 1228110
1270 1273 1228113
1271 1272 1228116
1272 1271 1228119
1272 1272 1228122
1270 1273 1228125
1273 1272 1228128
1273 1273 1228131
1271 1273 1228134
1271 1273 1228137
1270 1271 1228140
1272 1274 1228143
1270 1273 1228146
1270 1271 1228149
1272 1272 1228152
1271 1273 1228155
1270 1274 1228158
1273 1273 1228161
1273 1274 1228164
1271 1273 1228167
1271 1271 1228170
1271 1273 1228173
1272 1274 1228176
1270 1271 1228179
1271 1271 1228182
1272 1272 1228185
1270 1273 1228188
1269 1272 1228191
1272 1272 1228194
1272 1273 1228197
1270 1272 1228200
1271 1272 1228203
1270 1273 1228206
1272 1273 1228209
1270 1272 1228212
1270 1272 1228215
1271 1272 1228218
1271 1272 1228221
1270 1273 1228224
1272 1274 1228227
1272 1273 1228230
1271 1272 1228233
1271 1273 1228236
1270 1272 1228239
1272 1273 1228242
1270 1272 1228245
1270 1271 1228248
1272 1271 1228251
1272 1272 1228254
1270 1273 1228257
1272 1273 1228260
1272 1273 1228263
1270 1274 1228266
1271 1271 1228269
1271 1272 1228272
1272 1274 1228275
1270 1273 1228278
1270 1270 1228281
1272 1272 1228284
1272 1273 1228287
1269 1273 1228290
1272 1273 1228293
1272 1273 1228296
1270 1272 1228299
1271 1271 1228302
1270 1273 1228305
1272 1274 1228308
1269 1271 1228311
1271 1271 1228314
1272 1272 1228317
1271 1272 1228320
1270 1273 1228323
1272 1274 1228326
1271 1272 1228329
1271 1271 1228332
1271 1273 1228335
1270 1274 1228338
1271 1274 1228341
1270 1272 1228344
1271 1272 1228347
1272 1272 1228350
1272 1272 1228353
1270 1273 1228356
1272 1273 1228359
1272 1273 1228362
1270 1273 1228365
1271 1272 1228368
1271 1272 1228371
1271 1273 1228374
1271 1273 1228377
1271 1272 1228380
1271 1272 1228383
1272 1273 1228386
1270 1272 1228389
1273 1272 1228392
1272 1274 1228395
1270 1273 1228398
1272 1272 1228401
1271 1273 1228404
1272 1273 1228407
1271 1272 1228410
1271 1270 1228413
1271 1273 1228416
1272 1272 1228419
1270 1273 1228422
1272 1273 1228425
1272 1274 1228428
1270 1273 1228431
1272 1272 1228434
1271 1273 1228437
1271 1274 1228440
1271 1271 1228443
1271 1272 1228446
1272 1272 1228449
1272 1272 1228452
1270 1273 1228455
1272 1273 1228458
1271 1273 1228461
1271 1272 1228464
1270 1273 1228467
1271 1273 1228470
1272 1273 1228473
1271 1273 1228476
1270 1271 1228479
1272 1271 1228482
1272 1272 1228485
1270 1274 1228488
1272 1272 1228491
1272 1272 1228494
1271 1273 1228497
1271 1272 1228500
1271 1272 1228503
1272 1274 1228506
1270 1272 1228509
1271 1270 1228512
1271 1272 1228515
1271 1273 1228518
1269 1273 1228521
1272 1272 1228524
1272 1273 1228527
1271 1273 1228530
1271 1271 1228533
1271 1274 1228536
1272 1274 1228539
1270 1271 1228542
1271 1271 1228545
1272 1273 1228548
1274 1271 1228551
1271 1272 1228554
1272 1273 1228557
1271 1273 1228560
1271 1272 1228563
1271 1272 1228566
1271 1273 1228569
1272 1272 1228572
1270 1272 1228575
1270 1272 1228578
1267 1272 1228581
1270 1272 1228584
1270 1273 1228587
1272 1273 1228590
1272 1272 1228593
1270 1273 1228596
1271 1273 1228599
1271 1272 1228602
1272 1273 1228605
1270 1272 1228608
1270 1270 1228611
1272 1272 1228614
1272 1272 1228617
1270 1274 1228620
1272 1272 1228623
1272 1273 1228626
1271 1274 1228629
1271 1272 1228632
1271 1272 1228635
1272 1274 1228638
1270 1272 1228641
1271 1271 1228644
1272 1272 1228647
1272 1273 1228650
1270 1272 1228653
1272 1273 1228656
1272 1274 1228659
1270 1272 1228662
1271 1271 1228665
1270 1273 1228668
1272 1273 1228671
1270 1272 1228674
1271 1272 1228677
1272 1273 1228680
1272 1272 1228683
1270 1273 1228686
1272 1274 1228689
1272 1273 1228692
1270 1272 1228695
1270 1273 1228698
1271 1272 1228701
1272 1273 1228704
1270 1271 1228707
1271 1272 1228710
1272 1271 1228713
1271 1271 1228716
1270 1273 1228719
1272 1272 1228722
1271 1273 1228725
1270 1273 1228728
1271 1274 1228731
1271 1272 1228734
1272 1274 1228737
1271 1273 1228740
1271 1271 1228743
1272 1272 1228746
1272 1273 1228749
1270 1272 1228752
1272 1273 1228755
1272 1273 1228758
1271 1271 1228761
1272 1272 1228764
1271 1272 1228767
1272 1274 1228770
1270 1272 1228773
1270 1270 1228776
1271 1273 1228779
1272 1272 1228782
1271 1272 1228785
1272 1273 1228788
1271 1272 1228791
1271 1271 1228794
1271 1272 1228797
1270 1273 1228800
1272 1274 1228803
1270 1272 1228806
1271 1272 1228809
1271 1272 1228812
1272 1271 1228815
1270 1273 1228818
1272 1272 1228821
1272 1272 1228824
1271 1272 1228827
1271 1273 1228830
1271 1273 1228833
1271 1273 1228836
1271 1273 1228839
1270 1271 1228842
1272 1271 1228845
1272 1272 1228848
1270 1272 1228851
1273 1273 1228854
1273 1273 1228857
1271 1273 1228860
1271 1272 1228863
1271 1272 1228866
1272 1275 1228869
1270 1272 1228872
1271 1270 1228875
1272 1272 1228878
1271 1273 1228881
1269 1273 1228884
1272 1272 1228887
1272 1273 1228890
1270 1273 1228893
1271 1272 1228896
1270 1274 1228899
1271 1274 1228902
1270 1271 1228905
1271 1271 1228908
1271 1271 1228911
1271 1271 1228914
1270 1272 1228917
1272 1273 1228920
1272 1274 1228923
1270 1273 1228926
1271 1273 1228929
1270 1273 1228932
1272 1273 1228935
1270 1272 1228938
1270 1271 1228941
1272 1271 1228944
1272 1272 1228947
1269 1273 1228950
1272 1273 1228953
1272 1272 1228956
1271 1273 1228959
1271 1272 1228962
1270 1272 1228965
1272 1273 1228968
1270 1272 1228971
1271 1270 1228974
1272 1271 1228977
1272 1272 1228980
1270 1274 1228983
1272 1272 1228986
1272 1273 1228989
1271 1273 1228992
1271 1271 1228995
1271 1272 1228999
1271 1273 1229002
1271 1271 1229005
1271 1271 1229008
1271 1272 1229011
1271 1273 1229014
1271 1270 1229017
1273 1272 1229020
1271 1272 1229023
1271 1271 1229026
1272 1274 1229029
1269 1272 1229031
1270 1273 1229034
1271 1271 1229037
1271 1272 1229040
1269 1273 1229043
1271 1272 1229046
1271 1272 1229049
1271 1272 1229052
1271 1271 1229055
1271 1272 1229058
1271 1273 1229061
1273 1272 1229064
1271 1271 1229067
1272 1272 1229070
1272 1272 1229073
1270 1272 1229076
1271 1273 1229079
1272 1274 1229082
1271 1272 1229085
1271 1272 1229088
1270 1273 1229091
1272 1273 1229094
1270 1271 1229097
1270 1271 1229100
1271 1272 1229103
1272 1272 1229106
1271 1273 1229109
1272 1273 1229112
1271 1272 1229115
1271 1272 1229118
1271 1272 1229121
1270 1272 1229124
1271 1273 1229127
1270 1272 1229130
1270 1272 1229133
1272 1271 1229136
1271 1272 1229139
1270 1273 1229142
1272 1272 1229145
1271 1273 1229148
1270 1273 1229151
1271 1273 1229154
1270 1272 1229157
1272 1273 1229160
1270 1273 1229163
1270 1271 1229166
1271 1272 1229169
1271 1273 1229172
1270 1273 1229175
1272 1272 1229178
1272 1273 1229181
1270 1270 1229184
1271 1270 1229187
1270 1272 1229190
1272 1274 1229193
1270 1272 1229196
1270 1270 1229199
1272 1273 1229202
1271 1271 1229205
1270 1272 1229208
1272 1273 1229211
1271 1271 1229214
1272 1271 1229217
1271 1271 1229220
1271 1273 1229223
1272 1274 1229226
1270 1272 1229229
1270 1272 1229232
1272 1272 1229235
1271 1271 1229238
1271 1273 1229241
1272 1271 1229244
1272 1272 1229247
1271 1272 1229250
1270 1272 1229253
1271 1272 1229256
1271 1273 1229259
1270 1273 1229262
1270 1271 1229265
1272 1271 1229268
1271 1271 1229271
1270 1273 1229274
1272 1273 1229277
1272 1272 1229280
1271 1274 1229283
1271 1273 1229286
1271 1272 1229289
1272 1274 1229292
1270 1272 1229295
1271 1270 1229298
1272 1272 1229301
1271 1272 1229304
1270 1273 1229307
1272 1273 1229310
1272 1273 1229313
1271 1273 1229316
1271 1271 1229319
1271 1273 1229322
1272 1273 1229325
1270 1271 1229328
1270 1271 1229331
1272 1272 1229334
1272 1272 1229337
1271 1272 1229340
1272 1273 1229343
1272 1274 1229346
1270 1272 1229349
1271 1272 1229352
1272 1272 1229355
1272 1273 1229358
1270 1272 1229361
1270 1272 1229364
1272 1273 1229367
1272 1272 1229370
1271 1273 1229373
1272 1274 1229376
1272 1272 1229379
1271 1273 1229382
1271 1272 1229385
1270 1272 1229388
1271 1273 1229391
1270 1272 1229394
1267 1272 1229397
1271 1271 1229400
1271 1272 1229403
1269 1273 1229406
1272 1272 1229409
1272 1273 1229412
1271 1273 1229415
1271 1271 1229418
1270 1272 1229421
1272 1274 1229424
1272 1273 1229427
1272 1272 1229430
1273 1272 1229433
1272 1272 1229436
1270 1272 1229439
1272 1273 1229442
1272 1274 1229445
1271 1272 1229448
1271 1272 1229451
1271 1273 1229454
1273 1273 1229457
1271 1271 1229460
1271 1271 1229463
1272 1273 1229466
1272 1272 1229469
1270 1273 1229472
1271 1274 1229475
1271 1272 1229478
1270 1272 1229481
1270 1272 1229484
1271 1272 1229487
1271 1272 1229490
1270 1272 1229493
1270 1271 1229496
1272 1271 1229499
1271 1272 1229502
1270 1273 1229505
1272 1271 1229508
1272 1272 1229511
1270 1272 1229514
1271 1272 1229517
1271 1272 1229520
1272 1274 1229523
1271 1273 1229526
1270 1271 1229529
1272 1272 1229532
1271 1272 1229535
1270 1271 1229538
1272 1273 1229541
1271 1273 1229544
1271 1272 1229547
1270 1272 1229550
1271 1272 1229553
1272 1274 1229556
1270 1273 1229559
1271 1272 1229562
1271 1273 1229565
1271 1271 1229568
1270 1272 1229571
1272 1273 1229574
1271 1273 1229577
1271 1273 1229580
1271 1271 1229583
1271 1273 1229586
1272 1274 1229589
1270 1272 1229592
1270 1272 1229595
1271 1271 1229598
1271 1270 1229601
1270 1273 1229604
1272 1272 1229607
1271 1272 1229610
1271 1273 1229613
1270 1273 1229616
1270 1273 1229619
1272 1273 1229622
1270 1272 1229625
1270 1270 1229628
1272 1271 1229631
1271 1272 1229634
1269 1273 1229637
1271 1272 1229640
1271 1273 1229643
1271 1273 1229646
1271 1273 1229649
1270 1272 1229652
1272 1274 1229655
1270 1272 1229658
1271 1270 1229661
1272 1272 1229664
1271 1272 1229667
1269 1272 1229670
1272 1273 1229673
1272 1274 1229676
1270 1273 1229679
1271 1272 1229682
1270 1273 1229685
1272 1273 1229688
1270 1271 1229691
1270 1271 1229694
1271 1272 1229697
1272 1272 1229700
1270 1273 1229703
1272 1274 1229706
1272 1274 1229709
1270 1272 1229712
1271 1273 1229715
1271 1272 1229718
1272 1272 1229721
1270 1272 1229724
1270 1274 1229727
1272 1272 1229730
1272 1272 1229733
1270 1273 1229736
1273 1273 1229739
1272 1273 1229742
1271 1273 1229745
1271 1272 1229748
1271 1272 1229751
1272 1274 1229754
1269 1274 1229757
1269 1272 1229760
1271 1272 1229763
1272 1273 1229766
1270 1273 1229769
1272 1272 1229772
1272 1274 1229775
1270 1273 1229778
1271 1271 1229781
1271 1273 1229784
1272 1273 1229787
1271 1272 1229790
1271 1271 1229793
1272 1273 1229796
1271 1272 1229799
1270 1272 1229802
1272 1274 1229805
1272 1273 1229808
1271 1272 1229811
1270 1272 1229814
1270 1272 1229817
1271 1273 1229820
1270 1272 1229823
1270 1272 1229826
1272 1272 1229829
1272 1272 1229832
1270 1274 1229835
1272 1273 1229838
1272 1272 1229841
1271 1272 1229844
1270 1272 1229847
1270 1272 1229850
1272 1273 1229853
1270 1273 1229856
1270 1272 1229859
1272 1271 1229862
1271 1273 1229865
1270 1273 1229868
1272 1272 1229871
1271 1273 1229874
1270 1272 1229877
1271 1271 1229880
1271 1271 1229883
1271 1274 1229886
1270 1273 1229889
1271 1271 1229892
1271 1273 1229895
1272 1272 1229898
1270 1272 1229901
1272 1272 1229904
1271 1273 1229907
1270 1272 1229910
1271 1271 1229913
1271 1272 1229916
1272 1274 1229919
1270 1272 1229922
1271 1272 1229925
1272 1273 1229928
1271 1271 1229931
1270 1273 1229934
1272 1273 1229937
1270 1273 1229940
1270 1273 1229943
1271 1273 1229946
1270 1273 1229949
1272 1273 1229952
1270 1273 1229955
1270 1272 1229958
1271 1271 1229961
1271 1272 1229964
1270 1273 1229967
1273 1272 1229970
1272 1273 1229973
1271 1273 1229976
1271 1272 1229979
1270 1272 1229982
1273 1274 1229985
1271 1273 1229988
1271 1270 1229991
1271 1272 1229994
1271 1272 1229997
1270 1273 1230001
1273 1271 1230004
1272 1274 1230007
1271 1274 1230010
1272 1272 1230013
1274 1271 1230016
1272 1273 1230019
1271 1270 1230022
1271 1272 1230025
1271 1273 1230027
1270 1273 1230030
1272 1271 1230033
1271 1271 1230036
1271 1272 1230039
1270 1273 1230042
1271 1274 1230045
1272 1275 1230048
1272 1270 1230051
1271 1272 1230054
1272 1273 1230057
1267 1272 1230060
1271 1271 1230063
1270 1273 1230066
1271 1273 1230069
1271 1272 1230072
1271 1273 1230075
1271 1273 1230078
1272 1272 1230081
1270 1272 1230084
1270 1272 1230087
1272 1272 1230090
1272 1272 1230093
1270 1273 1230096
1272 1273 1230099
1272 1273 1230102
1271 1273 1230105
1271 1273 1230108
1271 1272 1230111
1272 1273 1230114
1270 1272 1230117
1270 1270 1230120
1272 1271 1230123
1272 1272 1230126
1270 1274 1230129
1271 1272 1230132
1272 1273 1230135
1270 1274 1230138
1270 1272 1230141
1271 1272 1230144
1271 1274 1230147
1270 1272 1230150
1270 1270 1230153
1272 1271 1230156
1272 1272 1230159
1270 1273 1230162
1272 1272 1230165
1272 1274 1230168
1271 1272 1230171
1270 1271 1230174
1270 1273 1230177
1271 1273 1230180
1270 1272 1230183
1271 1271 1230186
1272 1273 1230189
1271 1272 1230192
1270 1272 1230195
1273 1274 1230198
1271 1272 1230201
1271 1272 1230204
1271 1273 1230207
1270 1272 1230210
1272 1273 1230213
1271 1272 1230216
1270 1272 1230219
1271 1272 1230222
1271 1272 1230225
1270 1274 1230228
1272 1273 1230231
1272 1273 1230234
1271 1273 1230237
1270 1273 1230240
1271 1272 1230243
1273 1273 1230246
1271 1272 1230249
1270 1271 1230252
1272 1272 1230255
1272 1273 1230258
1271 1272 1230261
1272 1273 1230264
1272 1274 1230267
1270 1273 1230270
1270 1272 1230273
1271 1273 1230276
1272 1274 1230279
1270 1272 1230282
1270 1271 1230285
1271 1273 1230288
1271 1272 1230291
1270 1272 1230294
1271 1274 1230297
1272 1274 1230300
1270 1272 1230303
1271 1273 1230306
1270 1273 1230309
1272 1274 1230312
1270 1271 1230315
1271 1272 1230318
1272 1271 1230321
1272 1271 1230324
1270 1273 1230327
1271 1274 1230330
1271 1273 1230333
1271 1273 1230336
1271 1272 1230339
1271 1272 1230342
1272 1273 1230345
1270 1273 1230348
1270 1271 1230351
1271 1271 1230354
1271 1272 1230357
1270 1271 1230360
1273 1272 1230363
1272 1272 1230366
1271 1273 1230369
1271 1273 1230372
1271 1272 1230375
1271 1274 1230378
1270 1272 1230381
1271 1270 1230384
1272 1272 1230387
1271 1273 1230390
1270 1272 1230393
1273 1273 1230396
1272 1274 1230399
1271 1273 1230402
1272 1272 1230405
1271 1274 1230408
1272 1274 1230411
1271 1271 1230414
1271 1271 1230417
1271 1273 1230420
1271 1272 1230423
1270 1272 1230426
1272 1273 1230429
1272 1274 1230432
1271 1272 1230435
1271 1273 1230438
1271 1272 1230441
1272 1273 1230444
1270 1272 1230447
1270 1272 1230450
1272 1272 1230453
1271 1272 1230456
1270 1273 1230459
1273 1273 1230462
1272 1273 1230465
1271 1273 1230468
1270 1272 1230471
1271 1272 1230474
1272 1274 1230477
1270 1272 1230480
1271 1271 1230483
1272 1271 1230486
1272 1272 1230489
1270 1273 1230492
1272 1272 1230495
1272 1274 1230498
1271 1273 1230501
1271 1271 1230504
1271 1273 1230507
1271 1273 1230510
1270 1273 1230513
1271 1271 1230516
1273 1272 1230519
1271 1273 1230522
1270 1272 1230525
1273 1274 1230528
1272 1273 1230531
1271 1272 1230534
1271 1273 1230537
1271 1273 1230540
1272 1273 1230543
1270 1272 1230546
1270 1271 1230549
1272 1272 1230552
1272 1272 1230555
1271 1273 1230558
1272 1273 1230561
1272 1272 1230564
1271 1273 1230567
1271 1272 1230570
1269 1272 1230573
1271 1273 1230576
1270 1272 1230579
1270 1272 1230582
1271 1271 1230585
1272 1272 1230588
1270 1273 1230591
1272 1272 1230594
1272 1273 1230597
1270 1273 1230600
1273 1272 1230603
1272 1273 1230606
1272 1274 1230609
1271 1273 1230612
1271 1270 1230615
1272 1272 1230618
1272 1273 1230621
1270 1272 1230624
1272 1273 1230627
1271 1274 1216158
1272 1273 1216161
1272 1273 1216164
1271 1275 1216167
1272 1272 1216170
1271 1272 1216173
1272 1274 1216176
1270 1272 1216179
1270 1271 1216182
1276 1271 1216185
1268 1272 1216188
1269 1273 1216191
1273 1274 1216194
1272 1274 1216197
1271 1273 1216200
1272 1271 1216203
1271 1273 1216206
1272 1274 1216209
1271 1273 1216212
1271 1271 1216215
1272 1272 1216218
1272 1273 1216221
1271 1276 1216224
1272 1271 1216227
1271 1272 1216230
1272 1273 1216233
1271 1272 1216236
1270 1273 1216239
1272 1274 1216242
1271 1272 1216245
1271 1272 1216248
1272 1273 1216251
1271 1272 1216254
1271 1274 1216257
1272 1274 1216260
1272 1273 1216263
1275 1272 1216266
1268 1270 1216269
1271 1274 1216272
1271 1273 1216275
1270 1273 1216278
1271 1272 1216281
1272 1272 1216284
1272 1273 1216287
1271 1273 1216290
1272 1273 1216293
1272 1274 1216296
1271 1273 1216299
1271 1272 1216302
1275 1277 1216305
1270 1271 1216308
1269 1273 1216311
1271 1271 1216314
1271 1273 1216317
1272 1273 1216320
1270 1272 1216323
1272 1273 1216326
1272 1274 1216329
1271 1273 1216332
1272 1272 1216335
1271 1273 1216338
1272 1274 1216341
1270 1275 1216344
1275 1269 1216347
1271 1271 1216350
1273 1271 1216353
1269 1273 1216356
1273 1274 1216359
1273 1272 1216362
1271 1273 1216365
1272 1272 1216368
1271 1273 1216371
1272 1273 1216374
1270 1273 1216377
1271 1272 1216380
1272 1272 1216383
1276 1273 1216386
1267 1272 1216389
1271 1272 1216392
1272 1273 1216395
1272 1274 1216398
1271 1273 1216401
1271 1272 1216404
1272 1274 1216407
1270 1273 1216410
1271 1271 1216413
1272 1272 1216416
1272 1272 1216419
1270 1273 1216422
1272 1276 1216425
1271 1271 1216428
1270 1272 1216431
1271 1272 1216434
1272 1274 1216437
1273 1275 1216440
1271 1272 1216443
1271 1271 1216446
1272 1272 1216449
1272 1272 1216452
1270 1273 1216455
1272 1273 1216458
1273 1275 1216461
1271 1274 1216464
1275 1270 1216467
1268 1273 1216470
1270 1273 1216473
1271 1272 1216476
1272 1273 1216479
1273 1275 1216482
1271 1273 1216485
1270 1274 1216488
1273 1274 1216491
1272 1274 1216494
1272 1273 1216497
1271 1274 1216500
1271 1273 1216503
1273 1277 1216506
1274 1269 1216509
1270 1268 1216512
1273 1270 1216515
1272 1273 1216518
1271 1274 1216521
1273 1274 1216524
1272 1273 1216527
1271 1274 1216530
1271 1272 1216533
1271 1272 1216536
1272 1274 1216539
1270 1271 1216542
1271 1270 1216545
1276 1275 1216548
1268 1271 1216551
1268 1274 1216554
1272 1273 1216557
1272 1276 1216560
1271 1273 1216563
1270 1271 1216566
1271 1273 1216569
1271 1275 1216572
1270 1272 1216575
1271 1271 1216578
1272 1272 1216581
1272 1273 1216584
1271 1276 1216587
1277 1271 1216590
1270 1272 1216593
1271 1272 1216596
1270 1273 1216599
1271 1273 1216602
1272 1274 1216605
1270 1271 1216608
1271 1272 1216611
1271 1273 1216614
1272 1272 1216617
1270 1274 1216620
1272 1273 1216623
1273 1273 1216626
1275 1277 1216629
1269 1270 1216632
1269 1273 1216635
1273 1273 1216638
1270 1272 1216641
1271 1272 1216644
1272 1271 1216647
1272 1273 1216650
1270 1273 1216653
1273 1273 1216656
1272 1274 1216659
1271 1273 1216662
1271 1273 1216665
1271 1272 1216668
1276 1273 1216671
1267 1272 1216674
1270 1272 1216677
1273 1273 1216680
1272 1273 1216683
1270 1272 1216686
1272 1273 1216689
1272 1274 1216692
1269 1273 1216695
1270 1272 1216698
1271 1273 1216701
1272 1275 1216704
1270 1272 1216707
1271 1275 1216710
1271 1270 1216713
1270 1270 1216716
1270 1274 1216719
1273 1274 1216722
1269 1274 1216725
1270 1273 1216728
1272 1273 1216731
1271 1273 1216734
1272 1273 1216737
1270 1273 1216740
1270 1273 1216743
1272 1271 1216746
1272 1272 1216749
1274 1273 1216752
1270 1272 1216755
1271 1273 1216758
1272 1274 1216761
1273 1274 1216764
1272 1273 1216767
1273 1274 1216770
1271 1273 1216773
1271 1271 1216776
1273 1272 1216779
1272 1272 1216782
1270 1273 1216785
1272 1273 1216788
1272 1277 1216791
1271 1270 1216794
1270 1271 1216797
1271 1272 1216800
1272 1275 1216803
1271 1272 1216806
1270 1271 1216809
1272 1272 1216812
1272 1272 1216815
1270 1272 1216818
1273 1273 1216821
1272 1274 1216824
1271 1273 1216827
1271 1273 1216830
1274 1278 1216833
1268 1272 1216836
1268 1272 1216839
1271 1271 1216842
1272 1273 1216845
1273 1273 1216848
1271 1273 1216851
1272 1274 1216854
1272 1274 1216857
1271 1272 1216860
1271 1273 1216863
1271 1273 1216866
1272 1273 1216869
1271 1276 1216872
1274 1270 1216875
1268 1270 1216878
1272 1273 1216881
1269 1273 1216884
1272 1273 1216887
1272 1273 1216890
1271 1274 1216893
1271 1272 1216896
1271 1272 1216899
1272 1274 1216902
1269 1273 1216905
1270 1271 1216908
1272 1272 1216911
1272 1278 1216914
1268 1270 1216917
1271 1273 1216920
1274 1274 1216923
1270 1272 1216926
1271 1272 1216929
1271 1273 1216932
1272 1276 1216935
1270 1273 1216938
1271 1272 1216941
1272 1273 1216944
1272 1272 1216947
1270 1273 1216950
1272 1276 1216953
1277 1272 1216956
1268 1271 1216959
1272 1274 1216962
1270 1272 1216965
1270 1273 1216968
1271 1272 1216971
1271 1272 1216974
1271 1272 1216977
1272 1271 1216980
1270 1274 1216983
1272 1273 1216986
1272 1273 1216989
1271 1273 1216992
1274 1277 1216995
1266 1272 1216999
1270 1273 1217002
1272 1271 1217005
1272 1273 1217008
1272 1273 1217011
1272 1273 1217014
1271 1271 1217017
1274 1272 1217020
1272 1272 1217023
1271 1272 1217026
1271 1273 1217029
1271 1272 1217031
1272 1278 1217034
1271 1269 1217037
1270 1271 1217040
1270 1274 1217043
1272 1275 1217046
1272 1271 1217049
1272 1271 1217052
1272 1273 1217055
1272 1273 1217058
1272 1273 1217061
1273 1273 1217064
1272 1273 1217067
1272 1272 1217070
1272 1274 1217073
1274 1272 1217076
1269 1271 1217079
1272 1274 1217082
1270 1272 1217085
1271 1272 1217088
1271 1272 1217091
1272 1274 1217094
1270 1273 1217097
1271 1271 1217100
1272 1272 1217103
1272 1273 1217106
1270 1272 1217109
1272 1273 1217112
1275 1275 1217115
1266 1272 1217118
1269 1272 1217121
1270 1273 1217124
1272 1274 1217127
1270 1271 1217130
1271 1272 1217133
1272 1273 1217136
1272 1271 1217139
1270 1273 1217142
1272 1273 1217145
1272 1273 1217148
1272 1273 1217151
1274 1274 1217154
1270 1273 1217157
1271 1273 1217160
1271 1273 1217163
1271 1272 1217166
1271 1271 1217169
1271 1272 1217172
1270 1273 1217175
1272 1273 1217178
1272 1273 1217181
1271 1273 1217184
1271 1273 1217187
1271 1272 1217190
1275 1275 1217193
1270 1273 1217196
1270 1271 1217199
1272 1271 1217202
1271 1272 1217205
1270 1272 1217208
1272 1272 1217211
1272 1273 1217214
1271 1272 1217217
1271 1271 1217220
1271 1272 1217223
1272 1274 1217226
1270 1272 1217229
1273 1272 1217232
1271 1273 1217235
1271 1272 1217238
1270 1273 1217241
1272 1272 1217244
1272 1274 1217247
1271 1272 1217250
1271 1272 1217253
1270 1274 1217256
1272 1273 1217259
1271 1272 1217262
1270 1272 1217265
1271 1274 1217268
1274 1271 1217271
1270 1272 1217274
1272 1274 1217277
1271 1273 1217280
1270 1272 1217283
1271 1273 1217286
1270 1272 1217289
1272 1273 1217292
1270 1272 1217295
1271 1271 1217298
1271 1272 1217301
1272 1272 1217304
1270 1274 1217307
1273 1273 1217310
1271 1273 1217313
1271 1273 1217316
1270 1271 1217319
1270 1272 1217322
1272 1273 1217325
1270 1272 1217328
1271 1271 1217331
1272 1273 1217334
1270 1273 1217337
1271 1273 1217340
1270 1272 1217343
1271 1273 1217346
1271 1272 1217349
1272 1271 1217352
1271 1273 1217355
1271 1273 1217358
1271 1271 1217361
1271 1272 1217364
1272 1274 1217367
1270 1273 1217370
1271 1273 1217373
1270 1274 1217376
1272 1272 1217379
1271 1272 1217382
1271 1273 1217385
1271 1271 1217388
1271 1271 1217391
1272 1272 1217394
1271 1271 1217397
1272 1274 1217400
1271 1271 1217403
1271 1275 1217406
1269 1272 1217409
1271 1272 1217412
1271 1273 1217415
1271 1272 1217418
1270 1272 1217421
1270 1273 1217424
1271 1272 1217427
1270 1272 1217430
1272 1273 1217433
1271 1273 1217436
1271 1273 1217439
1270 1272 1217442
1272 1272 1217445
1271 1272 1217448
1271 1272 1217451
1270 1272 1217454
1272 1272 1217457
1270 1272 1217460
1271 1271 1217463
1272 1274 1217466
1270 1272 1217469
1272 1272 1217472
1270 1273 1217475
1272 1273 1217478
1272 1272 1217481
1272 1272 1217484
1271 1274 1217487
1271 1273 1217490
1271 1272 1217493
1271 1273 1217496
1271 1273 1217499
1271 1272 1217502
1272 1273 1217505
1270 1272 1217508
1271 1272 1217511
1271 1272 1217514
1272 1273 1217517
1271 1273 1217520
1272 1272 1217523
1271 1273 1217526
1271 1272 1217529
1272 1272 1217532
1271 1273 1217535
1270 1273 1217538
1270 1272 1217541
1273 1271 1217544
1271 1273 1217547
1272 1272 1217550
1271 1272 1217553
1271 1272 1217556
1270 1272 1217559
1270 1271 1217562
1272 1273 1217565
1270 1272 1217568
1271 1273 1217571
1270 1271 1217574
1271 1272 1217577
1271 1273 1217580
1272 1272 1217583
1271 1274 1217586
1271 1273 1217589
1271 1271 1217592
1271 1271 1217595
1272 1274 1217598
1271 1271 1217601
1272 1273 1217604
1270 1273 1217607
1271 1273 1217610
1271 1272 1217613
1271 1273 1217616
1271 1273 1217619
1272 1272 1217622
1271 1272 1217625
1270 1271 1217628
1273 1273 1217631
1271 1273 1217634
1270 1274 1217637
1269 1273 1217640
1272 1271 1217643
1271 1273 1217646
1272 1273 1217649
1271 1272 1217652
1271 1272 1217655
1271 1273 1217658
1269 1270 1217661
1272 1272 1217664
1270 1272 1217667
1271 1273 1217670
1269 1272 1217673
1272 1272 1217676
1272 1273 1217679
1271 1271 1217682
1271 1273 1217685
1270 1272 1217688
1267 1273 1217691
1269 1271 1217694
1272 1274 1217697
1270 1273 1217700
1271 1272 1217703
1269 1272 1217706
1272 1273 1217709
1271 1271 1217712
1272 1272 1217715
1271 1273 1217718
1271 1274 1217721
1271 1272 1217724
1271 1272 1217727
1273 1274 1217730
1271 1272 1217733
1272 1274 1217736
1270 1273 1217739
1272 1271 1217742
1271 1270 1217745
1272 1272 1217748
1270 1272 1217751
1271 1272 1217754
1271 1272 1217757
1270 1272 1217760
1272 1273 1217763
1270 1272 1217766
1272 1274 1217769
1270 1272 1217772
1272 1272 1217775
1271 1273 1217778
1271 1272 1217781
1271 1272 1217784
1271 1273 1217787
1271 1273 1217790
1270 1271 1217793
1272 1274 1217796
1270 1273 1217799
1271 1272 1217802
1270 1271 1217805
1271 1273 1217808
1271 1273 1217811
1271 1272 1217814
1271 1272 1217817
1271 1272 1217820
1271 1272 1217823
1270 1272 1217826
1272 1274 1217829
1270 1272 1217832
1272 1272 1217835
1270 1273 1217838
1271 1271 1217841
1272 1272 1217844
1271 1273 1217847
1271 1274 1217850
1271 1272 1217853
1271 1272 1217856
1270 1273 1217859
1272 1273 1217862
1271 1272 1217865
1271 1274 1217868
1270 1271 1217871
1272 1271 1217874
1271 1271 1217877
1271 1272 1217880
1270 1273 1217883
1271 1272 1217886
1271 1274 1217889
1270 1271 1217892
1272 1273 1217895
1270 1273 1217898
1271 1275 1217901
1270 1273 1217904
1272 1272 1217907
1272 1273 1217910
1272 1273 1217913
1271 1273 1217916
1271 1274 1217919
1271 1271 1217922
1270 1271 1217925
1272 1274 1217928
1270 1272 1217931
1273 1273 1217934
1271 1272 1217937
1272 1273 1217940
1272 1272 1217943
1271 1272 1217946
1270 1274 1217949
1271 1272 1217952
1271 1271 1217955
1270 1272 1217958
1272 1273 1217961
1270 1272 1217964
1271 1273 1217967
1270 1272 1217970
1271 1272 1217973
1272 1272 1217976
1271 1273 1217979
1270 1272 1217982
1271 1272 1217985
1271 1271 1217988
1270 1272 1217991
1272 1273 1217994
1271 1272 1217997
1271 1273 1218001
1272 1273 1218004
1271 1272 1218007
1272 1274 1218010
1270 1272 1218013
1271 1271 1218016
1271 1273 1218019
1271 1271 1218022
1271 1271 1218025
1272 1272 1218028
1272 1272 1218031
1271 1273 1218034
1272 1272 1218036
1272 1272 1218039
1272 1272 1218042
1271 1270 1218045
1272 1272 1218048
1270 1273 1218051
1272 1271 1218054
1271 1272 1218057
1271 1272 1218060
1272 1272 1218063
1271 1273 1218066
1271 1272 1218069
1272 1272 1218072
1272 1272 1218075
1272 1273 1218078
1271 1273 1218081
1271 1272 1218084
1272 1274 1218087
1270 1273 1218090
1271 1274 1218093
1270 1272 1218096
1272 1273 1218099
1271 1272 1218102
1271 1272 1218105
1271 1273 1218108
1271 1272 1218111
1270 1272 1218114
1271 1271 1218117
1272 1274 1218120
1271 1273 1218123
1271 1273 1218126
1270 1273 1218129
1272 1273 1218132
1272 1271 1218135
1271 1272 1218138
1270 1273 1218141
1268 1272 1218144
1270 1272 1218147
1271 1271 1222624
1270 1274 1222627
1271 1273 1222630
1271 1271 1222633
1271 1273 1222636
1271 1273 1222639
1272 1272 1222642
1272 1271 1222645
1271 1272 1222648
1272 1271 1222651
1271 1271 1222654
1272 1274 1222657
1272 1270 1222660
1272 1272 1222663
1271 1271 1222666
1271 1272 1222669
1271 1271 1222672
1271 1272 1222675
1272 1272 1222678
1272 1272 1222681
1271 1271 1222684
1271 1272 1222687
1273 1272 1222690
1271 1271 1222693
1272 1273 1222696
1271 1270 1222699
1270 1273 1222702
1271 1272 1222705
1271 1273 1222708
1272 1272 1222711
1272 1271 1222714
1272 1272 1222717
1271 1271 1222720
1273 1272 1222723
1272 1272 1222726
1272 1273 1222729
1271 1270 1222732
1270 1273 1222735
1271 1273 1222738
1272 1273 1222741
1272 1271 1222744
1271 1273 1222747
1272 1271 1222750
1271 1270 1222753
1272 1273 1222756
1272 1270 1222759
1273 1271 1222762
1271 1270 1222765
1271 1273 1222768
1271 1273 1222771
1271 1272 1222774
1272 1272 1222777
1272 1271 1222780
1271 1270 1222783
1271 1271 1222786
1271 1273 1222789
1271 1271 1222792
1272 1272 1222795
1272 1270 1222798
1270 1273 1222801
1271 1271 1222804
1271 1273 1222807
1272 1271 1222810
1271 1271 1222813
1271 1272 1222816
1270 1273 1222819
1272 1273 1222822
1271 1272 1222825
1272 1274 1222828
1271 1271 1222831
1271 1272 1222834
1272 1274 1222837
1271 1272 1222840
1272 1271 1222843
1271 1272 1222846
1272 1271 1222849
1271 1270 1222852
1272 1272 1222855
1271 1271 1222858
1272 1273 1222861
1272 1271 1222864
1271 1274 1222867
1272 1272 1222870
1272 1272 1222873
1271 1271 1222876
1271 1272 1222879
1272 1271 1222882
1271 1270 1222885
1273 1273 1222888
1272 1271 1222891
1272 1272 1222894
1272 1272 1222897
1271 1272 1222900
1272 1271 1222903
1271 1273 1222906
1272 1271 1222909
1272 1271 1222912
1271 1271 1222915
1271 1271 1222918
1273 1272 1222921
1272 1271 1222924
1272 1274 1222927
1272 1270 1222930
1271 1271 1222933
1271 1272 1222936
1271 1273 1222939
1272 1271 1222942
1272 1272 1222945
1271 1272 1222948
1272 1272 1222951
1272 1272 1222954
1271 1272 1222957
1272 1273 1222960
1271 1270 1222963
1270 1273 1222966
1272 1273 1222969
1271 1272 1222972
1272 1270 1222975
1272 1272 1222978
1271 1271 1222981
1271 1271 1222984
1272 1273 1222987
1272 1271 1222990
1271 1271 1222993
1272 1270 1222996
1271 1273 1223000
1272 1272 1223004
1272 1274 1223007
1270 1273 1223010
1272 1272 1223013
1271 1273 1223016
1271 1272 1223019
1271 1272 1223022
1271 1272 1223025
1271 1272 1223028
1270 1271 1223031
1272 1273 1223034
1271 1272 1223037
1271 1273 1223040
1270 1272 1223043
1272 1273 1223046
1271 1272 1223049
1272 1271 1223052
1270 1273 1223055
1271 1273 1223058
1270 1271 1223061
1270 1271 1223064
1272 1274 1223067
1270 1272 1223070
1271 1273 1223073
1270 1273 1223076
1271 1272 1223079
1271 1271 1223082
1271 1272 1223085
1270 1273 1223088
1269 1272 1223091
1271 1272 1223094
1270 1272 1223097
1271 1274 1223100
1270 1272 1223103
1272 1274 1223106
1270 1273 1223109
1271 1271 1223112
1271 1272 1223115
1271 1272 1223118
1269 1273 1223121
1270 1271 1223124
1271 1272 1223127
1270 1272 1223130
1271 1273 1223133
1271 1273 1223136
1272 1274 1223139
1270 1272 1223142
1271 1272 1223145
1271 1272 1223148
1273 1272 1223151
1272 1273 1223154
1272 1273 1223157
1271 1273 1223160
1271 1271 1223163
1273 1275 1223166
1271 1273 1223169
1271 1272 1223172
1269 1273 1223175
1272 1272 1223178
1272 1271 1223181
1272 1272 1223184
1270 1273 1223187
1270 1272 1223190
1271 1272 1223193
1270 1272 1223196
1272 1274 1223199
1270 1271 1223202
1271 1272 1223205
1270 1272 1223208
1271 1271 1223211
1271 1272 1223214
1272 1271 1223217
1270 1273 1223220
1271 1271 1223223
1271 1272 1223226
1270 1272 1223229
1272 1273 1223232
1271 1272 1223235
1271 1274 1223238
1269 1272 1223241
1272 1271 1223244
1272 1272 1223247
1271 1272 1223250
1272 1272 1223253
1271 1272 1223256
1271 1274 1223259
1270 1271 1223262
1272 1273 1223265
1270 1273 1223268
1271 1274 1223271
1270 1272 1223274
1272 1272 1223277
1271 1274 1223280
1272 1273 1223283
1271 1273 1223286
1271 1273 1223289
1271 1271 1223292
1271 1271 1223295
1272 1274 1223298
1270 1272 1223301
1271 1273 1223304
1271 1272 1223307
1272 1273 1223310
1271 1272 1223313
1271 1272 1223316
1271 1274 1223319
1271 1272 1223322
1271 1272 1223325
1270 1272 1223328
1272 1274 1223331
1271 1272 1223334
1271 1273 1223337
1270 1273 1223340
1272 1272 1223343
1271 1272 1223346
1271 1273 1223349
1271 1272 1223352
1271 1272 1223355
1271 1273 1223358
1270 1273 1223361
1271 1274 1223364
1271 1272 1223367
1272 1274 1223370
1269 1273 1223373
1272 1272 1223376
1271 1273 1223379
1272 1272 1223382
1270 1272 1223385
1271 1272 1223388
1270 1274 1223391
1271 1272 1223394
1272 1273 1223397
1271 1273 1223400
1271 1274 1223403
1270 1272 1223406
1272 1274 1223409
1272 1273 1223412
1272 1272 1223415
1271 1273 1223418
1271 1274 1223421
1270 1273 1223424
1270 1271 1223427
1272 1274 1223430
1271 1273 1223433
1272 1273 1223436
1269 1274 1223439
1271 1272 1223442
1271 1272 1223445
1271 1272 1223448
1270 1274 1223451
1270 1272 1223454
1271 1272 1223457
1271 1272 1223460
1272 1274 1223463
1271 1272 1223466
1271 1274 1223469
1269 1272 1223472
1271 1271 1223475
1271 1272 1223478
1271 1272 1223481
1271 1272 1223484
1271 1272 1223487
1271 1272 1223490
1271 1272 1223493
1272 1274 1223496
1271 1274 1223499
1271 1273 1223502
1270 1272 1223505
1272 1272 1223508
1271 1273 1223511
1271 1272 1223514
1271 1273 1223517
1271 1273 1223520
1271 1273 1223523
1271 1271 1223526
1272 1274 1223529
1270 1272 1223532
1271 1273 1223535
1270 1273 1223538
1271 1272 1223541
1271 1273 1223544
1272 1271 1223547
1271 1273 1223550
1271 1273 1223553
1271 1272 1223556
1270 1273 1223559
1272 1274 1223562
1270 1272 1223565
1272 1273 1223568
1270 1273 1223571
1272 1272 1223574
1272 1272 1223577
1271 1273 1223580
1271 1273 1223583
1271 1272 1223586
1271 1273 1223589
1270 1271 1223592
1272 1273 1223595
1270 1272 1223598
1271 1274 1223601
1270 1273 1223604
1272 1272 1223607
1271 1273 1223610
1272 1273 1223613
1271 1273 1223616
1271 1272 1223619
1270 1272 1223622
1270 1270 1223625
1272 1273 1223628
1270 1273 1223631
1271 1274 1223634
1270 1273 1223637
1272 1273 1223640
1271 1273 1223643
1272 1272 1223646
1271 1273 1223649
1272 1273 1223652
1271 1271 1223655
1271 1272 1223658
1271 1274 1223661
1272 1272 1223664
1272 1273 1223667
1270 1273 1223670
1272 1273 1223673
1272 1272 1223676
1272 1272 1223679
1272 1273 1223682
1271 1271 1223685
1271 1272 1223688
1270 1272 1223691
1274 1273 1223694
1271 1272 1223697
1271 1274 1223700
1270 1273 1223703
1272 1271 1223706
1272 1273 1223709
1272 1273 1223712
1271 1272 1223715
1271 1272 1223718
1271 1273 1223721
1267 1272 1223724
1271 1274 1223727
1271 1273 1223730
1271 1274 1223733
1270 1271 1223736
1271 1272 1223739
1271 1273 1223742
1271 1272 1223745
1271 1273 1223748
1271 1272 1223751
1272 1272 1223754
1271 1271 1223757
1273 1274 1223760
1271 1273 1223763
1271 1273 1223766
1270 1273 1223769
1272 1273 1223772
1271 1271 1223775
1271 1272 1223778
1271 1273 1223781
1267 1273 1223784
1269 1271 1223787
1270 1271 1223790
1272 1274 1223793
1270 1272 1223796
1271 1273 1223799
1269 1273 1223802
1271 1271 1223805
1271 1272 1223808
1271 1272 1223811
1271 1273 1223814
1271 1272 1223817
1271 1272 1223820
1270 1272 1223823
1272 1273 1223826
1271 1273 1223829
1271 1274 1223832
1270 1272 1223835
1272 1272 1223838
1271 1272 1223841
1273 1272 1223844
1272 1273 1223847
1272 1273 1223850
1271 1273 1223853
1270 1272 1223856
1272 1274 1223859
1271 1274 1223862
1271 1273 1223865
1270 1272 1223868
1271 1272 1223871
1271 1272 1223874
1273 1271 1223877
1271 1273 1223880
1271 1273 1223883
1270 1272 1223886
1270 1272 1223889
1272 1274 1223892
1270 1272 1223895
1271 1273 1223898
1270 1273 1223901
1271 1272 1223904
1271 1272 1223907
1271 1271 1223910
1271 1274 1223913
1272 1272 1223916
1271 1272 1223919
1270 1272 1223922
1272 1273 1223925
1271 1272 1223928
1271 1274 1223931
1270 1272 1223934
1271 1271 1223937
1272 1271 1223940
1271 1273 1223943
1270 1273 1223946
1271 1272 1223949
1271 1274 1223952
1271 1271 1223955
1273 1273 1223958
1270 1273 1223961
1271 1273 1223964
1270 1272 1223967
1272 1272 1223970
1271 1273 1223973
1271 1272 1223976
1270 1273 1223979
1271 1273 1223982
1270 1271 1223985
1270 1270 1223988
1272 1275 1223991
1271 1273 1223994
1271 1273 1223997
1270 1272 1224001
1271 1272 1224004
1270 1274 1224007
1272 1272 1224010
1271 1275 1224013
1271 1270 1224016
1273 1272 1224019
1271 1273 1224022
1271 1271 1224025
1272 1270 1224028
1273 1274 1224031
1271 1272 1224034
1272 1274 1224036
1270 1274 1224039
1272 1273 1224042
1269 1273 1224045
1271 1271 1224048
1271 1273 1224051
1271 1272 1224054
1271 1271 1224057
1271 1272 1224060
1272 1272 1224063
1272 1273 1224066
1273 1274 1224069
1271 1273 1224072
1271 1273 1224075
1272 1270 1224078
1270 1272 1224081
1271 1272 1224084
1272 1272 1224087
1271 1272 1224090
1272 1273 1224093
1271 1273 1224096
1271 1272 1224099
1271 1273 1224102
1270 1271 1224105
1274 1275 1224108
1270 1272 1224111
1271 1273 1224114
1269 1272 1224117
1272 1272 1224120
1272 1273 1224123
1272 1273 1224126
1271 1273 1224129
1271 1273 1224132
1271 1272 1224135
1270 1270 1224138
1272 1274 1224141
1270 1272 1224144
1273 1274 1224147
1270 1273 1224150
1272 1272 1224153
1271 1272 1224156
1271 1271 1224159
1271 1274 1224162
1270 1272 1224165
1271 1271 1224168
1270 1272 1224171
1271 1274 1224174
1270 1272 1224177
1271 1273 1224180
1270 1273 1224183
1273 1274 1224186
1271 1272 1224189
1271 1273 1224192
1271 1273 1224195
1271 1271 1224198
1271 1273 1224201
1269 1271 1224204
1272 1273 1224207
1270 1271 1224210
1271 1273 1224213
1270 1273 1224216
1271 1271 1224219
1272 1273 1224222
1274 1273 1224225
1270 1272 1224228
1271 1272 1224231
1271 1272 1224234
1272 1270 1224237
1272 1273 1224240
1271 1272 1224243
1271 1273 1224246
1270 1271 1224249
1272 1272 1224252
1271 1273 1224255
1271 1271 1224258
1271 1274 1224261
1273 1273 1224264
1267 1272 1224267
1269 1271 1224270
1271 1273 1224273
1270 1272 1224276
1272 1273 1224279
1269 1272 1224282
1272 1273 1224285
1271 1271 1224288
1271 1272 1224291
1270 1273 1224294
1268 1273 1224297
1269 1273 1224300
1272 1272 1224303
1271 1274 1224306
1271 1271 1224309
1271 1273 1224312
1269 1273 1224315
1271 1271 1224318
1271 1272 1224321
1271 1272 1224324
1270 1273 1224327
1271 1272 1224330
1271 1272 1224333
1270 1272 1224336
1272 1274 1224339
1273 1272 1224342
1272 1274 1224345
1270 1272 1224348
1272 1272 1224351
1271 1272 1224354
1271 1273 1224357
1271 1273 1224360
1271 1272 1224363
1271 1273 1224366
1270 1271 1224369
1272 1274 1224372
1271 1273 1224375
1271 1274 1224378
1272 1272 1224381
1271 1272 1224384
1271 1271 1224387
1271 1271 1224390
1271 1272 1224393
1271 1273 1224396
1271 1273 1224399
1270 1271 1224402
1272 1274 1224405
1270 1271 1224408
1272 1273 1224411
1270 1272 1224414
1271 1273 1224417
1273 1272 1224420
1272 1271 1224423
1271 1274 1224426
1271 1273 1224429
1271 1272 1224432
1270 1272 1224435
1272 1273 1224438
1271 1272 1224441
1271 1274 1224444
1270 1272 1224447
1271 1271 1224450
1272 1272 1224453
1271 1274 1224456
1271 1273 1224459
1271 1272 1224462
1270 1273 1224465
1270 1271 1224468
1272 1273 1224471
1270 1273 1224474
1271 1274 1224477
1269 1272 1224480
1272 1272 1224483
1271 1273 1224486
1272 1272 1224489
1271 1273 1224492
1270 1274 1224495
1272 1271 1224498
1271 1271 1224501
1272 1274 1224504
1270 1272 1224507
1271 1273 1224510
1269 1272 1224513
1271 1272 1224516
1271 1273 1224519
1271 1272 1224522
1270 1273 1224525
1271 1271 1224528
1271 1272 1224531
1271 1273 1224534
1273 1274 1224537
1270 1272 1224540
1270 1273 1224543
1269 1273 1224546
1272 1272 1224549
1271 1272 1224552
1271 1273 1224555
1271 1273 1224558
1271 1271 1224561
1271 1272 1224564
1270 1270 1224567
1272 1272 1224570
1270 1272 1224573
1272 1273 1224576
1270 1272 1224579
1271 1272 1224582
1271 1273 1224585
1271 1271 1224588
1271 1272 1224591
1271 1273 1224594
1270 1272 1224597
1269 1270 1224600
1272 1273 1224603
1269 1273 1224606
1271 1273 1224609
1269 1272 1224612
1273 1273 1224615
1270 1272 1224618
1271 1272 1224621
1271 1273 1224624
1271 1271 1224627
1271 1272 1224630
1271 1271 1224633
1272 1274 1224636
1270 1273 1224639
1272 1273 1224642
1270 1274 1224645
1271 1272 1224648
1271 1271 1224651
1272 1273 1224654
1270 1273 1224657
1270 1272 1224660
1271 1271 1224663
1270 1271 1224666
1272 1273 1224669
1271 1272 1224672
1271 1275 1224675
1270 1272 1224678
1271 1271 1224681
1271 1272 1224684
1271 1272 1224687
1271 1272 1224690
1272 1272 1224693
1271 1272 1224696
1270 1272 1224699
1272 1273 1224702
1271 1274 1224705
1271 1273 1224708
1269 1272 1224711
1272 1272 1224714
1271 1272 1224717
1271 1272 1224720
1270 1272 1224723
1271 1272 1224726
1270 1272 1224729
1271 1272 1224732
1271 1275 1224735
1270 1273 1224738
1272 1272 1224741
1270 1272 1224744
1271 1272 1224747
1271 1272 1224750
1272 1271 1224753
1271 1273 1224756
1271 1274 1224759
1271 1272 1224762
1271 1272 1224765
1271 1274 1224768
1271 1272 1224771
1271 1273 1224774
1270 1272 1224777
1270 1272 1224780
1271 1272 1224783
1271 1273 1224786
1271 1274 1224789
1271 1272 1224792
1271 1273 1224795
1270 1272 1224798
1272 1272 1224801
1271 1272 1224804
1270 1274 1224807
1272 1272 1224810
1272 1271 1224813
1271 1272 1224816
1272 1273 1224819
1271 1273 1224822
1271 1272 1224825
1271 1272 1224828
1270 1271 1224831
1271 1273 1224834
1270 1273 1224837
1273 1274 1224840
1270 1272 1224843
1272 1273 1224846
1272 1273 1224849
1272 1271 1224852
1271 1273 1224855
1271 1274 1224858
1271 1271 1224861
1270 1271 1224864
1272 1274 1224867
1271 1271 1224870
1272 1273 1224873
1270 1272 1224876
1272 1272 1224879
1270 1272 1224882
1272 1272 1224885
1271 1273 1224888
1271 1270 1224891
1268 1270 1224894
1269 1272 1224897
1272 1275 1224900
1271 1273 1224903
1272 1274 1224906
1270 1274 1224909
1272 1272 1224912
1271 1272 1224915
1271 1273 1224918
1271 1272 1224921
1271 1272 1224924
1271 1272 1224927
1270 1273 1224930
1270 1271 1224933
1270 1272 1224936
1272 1274 1224939
1270 1272 1224942
1271 1271 1224945
1271 1273 1224948
1271 1271 1224951
1270 1272 1224954
1271 1272 1224957
1270 1272 1224960
1270 1271 1224963
1272 1274 1224966
1270 1273 1224969
1269 1272 1224972
1268 1271 1224975
1271 1273 1224978
1271 1272 1224981
1272 1272 1224984
1271 1273 1224987
1271 1272 1224990
1271 1271 1224993
1270 1272 1224996
1271 1274 1225000
1270 1272 1225003
1272 1271 1225006
1271 1273 1225009
1272 1270 1225012
1270 1272 1225015
1269 1272 1225018
1271 1271 1225021
1271 1271 1225024
1272 1271 1225027
1272 1272 1225030
1271 1272 1225033
1271 1272 1225036
1271 1273 1225039
1272 1272 1225041
1271 1271 1225044
1271 1273 1225047
1273 1275 1225050
1268 1271 1225053
1269 1273 1225056
1271 1271 1225059
1271 1273 1225062
1271 1272 1225065
1272 1273 1225068
1271 1273 1225071
1271 1270 1225074
1272 1273 1225077
1272 1272 1225080
1271 1271 1225083
1271 1271 1225086
1271 1274 1225089
1271 1271 1225092
1268 1270 1225095
1271 1274 1225098
1270 1272 1225101
1272 1272 1225104
1271 1273 1225107
1271 1274 1225110
1270 1273 1225113
1271 1272 1225116
1271 1272 1225119
1270 1271 1225122
1272 1273 1225125
1270 1275 1225128
1275 1270 1225131
1268 1269 1225134
1272 1272 1225137
1270 1273 1225140
1272 1273 1225143
1271 1273 1225146
1271 1273 1225149
1271 1273 1225152
1270 1271 1225155
1272 1275 1225158
1270 1272 1225161
1272 1272 1225164
1270 1272 1225167
1275 1273 1225170
1268 1271 1225173
1271 1273 1225176
1271 1273 1225179
1270 1272 1225182
1270 1271 1225185
1270 1272 1225188
1271 1272 1225191
1270 1271 1225194
1271 1273 1225197
1270 1273 1225200
1271 1272 1225203
1271 1273 1225206
1275 1272 1225209
1268 1272 1225212
1269 1271 1225215
1271 1273 1225218
1271 1271 1225221
1271 1272 1225224
1270 1273 1225227
1271 1273 1225230
1269 1272 1225233
1271 1272 1225236
1271 1272 1225239
1271 1273 1225242
1271 1272 1225245
1274 1273 1225248
1266 1270 1225251
1268 1269 1225254
1271 1274 1225257
1271 1273 1225260
1270 1273 1225263
1269 1272 1225266
1272 1272 1225269
1271 1272 1225272
1271 1272 1225275
1271 1273 1225278
1270 1272 1225281
1271 1270 1225284
1273 1271 1225287
1267 1272 1225290
1268 1271 1225293
1271 1273 1225296
1270 1274 1225299
1272 1272 1225302
1271 1271 1225305
1271 1273 1225308
1270 1272 1225311
1270 1271 1225314
1270 1272 1225317
1270 1271 1225320
1271 1273 1225323
1273 1271 1225326
1268 1272 1225329
1268 1272 1225332
1272 1272 1225335
1272 1274 1225338
1271 1272 1225341
1270 1272 1225344
1271 1272 1225347
1271 1272 1225350
1270 1270 1225353
1272 1273 1225356
1270 1272 1225359
1270 1273 1225362
1273 1270 1225365
1268 1272 1225368
1269 1271 1225371
1271 1272 1225374
1271 1273 1225377
1270 1272 1225380
1271 1272 1225383
1271 1271 1225386
1272 1274 1225389
1270 1272 1225392
1271 1273 1225395
1270 1273 1225398
1271 1272 1225401
1274 1271 1225404
1268 1270 1225407
1268 1273 1225410
1272 1273 1225413
1271 1272 1225416
1269 1272 1225419
1272 1274 1225422
1270 1270 1225425
1271 1273 1225428
1270 1272 1225431
1271 1271 1225434
1271 1272 1225437
1271 1272 1225440
1276 1272 1225443
1268 1271 1225446
1270 1273 1225449
1271 1272 1225452
1271 1272 1225455
1271 1272 1225458
1272 1274 1225461
1269 1271 1225464
1271 1272 1225467
1270 1272 1225470
1269 1272 1225473
1270 1272 1225476
1271 1272 1225479
1275 1271 1225482
1266 1270 1225485
1271 1275 1225488
1270 1273 1225491
1271 1272 1225494
1270 1272 1225497
1271 1272 1225500
1271 1271 1225503
1272 1272 1225506
1270 1273 1225509
1270 1273 1225512
1270 1272 1225515
1271 1275 1225518
1275 1272 1225521
1266 1270 1225524
1272 1273 1225527
1269 1271 1225530
1270 1272 1225533
1271 1272 1225536
1272 1271 1225539
1271 1273 1225542
1271 1272 1225545
1271 1271 1225548
1270 1272 1225551
1271 1273 1225554
1270 1275 1225557
1273 1269 1225560
1268 1270 1225563
1273 1271 1225566
1271 1272 1225569
1272 1274 1225572
1270 1272 1225575
1271 1272 1225578
1270 1273 1225581
1270 1271 1225584
1272 1273 1225587
1270 1273 1225590
1271 1273 1225593
1269 1274 1225596
1271 1269 1225599
1269 1271 1225602
1271 1272 1225605
1271 1274 1225608
1271 1273 1225611
1270 1271 1225614
1270 1271 1225617
1271 1273 1225620
1270 1271 1225623
1271 1272 1225626
1270 1272 1225629
1271 1272 1225632
1271 1275 1225635
1270 1269 1225638
1269 1271 1225641
1270 1271 1225644
1272 1272 1225647
1270 1272 1225650
1271 1273 1225653
1270 1272 1225656
1271 1273 1225659
