1271 1272 3451092
1272 1273 3451095
1270 1273 3451098
1271 1272 3451101
1271 1272 3451104
1272 1274 3451107
1270 1273 3451110
1270 1270 3451113
1271 1272 3451116
1271 1273 3451119
1270 1272 3451122
1272 1273 3451125
1271 1274 3451128
1270 1273 3451131
1271 1271 3451134
1271 1273 3451137
1271 1274 3451140
1271 1271 3451143
1270 1271 3451146
1271 1273 3451149
1272 1272 3451152
1270 1273 3451155
1272 1273 3451158
1272 1272 3451161
1270 1272 3451164
1271 1272 3451167
1271 1273 3451170
1271 1273 3451173
1270 1272 3451176
1270 1271 3451179
1271 1272 3451182
1271 1271 3451185
1270 1273 3451188
1272 1273 3451191
1272 1273 3451194
1270 1272 3451197
1271 1272 3451200
1271 1273 3451203
1271 1273 3451206
1270 1272 3451209
1270 1270 3451212
1271 1271 3451215
1271 1272 3451218
1270 1273 3451221
1272 1272 3451224
1271 1273 3451227
1270 1273 3451230
1271 1272 3451233
1271 1272 3451236
1272 1274 3451239
1270 1272 3451242
1271 1270 3451245
1271 1272 3451248
1271 1269 3451251
1270 1272 3451254
1272 1272 3451257
1271 1273 3451260
1270 1273 3451263
1270 1272 3451266
1271 1274 3451269
1272 1273 3451272
1270 1271 3451275
1270 1271 3451278
1271 1273 3451281
1272 1272 3451284
1270 1272 3451287
1272 1273 3451290
1272 1274 3451293
1271 1272 3451296
1271 1274 3451299
1270 1273 3451302
1272 1275 3451305
1270 1272 3451308
1270 1271 3451311
1271 1271 3451314
1271 1272 3451317
1270 1273 3451320
1272 1274 3451323
1272 1272 3451326
1271 1273 3451329
1270 1272 3451332
1271 1271 3451335
1271 1274 3451338
1270 1273 3451341
1270 1271 3451344
1272 1272 3451347
1272 1273 3451350
1270 1274 3451353
1272 1272 3451356
1272 1274 3451359
1271 1272 3451362
1271 1272 3451365
1271 1273 3451368
1272 1274 3451371
1269 1272 3451374
1270 1272 3451377
1271 1272 3451380
1271 1273 3451383
1271 1272 3451386
1272 1273 3451389
1272 1274 3451392
1270 1272 3451395
1270 1271 3451398
1270 1273 3451401
1269 1273 3451404
1270 1273 3451407
1270 1271 3451410
1271 1272 3451413
1272 1272 3451416
1270 1274 3451419
1273 1273 3451422
1272 1273 3451425
1270 1273 3451428
1271 1272 3451431
1271 1272 3451434
1272 1273 3451437
1270 1272 3451440
1270 1271 3451443
1271 1272 3451446
1272 1272 3451449
1270 1273 3451452
1272 1272 3451455
1272 1273 3451458
1270 1274 3451461
1270 1272 3451464
1271 1273 3451467
1272 1273 3451470
1270 1273 3451473
1270 1271 3451476
1272 1272 3451479
1272 1273 3451482
1271 1272 3451485
1272 1272 3451488
1271 1274 3451491
1271 1272 3451494
1271 1272 3451497
1271 1272 3451500
1271 1274 3451503
1270 1270 3451506
1271 1271 3451509
1272 1273 3451512
1272 1272 3451515
1271 1272 3451518
1272 1272 3451521
1272 1273 3451524
1271 1273 3451527
1271 1272 3451530
1271 1273 3451533
1272 1273 3451536
1270 1272 3451539
1271 1272 3451542
1271 1272 3451545
1272 1271 3451548
1270 1273 3451551
1271 1272 3451554
1272 1273 3451557
1271 1273 3451560
1271 1273 3451563
1270 1273 3451566
1272 1274 3451569
1270 1273 3451572
1271 1271 3451575
1272 1271 3451578
1272 1272 3451581
1270 1275 3451584
1272 1273 3451587
1273 1274 3451590
1271 1273 3451593
1272 1273 3451596
1271 1272 3451599
1272 1275 3451602
1270 1272 3451605
1271 1270 3451608
1272 1273 3451611
1271 1271 3451614
1270 1272 3451617
1272 1272 3451620
1272 1273 3451623
1271 1273 3451626
1271 1272 3451629
1271 1274 3451632
1272 1274 3451635
1270 1271 3451638
1270 1271 3451641
1271 1270 3451644
1272 1271 3451647
1270 1272 3451650
1272 1273 3451653
1272 1273 3451656
1272 1272 3451659
1271 1273 3451662
1271 1273 3451665
1272 1273 3451668
1271 1273 3451671
1270 1272 3451674
1272 1271 3451677
1272 1272 3451680
1270 1273 3451683
1272 1273 3451686
1272 1273 3451689
1270 1274 3451692
1270 1273 3451695
1271 1272 3451698
1272 1273 3451701
1270 1273 3451704
1270 1271 3451707
1272 1271 3451710
1272 1273 3451713
1270 1273 3451716
1272 1272 3451719
1272 1274 3451722
1271 1272 3451725
1271 1272 3451728
1271 1273 3451731
1272 1274 3451734
1271 1271 3451737
1271 1270 3451740
1271 1272 3451743
1271 1272 3451746
1271 1272 3451749
1272 1273 3451752
1272 1274 3451755
1271 1272 3451758
1270 1272 3451761
1271 1273 3451764
1270 1274 3451767
1269 1272 3451770
1269 1271 3451773
1271 1272 3451776
1271 1272 3451779
1270 1273 3451782
1273 1273 3451785
1272 1272 3451788
1271 1272 3451791
1271 1273 3451794
1272 1273 3451797
1272 1274 3451800
1271 1273 3451803
1270 1272 3451806
1272 1272 3451809
1272 1273 3451812
1271 1273 3451815
1272 1272 3451818
1271 1273 3451821
1271 1273 3451824
1272 1271 3451827
1271 1273 3451830
1272 1274 3451833
1270 1273 3451836
1271 1271 3451839
1272 1272 3451842
1272 1273 3451845
1270 1272 3451848
1272 1272 3451851
1271 1273 3451854
1273 1271 3451857
1272 1272 3451860
1271 1272 3451863
1271 1273 3451866
1270 1272 3451869
1271 1271 3451872
1272 1272 3451875
1272 1271 3451878
1270 1272 3451881
1272 1273 3451884
1268 1275 3451887
1269 1272 3451890
1270 1272 3451893
1270 1273 3451896
1271 1273 3451899
1270 1272 3451902
1270 1272 3451905
1272 1271 3451908
1271 1272 3451911
1270 1273 3451914
1272 1272 3451917
1272 1272 3451920
1271 1273 3451923
1271 1273 3451926
1270 1272 3451929
1272 1273 3451932
1270 1273 3451935
1270 1270 3451938
1272 1271 3451941
1272 1272 3451944
1270 1272 3451947
1272 1272 3451950
1272 1274 3451953
1271 1273 3451956
1271 1272 3451959
1271 1273 3451962
1272 1274 3451965
1271 1271 3451968
1271 1271 3451971
1272 1273 3451974
1271 1272 3451977
1269 1272 3451980
1273 1273 3451983
1273 1274 3451986
1271 1273 3451989
1271 1272 3451992
1271 1274 3451995
1272 1273 3451999
1270 1271 3452002
1271 1273 3452005
1272 1272 3452008
1271 1273 3452011
1272 1268 3452014
1272 1272 3452017
1271 1272 3452020
1272 1274 3452023
1272 1272 3452026
1272 1271 3452029
1271 1271 3452031
1273 1272 3452034
1271 1272 3452037
1270 1272 3452040
1271 1273 3452043
1272 1273 3452046
1273 1271 3452049
1271 1272 3452052
1271 1274 3452055
1270 1272 3452058
1271 1273 3452061
1271 1273 3452064
1271 1273 3452067
1273 1273 3452070
1271 1272 3452073
1271 1272 3452076
1272 1272 3452079
1271 1272 3452082
1270 1274 3452085
1272 1272 3452088
1272 1272 3452091
1270 1273 3452094
1271 1272 3452097
1271 1272 3452100
1272 1273 3452103
1270 1273 3452106
1271 1271 3452109
1272 1272 3452112
1272 1273 3452115
1270 1272 3452118
1272 1272 3452121
1271 1273 3452124
1270 1273 3452127
1270 1271 3452130
1271 1272 3452133
1272 1273 3452136
1270 1272 3452139
1270 1270 3452142
1272 1272 3452145
1272 1272 3452148
1270 1272 3452151
1272 1273 3452154
1271 1274 3452157
1272 1273 3452160
1272 1272 3452163
1271 1274 3452166
1272 1274 3452169
1270 1272 3452172
1271 1272 3452175
1272 1271 3452178
1272 1271 3452181
1270 1273 3452184
1271 1274 3452187
1269 1272 3452190
1269 1271 3452193
1271 1272 3452196
1270 1272 3452199
1271 1273 3452202
1270 1274 3452205
1270 1270 3452208
1272 1271 3452211
1272 1272 3452214
1269 1272 3452217
1271 1271 3452220
1272 1272 3452223
1270 1273 3452226
1271 1272 3452229
1271 1272 3452232
1272 1274 3452235
1270 1272 3452238
1271 1270 3452241
1272 1272 3452244
1271 1272 3452247
1271 1272 3452250
1272 1272 3452253
1272 1273 3452256
1271 1273 3452259
1271 1272 3452262
1269 1276 3452265
1271 1274 3452268
1270 1271 3452271
1270 1271 3452274
1272 1272 3452277
1272 1272 3452280
1270 1272 3452283
1272 1274 3452286
1272 1274 3452289
1271 1272 3452292
1271 1273 3452295
1271 1273 3452298
1272 1272 3452301
1270 1272 3452304
1270 1271 3452307
1272 1271 3452310
1271 1272 3452313
1270 1273 3452316
1272 1274 3452319
1271 1273 3452322
1271 1273 3452325
1272 1272 3452328
1271 1271 3452331
1272 1274 3452334
1270 1272 3452337
1270 1271 3452340
1272 1272 3452343
1272 1272 3452346
1270 1273 3452349
1272 1272 3452352
1272 1273 3452355
1271 1274 3452358
1271 1271 3452361
1271 1273 3452364
1272 1273 3452367
1271 1271 3452370
1270 1270 3452373
1272 1272 3452376
1272 1273 3452379
1270 1272 3452382
1271 1273 3452385
1272 1274 3452388
1270 1271 3452391
1271 1272 3452394
1270 1272 3452397
1269 1274 3452400
1269 1272 3452403
1270 1271 3452406
1271 1272 3452409
1272 1271 3452412
1270 1272 3452415
1272 1274 3452418
1271 1273 3452421
1271 1272 3452424
1271 1273 3452427
1269 1273 3452430
1272 1273 3452433
1270 1272 3452436
1270 1272 3452439
1272 1271 3452442
1271 1272 3452445
1270 1274 3452448
1272 1272 3452451
1272 1273 3452454
1270 1273 3452457
1270 1272 3452460
1271 1272 3452463
1273 1274 3452466
1270 1273 3452469
1271 1271 3452472
1272 1272 3452475
1272 1273 3452478
1271 1272 3452481
1272 1273 3452484
1272 1274 3452487
1270 1273 3452490
1271 1271 3452493
1271 1273 3452496
1271 1274 3452499
1270 1273 3452502
1270 1271 3452505
1271 1272 3452508
1272 1271 3452511
1270 1272 3452514
1272 1273 3452517
1271 1273 3452520
1271 1272 3452523
1272 1272 3452526
1271 1273 3452529
1271 1274 3452532
1271 1272 3452535
1270 1271 3452538
1272 1271 3452541
1272 1272 3452544
1270 1273 3452547
1271 1275 3452550
1271 1274 3452553
1269 1275 3452556
1270 1273 3452559
1271 1273 3452562
1272 1274 3452565
1270 1273 3452568
1270 1271 3452571
1272 1271 3452574
1271 1272 3452577
1270 1272 3452580
1272 1272 3452583
1271 1273 3452586
1271 1274 3452589
1271 1272 3452592
1271 1272 3452595
1271 1275 3452598
1270 1272 3452601
1270 1270 3452604
1271 1272 3452607
1271 1272 3452610
1269 1272 3452613
1273 1272 3452616
1271 1274 3452619
1270 1273 3452622
1270 1272 3452625
1271 1273 3452628
1271 1273 3452631
1271 1272 3452634
1271 1271 3452637
1272 1273 3452640
1271 1271 3452643
1270 1272 3452646
1272 1274 3452649
1272 1273 3452652
1272 1272 3452655
1271 1273 3452658
1270 1272 3452661
1272 1272 3452664
1270 1272 3452667
1270 1272 3452670
1273 1272 3452673
1272 1273 3452676
1270 1274 3452679
1272 1274 3452682
1273 1273 3452685
1271 1274 3452688
1271 1272 3452691
1271 1272 3452694
1271 1274 3452697
1270 1272 3452700
1271 1271 3452703
1272 1272 3452706
1272 1273 3452709
1269 1273 3452712
1272 1272 3452715
1272 1274 3452718
1270 1273 3452721
1272 1271 3452724
1271 1272 3452727
1272 1273 3452730
1269 1272 3452733
1271 1271 3452736
1271 1272 3452739
1271 1273 3452742
1270 1272 3452745
1272 1274 3452748
1271 1274 3452751
1270 1272 3452754
1271 1272 3452757
1271 1273 3452760
1272 1274 3452763
1270 1272 3452766
1271 1271 3452769
1271 1273 3452772
1271 1271 3452775
1270 1274 3452778
1272 1273 3452781
1272 1272 3452784
1270 1272 3452787
1270 1272 3452790
1269 1272 3452793
1271 1273 3452796
1270 1272 3452799
1270 1271 3452802
1272 1271 3452805
1271 1272 3452808
1270 1273 3452811
1272 1272 3452814
1271 1273 3452817
1271 1272 3452820
1271 1272 3452823
1271 1271 3452826
1272 1277 3452829
1269 1272 3452832
1270 1270 3452835
1271 1273 3452838
1271 1272 3452841
1271 1272 3452844
1272 1273 3452847
1272 1273 3452850
1270 1272 3452853
1271 1271 3452856
1270 1273 3452859
1271 1273 3452862
1270 1272 3452865
1270 1272 3452868
1272 1272 3452871
1272 1271 3452874
1270 1272 3452877
1271 1273 3452880
1274 1272 3452883
1272 1273 3452886
1270 1272 3452889
1271 1273 3452892
1271 1273 3452895
1270 1273 3452898
1271 1272 3452901
1271 1271 3452904
1271 1272 3452907
1269 1273 3452910
1271 1273 3452913
1272 1273 3452916
1271 1273 3452919
1271 1272 3452922
1271 1272 3452925
1273 1274 3452928
1271 1273 3452931
1271 1271 3452934
1272 1271 3452937
1271 1272 3452940
1272 1272 3452943
1272 1272 3452946
1273 1273 3452949
1271 1273 3452952
1270 1271 3452955
1271 1273 3452958
1272 1274 3452961
1270 1271 3452964
1271 1269 3452967
1271 1273 3452970
1271 1272 3452973
1270 1272 3452976
1272 1273 3452979
1272 1273 3452982
1271 1272 3452985
1271 1272 3452988
1271 1273 3452991
1271 1272 3452994
1270 1272 3452997
1270 1272 3453001
1271 1270 3453004
1271 1273 3453007
1272 1273 3453010
1272 1273 3453013
1273 1270 3453016
1273 1272 3453019
1271 1272 3453022
1271 1272 3453025
1271 1273 3453027
1270 1274 3453030
1270 1272 3453033
1272 1270 3453036
1271 1272 3453039
1271 1273 3453042
1270 1273 3453045
1272 1273 3453048
1271 1272 3453051
1272 1272 3453054
1273 1272 3453057
1271 1272 3453060
1271 1272 3453063
1270 1272 3453066
1272 1273 3453069
1270 1273 3453072
1271 1272 3453075
1271 1272 3453078
1272 1274 3453081
1270 1271 3453084
1270 1270 3453087
1271 1272 3453090
1272 1272 3453093
1270 1272 3453096
1272 1273 3453099
1272 1273 3453102
1270 1273 3453105
1271 1272 3453108
1271 1273 3453111
1272 1272 3453114
1270 1271 3453117
1270 1271 3453120
1271 1273 3453123
1270 1272 3453126
1270 1273 3453129
1272 1274 3453132
1272 1274 3453135
1270 1272 3453138
1270 1272 3453141
1270 1272 3453144
1272 1272 3453147
1270 1272 3453150
1269 1271 3453153
1270 1271 3453156
1271 1272 3453159
1271 1273 3453162
1272 1273 3453165
1271 1272 3453168
1269 1273 3453171
1270 1271 3453174
1271 1272 3453177
1272 1275 3453180
1268 1272 3453183
1270 1270 3453186
1272 1271 3453189
1272 1273 3453192
1270 1273 3453195
1272 1272 3453198
1271 1274 3453201
1270 1272 3453204
1271 1272 3453207
1270 1273 3453210
1272 1275 3453213
1267 1272 3453216
1269 1270 3453219
1271 1272 3453222
1271 1272 3453225
1271 1272 3453228
1270 1273 3453231
1271 1272 3453234
1271 1272 3453237
1271 1272 3453240
1271 1272 3453243
1269 1272 3453246
1269 1271 3453249
1270 1271 3453252
1272 1272 3453255
1271 1271 3453258
1269 1273 3453261
1271 1272 3453264
1272 1272 3453267
1271 1272 3453270
1271 1272 3453273
1270 1271 3453276
1271 1272 3453279
1270 1272 3453282
1270 1271 3453285
1272 1272 3453288
1271 1271 3453291
1269 1272 3453294
1272 1272 3453297
1271 1274 3453300
1271 1273 3453303
1271 1271 3453306
1271 1271 3453309
1271 1273 3453312
1271 1272 3453315
1271 1271 3453318
1270 1271 3453321
1272 1271 3453324
1269 1272 3453327
1272 1273 3453330
1271 1274 3453333
1268 1272 3453336
1269 1271 3453339
1269 1273 3453342
1272 1274 3453345
1270 1271 3453348
1271 1271 3453351
1271 1272 3453354
1271 1270 3453357
1270 1272 3453360
1272 1273 3453363
1270 1272 3453366
1269 1271 3453369
1270 1272 3453372
1271 1273 3453375
1272 1273 3453378
1271 1272 3453381
1269 1271 3453384
1272 1271 3453387
1272 1271 3453390
1270 1272 3453393
1270 1273 3453396
1269 1272 3453399
1270 1272 3453402
1271 1273 3453405
1271 1272 3453408
1272 1274 3453411
1269 1272 3453414
1270 1270 3453417
1272 1271 3453420
1271 1273 3453423
1271 1272 3453426
1272 1272 3453429
1271 1273 3453432
1271 1273 3453435
1271 1272 3453438
1271 1273 3453441
1271 1273 3453444
1269 1271 3453447
1271 1271 3453450
1272 1273 3453453
1271 1273 3453456
1269 1272 3453459
1272 1273 3453462
1272 1274 3453465
1271 1273 3453468
1271 1272 3453471
1270 1273 3453474
1271 1272 3453477
1269 1271 3453480
1270 1271 3453483
1271 1272 3453486
1272 1271 3453489
1270 1272 3453492
1272 1274 3453495
1272 1273 3453498
1271 1272 3453501
1271 1272 3453504
1270 1272 3453507
1271 1273 3453510
1270 1273 3453513
1270 1272 3453516
1273 1271 3453519
1271 1272 3453522
1269 1273 3453525
1272 1273 3453528
1272 1273 3453531
1271 1273 3453534
1270 1271 3453537
1270 1272 3453540
1271 1274 3453543
1270 1272 3453546
1271 1271 3453549
1271 1272 3453552
1271 1273 3453555
1271 1273 3453558
1272 1273 3453561
1272 1274 3453564
1268 1273 3453567
1271 1272 3453570
1271 1274 3453573
1271 1271 3453576
1271 1271 3453579
1270 1270 3453582
1271 1271 3453585
1271 1273 3453588
1270 1272 3453591
1272 1274 3453594
1271 1273 3453597
1270 1272 3453600
1270 1273 3453603
1270 1272 3453606
1272 1273 3453609
1270 1271 3453612
1270 1271 3453615
1271 1272 3453618
1272 1271 3453621
1270 1274 3453624
1272 1272 3453627
1271 1272 3453630
1270 1273 3453633
1271 1273 3453636
1271 1272 3453639
1273 1275 3453642
1270 1272 3453645
1270 1271 3453648
1272 1272 3453651
1272 1273 3453654
1270 1273 3453657
1271 1271 3453660
1272 1273 3453663
1270 1275 3453666
1270 1273 3453669
1272 1273 3453672
1272 1274 3453675
1270 1272 3453678
1270 1270 3453681
1272 1273 3453684
1271 1272 3453687
1269 1272 3453690
1271 1273 3453693
1271 1274 3453696
1271 1273 3453699
1272 1272 3453702
1272 1273 3453705
1271 1273 3453708
1270 1272 3453711
1271 1272 3453714
1272 1272 3453717
1272 1271 3453720
1269 1273 3453723
1271 1273 3453726
1271 1273 3453729
1271 1272 3453732
1271 1273 3453735
1270 1273 3453738
1271 1273 3453741
1271 1273 3453744
1270 1271 3453747
1272 1271 3453750
1271 1271 3453753
1269 1273 3453756
1270 1273 3453759
1272 1272 3453762
1271 1273 3453765
1271 1272 3453768
1270 1272 3453771
1271 1273 3453774
1270 1273 3453777
1270 1270 3453780
1272 1271 3453783
1270 1272 3453786
1268 1272 3453789
1271 1273 3453792
1271 1274 3453795
1271 1272 3453798
1270 1272 3453801
1270 1273 3453804
1272 1274 3453807
1270 1271 3453810
1271 1271 3453813
1271 1272 3453816
1273 1270 3453819
1271 1272 3453822
1273 1273 3453825
1272 1274 3453828
1270 1272 3453831
1271 1272 3453834
1271 1273 3453837
1272 1273 3453840
1271 1272 3453843
1271 1271 3453846
1271 1271 3453849
1271 1271 3453852
1270 1272 3453855
1272 1273 3453858
1272 1272 3453861
1270 1272 3453864
1270 1273 3453867
1271 1272 3453870
1272 1273 3453873
1270 1271 3453876
1265 1271 3453879
1269 1271 3453882
1271 1272 3453885
1270 1273 3453888
1272 1273 3453891
1271 1272 3453894
1270 1273 3453897
1270 1272 3453900
1271 1272 3453903
1272 1274 3453906
1268 1271 3453909
1270 1270 3453912
1272 1272 3453915
1271 1273 3453918
1270 1273 3453921
1273 1273 3453924
1271 1273 3453927
1271 1272 3453930
1271 1271 3453933
1271 1274 3453936
1272 1273 3453939
1269 1271 3453942
1270 1271 3453945
1272 1273 3453948
1272 1271 3453951
1270 1272 3453954
1271 1273 3453957
1271 1272 3453960
1271 1272 3453963
1270 1273 3453966
1271 1273 3453969
1271 1272 3453972
1270 1272 3453975
1270 1272 3453978
1272 1272 3453981
1272 1273 3453984
1270 1273 3453987
1272 1272 3453990
1272 1273 3453993
1271 1273 3453996
1271 1272 3454000
1275 1272 3454003
1271 1272 3454006
1269 1272 3454009
1272 1272 3454012
1271 1272 3454015
1271 1274 3454018
1271 1271 3454021
1272 1271 3454024
1272 1272 3454027
1271 1271 3454029
1273 1271 3454032
1270 1272 3454035
1271 1274 3454038
1271 1273 3454041
1273 1271 3454044
1271 1274 3454047
1270 1272 3454050
1271 1272 3454053
1271 1272 3454056
1271 1269 3454059
1273 1271 3454062
1270 1271 3454065
1271 1272 3454068
1271 1272 3454071
1271 1272 3454074
1272 1276 3454077
1270 1272 3454080
1271 1270 3454083
1271 1273 3454086
1272 1271 3454089
1271 1273 3454092
1273 1273 3454095
1271 1273 3454098
1271 1273 3454101
1271 1272 3454104
1271 1274 3454107
1272 1272 3454110
1269 1271 3454113
1270 1271 3454116
1271 1273 3454119
1271 1272 3454122
1271 1274 3454125
1271 1273 3454128
1272 1273 3454131
1270 1272 3454134
1271 1273 3454137
1271 1273 3454140
1271 1272 3454143
1269 1272 3454146
1270 1272 3454149
1272 1272 3454152
1274 1272 3454155
1271 1274 3454158
1271 1273 3454161
1272 1272 3454164
1271 1274 3454167
1271 1273 3454170
1272 1271 3454173
1271 1273 3454176
1270 1271 3454179
1269 1270 3454182
1271 1273 3454185
1272 1272 3454188
1268 1272 3454191
1271 1272 3454194
1271 1274 3454197
1270 1274 3454200
1274 1271 3454203
1269 1272 3454206
1270 1271 3454209
1271 1271 3454212
1271 1270 3454215
1274 1275 3454218
1269 1272 3454221
1269 1271 3454224
1272 1274 3454227
1272 1273 3454230
1273 1275 3454233
1269 1270 3454236
1269 1271 3454239
1270 1273 3454242
1271 1272 3454245
1274 1275 3454248
1270 1270 3454251
1271 1270 3454254
1269 1273 3454257
1272 1273 3454260
1273 1277 3454263
1275 1269 3454266
1270 1271 3454269
1271 1273 3454272
1274 1273 3454275
1270 1276 3454278
1275 1270 3454281
1270 1270 3454284
1270 1272 3454287
1271 1274 3454290
1273 1273 3454293
1277 1272 3454296
1268 1271 3454299
1269 1271 3454302
1271 1272 3454305
1272 1275 3454308
1274 1277 3454311
1267 1270 3454314
1271 1272 3454317
1274 1274 3454320
1271 1272 3454323
1276 1278 3454326
1270 1271 3454329
1269 1271 3454332
1270 1272 3454335
1272 1274 3454338
1272 1278 3454341
1269 1270 3454344
1270 1271 3454347
1271 1272 3454350
1272 1272 3454353
1271 1277 3454356
1277 1271 3454359
1270 1271 3454362
1270 1274 3454365
1273 1273 3454368
1271 1277 3454371
1277 1272 3454374
1267 1272 3454377
1269 1271 3454380
1272 1272 3454383
1272 1272 3454386
1274 1273 3454389
1270 1271 3454392
1271 1271 3454395
1270 1273 3454398
1271 1274 3454401
1275 1276 3454404
1269 1274 3454407
1269 1272 3454410
1271 1272 3454413
1271 1272 3454416
1275 1277 3454419
1268 1270 3454422
1271 1271 3454425
1272 1274 3454428
1272 1274 3454431
1272 1276 3454434
1269 1271 3454437
1271 1273 3454440
1269 1271 3454443
1272 1272 3454446
1273 1276 3454449
1276 1270 3454452
1269 1271 3454455
1271 1275 3454458
1273 1274 3454461
1271 1275 3454464
1276 1272 3454467
1268 1272 3454470
1271 1272 3454473
1270 1274 3454476
1271 1271 3454479
1275 1270 3454482
1269 1271 3454485
1268 1272 3454488
1272 1274 3454491
1273 1274 3454494
1275 1278 3454497
1269 1271 3454500
1269 1270 3454503
1273 1275 3454506
1270 1272 3454509
1275 1275 3454512
1270 1269 3454515
1270 1271 3454518
1269 1273 3454521
1273 1274 3454524
1272 1277 3454527
1270 1270 3454530
1270 1269 3454533
1270 1273 3454536
1271 1275 3454539
1271 1275 3454542
1275 1270 3454545
1269 1270 3454548
1270 1273 3454551
1272 1273 3454554
1272 1277 3454557
1276 1273 3454560
1268 1270 3454563
1270 1271 3454566
1271 1274 3454569
1275 1274 3454572
1275 1271 3454575
1268 1271 3454578
1270 1272 3454581
1272 1271 3454584
1271 1274 3454587
1277 1278 3454590
1270 1270 3454593
1270 1271 3454596
1273 1274 3454599
1271 1272 3454602
1275 1277 3454605
1269 1270 3454608
1270 1270 3454611
1271 1273 3454614
1273 1272 3454617
1271 1277 3454620
1270 1269 3454623
1270 1271 3454626
1270 1272 3454629
1271 1274 3454632
1272 1276 3454635
1273 1271 3454638
1269 1271 3454641
1270 1271 3454644
1272 1272 3454647
1272 1277 3454650
1275 1271 3454653
1271 1272 3454656
1271 1275 3454659
1272 1272 3454662
1271 1275 3454665
1276 1271 3454668
1269 1273 3454671
1268 1272 3454674
1272 1272 3454677
1273 1276 3454680
1276 1270 3454683
1267 1271 3454686
1270 1273 3454689
1271 1274 3454692
1272 1273 3454695
1275 1271 3454698
1268 1272 3454701
1270 1273 3454704
1270 1272 3454707
1271 1273 3454710
1276 1275 3454713
1269 1271 3454716
1269 1272 3454719
1273 1273 3454722
1272 1273 3454725
1275 1277 3454728
1269 1270 3454731
1270 1272 3454734
1273 1276 3454737
1271 1272 3454740
1275 1274 3454743
1270 1269 3454746
1270 1271 3454749
1269 1273 3454752
1273 1274 3454755
1273 1277 3454758
1270 1271 3454761
1270 1271 3454764
1270 1272 3454767
1271 1275 3454770
1272 1275 3454773
1274 1268 3454776
1271 1271 3454779
1271 1272 3454782
1271 1271 3454785
1272 1276 3454788
1276 1272 3454791
1267 1271 3454794
1269 1273 3454797
1273 1274 3454800
1272 1276 3454803
1275 1271 3454806
1267 1270 3454809
1269 1271 3454812
1272 1273 3454815
1271 1273 3454818
1276 1273 3454821
1269 1272 3454824
1269 1272 3454827
1271 1273 3454830
1272 1274 3454833
1276 1271 3454836
1268 1272 3454839
1269 1272 3454842
1273 1272 3454845
1272 1273 3454848
1275 1278 3454851
1271 1271 3454854
1270 1272 3454857
1272 1276 3454860
1271 1272 3454863
1275 1276 3454866
1270 1271 3454869
1269 1271 3454872
1271 1272 3454875
1274 1273 3454878
1276 1277 3454881
1268 1271 3454884
1271 1271 3454887
1270 1273 3454890
1271 1273 3454893
1272 1275 3454896
1269 1270 3454899
1271 1273 3454902
1270 1273 3454905
1271 1271 3454908
1273 1276 3454911
1277 1271 3454914
1267 1272 3454917
1270 1276 3454920
1274 1273 3454923
1271 1276 3454926
1276 1271 3454929
1268 1272 3454932
1270 1272 3454935
1271 1273 3454938
1271 1275 3454941
1276 1271 3454944
1268 1270 3454947
1268 1273 3454950
1271 1274 3454953
1273 1273 3454956
1275 1272 3454959
1268 1272 3454962
1270 1272 3454965
1273 1273 3454968
1271 1273 3454971
1274 1276 3454974
1268 1271 3454977
1270 1273 3454980
1272 1275 3454983
1273 1273 3454986
1276 1278 3454989
1269 1270 3454992
1269 1270 3454995
1271 1274 3454999
1273 1274 3455002
1274 1277 3455005
1269 1269 3455008
1270 1272 3455011
1271 1272 3455014
1273 1272 3455017
1274 1276 3455020
1269 1270 3455023
1270 1270 3455026
1271 1273 3455029
1271 1273 3455031
1273 1278 3455034
1276 1268 3455037
1270 1272 3455040
1269 1275 3455043
1273 1273 3455046
1271 1276 3455049
1277 1271 3455052
1268 1271 3455055
1270 1272 3455058
1272 1274 3455061
1272 1275 3455064
1276 1270 3455067
1269 1271 3455070
1271 1271 3455073
1270 1273 3455076
1273 1273 3455079
1276 1274 3455082
1268 1270 3455085
1269 1271 3455088
1271 1272 3455091
1272 1275 3455094
1275 1276 3455097
1269 1270 3455100
1271 1271 3455103
1271 1271 3455106
1272 1274 3455109
1273 1277 3455112
1275 1269 3455115
1270 1270 3455118
1270 1274 3455121
1272 1273 3455124
1272 1277 3455127
1275 1271 3455130
1268 1270 3455133
1271 1270 3455136
1271 1272 3455139
1271 1275 3455142
1277 1278 3455145
1271 1271 3455148
1270 1272 3455151
1272 1275 3455154
1271 1272 3455157
1272 1278 3455160
1270 1271 3455163
1269 1269 3455166
1271 1272 3455169
1271 1273 3455172
1272 1276 3455175
1278 1271 3455178
1270 1272 3455181
1269 1273 3455184
1272 1273 3455187
1272 1273 3455190
1276 1274 3455193
1268 1271 3455196
1269 1270 3455199
1273 1273 3455202
1271 1273 3455205
1274 1277 3455208
1271 1272 3455211
1271 1273 3455214
1271 1272 3455217
1272 1274 3455220
1272 1276 3455223
1276 1270 3455226
1268 1270 3455229
1269 1273 3455232
1274 1272 3455235
1272 1272 3455238
1275 1272 3455241
1269 1273 3455244
1270 1273 3455247
1271 1272 3455250
1272 1275 3455253
1275 1277 3455256
1271 1272 3455259
1269 1271 3455262
1270 1272 3455265
1273 1272 3455268
1272 1275 3455271
1268 1272 3455274
1271 1272 3455277
1271 1275 3455280
1272 1273 3455283
1272 1275 3455286
1276 1271 3455289
1269 1272 3455292
1269 1271 3455295
1270 1272 3455298
1273 1273 3455301
1275 1277 3455304
1266 1273 3455307
1270 1272 3455310
1273 1276 3455313
1271 1273 3455316
1273 1277 3455319
1269 1271 3455322
1270 1274 3455325
1271 1271 3440925
1272 1271 3440928
1272 1272 3440931
1270 1273 3440934
1272 1272 3440937
1272 1272 3440940
1271 1273 3440943
1270 1272 3440946
1270 1272 3440949
1272 1274 3440952
1270 1273 3440955
1271 1270 3440958
1272 1272 3440961
1271 1272 3440964
1267 1273 3440967
1271 1273 3440970
1272 1274 3440973
1270 1273 3440976
1270 1271 3440979
1271 1273 3440982
1272 1274 3440985
1270 1271 3440988
1270 1271 3440991
1271 1272 3440994
1269 1273 3440997
1270 1272 3441001
1271 1271 3441004
1272 1274 3441007
1271 1272 3441010
1272 1273 3441013
1273 1271 3441016
1272 1271 3441019
1271 1271 3441022
1271 1273 3441025
1273 1272 3441027
1272 1273 3441030
1272 1272 3441033
1272 1272 3441036
1271 1271 3441039
1271 1273 3441042
1271 1274 3441045
1273 1273 3441048
1272 1271 3441051
1271 1272 3441054
1270 1272 3441057
1271 1271 3441060
1272 1271 3441063
1271 1273 3441066
1272 1273 3441069
1270 1272 3441072
1271 1272 3441075
1271 1272 3441078
1272 1273 3441081
1270 1272 3441084
1269 1271 3441087
1272 1271 3441090
1272 1272 3441093
1270 1274 3441096
1272 1274 3441099
1272 1273 3441102
1271 1273 3441105
1271 1271 3441108
1271 1272 3441111
1272 1274 3441114
1270 1272 3441117
1270 1271 3441120
1272 1272 3441123
1271 1273 3441126
1270 1273 3441129
1272 1273 3441132
1272 1275 3441135
1270 1273 3441138
1271 1272 3441141
1270 1273 3441144
1272 1273 3441147
1270 1271 3441150
1270 1271 3441153
1271 1273 3441156
1271 1272 3441159
1271 1272 3441162
1272 1273 3441165
1272 1273 3441168
1271 1272 3441171
1271 1273 3441174
1271 1272 3441177
1271 1272 3441180
1271 1272 3441183
1271 1272 3441186
1271 1273 3441189
1271 1271 3441192
1270 1273 3441195
1272 1273 3441198
1272 1273 3441201
1270 1273 3441204
1271 1270 3441207
1271 1271 3441210
1272 1273 3441213
1270 1272 3441216
1270 1271 3441219
1272 1271 3441222
1271 1272 3441225
1270 1273 3441228
1272 1273 3441231
1271 1273 3441234
1271 1273 3441237
1270 1272 3441240
1271 1272 3441243
1271 1273 3441246
1270 1272 3441249
1270 1270 3441252
1271 1273 3441255
1271 1271 3441258
1270 1272 3441261
1272 1273 3441264
1271 1272 3441267
1269 1272 3441270
1271 1272 3441273
1270 1273 3441276
1272 1274 3441279
1271 1271 3441282
1271 1272 3441285
1271 1272 3441288
1271 1271 3441291
1270 1274 3441294
1272 1275 3441297
1270 1273 3441300
1271 1273 3441303
1270 1273 3441306
1271 1273 3441309
1272 1274 3441312
1271 1274 3441315
1270 1271 3441318
1272 1271 3441321
1271 1273 3441324
1271 1273 3441327
1272 1273 3441330
1272 1273 3441333
1270 1273 3441336
1271 1273 3441339
1271 1272 3441342
1272 1275 3441345
1270 1273 3441348
1271 1270 3441351
1271 1272 3441354
1272 1272 3441357
1271 1273 3441360
1273 1272 3441363
1272 1273 3441366
1271 1273 3441369
1272 1272 3441372
1271 1274 3441375
1272 1273 3441378
1271 1271 3441381
1271 1271 3441384
1271 1273 3441387
1271 1271 3441390
1271 1272 3441393
1272 1273 3441396
1271 1273 3441399
1271 1270 3441402
1271 1273 3441405
1271 1273 3441408
1271 1272 3441411
1270 1272 3441414
1270 1271 3441417
1272 1272 3441420
1272 1272 3441423
1270 1274 3441426
1272 1274 3441429
1272 1273 3441432
1271 1274 3441435
1271 1272 3441438
1271 1272 3441441
1272 1274 3441444
1270 1272 3441447
1270 1272 3441450
1272 1271 3441453
1272 1273 3441456
1270 1273 3441459
1272 1273 3441462
1272 1274 3441465
1271 1272 3441468
1271 1272 3441471
1271 1272 3441474
1272 1274 3441477
1271 1271 3441480
1270 1271 3441483
1271 1272 3441486
1271 1272 3441489
1270 1272 3441492
1272 1273 3441495
1272 1273 3441498
1271 1272 3441501
1271 1272 3441504
1271 1272 3441507
1269 1274 3441510
1269 1271 3441513
1270 1271 3441516
1271 1272 3441519
1272 1271 3441522
1270 1273 3441525
1273 1274 3441528
1272 1273 3441531
1271 1272 3441534
1270 1273 3441537
1271 1273 3441540
1272 1273 3441543
1271 1272 3441546
1271 1272 3441549
1272 1271 3441552
1272 1272 3441555
1270 1274 3441558
1272 1272 3441561
1272 1273 3441564
1270 1273 3441567
1271 1271 3441570
1271 1271 3441573
1272 1273 3441576
1271 1273 3441579
1271 1270 3441582
1272 1272 3441585
1271 1273 3441588
1270 1272 3441591
1272 1273 3441594
1271 1274 3441597
1270 1273 3441600
1271 1272 3441603
1271 1272 3441606
1272 1274 3441609
1270 1272 3441612
1271 1271 3441615
1271 1272 3441618
1272 1271 3441621
1270 1272 3441624
1272 1273 3441627
1272 1273 3441630
1271 1272 3441633
1271 1272 3441636
1271 1272 3441639
1271 1273 3441642
1270 1272 3441645
1270 1272 3441648
1272 1271 3441651
1271 1272 3441654
1270 1274 3441657
1271 1273 3441660
1272 1272 3441663
1271 1272 3441666
1271 1272 3441669
1271 1272 3441672
1272 1273 3441675
1270 1273 3441678
1270 1270 3441681
1272 1272 3441684
1271 1272 3441687
1270 1273 3441690
1272 1272 3441693
1272 1273 3441696
1270 1273 3441699
1271 1272 3441702
1271 1273 3441705
1272 1274 3441708
1270 1271 3441711
1271 1271 3441714
1271 1273 3441717
1271 1271 3441720
1270 1272 3441723
1272 1273 3441726
1272 1274 3441729
1271 1272 3441732
1271 1272 3441735
1271 1273 3441738
1272 1273 3441741
1270 1271 3441744
1270 1271 3441747
1271 1273 3441750
1272 1272 3441753
1271 1273 3441756
1272 1273 3441759
1272 1274 3441762
1270 1273 3441765
1271 1273 3441768
1271 1273 3441771
1272 1272 3441774
1270 1273 3441777
1270 1273 3441780
1271 1273 3441783
1272 1273 3441786
1270 1273 3441789
1271 1273 3441792
1272 1272 3441795
1271 1274 3441798
1271 1272 3441801
1271 1272 3441804
1272 1274 3441807
1270 1272 3441810
1270 1270 3441813
1272 1272 3441816
1271 1273 3441819
1270 1273 3441822
1272 1272 3441825
1272 1275 3441828
1271 1272 3441831
1271 1271 3441834
1271 1273 3441837
1271 1274 3441840
1268 1272 3441843
1270 1271 3441846
1272 1273 3441849
1272 1272 3441852
1270 1272 3441855
1272 1273 3441858
1272 1273 3441861
1270 1272 3441864
1271 1272 3441867
1270 1272 3441870
1272 1273 3441873
1270 1272 3441876
1270 1271 3441879
1271 1273 3441882
1271 1271 3441885
1270 1273 3441888
1272 1273 3441891
1272 1272 3441894
1271 1272 3441897
1271 1273 3441900
1271 1272 3441903
1272 1273 3441906
1270 1272 3441909
1271 1272 3441912
1272 1272 3441915
1272 1272 3441918
1269 1272 3441921
1272 1272 3441924
1272 1272 3441927
1271 1273 3441930
1270 1273 3441933
1271 1272 3441936
1271 1275 3441939
1270 1273 3441942
1270 1271 3441945
1272 1272 3441948
1272 1272 3441951
1270 1272 3441954
1272 1272 3441957
1272 1273 3441960
1270 1272 3441963
1271 1272 3441966
1270 1273 3441969
1272 1274 3441972
1270 1271 3441975
1270 1272 3441978
1272 1273 3441981
1271 1271 3441984
1270 1273 3441987
1272 1273 3441990
1274 1272 3441993
1271 1272 3441996
1270 1272 3442000
1270 1273 3442003
1272 1272 3442006
1270 1272 3442009
1272 1272 3442012
1271 1271 3442015
1270 1272 3442018
1271 1273 3442021
1272 1273 3442024
1273 1272 3442027
1271 1272 3442029
1272 1273 3442032
1270 1272 3442035
1271 1274 3442038
1272 1273 3442041
1273 1270 3442044
1270 1272 3442047
1270 1274 3442050
1271 1272 3442053
1271 1270 3442056
1271 1271 3442059
1272 1272 3442062
1270 1271 3442065
1272 1273 3442068
1271 1272 3442071
1271 1272 3442074
1272 1273 3442077
1270 1273 3442080
1272 1269 3442083
1272 1270 3442086
1271 1271 3442089
1270 1273 3442092
1272 1272 3442095
1272 1273 3442098
1271 1274 3442101
1271 1271 3442104
1271 1272 3442107
1271 1274 3442110
1269 1271 3442113
1270 1270 3442116
1272 1272 3442119
1271 1272 3442122
1270 1272 3442125
1272 1273 3442128
1271 1274 3442131
1270 1272 3442134
1271 1271 3442137
1270 1273 3442140
1271 1274 3442143
1270 1272 3442146
1270 1272 3442149
1271 1272 3442152
1271 1271 3442155
1270 1273 3442158
1272 1273 3442161
1272 1272 3442164
1270 1272 3442167
1270 1272 3442170
1270 1273 3442173
1272 1273 3442176
1271 1272 3442179
1270 1272 3442182
1271 1272 3442185
1271 1271 3442188
1270 1274 3442191
1272 1272 3442194
1271 1272 3442197
1270 1273 3442200
1270 1272 3442203
1271 1271 3442206
1272 1274 3442209
1270 1273 3442212
1270 1271 3442215
1272 1271 3442218
1272 1273 3442221
1270 1272 3442224
1272 1272 3442227
1272 1273 3442230
1270 1272 3442233
1270 1271 3442236
1271 1272 3442239
1272 1274 3442242
1270 1272 3442245
1270 1270 3442248
1272 1272 3442251
1271 1271 3442254
1270 1272 3442257
1272 1273 3442260
1272 1272 3442263
1271 1272 3442266
1271 1272 3442269
1271 1274 3442272
1271 1273 3442275
1270 1271 3442278
1271 1272 3442281
1272 1271 3442284
1271 1271 3442287
1269 1272 3442290
1272 1272 3442293
1271 1272 3442296
1270 1272 3442299
1271 1273 3442302
1270 1273 3442305
1271 1273 3442308
1270 1273 3442311
1270 1271 3442314
1272 1271 3442317
1271 1272 3442320
1269 1273 3442323
1271 1273 3442326
1273 1273 3442329
1271 1273 3442332
1271 1272 3442335
1271 1272 3442338
1272 1274 3442341
1270 1272 3442344
1270 1270 3442347
1271 1272 3442350
1271 1272 3442353
1270 1273 3442356
1273 1272 3442359
1272 1274 3442362
1271 1273 3442365
1271 1272 3442368
1271 1273 3442371
1271 1274 3442374
1270 1271 3442377
1270 1271 3442380
1271 1273 3442383
1271 1272 3442386
1270 1272 3442389
1272 1273 3442392
1271 1273 3442395
1271 1272 3442398
1271 1273 3442401
1271 1272 3442404
1272 1272 3442407
1270 1272 3442410
1270 1271 3442413
1271 1272 3442416
1271 1272 3442419
1270 1273 3442422
1272 1273 3442425
1272 1273 3442428
1271 1274 3442431
1271 1272 3442434
1271 1271 3442437
1272 1273 3442440
1269 1272 3442443
1270 1270 3442446
1272 1272 3442449
1271 1273 3442452
1270 1273 3442455
1273 1272 3442458
1271 1274 3442461
1270 1272 3442464
1270 1272 3442467
1270 1273 3442470
1272 1273 3442473
1270 1272 3442476
1270 1270 3442479
1272 1272 3442482
1271 1272 3442485
1271 1272 3442488
1272 1274 3442491
1271 1274 3442494
1270 1271 3442497
1271 1272 3442500
1270 1273 3442503
1271 1273 3442506
1270 1272 3442509
1270 1271 3442512
1271 1273 3442515
1271 1272 3442518
1270 1273 3442521
1272 1273 3442524
1272 1272 3442527
1270 1273 3442530
1270 1272 3442533
1271 1272 3442536
1272 1273 3442539
1270 1272 3442542
1270 1272 3442545
1272 1272 3442548
1272 1272 3442551
1270 1273 3442554
1272 1272 3442557
1272 1273 3442560
1270 1273 3442563
1273 1271 3442566
1271 1272 3442569
1272 1273 3442572
1269 1272 3442575
1270 1270 3442578
1272 1272 3442581
1272 1272 3442584
1269 1271 3442587
1271 1272 3442590
1271 1274 3442593
1270 1272 3442596
1271 1271 3442599
1271 1272 3442602
1272 1273 3442605
1270 1271 3442608
1270 1271 3442611
1271 1273 3442614
1271 1271 3442617
1270 1272 3442620
1272 1273 3442623
1273 1271 3442626
1270 1272 3442629
1270 1272 3442632
1270 1273 3442635
1271 1273 3442638
1270 1272 3442641
1271 1272 3442644
1271 1271 3442647
1271 1272 3442650
1269 1272 3442653
1271 1274 3442656
1272 1273 3442659
1272 1273 3442662
1271 1272 3442665
1271 1273 3442668
1273 1274 3442671
1270 1273 3442674
1271 1270 3442677
1272 1272 3442680
1271 1272 3442683
1270 1272 3442686
1272 1273 3442689
1272 1272 3442692
1271 1273 3442695
1270 1271 3442698
1271 1272 3442701
1272 1274 3442704
1269 1271 3442707
1271 1271 3442710
1272 1272 3442713
1271 1271 3442716
1270 1272 3442719
1272 1273 3442722
1271 1273 3442725
1271 1272 3442728
1271 1273 3442731
1271 1273 3442734
1272 1272 3442737
1271 1271 3442740
1270 1272 3442743
1271 1272 3442746
1272 1271 3442749
1270 1273 3442752
1272 1273 3442755
1272 1273 3442758
1270 1272 3442761
1271 1273 3442764
1270 1272 3442767
1272 1273 3442770
1270 1272 3442773
1271 1271 3442776
1271 1271 3442779
1272 1272 3442782
1270 1273 3442785
1272 1273 3442788
1272 1273 3442791
1271 1273 3442794
1271 1271 3442797
1271 1272 3442800
1272 1273 3442803
1270 1272 3442806
1270 1270 3442809
1272 1272 3442812
1271 1273 3442815
1270 1272 3442818
1272 1272 3442821
1272 1273 3442824
1270 1272 3442827
1271 1272 3442830
1271 1273 3442833
1270 1272 3442836
1271 1272 3442839
1269 1272 3442842
1271 1273 3442845
1270 1273 3442848
1271 1272 3442851
1271 1273 3442854
1270 1271 3442857
1272 1273 3442860
1271 1273 3442863
1271 1275 3442866
1269 1273 3442869
1272 1271 3442872
1271 1273 3442875
1271 1272 3442878
1270 1273 3442881
1271 1273 3442884
1270 1271 3442887
1271 1271 3442890
1272 1274 3442893
1270 1273 3442896
1271 1273 3442899
1270 1272 3442902
1271 1272 3442905
1271 1273 3442908
1271 1272 3442911
1271 1274 3442914
1271 1270 3447323
1271 1271 3447326
1270 1271 3447329
1270 1273 3447332
1272 1270 3447335
1270 1272 3447338
1272 1272 3447341
1272 1272 3447344
1271 1272 3447347
1273 1272 3447350
1270 1271 3447353
1272 1273 3447356
1271 1273 3447359
1271 1272 3447361
1272 1272 3447364
1271 1272 3447367
1272 1274 3447370
1271 1271 3447373
1272 1272 3447376
1272 1271 3447379
1271 1272 3447382
1271 1271 3447385
1271 1272 3447388
1272 1272 3447391
1272 1272 3447394
1271 1271 3447397
1271 1272 3447400
1272 1273 3447403
1271 1271 3447406
1272 1273 3447409
1271 1270 3447412
1270 1272 3447415
1271 1272 3447418
1272 1272 3447421
1272 1270 3447424
1271 1272 3447427
1271 1272 3447430
1270 1271 3447433
1272 1273 3447436
1272 1272 3447439
1272 1272 3447442
1272 1270 3447445
1270 1273 3447448
1272 1272 3447451
1271 1272 3447454
1272 1271 3447457
1272 1272 3447460
1271 1272 3447463
1270 1271 3447466
1272 1274 3447469
1271 1271 3447472
1272 1272 3447475
1271 1270 3447478
1270 1273 3447481
1271 1272 3447484
1272 1272 3447487
1272 1272 3447490
1272 1272 3447493
1271 1271 3447496
1270 1272 3447499
1270 1274 3447502
1270 1271 3447505
1271 1273 3447508
1272 1268 3447511
1271 1271 3447514
1270 1271 3447517
1271 1273 3447520
1272 1271 3447523
1272 1271 3447526
1271 1273 3447529
1271 1271 3447532
1272 1273 3447535
1271 1272 3447538
1272 1272 3447541
1271 1269 3447544
1270 1272 3447547
1271 1274 3447550
1271 1273 3447553
1272 1271 3447556
1271 1272 3447559
1271 1271 3447562
1271 1270 3447565
1272 1274 3447568
1270 1272 3447571
1272 1272 3447574
1272 1270 3447577
1271 1273 3447580
1272 1273 3447583
1271 1272 3447586
1271 1273 3447589
1271 1271 3447592
1271 1271 3447595
1271 1271 3447598
1272 1273 3447601
1271 1271 3447604
1273 1272 3447607
1271 1271 3447610
1270 1272 3447613
1271 1272 3447616
1272 1273 3447619
1271 1271 3447622
1271 1271 3447625
1271 1271 3447628
1270 1272 3447631
1273 1273 3447634
1271 1271 3447637
1272 1273 3447640
1272 1271 3447643
1271 1272 3447646
1271 1273 3447649
1271 1273 3447652
1272 1270 3447655
1271 1271 3447658
1271 1272 3447661
1271 1271 3447664
1273 1272 3447667
1272 1272 3447670
1272 1273 3447673
1271 1270 3447676
1270 1274 3447679
1272 1273 3447682
1271 1272 3447685
1272 1271 3447688
1271 1272 3447691
1272 1271 3447694
1270 1271 3447697
1272 1273 3447700
1272 1271 3447703
1273 1272 3447706
1272 1272 3447709
1271 1273 3447712
1272 1272 3447715
1271 1272 3447718
1272 1272 3447721
1271 1271 3447724
1271 1271 3447727
1271 1272 3447730
1272 1273 3447733
1272 1271 3447736
1272 1273 3447739
1271 1271 3447742
1271 1272 3447745
1271 1272 3447748
1272 1273 3447751
1273 1271 3447754
1271 1272 3447757
1272 1272 3447760
1271 1272 3447763
1272 1272 3447766
1272 1272 3447769
1272 1273 3447772
1272 1270 3447775
1269 1272 3447778
1269 1273 3447781
1270 1273 3447784
1272 1271 3447787
1271 1272 3447790
1271 1273 3447793
1269 1271 3447796
1273 1273 3447799
1271 1272 3447802
1272 1272 3447805
1271 1271 3447808
1268 1273 3447811
1271 1272 3447814
1271 1271 3447817
1272 1271 3447820
1271 1273 3447823
1272 1271 3447826
1271 1271 3447829
1272 1273 3447832
1271 1270 3447835
1272 1272 3447838
1270 1271 3447841
1270 1273 3447844
1271 1272 3447847
1272 1273 3447850
1272 1272 3447853
1271 1272 3447856
1271 1271 3447859
1271 1272 3447862
1272 1273 3447865
1271 1271 3447868
1272 1273 3447871
1272 1271 3447874
1271 1273 3447877
1271 1272 3447880
1271 1274 3447883
1272 1270 3447886
1271 1272 3447889
1272 1272 3447892
1271 1271 3447895
1272 1273 3447898
1271 1272 3447901
1272 1273 3447904
1272 1270 3447907
1270 1272 3447910
1271 1273 3447913
1271 1273 3447916
1271 1271 3447919
1271 1272 3447922
1273 1270 3447925
1271 1271 3447928
1272 1274 3447931
1271 1271 3447934
1272 1272 3447937
1272 1270 3447940
1271 1273 3447943
1271 1272 3447946
1271 1273 3447949
1272 1272 3447952
1272 1271 3447955
1271 1271 3447958
1270 1272 3447961
1272 1274 3447964
1272 1271 3447967
1272 1273 3447970
1271 1271 3447973
1270 1273 3447976
1272 1272 3447979
1271 1273 3447982
1272 1270 3447985
1271 1272 3447988
1271 1271 3447991
1271 1271 3447994
1273 1272 3447999
1272 1274 3448002
1272 1272 3448005
1272 1271 3448008
1271 1273 3448011
1272 1271 3448014
1271 1272 3448017
1271 1273 3448020
1271 1271 3448023
1271 1272 3448026
1271 1273 3448029
1271 1272 3448032
1270 1271 3448035
1272 1273 3448038
1271 1273 3448041
1271 1272 3448044
1270 1271 3448047
1271 1273 3448050
1271 1272 3448053
1272 1271 3448056
1271 1272 3448059
1270 1273 3448062
1270 1273 3448065
1270 1271 3448068
1271 1275 3448071
1270 1272 3448074
1272 1272 3448077
1270 1272 3448080
1271 1271 3448083
1270 1271 3448086
1271 1271 3448089
1270 1273 3448092
1271 1272 3448095
1271 1272 3448098
1270 1273 3448101
1272 1273 3448104
1271 1272 3448107
1271 1273 3448110
1270 1272 3448113
1271 1271 3448116
1271 1271 3448119
1272 1273 3448122
1271 1273 3448125
1271 1271 3448128
1271 1274 3448131
1270 1271 3448134
1272 1273 3448137
1270 1273 3448140
1272 1274 3448143
1269 1272 3448146
1272 1271 3448149
1271 1273 3448152
1271 1273 3448155
1271 1273 3448158
1271 1273 3448161
1271 1272 3448164
1270 1271 3448167
1271 1273 3448170
1270 1273 3448173
1270 1273 3448176
1270 1272 3448179
1272 1273 3448182
1271 1272 3448185
1272 1272 3448188
1270 1274 3448191
1271 1272 3448194
1271 1272 3448197
1270 1271 3448200
1271 1273 3448203
1270 1272 3448206
1272 1273 3448209
1270 1273 3448212
1272 1273 3448215
1271 1272 3448218
1272 1273 3448221
1272 1273 3448224
1271 1272 3448227
1271 1272 3448230
1270 1272 3448233
1274 1272 3448236
1271 1272 3448239
1271 1274 3448242
1270 1273 3448245
1271 1271 3448248
1271 1273 3448251
1272 1273 3448254
1271 1272 3448257
1271 1272 3448260
1271 1273 3448263
1270 1271 3448266
1272 1274 3448269
1271 1272 3448272
1271 1274 3448275
1270 1272 3448278
1271 1272 3448281
1271 1272 3448284
1272 1271 3448287
1270 1273 3448290
1270 1272 3448293
1272 1272 3448296
1271 1271 3448299
1272 1274 3448302
1270 1273 3448305
1271 1272 3448308
1271 1273 3448311
1271 1273 3448314
1271 1272 3448317
1272 1272 3448320
1271 1274 3448323
1269 1273 3448326
1271 1272 3448329
1270 1272 3448332
1272 1274 3448335
1271 1272 3448338
1271 1273 3448341
1270 1272 3448344
1272 1271 3448347
1271 1273 3448350
1271 1273 3448353
1268 1274 3448356
1271 1272 3448359
1270 1272 3448362
1270 1272 3448365
1272 1273 3448368
1271 1272 3448371
1271 1274 3448374
1269 1272 3448377
1272 1272 3448380
1271 1272 3448383
1273 1271 3448386
1271 1272 3448389
1271 1272 3448392
1271 1273 3448395
1270 1271 3448398
1272 1273 3448401
1271 1273 3448404
1271 1272 3448407
1269 1272 3448410
1271 1273 3448413
1271 1272 3448416
1272 1272 3448419
1271 1273 3448422
1270 1273 3448425
1270 1272 3448428
1270 1272 3448431
1272 1274 3448434
1271 1272 3448437
1271 1273 3448440
1269 1272 3448443
1271 1272 3448446
1271 1272 3448449
1271 1272 3448452
1271 1273 3448455
1271 1272 3448458
1271 1272 3448461
1270 1273 3448464
1272 1273 3448467
1270 1272 3448470
1271 1273 3448473
1269 1272 3448476
1272 1271 3448479
1271 1272 3448482
1272 1273 3448485
1271 1272 3448488
1270 1273 3448491
1270 1274 3448494
1270 1271 3448497
1272 1273 3448500
1270 1272 3448503
1271 1274 3448506
1270 1272 3448509
1271 1272 3448512
1271 1273 3448515
1271 1272 3448518
1270 1273 3448521
1270 1273 3448524
1271 1271 3448527
1270 1271 3448530
1272 1273 3448533
1270 1272 3448536
1272 1272 3448539
1270 1272 3448542
1272 1273 3448545
1271 1273 3448548
1271 1271 3448551
1270 1273 3448554
1271 1272 3448557
1270 1272 3448560
1270 1272 3448563
1272 1275 3448566
1270 1272 3448569
1271 1273 3448572
1270 1273 3448575
1272 1272 3448578
1271 1272 3448581
1272 1273 3448584
1271 1273 3448587
1271 1272 3448590
1271 1272 3448593
1270 1270 3448596
1271 1273 3448599
1271 1271 3448602
1271 1274 3448605
1269 1273 3448608
1272 1271 3448611
1271 1274 3448614
1271 1271 3448617
1271 1272 3448620
1271 1272 3448623
1270 1271 3448626
1270 1271 3448629
1272 1273 3448632
1270 1273 3448635
1271 1274 3448638
1270 1272 3448641
1271 1273 3448644
1271 1272 3448647
1271 1271 3448650
1271 1273 3448653
1271 1273 3448656
1270 1272 3448659
1270 1270 3448662
1272 1274 3448665
1270 1273 3448668
1271 1273 3448671
1270 1274 3448674
1272 1272 3448677
1271 1272 3448680
1271 1273 3448683
1270 1273 3448686
1270 1272 3448689
1271 1271 3448692
1270 1272 3448695
1272 1274 3448698
1271 1272 3448701
1271 1274 3448704
1269 1273 3448707
1272 1271 3448710
1272 1272 3448713
1271 1272 3448716
1270 1273 3448719
1271 1271 3448722
1271 1272 3448725
1270 1272 3448728
1272 1273 3448731
1270 1273 3448734
1271 1274 3448737
1270 1272 3448740
1271 1271 3448743
1270 1273 3448746
1271 1272 3448749
1271 1273 3448752
1271 1273 3448755
1270 1273 3448758
1270 1271 3448761
1272 1274 3448764
1271 1273 3448767
1271 1273 3448770
1270 1272 3448773
1271 1272 3448776
1270 1273 3448779
1271 1273 3448782
1271 1273 3448785
1271 1272 3448788
1271 1272 3448791
1271 1272 3448794
1272 1274 3448797
1271 1271 3448800
1271 1273 3448803
1270 1272 3448806
1271 1271 3448809
1270 1271 3448812
1271 1272 3448815
1270 1273 3448818
1271 1272 3448821
1270 1272 3448824
1271 1272 3448827
1271 1273 3448830
1271 1272 3448833
1271 1273 3448836
1271 1271 3448839
1272 1271 3448842
1271 1272 3448845
1271 1272 3448848
1270 1272 3448851
1271 1272 3448854
1271 1273 3448857
1270 1270 3448860
1271 1274 3448863
1270 1273 3448866
1271 1273 3448869
1270 1272 3448872
1271 1272 3448875
1270 1273 3448878
1271 1272 3448881
1271 1273 3448884
1271 1272 3448887
1271 1272 3448890
1270 1271 3448893
1272 1274 3448896
1270 1273 3448899
1271 1272 3448902
1270 1272 3448905
1271 1272 3448908
1272 1272 3448911
1272 1272 3448914
1271 1273 3448917
1271 1272 3448920
1271 1272 3448923
1269 1272 3448926
1271 1273 3448929
1271 1272 3448932
1271 1273 3448935
1270 1273 3448938
1272 1272 3448941
1272 1272 3448944
1272 1272 3448947
1271 1272 3448950
1271 1272 3448953
1270 1272 3448956
1270 1271 3448959
1271 1273 3448962
1270 1272 3448965
1271 1274 3448968
1269 1272 3448971
1272 1271 3448974
1271 1273 3448977
1271 1271 3448980
1271 1272 3448983
1271 1272 3448986
1271 1272 3448989
1271 1271 3448992
1272 1274 3448995
1271 1272 3448999
1271 1272 3449002
1271 1273 3449005
1272 1272 3449008
1270 1271 3449011
1270 1274 3449014
1271 1272 3449017
1271 1273 3449020
1271 1269 3449023
1273 1272 3449026
1271 1273 3449029
1271 1272 3449032
1271 1270 3449035
1272 1273 3449038
1270 1272 3449041
1272 1272 3449043
1270 1275 3449046
1271 1273 3449049
1269 1273 3449052
1271 1272 3449055
1271 1274 3449058
1271 1273 3449061
1272 1272 3449064
1271 1273 3449067
1272 1271 3449070
1272 1272 3449073
1270 1272 3449076
1271 1272 3449079
1271 1272 3449082
1272 1271 3449085
1270 1272 3449088
1271 1272 3449091
1271 1272 3449094
1271 1273 3449097
1271 1272 3449100
1271 1272 3449103
1270 1273 3449106
1270 1271 3449109
1271 1271 3449112
1272 1273 3449115
1271 1273 3449118
1271 1273 3449121
1269 1272 3449124
1271 1272 3449127
1271 1272 3449130
1271 1271 3449133
1271 1273 3449136
1271 1273 3449139
1270 1272 3449142
1270 1272 3449145
1272 1274 3449148
1270 1272 3449151
1271 1273 3449154
1270 1273 3449157
1271 1271 3449160
1271 1272 3449163
1271 1273 3449166
1270 1274 3449169
1272 1272 3449172
1271 1272 3449175
1271 1272 3449178
1272 1274 3449181
1271 1272 3449184
1271 1274 3449187
1271 1273 3449190
1271 1271 3449193
1270 1272 3449196
1271 1272 3449199
1271 1273 3449202
1271 1272 3449205
1270 1272 3449208
1270 1272 3449211
1273 1273 3449214
1271 1273 3449217
1270 1273 3449220
1270 1271 3449223
1271 1272 3449226
1271 1273 3449229
1271 1272 3449232
1270 1273 3449235
1271 1273 3449238
1271 1273 3449241
1270 1271 3449244
1272 1274 3449247
1271 1272 3449250
1272 1272 3449253
1270 1273 3449256
1271 1272 3449259
1271 1271 3449262
1272 1272 3449265
1271 1273 3449268
1271 1272 3449271
1270 1271 3449274
1271 1272 3449277
1272 1274 3449280
1271 1271 3449283
1272 1274 3449286
1270 1272 3449289
1271 1272 3449292
1271 1271 3449295
1272 1273 3449298
1271 1273 3449301
1271 1271 3449304
1271 1272 3449307
1270 1271 3449310
1271 1272 3449313
1270 1272 3449316
1271 1274 3449319
1269 1272 3449322
1272 1271 3449325
1271 1272 3449328
1272 1273 3449331
1271 1273 3449334
1272 1273 3449337
1271 1273 3449340
1270 1272 3449343
1271 1274 3449346
1270 1273 3449349
1274 1273 3449352
1271 1272 3449355
1271 1272 3449358
1271 1272 3449361
1271 1272 3449364
1271 1273 3449367
1271 1273 3449370
1271 1271 3449373
1271 1271 3449376
1271 1274 3449379
1270 1273 3449382
1272 1273 3449385
1270 1273 3449388
1271 1273 3449391
1271 1272 3449394
1272 1273 3449397
1271 1273 3449400
1271 1271 3449403
1270 1272 3449406
1270 1272 3449409
1269 1274 3449412
1270 1272 3449415
1271 1273 3449418
1270 1273 3449421
1272 1271 3449424
1272 1273 3449427
1271 1273 3449430
1271 1272 3449433
1271 1272 3449436
1271 1273 3449439
1266 1272 3449442
1270 1274 3449445
1270 1272 3449448
1271 1273 3449451
1270 1272 3449454
1272 1272 3449457
1271 1273 3449460
1271 1271 3449463
1271 1272 3449466
1271 1272 3449469
1271 1272 3449472
1270 1271 3449475
1272 1274 3449478
1270 1273 3449481
1271 1273 3449484
1270 1272 3449487
1271 1272 3449490
1271 1272 3449493
1272 1272 3449496
1270 1273 3449499
1271 1272 3449502
1271 1271 3449505
1271 1272 3449508
1272 1274 3449511
1270 1273 3449514
1271 1273 3449517
1270 1273 3449520
1272 1272 3449523
1271 1272 3449526
1272 1273 3449529
1271 1273 3449532
1271 1272 3449535
1271 1271 3449538
1270 1273 3449541
1272 1274 3449544
1270 1272 3449547
1272 1274 3449550
1270 1272 3449553
1272 1271 3449556
1271 1273 3449559
1272 1274 3449562
1270 1274 3449565
1271 1272 3449568
1271 1273 3449571
1271 1272 3449574
1272 1273 3449577
1271 1273 3449580
1271 1273 3449583
1270 1272 3449586
1271 1272 3449589
1271 1272 3449592
1271 1271 3449595
1271 1272 3449598
1271 1273 3449601
1271 1272 3449604
1271 1271 3449607
1272 1274 3449610
1270 1272 3449613
1271 1273 3449616
1270 1272 3449619
1271 1273 3449622
1271 1272 3449625
1272 1272 3449628
1271 1274 3449631
1271 1273 3449634
1271 1272 3449637
1270 1273 3449640
1272 1273 3449643
1271 1272 3449646
1271 1274 3449649
1270 1274 3449652
1271 1271 3449655
1272 1272 3449658
1271 1273 3449661
1270 1273 3449664
1270 1272 3449667
1271 1274 3449670
1270 1271 3449673
1272 1273 3449676
1271 1273 3449679
1271 1272 3449682
1271 1272 3449685
1272 1272 3449688
1271 1273 3449691
1272 1273 3449694
1271 1272 3449697
1271 1274 3449700
1271 1272 3449703
1270 1270 3449706
1272 1274 3449709
1270 1271 3449712
1272 1272 3449715
1270 1272 3449718
1272 1272 3449721
1271 1272 3449724
1271 1271 3449727
1271 1273 3449730
1271 1272 3449733
1271 1271 3449736
1270 1272 3449739
1272 1274 3449742
1271 1272 3449745
1274 1273 3449748
1270 1272 3449751
1272 1272 3449754
1272 1272 3449757
1271 1274 3449760
1271 1273 3449763
1272 1271 3449766
1271 1272 3449769
1270 1272 3449772
1271 1273 3449775
1271 1272 3449778
1271 1274 3449781
1270 1273 3449784
1271 1271 3449787
1271 1273 3449790
1271 1272 3449793
1270 1272 3449796
1270 1273 3449799
1271 1272 3449802
1270 1271 3449805
1272 1273 3449808
1270 1273 3449811
1271 1274 3449814
1270 1273 3449817
1272 1273 3449820
1271 1272 3449823
1272 1271 3449826
1271 1273 3449829
1272 1273 3449832
1271 1271 3449835
1271 1271 3449838
1272 1275 3449841
1270 1273 3449844
1272 1273 3449847
1270 1273 3449850
1271 1272 3449853
1271 1271 3449856
1272 1272 3449859
1271 1272 3449862
1271 1272 3449865
1272 1271 3449868
1270 1271 3449871
1273 1274 3449874
1270 1272 3449877
1271 1274 3449880
1270 1272 3449883
1272 1271 3449886
1271 1272 3449889
1272 1273 3449892
1271 1272 3449895
1272 1271 3449898
1271 1272 3449901
1270 1272 3449904
1272 1273 3449907
1270 1273 3449910
1272 1274 3449913
1270 1272 3449916
1272 1272 3449919
1270 1273 3449922
1272 1271 3449925
1271 1272 3449928
1271 1272 3449931
1270 1273 3449934
1270 1271 3449937
1272 1274 3449940
1270 1273 3449943
1271 1272 3449946
1270 1273 3449949
1271 1272 3449952
1268 1273 3449955
1270 1272 3449958
1270 1273 3449961
1271 1273 3449964
1271 1270 3449967
1271 1272 3449970
1272 1274 3449973
1270 1272 3449976
1272 1273 3449979
1269 1273 3449982
1271 1271 3449985
1271 1271 3449988
1271 1272 3449991
1270 1273 3449994
1271 1271 3449997
1271 1272 3450001
1271 1273 3450004
1273 1272 3450007
1271 1270 3450010
1271 1272 3450013
1270 1272 3450016
1272 1273 3450019
1271 1273 3450022
1272 1272 3450025
1271 1273 3450028
1271 1272 3450031
1272 1272 3450034
1272 1272 3450037
1270 1271 3450039
1272 1273 3450042
1270 1274 3450045
1272 1270 3450048
1272 1272 3450051
1270 1274 3450054
1273 1271 3450057
1271 1273 3450060
1271 1272 3450063
1270 1273 3450066
1271 1273 3450069
1271 1272 3450072
1271 1273 3450075
1271 1271 3450078
1273 1273 3450081
1273 1273 3450084
1270 1273 3450087
1272 1273 3450090
1271 1273 3450093
1271 1272 3450096
1271 1271 3450099
1272 1274 3450102
1270 1273 3450105
1271 1273 3450108
1271 1272 3450111
1272 1273 3450114
1271 1273 3450117
1271 1272 3450120
1271 1274 3450123
1271 1272 3450126
1271 1272 3450129
1270 1271 3450132
1273 1273 3450135
1271 1272 3450138
1271 1274 3450141
1270 1273 3450144
1272 1272 3450147
1271 1272 3450150
1272 1273 3450153
1271 1272 3450156
1271 1272 3450159
1271 1272 3450162
1270 1273 3450165
1271 1273 3450168
1271 1272 3450171
1271 1274 3450174
1270 1273 3450177
1272 1272 3450180
1271 1273 3450183
1271 1271 3450186
1272 1272 3450189
1271 1273 3450192
1271 1270 3450195
1271 1270 3450198
1272 1273 3450201
1270 1273 3450204
1271 1274 3450207
1270 1271 3450210
1271 1272 3450213
1270 1272 3450216
1272 1272 3450219
1271 1272 3450222
1271 1275 3450225
1270 1272 3450228
1270 1271 3450231
1272 1275 3450234
1271 1273 3450237
1272 1273 3450240
1269 1273 3450243
1271 1272 3450246
1271 1272 3450249
1272 1272 3450252
1271 1271 3450255
1271 1271 3450258
1270 1271 3450261
1270 1271 3450264
1271 1274 3450267
1270 1272 3450270
1271 1274 3450273
1269 1271 3450276
1271 1272 3450279
1271 1273 3450282
1271 1273 3450285
1270 1272 3450288
1271 1272 3450291
1270 1273 3450294
1270 1272 3450297
1272 1273 3450300
1271 1273 3450303
1271 1273 3450306
1269 1271 3450309
1271 1272 3450312
1271 1272 3450315
1272 1272 3450318
1271 1273 3450321
1270 1273 3450324
1271 1272 3450327
1270 1271 3450330
1272 1274 3450333
1271 1272 3450336
1271 1277 3450339
1269 1272 3450342
1271 1272 3450345
1271 1273 3450348
1272 1271 3450351
1271 1273 3450354
1271 1273 3450357
1271 1271 3450360
1271 1272 3450363
1272 1274 3450366
1270 1271 3450369
1272 1274 3450372
1270 1273 3450375
1271 1272 3450378
1272 1271 3450381
1272 1272 3450384
1271 1273 3450387
1272 1272 3450390
1271 1272 3450393
1270 1272 3450396
1271 1272 3450399
1270 1272 3450402
1272 1274 3450405
1271 1272 3450408
1272 1272 3450411
1271 1273 3450414
1271 1272 3450417
1271 1272 3450420
1271 1273 3450423
1271 1272 3450426
1270 1270 3450429
1272 1274 3450432
1270 1273 3450435
1272 1272 3450438
1270 1271 3450441
1271 1272 3450444
1270 1273 3450447
1272 1271 3450450
1271 1273 3450453
1271 1273 3450456
1271 1271 3450459
1271 1271 3450462
1272 1274 3450465
1272 1272 3450468
1272 1273 3450471
1270 1273 3450474
1272 1272 3450477
1271 1271 3450480
1271 1273 3450483
1271 1274 3450486
1271 1272 3450489
1271 1272 3450492
1271 1272 3450495
1269 1274 3450498
1270 1272 3450501
1271 1273 3450504
1270 1273 3450507
1271 1272 3450510
1272 1273 3450513
1271 1273 3450516
1271 1272 3450519
1272 1272 3450522
1270 1273 3450525
1270 1271 3450528
1272 1272 3450531
1270 1273 3450534
1271 1274 3450537
1270 1273 3450540
1271 1272 3450543
1271 1273 3450546
1271 1271 3450549
1271 1273 3450552
1271 1272 3450555
1270 1271 3450558
1270 1270 3450561
1272 1274 3450564
1270 1272 3450567
1271 1273 3450570
1270 1272 3450573
1272 1273 3450576
1272 1271 3450579
1272 1272 3450582
1271 1273 3450585
1271 1272 3450588
1270 1272 3450591
1270 1272 3450594
1271 1274 3450597
1270 1272 3450600
1272 1274 3450603
1269 1273 3450606
1272 1271 3450609
1271 1272 3450612
1271 1272 3450615
1270 1273 3450618
1271 1272 3450621
1271 1272 3450624
1270 1272 3450627
1272 1273 3450630
1270 1272 3450633
1272 1274 3450636
1269 1272 3450639
1272 1272 3450642
1271 1273 3450645
1271 1272 3450648
1271 1273 3450651
1272 1272 3450654
1271 1273 3450657
1270 1271 3450660
1272 1274 3450663
1271 1273 3450666
1271 1272 3450669
1270 1272 3450672
1272 1272 3450675
1271 1271 3450678
1271 1272 3450681
1271 1273 3450684
1271 1273 3450687
1271 1272 3450690
1270 1271 3450693
1272 1274 3450696
1271 1272 3450699
1271 1273 3450702
1269 1272 3450705
1271 1272 3450708
1271 1271 3450711
1272 1271 3450714
1271 1273 3450717
1271 1272 3450720
1270 1272 3450723
1270 1272 3450726
1272 1273 3450729
1271 1271 3450732
1271 1273 3450735
1270 1273 3450738
1271 1271 3450741
1271 1272 3450744
1271 1273 3450747
1271 1273 3450750
1271 1272 3450753
1271 1273 3450756
1270 1271 3450759
1272 1273 3450762
1271 1273 3450765
1271 1274 3450768
1269 1272 3450771
1271 1273 3450774
1272 1272 3450777
1271 1272 3450780
1271 1272 3450783
1271 1273 3450786
1270 1272 3450789
1271 1271 3450792
1272 1274 3450795
1271 1271 3450798
1270 1272 3450801
1269 1272 3450804
1271 1273 3450807
1271 1273 3450810
1272 1271 3450813
1271 1274 3450816
1271 1272 3450819
1270 1271 3450822
1270 1272 3450825
1272 1271 3450828
1271 1271 3450831
1272 1273 3450834
1269 1272 3450837
1272 1272 3450840
1271 1272 3450843
1272 1273 3450846
1270 1272 3450849
1271 1271 3450852
1270 1272 3450855
1270 1274 3450858
1270 1274 3450861
1270 1273 3450864
1271 1274 3450867
1270 1273 3450870
1272 1272 3450873
1272 1273 3450876
1271 1272 3450879
1271 1272 3450882
1270 1272 3450885
1270 1272 3450888
1270 1271 3450891
1272 1273 3450894
1270 1273 3450897
1271 1273 3450900
1270 1272 3450903
1272 1274 3450906
1271 1272 3450909
1271 1271 3450912
1271 1272 3450915
1271 1273 3450918
1271 1272 3450921
1270 1271 3450924
1272 1274 3450927
1271 1272 3450930
1272 1273 3450933
1270 1273 3450936
1271 1272 3450939
1271 1271 3450942
1271 1272 3450945
1270 1273 3450948
1271 1273 3450951
1271 1272 3450954
1270 1271 3450957
1272 1274 3450960
1270 1272 3450963
1271 1275 3450966
1270 1273 3450969
1272 1271 3450972
1271 1272 3450975
1271 1272 3450978
1271 1272 3450981
1271 1271 3450984
1271 1272 3450987
1270 1272 3450990
1272 1273 3450993
1271 1273 3450996
1271 1273 3451000
1270 1271 3451003
1272 1273 3451006
1270 1270 3451009
1271 1272 3451012
1271 1271 3451015
1271 1273 3451018
1270 1274 3451021
1272 1271 3451024
1270 1274 3451027
1272 1272 3451030
1272 1271 3451033
1271 1273 3451036
1269 1272 3451038
1275 1271 3451041
1271 1273 3451044
1272 1271 3451047
1271 1273 3451050
1270 1272 3451053
1273 1271 3451056
1271 1274 3451059
1271 1271 3451062
1271 1273 3451065
1271 1273 3451068
1270 1272 3451071
1273 1273 3451074
1270 1272 3451077
1272 1273 3451080
1272 1271 3451083
1270 1273 3451086
1271 1273 3451089
