1271 1273 2091831
1268 1274 2091834
1270 1272 2091837
1270 1271 2091840
1272 1272 2091843
1272 1271 2091846
1270 1273 2091849
1273 1274 2091852
1271 1272 2091855
1270 1273 2091858
1271 1272 2091861
1270 1273 2091864
1273 1273 2091867
1270 1273 2091870
1270 1272 2091873
1272 1272 2091876
1271 1272 2091879
1271 1274 2091882
1272 1272 2091885
1272 1273 2091888
1270 1273 2091891
1269 1272 2091894
1271 1273 2091897
1272 1274 2091900
1271 1273 2091903
1271 1270 2091906
1272 1272 2091909
1271 1273 2091912
1270 1272 2091915
1272 1273 2091918
1272 1274 2091921
1271 1272 2091924
1271 1272 2091927
1271 1272 2091930
1272 1274 2091933
1270 1272 2091936
1270 1271 2091939
1272 1273 2091942
1272 1272 2091945
1271 1272 2091948
1272 1273 2091951
1272 1273 2091954
1271 1273 2091957
1271 1273 2091960
1271 1274 2091963
1272 1274 2091966
1271 1272 2091969
1270 1274 2091972
1269 1272 2091975
1271 1271 2091978
1269 1273 2091981
1272 1273 2091984
1271 1273 2091987
1271 1272 2091990
1271 1273 2091993
1271 1273 2091996
1272 1273 2092000
1270 1273 2092003
1271 1273 2092006
1271 1271 2092009
1271 1272 2092012
1270 1272 2092015
1270 1272 2092018
1272 1273 2092021
1272 1274 2092024
1272 1272 2092027
1271 1272 2092029
1272 1274 2092032
1270 1272 2092035
1272 1273 2092038
1271 1274 2092041
1272 1272 2092044
1271 1271 2092047
1271 1273 2092050
1271 1274 2092053
1272 1272 2092056
1272 1271 2092059
1273 1273 2092062
1271 1272 2092065
1272 1272 2092068
1271 1272 2092071
1271 1273 2092074
1271 1273 2092077
1272 1272 2092080
1270 1271 2092083
1272 1272 2092086
1272 1272 2092089
1270 1273 2092092
1271 1273 2092095
1272 1272 2092098
1271 1273 2092101
1270 1272 2092104
1270 1272 2092107
1272 1273 2092110
1271 1272 2092113
1271 1272 2092116
1272 1272 2092119
1272 1273 2092122
1270 1273 2092125
1272 1272 2092128
1272 1274 2092131
1270 1273 2092134
1271 1272 2092137
1271 1272 2092140
1272 1274 2092143
1271 1272 2092146
1271 1271 2092149
1272 1273 2092152
1271 1272 2092155
1270 1272 2092158
1272 1273 2092161
1272 1274 2092164
1271 1273 2092167
1271 1272 2092170
1271 1273 2092173
1272 1274 2092176
1270 1272 2092179
1271 1271 2092182
1272 1272 2092185
1272 1271 2092188
1270 1273 2092191
1272 1274 2092194
1273 1272 2092197
1271 1272 2092200
1270 1272 2092203
1271 1273 2092206
1272 1272 2092209
1271 1272 2092212
1271 1272 2092215
1271 1271 2092218
1271 1272 2092221
1270 1273 2092224
1269 1275 2092227
1271 1273 2092230
1270 1273 2092233
1271 1273 2092236
1270 1272 2092239
1272 1274 2092242
1270 1273 2092245
1270 1271 2092248
1272 1272 2092251
1272 1273 2092254
1272 1273 2092257
1273 1273 2092260
1272 1273 2092263
1272 1273 2092266
1271 1273 2092269
1271 1273 2092272
1271 1274 2092275
1271 1271 2092278
1271 1271 2092281
1272 1273 2092284
1271 1271 2092287
1271 1272 2092290
1272 1273 2092293
1271 1274 2092296
1271 1272 2092299
1271 1272 2092302
1271 1273 2092305
1272 1274 2092308
1271 1273 2092311
1271 1272 2092314
1272 1272 2092317
1272 1272 2092320
1271 1273 2092323
1272 1274 2092326
1272 1274 2092329
1271 1273 2092332
1271 1273 2092335
1271 1272 2092338
1271 1273 2092341
1270 1272 2092344
1271 1271 2092347
1272 1272 2092350
1272 1272 2092353
1270 1274 2092356
1272 1273 2092359
1273 1273 2092362
1271 1273 2092365
1271 1272 2092368
1271 1272 2092371
1272 1274 2092374
1270 1272 2092377
1270 1271 2092380
1272 1272 2092383
1271 1272 2092386
1270 1273 2092389
1272 1273 2092392
1272 1274 2092395
1270 1272 2092398
1271 1272 2092401
1271 1273 2092404
1272 1272 2092407
1271 1271 2092410
1271 1271 2092413
1272 1273 2092416
1272 1273 2092419
1270 1272 2092422
1273 1274 2092425
1272 1272 2092428
1271 1272 2092431
1271 1272 2092434
1270 1273 2092437
1271 1274 2092440
1270 1272 2092443
1271 1272 2092446
1272 1273 2092449
1271 1271 2092452
1270 1274 2092455
1272 1273 2092458
1272 1273 2092461
1271 1273 2092464
1270 1273 2092467
1272 1273 2092470
1272 1273 2092473
1270 1273 2092476
1271 1272 2092479
1272 1271 2092482
1271 1273 2092485
1270 1274 2092488
1272 1272 2092491
1272 1273 2092494
1271 1273 2092497
1271 1277 2092500
1271 1271 2092503
1272 1273 2092506
1270 1272 2092509
1270 1271 2092512
1272 1272 2092515
1272 1272 2092518
1270 1272 2092521
1272 1273 2092524
1272 1273 2092527
1273 1272 2092530
1272 1272 2092533
1272 1273 2092536
1272 1274 2092539
1271 1272 2092542
1271 1271 2092545
1272 1273 2092548
1272 1271 2092551
1270 1273 2092554
1272 1273 2092557
1272 1274 2092560
1271 1273 2092563
1271 1273 2092566
1271 1273 2092569
1272 1273 2092572
1271 1273 2092575
1271 1272 2092578
1271 1271 2092581
1271 1272 2092584
1270 1274 2092587
1267 1273 2092590
1270 1274 2092593
1270 1273 2092596
1271 1273 2092599
1271 1272 2092602
1272 1273 2092605
1270 1272 2092608
1270 1270 2092611
1272 1272 2092614
1272 1273 2092617
1271 1273 2092620
1272 1272 2092623
1272 1273 2092626
1272 1273 2092629
1271 1272 2092632
1271 1272 2092635
1272 1274 2092638
1270 1271 2092641
1271 1271 2092644
1272 1273 2092647
1271 1272 2092650
1270 1272 2092653
1272 1273 2092656
1272 1274 2092659
1271 1273 2092662
1271 1272 2092665
1270 1273 2092668
1272 1273 2092671
1271 1272 2092674
1270 1271 2092677
1271 1272 2092680
1271 1272 2092683
1270 1273 2092686
1273 1274 2092689
1271 1274 2092692
1271 1272 2092695
1271 1273 2092698
1271 1272 2092701
1272 1273 2092704
1270 1273 2092707
1271 1271 2092710
1272 1272 2092713
1271 1272 2092716
1270 1273 2092719
1272 1273 2092722
1272 1273 2092725
1270 1274 2092728
1271 1272 2092731
1271 1272 2092734
1271 1274 2092737
1270 1272 2092740
1270 1271 2092743
1273 1271 2092746
1272 1272 2092749
1270 1273 2092752
1272 1272 2092755
1272 1274 2092758
1271 1272 2092761
1271 1271 2092764
1271 1273 2092767
1273 1275 2092770
1270 1272 2092773
1270 1272 2092776
1271 1273 2092779
1272 1273 2092782
1270 1273 2092785
1273 1274 2092788
1272 1272 2092791
1271 1272 2092794
1271 1273 2092797
1270 1272 2092800
1272 1273 2092803
1270 1272 2092806
1270 1272 2092809
1271 1272 2092812
1272 1271 2092815
1270 1274 2092818
1272 1273 2092821
1272 1272 2092824
1271 1273 2092827
1271 1271 2092830
1270 1272 2092833
1271 1273 2092836
1270 1272 2092839
1271 1271 2092842
1272 1272 2092845
1271 1273 2092848
1270 1272 2092851
1272 1272 2092854
1272 1273 2092857
1270 1275 2092860
1270 1273 2092863
1270 1273 2092866
1272 1274 2092869
1271 1273 2092872
1271 1271 2092875
1272 1273 2092878
1272 1273 2092881
1271 1272 2092884
1272 1273 2092887
1272 1274 2092890
1270 1273 2092893
1271 1272 2092896
1271 1273 2092899
1272 1274 2092902
1271 1271 2092905
1271 1272 2092908
1272 1272 2092911
1271 1271 2092914
1270 1273 2092917
1271 1273 2092920
1271 1273 2092923
1271 1272 2092926
1271 1272 2092929
1271 1273 2092932
1272 1274 2092935
1271 1273 2092938
1270 1271 2092941
1271 1271 2092944
1271 1272 2092947
1270 1273 2092950
1272 1273 2092953
1272 1273 2092956
1271 1273 2092959
1271 1273 2092962
1271 1273 2092965
1272 1274 2092968
1270 1273 2092971
1270 1271 2092974
1272 1272 2092977
1272 1272 2092980
1272 1272 2092983
1273 1273 2092986
1275 1273 2092989
1270 1273 2092992
1271 1272 2092995
1271 1273 2092999
1272 1273 2093002
1271 1271 2093005
1272 1272 2093008
1271 1273 2093011
1273 1271 2093014
1272 1270 2093017
1273 1273 2093020
1271 1272 2093023
1271 1271 2093026
1272 1274 2093029
1270 1273 2093031
1271 1273 2093034
1272 1272 2093037
1271 1273 2093040
1271 1271 2093043
1271 1273 2093046
1271 1271 2093049
1271 1271 2093052
1272 1271 2093055
1271 1273 2093058
1271 1273 2093061
1273 1272 2093064
1271 1272 2093067
1271 1272 2093070
1272 1272 2093073
1270 1272 2093076
1272 1273 2093079
1271 1274 2093082
1270 1273 2093085
1271 1273 2093088
1270 1273 2093091
1271 1273 2093094
1270 1272 2093097
1271 1271 2093100
1273 1273 2093103
1273 1273 2093106
1271 1274 2093109
1272 1274 2093112
1272 1274 2093115
1271 1273 2093118
1271 1273 2093121
1271 1272 2093124
1272 1273 2093127
1270 1272 2093130
1270 1271 2093133
1272 1272 2093136
1272 1273 2093139
1270 1273 2093142
1271 1273 2093145
1272 1273 2093148
1271 1273 2093151
1271 1271 2093154
1271 1273 2093157
1272 1275 2093160
1271 1271 2093163
1271 1270 2093166
1271 1272 2093169
1272 1273 2093172
1270 1273 2093175
1273 1273 2093178
1271 1273 2093181
1271 1273 2093184
1271 1272 2093187
1271 1274 2093190
1272 1273 2093193
1271 1271 2093196
1271 1271 2093199
1272 1273 2093202
1272 1272 2093205
1270 1271 2093208
1273 1274 2093211
1272 1272 2093214
1271 1272 2093217
1271 1273 2093220
1271 1272 2093223
1273 1273 2093226
1270 1272 2093229
1270 1272 2093232
1272 1272 2093235
1271 1272 2093238
1270 1274 2093241
1272 1273 2093244
1272 1272 2093247
1270 1273 2093250
1270 1272 2093253
1270 1272 2093256
1271 1273 2093259
1270 1273 2093262
1270 1271 2093265
1272 1272 2093268
1272 1273 2093271
1270 1272 2093274
1272 1272 2093277
1272 1273 2093280
1270 1272 2097688
1271 1273 2097691
1271 1271 2097694
1272 1274 2097697
1271 1272 2097700
1272 1272 2097703
1272 1270 2097705
1273 1272 2097708
1271 1271 2097711
1270 1272 2097714
1271 1274 2097717
1271 1272 2097720
1273 1271 2097723
1271 1272 2097726
1271 1273 2097729
1270 1274 2097732
1271 1273 2097735
1272 1273 2097738
1270 1272 2097741
1273 1273 2097744
1271 1272 2097747
1270 1271 2097750
1272 1272 2097753
1272 1271 2097756
1270 1273 2097759
1272 1273 2097762
1272 1272 2097765
1270 1274 2097768
1270 1272 2097771
1271 1271 2097774
1272 1274 2097777
1270 1271 2097780
1271 1271 2097783
1272 1272 2097786
1272 1273 2097789
1270 1273 2097792
1273 1273 2097795
1272 1274 2097798
1271 1272 2097801
1271 1271 2097804
1271 1272 2097807
1271 1274 2097810
1269 1272 2097813
1270 1271 2097816
1272 1273 2097819
1272 1272 2097822
1271 1273 2097825
1273 1274 2097828
1271 1273 2097831
1270 1272 2097834
1271 1273 2097837
1271 1273 2097840
1271 1274 2097843
1270 1272 2097846
1270 1272 2097849
1272 1272 2097852
1272 1271 2097855
1270 1272 2097858
1272 1273 2097861
1272 1272 2097864
1271 1273 2097867
1270 1273 2097870
1271 1273 2097873
1272 1273 2097876
1270 1273 2097879
1270 1272 2097882
1272 1272 2097885
1271 1273 2097888
1269 1273 2097891
1272 1272 2097894
1272 1273 2097897
1270 1273 2097900
1270 1273 2097903
1271 1272 2097906
1272 1274 2097909
1270 1273 2097912
1270 1271 2097915
1272 1273 2097918
1272 1272 2097921
1270 1272 2097924
1272 1273 2097927
1271 1273 2097930
1271 1273 2097933
1271 1272 2097936
1271 1273 2097939
1271 1273 2097942
1270 1271 2097945
1270 1272 2097948
1272 1272 2097951
1272 1271 2097954
1270 1273 2097957
1271 1273 2097960
1272 1272 2097963
1272 1272 2097966
1271 1273 2097969
1271 1273 2097972
1272 1273 2097975
1270 1272 2097978
1271 1271 2097981
1272 1271 2097984
1271 1272 2097987
1270 1273 2097990
1271 1273 2097993
1271 1273 2097996
1270 1272 2098000
1271 1273 2098003
1271 1272 2098006
1271 1272 2098009
1272 1272 2098012
1270 1271 2098015
1270 1273 2098018
1271 1272 2098021
1274 1271 2098024
1272 1271 2098027
1271 1272 2098029
1271 1274 2098032
1270 1272 2098035
1271 1274 2098038
1272 1274 2098041
1273 1270 2098044
1271 1272 2098047
1271 1273 2098050
1268 1274 2098053
1270 1271 2098056
1271 1271 2098059
1272 1272 2098062
1270 1272 2098065
1272 1273 2098068
1271 1273 2098071
1271 1272 2098074
1271 1273 2098077
1270 1273 2098080
1270 1272 2098083
1272 1271 2098086
1271 1272 2098089
1270 1274 2098092
1272 1273 2098095
1272 1273 2098098
1270 1274 2098101
1271 1272 2098104
1271 1273 2098107
1272 1274 2098110
1270 1272 2098113
1270 1271 2098116
1272 1273 2098119
1271 1273 2098122
1270 1273 2098125
1272 1273 2098128
1271 1274 2098131
1270 1272 2098134
1271 1271 2098137
1271 1273 2098140
1272 1273 2098143
1270 1271 2098146
1271 1271 2098149
1272 1272 2098152
1272 1273 2098155
1270 1273 2098158
1272 1274 2098161
1272 1273 2098164
1271 1273 2098167
1271 1272 2098170
1271 1274 2098173
1271 1274 2098176
1269 1272 2098179
1270 1272 2098182
1272 1272 2098185
1272 1272 2098188
1270 1274 2098191
1272 1272 2098194
1271 1273 2098197
1270 1273 2098200
1271 1272 2098203
1271 1272 2098206
1272 1274 2098209
1270 1272 2098212
1270 1271 2098215
1272 1272 2098218
1271 1272 2098221
1270 1273 2098224
1272 1272 2098227
1272 1273 2098230
1271 1271 2098233
1271 1271 2098236
1271 1271 2098239
1272 1274 2098242
1270 1272 2098245
1270 1271 2098248
1272 1272 2098251
1271 1271 2098254
1271 1272 2098257
1273 1272 2098260
1272 1275 2098263
1269 1273 2098266
1270 1272 2098269
1271 1274 2098272
1272 1274 2098275
1270 1272 2098278
1271 1272 2098281
1272 1272 2098284
1271 1271 2098287
1269 1273 2098290
1272 1273 2098293
1272 1273 2098296
1271 1272 2098299
1271 1273 2098302
1271 1273 2098305
1272 1273 2098308
1271 1273 2098311
1270 1271 2098314
1272 1271 2098317
1271 1272 2098320
1270 1273 2098323
1272 1273 2098326
1272 1273 2098329
1271 1273 2098332
1271 1273 2098335
1272 1272 2098338
1272 1274 2098341
1270 1273 2098344
1271 1270 2098347
1272 1272 2098350
1271 1272 2098353
1270 1272 2098356
1273 1272 2098359
1271 1273 2098362
1270 1273 2098365
1271 1271 2098368
1271 1273 2098371
1272 1274 2098374
1270 1271 2098377
1271 1271 2098380
1271 1272 2098383
1271 1272 2098386
1270 1273 2098389
1271 1273 2098392
1271 1274 2098395
1271 1272 2098398
1271 1272 2098401
1272 1273 2098404
1272 1272 2098407
1270 1272 2098410
1270 1271 2098413
1273 1271 2098416
1272 1272 2098419
1270 1272 2098422
1272 1273 2098425
1272 1273 2098428
1271 1273 2098431
1271 1273 2098434
1270 1272 2098437
1272 1273 2098440
1270 1272 2098443
1270 1270 2098446
1271 1271 2098449
1271 1272 2098452
1270 1273 2098455
1272 1272 2098458
1272 1273 2098461
1270 1273 2098464
1271 1271 2098467
1270 1272 2098470
1271 1274 2098473
1272 1272 2098476
1272 1271 2098479
1273 1272 2098482
1271 1273 2098485
1270 1272 2098488
1272 1273 2098491
1272 1274 2098494
1271 1271 2098497
1271 1271 2098500
1271 1273 2098503
1272 1273 2098506
1271 1271 2098509
1271 1271 2098512
1271 1272 2098515
1272 1272 2098518
1270 1273 2098521
1271 1274 2098524
1272 1272 2098527
1271 1272 2098530
1270 1272 2098533
1270 1272 2098536
1271 1273 2098539
1271 1272 2098542
1270 1272 2098545
1272 1272 2098548
1272 1272 2098551
1270 1274 2098554
1272 1272 2098557
1272 1272 2098560
1270 1273 2098563
1271 1272 2098566
1271 1272 2098569
1272 1274 2098572
1270 1272 2098575
1270 1271 2098578
1271 1271 2098581
1272 1272 2098584
1270 1272 2098587
1272 1273 2098590
1272 1273 2098593
1270 1272 2098596
1270 1271 2098599
1269 1272 2098602
1271 1275 2098605
1270 1272 2098608
1270 1271 2098611
1272 1273 2098614
1271 1272 2098617
1270 1272 2098620
1272 1273 2098623
1271 1273 2098626
1271 1272 2098629
1271 1273 2098632
1271 1273 2098635
1272 1274 2098638
1271 1272 2098641
1270 1272 2098644
1272 1272 2098647
1272 1271 2098650
1270 1273 2098653
1271 1272 2098656
1271 1272 2098659
1271 1271 2098662
1271 1272 2098665
1271 1273 2098668
1271 1273 2098671
1270 1273 2098674
1270 1270 2098677
1273 1272 2098680
1271 1272 2098683
1269 1272 2098686
1272 1272 2098689
1272 1273 2098692
1271 1273 2098695
1271 1272 2098698
1271 1273 2098701
1272 1274 2098704
1270 1272 2098707
1270 1271 2098710
1272 1272 2098713
1271 1273 2098716
1268 1273 2098719
1271 1273 2098722
1271 1273 2098725
1271 1273 2098728
1271 1272 2098731
1271 1273 2098734
1271 1273 2098737
1270 1271 2098740
1271 1272 2098743
1271 1272 2098746
1271 1272 2098749
1270 1273 2098752
1272 1274 2098755
1271 1274 2098758
1271 1272 2098761
1271 1273 2098764
1271 1273 2098767
1272 1273 2098770
1270 1273 2098773
1270 1271 2098776
1271 1272 2098779
1271 1271 2098782
1269 1273 2098785
1272 1273 2098788
1272 1273 2098791
1271 1273 2098794
1270 1271 2098797
1271 1272 2098800
1271 1275 2098803
1270 1272 2098806
1271 1270 2098809
1272 1271 2098812
1272 1272 2098815
1270 1273 2098818
1273 1273 2098821
1272 1274 2098824
1271 1273 2098827
1271 1271 2098830
1271 1273 2098833
1271 1274 2098836
1271 1272 2098839
1271 1271 2098842
1271 1272 2098845
1271 1272 2098848
1269 1272 2098851
1272 1273 2098854
1272 1274 2098857
1271 1272 2098860
1270 1272 2098863
1270 1273 2098866
1272 1273 2098869
1270 1272 2098872
1270 1271 2098875
1272 1272 2098878
1271 1272 2098881
1270 1274 2098884
1272 1273 2098887
1272 1272 2098890
1271 1272 2098893
1271 1272 2098896
1273 1272 2098899
1273 1274 2098902
1270 1273 2098905
1270 1272 2098908
1271 1271 2098911
1272 1272 2098914
1271 1274 2098917
1272 1272 2098920
1272 1273 2098923
1271 1273 2098926
1271 1271 2098929
1271 1272 2098932
1271 1273 2098935
1270 1272 2098938
1270 1270 2098941
1272 1272 2098944
1272 1272 2098947
1270 1272 2098950
1272 1272 2098953
1272 1273 2098956
1268 1274 2098959
1271 1272 2098962
1270 1273 2098965
1271 1274 2098968
1270 1272 2098971
1270 1272 2098974
1272 1273 2098977
1271 1271 2098980
1270 1273 2098983
1272 1273 2098986
1271 1273 2098989
1271 1272 2098992
1271 1272 2098995
1271 1273 2098999
1271 1272 2099002
1270 1272 2099005
1272 1273 2099008
1271 1272 2099011
1271 1272 2099014
1271 1271 2099017
1273 1272 2099020
1270 1271 2099023
1271 1272 2099026
1272 1274 2099029
1270 1273 2099031
1272 1275 2099034
1271 1272 2099037
1271 1271 2099040
1271 1272 2099043
1270 1274 2099046
1270 1271 2099049
1271 1271 2099052
1272 1272 2099055
1271 1272 2099058
1270 1272 2099061
1272 1272 2099064
1271 1272 2099067
1271 1271 2099070
1271 1272 2099073
1270 1273 2099076
1272 1273 2099079
1272 1273 2099082
1271 1273 2099085
1271 1273 2099088
1271 1273 2099091
1272 1273 2099094
1270 1273 2099097
1270 1270 2099100
1272 1272 2099103
1271 1272 2099106
1270 1273 2099109
1272 1272 2099112
1272 1273 2099115
1271 1273 2099118
1271 1272 2099121
1270 1272 2099124
1272 1274 2099127
1270 1272 2099130
1270 1271 2099133
1271 1272 2099136
1271 1272 2099139
1270 1272 2099142
1272 1272 2099145
1272 1273 2099148
1271 1273 2099151
1271 1272 2099154
1270 1273 2099157
1271 1273 2099160
1271 1272 2099163
1270 1271 2099166
1271 1271 2099169
1272 1271 2099172
1270 1272 2099175
1272 1274 2099178
1271 1273 2099181
1270 1272 2099184
1271 1273 2099187
1270 1272 2099190
1272 1273 2099193
1270 1273 2099196
1270 1272 2099199
1272 1272 2099202
1272 1272 2099205
1271 1274 2099208
1272 1273 2099211
1271 1273 2099214
1271 1273 2099217
1271 1272 2099220
1270 1272 2099223
1271 1274 2099226
1270 1270 2099229
1271 1269 2099232
1272 1271 2099235
1271 1272 2099238
1270 1273 2099241
1272 1272 2099244
1272 1274 2099247
1270 1272 2099250
1271 1277 2099253
1270 1272 2099256
1271 1274 2099259
1268 1271 2099262
1270 1270 2099265
1271 1272 2099268
1271 1272 2099271
1269 1273 2099274
1272 1274 2099277
1272 1273 2099280
1271 1272 2099283
1271 1272 2099286
1270 1273 2099289
1272 1273 2099292
1270 1272 2099295
1270 1272 2099298
1271 1272 2099301
1272 1272 2099304
1270 1273 2099307
1272 1273 2099310
1272 1272 2099313
1271 1273 2099316
1270 1272 2099319
1271 1272 2099322
1273 1273 2099325
1270 1273 2099328
1270 1275 2099331
1269 1271 2099334
1271 1273 2099337
1270 1273 2099340
1272 1272 2099343
1271 1273 2099346
1270 1273 2099349
1271 1272 2099352
1270 1272 2099355
1272 1274 2099358
1270 1272 2099361
1271 1271 2099364
1272 1273 2099367
1272 1272 2099370
1270 1272 2099373
1272 1273 2099376
1271 1273 2099379
1269 1272 2099382
1271 1272 2099385
1270 1273 2099388
1271 1274 2099391
1270 1271 2099394
1270 1271 2099397
1272 1272 2099400
1272 1271 2099403
1270 1272 2099406
1271 1273 2099409
1271 1273 2099412
1271 1273 2099415
1271 1273 2099418
1271 1273 2099421
1272 1273 2099424
1271 1273 2099427
1271 1271 2099430
1272 1271 2099433
1272 1272 2099436
1270 1273 2099439
1272 1273 2099442
1272 1272 2099445
1271 1273 2099448
1270 1273 2099451
1269 1273 2099454
1272 1274 2099457
1270 1273 2099460
1271 1270 2099463
1271 1272 2099466
1271 1273 2099469
1265 1274 2099472
1271 1272 2099475
1271 1273 2099478
1270 1273 2099481
1270 1271 2099484
1271 1273 2099487
1272 1274 2099490
1270 1271 2099493
1270 1271 2099496
1271 1273 2099499
1271 1272 2099502
1271 1272 2099505
1272 1273 2099508
1272 1274 2099511
1271 1272 2099514
1271 1272 2099517
1271 1274 2099520
1272 1273 2099523
1271 1272 2099526
1270 1272 2099529
1272 1272 2099532
1273 1272 2099535
1271 1273 2099538
1272 1273 2099541
1272 1273 2099544
1270 1274 2099547
1271 1273 2099550
1271 1272 2099553
1272 1273 2099556
1271 1272 2099559
1270 1272 2099562
1272 1272 2099565
1272 1272 2099568
1270 1273 2099571
1272 1272 2099574
1272 1274 2099577
1270 1273 2099580
1271 1272 2099583
1271 1272 2099586
1271 1274 2099589
1270 1272 2099592
1270 1271 2099595
1272 1271 2099598
1271 1272 2099601
1270 1273 2099604
1272 1273 2099607
1272 1274 2099610
1271 1272 2099613
1271 1272 2099616
1271 1273 2099619
1271 1273 2099622
1270 1272 2099625
1271 1271 2099628
1272 1273 2099631
1272 1272 2099634
1270 1272 2099637
1272 1273 2099640
1272 1272 2099643
1271 1272 2099646
1271 1272 2099649
1270 1272 2099652
1272 1273 2099655
1270 1272 2099658
1270 1272 2099661
1272 1272 2099664
1271 1272 2099667
1271 1274 2099670
1272 1272 2099673
1272 1272 2099676
1271 1273 2099679
1271 1271 2099682
1270 1272 2099685
1272 1273 2099688
1270 1273 2099691
1271 1271 2099694
1272 1271 2099697
1272 1273 2099700
1270 1273 2099703
1272 1272 2099706
1272 1274 2099709
1270 1273 2099712
1271 1272 2099715
1271 1272 2099718
1272 1274 2099721
1270 1272 2099724
1271 1271 2099727
1272 1273 2099730
1272 1272 2099733
1270 1272 2099736
1272 1273 2099739
1271 1273 2099742
1270 1273 2099745
1271 1272 2099748
1271 1273 2099751
1272 1274 2099754
1271 1272 2099757
1270 1272 2099760
1271 1272 2099763
1272 1272 2099766
1270 1273 2099769
1272 1273 2099772
1271 1273 2099775
1271 1272 2099778
1271 1273 2099781
1271 1274 2099784
1272 1273 2099787
1271 1273 2099790
1270 1271 2099793
1272 1271 2099796
1272 1272 2099799
1270 1273 2099802
1272 1273 2099805
1272 1273 2099808
1271 1273 2099811
1272 1273 2099814
1272 1272 2099817
1272 1274 2099820
1271 1273 2099823
1271 1270 2099826
1272 1273 2099829
1271 1272 2099832
1269 1273 2099835
1272 1274 2099838
1271 1273 2099841
1271 1273 2099844
1271 1272 2099847
1271 1273 2099850
1272 1274 2099853
1270 1271 2099856
1271 1271 2099859
1272 1272 2099862
1269 1273 2099865
1269 1273 2099868
1272 1274 2099871
1272 1274 2099874
1271 1272 2099877
1271 1273 2099880
1271 1273 2099883
1272 1272 2099886
1270 1272 2099889
1270 1272 2099892
1273 1273 2099895
1273 1273 2099898
1271 1273 2099901
1272 1274 2099904
1272 1273 2099907
1272 1273 2099910
1271 1273 2099913
1271 1272 2099916
1272 1273 2099919
1269 1273 2099922
1271 1271 2099925
1272 1272 2099928
1272 1272 2099931
1270 1273 2099934
1272 1274 2099937
1272 1273 2099940
1270 1273 2099943
1271 1272 2099946
1270 1273 2099949
1271 1274 2099952
1269 1273 2099955
1271 1270 2099958
1272 1272 2099961
1272 1272 2099964
1270 1273 2099967
1272 1273 2099970
1272 1274 2099973
1271 1271 2099976
1270 1272 2099979
1271 1272 2099982
1272 1274 2099985
1270 1272 2099988
1271 1272 2099991
1272 1273 2099994
1271 1272 2099997
1271 1272 2100001
1272 1272 2100004
1272 1272 2100007
1271 1273 2100010
1271 1273 2100013
1273 1271 2100016
1271 1272 2100019
1271 1271 2100022
1271 1273 2100025
1271 1273 2100027
1271 1273 2100030
1271 1273 2100033
1271 1271 2100036
1271 1271 2100039
1271 1273 2100042
1270 1272 2100045
1272 1273 2100048
1272 1271 2100051
1272 1273 2100054
1273 1272 2100057
1272 1272 2100060
1271 1273 2100063
1271 1273 2100066
1272 1272 2100069
1270 1273 2100072
1271 1272 2100075
1270 1272 2100078
1272 1274 2100081
1271 1273 2100084
1271 1271 2100087
1272 1272 2100090
1271 1273 2100093
1270 1272 2100096
1272 1272 2100099
1272 1274 2100102
1270 1272 2100105
1272 1271 2100108
1270 1273 2100111
1271 1274 2100114
1270 1273 2100117
1270 1271 2100120
1272 1273 2100123
1272 1273 2100126
1270 1272 2100129
1272 1273 2100132
1272 1272 2100135
1271 1272 2100138
1270 1272 2100141
1270 1274 2100144
1271 1274 2100147
1270 1272 2100150
1270 1271 2100153
1272 1271 2100156
1271 1272 2100159
1270 1273 2100162
1272 1274 2100165
1273 1273 2100168
1271 1273 2100171
1271 1273 2100174
1271 1273 2100177
1272 1273 2100180
1270 1273 2100183
1270 1271 2100186
1272 1271 2100189
1271 1273 2100192
1270 1275 2100195
1272 1273 2100198
1272 1273 2100201
1271 1274 2100204
1271 1273 2100207
1271 1273 2100210
1272 1275 2100213
1270 1273 2100216
1270 1270 2100219
1272 1272 2100222
1271 1271 2100225
1271 1272 2100228
1272 1272 2100231
1272 1274 2100234
1270 1273 2100237
1271 1272 2100240
1271 1273 2100243
1272 1273 2100246
1271 1271 2100249
1271 1271 2100252
1271 1271 2100255
1270 1272 2100258
1270 1272 2100261
1272 1273 2100264
1272 1273 2100267
1270 1272 2100270
1271 1274 2100273
1270 1272 2100276
1271 1273 2100279
1270 1273 2100282
1270 1272 2100285
1272 1272 2100288
1272 1272 2100291
1270 1274 2100294
1272 1273 2100297
1272 1273 2100300
1271 1274 2100303
1271 1272 2100306
1271 1272 2100309
1272 1274 2100312
1270 1273 2100315
1269 1271 2100318
1272 1272 2100321
1271 1272 2100324
1270 1273 2100327
1272 1272 2100330
1272 1274 2100333
1271 1273 2100336
1271 1271 2100339
1271 1272 2100342
1272 1273 2100345
1270 1272 2100348
1271 1270 2100351
1272 1272 2100354
1272 1272 2100357
1270 1273 2100360
1272 1274 2100363
1272 1274 2100366
1271 1272 2100369
1271 1272 2100372
1271 1273 2100375
1270 1274 2100378
1270 1271 2100381
1271 1271 2100384
1271 1272 2100387
1271 1272 2100390
1270 1273 2100393
1272 1274 2100396
1272 1272 2100399
1271 1272 2100402
1270 1272 2100405
1272 1272 2100408
1272 1273 2100411
1271 1272 2100414
1270 1272 2100417
1272 1272 2100420
1271 1272 2100423
1270 1273 2100426
1272 1272 2100429
1271 1273 2100432
1270 1272 2100435
1272 1272 2100438
1272 1273 2100441
1272 1274 2100444
1270 1273 2100447
1271 1270 2100450
1272 1272 2100453
1272 1273 2100456
1270 1272 2100459
1272 1273 2100462
1271 1274 2100465
1271 1272 2100468
1271 1271 2100471
1271 1272 2100474
1272 1274 2100477
1270 1271 2100480
1271 1271 2100483
1272 1273 2100486
1271 1271 2100489
1270 1272 2100492
1272 1273 2100495
1272 1273 2100498
1271 1272 2100501
1271 1272 2100504
1270 1273 2100507
1270 1275 2100510
1270 1273 2100513
1270 1272 2100516
1272 1272 2100519
1272 1271 2100522
1271 1273 2100525
1272 1273 2100528
1272 1273 2100531
1270 1273 2100534
1271 1272 2100537
1271 1273 2100540
1272 1274 2100543
1270 1273 2100546
1270 1271 2100549
1272 1271 2100552
1271 1272 2100555
1270 1272 2100558
1272 1272 2100561
1271 1273 2100564
1270 1273 2100567
1270 1272 2100570
1271 1272 2100573
1271 1275 2100576
1270 1271 2100579
1270 1271 2100582
1271 1273 2100585
1270 1274 2100588
1269 1273 2100591
1272 1273 2100594
1272 1274 2100597
1271 1273 2100600
1271 1271 2100603
1271 1274 2100606
1272 1273 2100609
1271 1271 2100612
1270 1271 2100615
1272 1274 2100618
1270 1273 2100621
1270 1272 2100624
1272 1273 2100627
1272 1274 2100630
1271 1272 2100633
1271 1273 2100636
1270 1273 2100639
1272 1273 2100642
1270 1272 2100645
1270 1271 2100648
1271 1272 2100651
1271 1272 2100654
1270 1273 2100657
1272 1273 2100660
1272 1273 2100663
1271 1274 2100666
1271 1272 2100669
1271 1271 2100672
1272 1274 2100675
1270 1272 2100678
1270 1270 2100681
1272 1272 2100684
1271 1273 2100687
1270 1273 2100690
1272 1273 2100693
1272 1274 2100696
1270 1273 2100699
1271 1271 2100702
1270 1273 2100705
1272 1274 2100708
1269 1271 2100711
1271 1271 2100714
1272 1273 2100717
1272 1272 2100720
1270 1272 2100723
1272 1274 2100726
1272 1273 2100729
1271 1272 2100732
1271 1272 2100735
1270 1273 2100738
1272 1273 2100741
1271 1271 2100744
1268 1272 2100747
1272 1273 2100750
1271 1271 2100753
1271 1273 2100756
1272 1273 2100759
1272 1272 2100762
1270 1272 2100765
1271 1273 2100768
1270 1272 2100771
1272 1273 2100774
1270 1272 2100777
1270 1272 2100780
1272 1272 2100783
1272 1273 2100786
1271 1273 2100789
1272 1271 2100792
1272 1273 2100795
1271 1273 2100798
1269 1271 2100801
1269 1272 2100804
1271 1273 2100807
1270 1273 2100810
1271 1270 2100813
1272 1272 2100816
1272 1273 2100819
1269 1272 2100822
1272 1273 2100825
1271 1273 2100828
1272 1273 2100831
1272 1272 2100834
1271 1273 2100837
1272 1274 2100840
1270 1271 2100843
1271 1272 2100846
1272 1272 2100849
1272 1272 2100852
1270 1272 2100855
1271 1273 2100858
1272 1272 2100861
1270 1272 2100864
1271 1272 2100867
1271 1273 2100870
1272 1273 2100873
1270 1272 2100876
1270 1272 2100879
1272 1271 2100882
1272 1272 2100885
1270 1274 2100888
1274 1271 2100891
1272 1272 2100894
1271 1273 2100897
1271 1272 2100900
1271 1272 2100903
1271 1274 2100906
1270 1273 2100909
1271 1270 2100912
1272 1272 2100915
1271 1272 2100918
1269 1273 2100921
1272 1272 2100924
1273 1273 2100927
1271 1273 2100930
1270 1272 2100933
1270 1273 2100936
1272 1274 2100939
1270 1272 2100942
1271 1270 2100945
1272 1272 2100948
1271 1272 2100951
1270 1272 2100954
1273 1273 2100957
1272 1274 2100960
1271 1272 2100963
1271 1272 2100966
1269 1273 2100969
1272 1273 2100972
1270 1272 2100975
1270 1272 2100978
1272 1271 2100981
1271 1271 2100984
1271 1273 2100987
1272 1273 2100990
1272 1273 2100993
1271 1272 2100996
1270 1272 2101000
1270 1273 2101003
1271 1273 2101006
1270 1271 2101009
1272 1272 2101012
1270 1271 2101015
1271 1273 2101018
1271 1273 2101021
1272 1271 2101024
1272 1271 2101027
1271 1272 2101029
1271 1272 2101032
1270 1272 2101035
1271 1274 2101038
1271 1272 2101041
1273 1271 2101044
1271 1272 2101047
1270 1273 2101050
1271 1273 2101053
1271 1272 2101056
1271 1272 2101059
1272 1271 2101062
1271 1272 2101065
1271 1273 2101068
1270 1273 2101071
1270 1273 2101074
1272 1274 2101077
1270 1273 2101080
1271 1271 2101083
1272 1272 2101086
1272 1273 2101089
1270 1273 2101092
1272 1272 2101095
1272 1273 2101098
1270 1274 2101101
1271 1272 2101104
1271 1272 2101107
1272 1274 2101110
1271 1272 2101113
1271 1270 2101116
1271 1273 2101119
1272 1272 2101122
1270 1272 2101125
1272 1273 2101128
1271 1275 2101131
1270 1273 2101134
1271 1272 2101137
1271 1273 2101140
1271 1273 2101143
1271 1272 2101146
1270 1272 2101149
1272 1272 2101152
1272 1271 2101155
1270 1272 2101158
1271 1272 2101161
1273 1273 2101164
1271 1272 2101167
1270 1273 2101170
1271 1273 2101173
1271 1273 2101176
1270 1273 2101179
1270 1271 2101182
1272 1271 2101185
1272 1272 2101188
1271 1274 2101191
1272 1273 2101194
1272 1273 2101197
1270 1274 2101200
1271 1272 2101203
1270 1272 2101206
1272 1275 2101209
1270 1272 2101212
1270 1270 2101215
1271 1272 2101218
1271 1272 2101221
1270 1272 2101224
1272 1272 2101227
1272 1274 2101230
1270 1273 2101233
1271 1271 2101236
1270 1273 2101239
1272 1273 2101242
1269 1271 2101245
1270 1271 2101248
1271 1270 2101251
1271 1270 2101254
1271 1271 2101257
1272 1273 2101260
1271 1273 2101263
1271 1273 2101266
1271 1273 2101269
1271 1272 2101272
1272 1273 2101275
1270 1272 2101278
1270 1272 2101281
1271 1272 2101284
1272 1272 2101287
1270 1273 2101290
1272 1273 2101293
1272 1273 2101296
1270 1274 2101299
1270 1271 2101302
1271 1272 2101305
1271 1274 2101308
1270 1273 2101311
1269 1271 2101314
1272 1272 2101317
1272 1272 2101320
1270 1273 2101323
1272 1272 2101326
1272 1274 2101329
1270 1273 2101332
1271 1272 2101335
1271 1273 2101338
1272 1274 2101341
1270 1272 2101344
1270 1270 2101347
1271 1272 2101350
1271 1273 2101353
1270 1273 2101356
1272 1274 2101359
1271 1273 2101362
1270 1272 2101365
1271 1272 2101368
1270 1273 2101371
1272 1273 2101374
1271 1272 2101377
1270 1271 2101380
1272 1273 2101383
1271 1271 2101386
1270 1273 2101389
1272 1273 2101392
1272 1272 2101395
1271 1272 2101398
1270 1273 2101401
1269 1273 2101404
1272 1274 2101407
1269 1272 2101410
1270 1272 2101413
1272 1271 2101416
1271 1273 2101419
1271 1273 2101422
1272 1272 2101425
1271 1273 2101428
1270 1273 2101431
1270 1272 2101434
1270 1272 2101437
1271 1273 2101440
1270 1272 2101443
1271 1270 2101446
1272 1272 2101449
1271 1272 2101452
1270 1272 2101455
1271 1273 2101458
1272 1273 2101461
1272 1272 2101464
1271 1271 2101467
1271 1272 2101470
1271 1274 2101473
1271 1272 2101476
1270 1272 2101479
1272 1272 2101482
1272 1271 2101485
1270 1272 2101488
1272 1273 2101491
1271 1275 2101494
1271 1273 2101497
1271 1273 2101500
1271 1273 2101503
1272 1273 2101506
1271 1272 2101509
1270 1272 2101512
1271 1271 2101515
1272 1272 2101518
1270 1273 2101521
1271 1273 2101524
1272 1273 2101527
1271 1273 2101530
1271 1273 2101533
1270 1271 2101536
1272 1274 2101539
1269 1273 2101542
1270 1270 2101545
1271 1272 2101548
1271 1272 2101551
1269 1273 2101554
1272 1273 2101557
1272 1273 2101560
1271 1273 2101563
1271 1272 2101566
1271 1272 2101569
1272 1274 2101572
1270 1272 2101575
1271 1270 2101578
1271 1272 2101581
1271 1272 2101584
1270 1272 2101587
1272 1273 2101590
1272 1274 2101593
1271 1273 2101596
1271 1271 2101599
1270 1273 2101602
1271 1273 2101605
1271 1271 2101608
1270 1272 2101611
1271 1271 2101614
1271 1271 2101617
1270 1273 2101620
1272 1274 2101623
1272 1273 2101626
1271 1272 2101629
1271 1273 2101632
1271 1272 2101635
1271 1273 2101638
1270 1272 2101641
1270 1270 2101644
1273 1271 2101647
1272 1272 2101650
1270 1273 2101653
1272 1273 2101656
1272 1272 2101659
1271 1273 2101662
1270 1271 2101665
1271 1271 2101668
1271 1274 2101671
1269 1270 2101674
1270 1270 2101677
1271 1270 2101680
1272 1272 2101683
1270 1272 2101686
1272 1272 2101689
1271 1274 2101692
1270 1272 2101695
1271 1271 2101698
1271 1272 2101701
1271 1274 2101704
1270 1271 2101707
1271 1270 2101710
1271 1272 2101713
1272 1272 2101716
1270 1272 2101719
1272 1274 2101722
1271 1273 2101725
1271 1272 2101728
1271 1272 2101731
1271 1273 2101734
1272 1274 2101737
1270 1271 2101740
1271 1271 2101743
1271 1272 2101746
1272 1272 2101749
1270 1274 2101752
1272 1273 2101755
1271 1272 2101758
1271 1273 2101761
1271 1273 2101764
1271 1272 2101767
1272 1273 2101770
1270 1272 2101773
1270 1271 2101776
1272 1271 2101779
1272 1272 2101782
1269 1273 2101785
1272 1272 2101788
1271 1274 2101791
1270 1273 2101794
1272 1272 2101797
1271 1272 2101800
1272 1274 2101803
1270 1272 2101806
1271 1271 2101809
1272 1272 2101812
1272 1273 2101815
1270 1273 2101818
1272 1272 2101821
1271 1274 2101824
1267 1273 2101827
1270 1272 2101830
1270 1273 2101833
1272 1274 2101836
1270 1272 2101839
1270 1271 2101842
1272 1272 2101845
1272 1271 2101848
1270 1272 2101851
1271 1273 2101854
1273 1274 2101857
1271 1272 2101860
1272 1272 2101863
1271 1273 2101866
1272 1273 2101869
1270 1272 2101872
1271 1272 2101875
1271 1271 2101878
1272 1271 2101881
1269 1273 2101884
1271 1272 2101887
1272 1272 2101890
1271 1272 2101893
1271 1273 2101896
1271 1272 2101899
1271 1274 2101902
1270 1273 2101905
1270 1270 2101908
1271 1272 2101911
1272 1272 2101914
1268 1273 2101917
1272 1273 2101920
1273 1273 2101923
1270 1273 2101926
1270 1272 2101929
1271 1272 2101932
1272 1274 2101935
1271 1271 2101938
1270 1270 2101941
1272 1272 2101944
1271 1272 2101947
1270 1272 2101950
1272 1272 2101953
1272 1273 2101956
1271 1273 2101959
1271 1272 2101962
1270 1273 2101965
1272 1273 2101968
1270 1271 2101971
1271 1271 2101974
1271 1271 2101977
1272 1272 2101980
1270 1273 2101983
1272 1274 2101986
1272 1274 2101989
1271 1273 2101992
1271 1272 2101995
1271 1273 2101999
1272 1272 2102002
1270 1272 2102005
1271 1274 2102008
1271 1272 2102011
1271 1273 2102014
1272 1272 2102017
1273 1272 2102020
1271 1271 2102023
1272 1273 2102026
1272 1273 2102029
1271 1271 2102031
1271 1274 2102034
1271 1272 2102037
1271 1272 2102040
1270 1272 2102043
1271 1274 2102046
1270 1272 2102049
1271 1271 2102052
1272 1273 2102055
1271 1272 2102058
1270 1273 2102061
1272 1272 2102064
1271 1273 2102067
1271 1272 2102070
1272 1271 2102073
1270 1273 2102076
1272 1273 2102079
1273 1272 2102082
1270 1274 2102085
1271 1272 2102088
1270 1272 2102091
1271 1274 2102094
1270 1272 2102097
1269 1270 2102100
1271 1271 2102103
1272 1272 2102106
1270 1273 2102109
1272 1272 2102112
1272 1274 2102115
1270 1273 2102118
1270 1272 2102121
1271 1272 2102124
1271 1274 2102127
1271 1272 2102130
1271 1271 2102133
1272 1272 2102136
1271 1273 2102139
1270 1272 2102142
1273 1274 2102145
1272 1273 2102148
1270 1272 2102151
1270 1272 2102154
1270 1272 2102157
1272 1273 2102160
1270 1272 2102163
1271 1271 2102166
1271 1272 2102169
1272 1271 2102172
1270 1274 2102175
1272 1273 2102178
1271 1272 2102181
1270 1272 2102184
1271 1272 2102187
1271 1272 2102190
1272 1273 2102193
1271 1273 2102196
1271 1272 2102199
1271 1272 2102202
1272 1273 2102205
1270 1273 2102208
1272 1272 2102211
1272 1273 2102214
1270 1273 2102217
1271 1271 2102220
1271 1272 2102223
1272 1274 2102226
1270 1273 2102229
1270 1270 2102232
1272 1272 2102235
1272 1272 2102238
1270 1272 2102241
1272 1273 2102244
1271 1274 2102247
1271 1271 2102250
1271 1271 2102253
1270 1273 2102256
1272 1274 2102259
1270 1271 2102262
1271 1271 2102265
1272 1272 2102268
1271 1271 2102271
1270 1273 2102274
1272 1273 2102277
1268 1275 2102280
1270 1272 2102283
1270 1272 2102286
1270 1273 2102289
1272 1273 2102292
1271 1272 2102295
1271 1272 2102298
1272 1271 2102301
1272 1272 2102304
1270 1273 2102307
1274 1272 2102310
1272 1273 2102313
1271 1272 2102316
1271 1273 2102319
1271 1272 2102322
1271 1274 2102325
1270 1273 2102328
1271 1271 2102331
1272 1271 2102334
1272 1272 2102337
1271 1273 2102340
1273 1272 2102343
1273 1273 2102346
1271 1274 2102349
1271 1272 2102352
1271 1273 2102355
1269 1276 2102358
1270 1272 2102361
1270 1271 2102364
1271 1272 2102367
1272 1272 2102370
1270 1273 2102373
1272 1273 2102376
1271 1273 2102379
1270 1272 2102382
1272 1273 2102385
1271 1273 2102388
1271 1272 2102391
1271 1272 2102394
1271 1272 2102397
1270 1272 2102400
1272 1271 2102403
1272 1273 2102406
1271 1274 2102409
1271 1272 2102412
1270 1272 2102415
1272 1274 2102418
1271 1271 2102421
1272 1273 2102424
1269 1273 2102427
1271 1273 2102430
1270 1272 2102433
1272 1272 2102436
1271 1274 2102439
1271 1272 2102442
1271 1272 2102445
1270 1273 2102448
1272 1273 2102451
1271 1271 2102454
1271 1274 2102457
1269 1272 2102460
1272 1271 2102463
1271 1273 2102466
1272 1273 2102469
1270 1273 2102472
1271 1272 2102475
1271 1273 2102478
1271 1271 2102481
1273 1273 2102484
1270 1273 2102487
1271 1273 2102490
1271 1272 2102493
1272 1273 2102496
1271 1273 2102499
1271 1272 2102502
1271 1273 2102505
1272 1273 2102508
1271 1272 2102511
1270 1271 2102514
1272 1274 2102517
1270 1273 2102520
1271 1273 2102523
1270 1272 2102526
1272 1272 2102529
1272 1272 2102532
1272 1272 2102535
1270 1273 2102538
1273 1272 2102541
1271 1272 2102544
1270 1272 2102547
1272 1273 2102550
1270 1271 2102553
1271 1273 2102556
1270 1273 2102559
1272 1272 2102562
1271 1272 2102565
1271 1273 2102568
1271 1273 2102571
1272 1272 2102574
1270 1273 2102577
1270 1273 2102580
1271 1273 2102583
1271 1273 2102586
1271 1274 2102589
1270 1273 2102592
1271 1271 2102595
1272 1274 2102598
1271 1274 2102601
1271 1272 2102604
1270 1272 2102607
1271 1274 2102610
1269 1272 2102613
1272 1273 2102616
1271 1273 2102619
1271 1274 2102622
1270 1272 2102625
1272 1273 2102628
1271 1272 2102631
1271 1271 2102634
1271 1273 2102637
1270 1273 2102640
1271 1272 2102643
1270 1271 2102646
1272 1274 2102649
1271 1273 2102652
1272 1273 2102655
1270 1273 2102658
1272 1272 2102661
1271 1272 2102664
1272 1273 2102667
1270 1273 2102670
1271 1272 2102673
1271 1272 2102676
1270 1273 2102679
1271 1274 2102682
1270 1272 2102685
1271 1274 2102688
1270 1273 2102691
1272 1272 2102694
1271 1272 2102697
1271 1273 2102700
1270 1273 2102703
1271 1272 2102706
1271 1272 2102709
1270 1272 2102712
1272 1274 2102715
1270 1273 2102718
1271 1273 2102721
1270 1271 2102724
1272 1272 2102727
1271 1274 2102730
1270 1273 2102733
1270 1273 2102736
1271 1273 2102739
1271 1273 2102742
1270 1271 2102745
1272 1274 2102748
1271 1273 2102751
1271 1272 2102754
1270 1272 2102757
1271 1273 2102760
1272 1272 2102763
1272 1271 2102766
1271 1273 2102769
1271 1273 2102772
1270 1272 2102775
1270 1272 2102778
1272 1275 2102781
1270 1271 2102784
1272 1273 2102787
1270 1273 2102790
1272 1272 2102793
1271 1272 2102796
1272 1273 2102799
1270 1273 2102802
1271 1272 2102805
1271 1272 2102808
1270 1272 2102811
1272 1273 2102814
1271 1272 2102817
1271 1274 2102820
1270 1272 2102823
1271 1272 2102826
1271 1272 2102829
1272 1273 2102832
1271 1273 2102835
1271 1272 2102838
1272 1272 2102841
1271 1271 2102844
1272 1273 2102847
1270 1273 2102850
1272 1274 2102853
1271 1273 2102856
1272 1272 2102859
1271 1273 2102862
1272 1272 2102865
1272 1272 2102868
1272 1273 2102871
1271 1272 2102874
1271 1271 2102877
1272 1274 2102880
1271 1273 2102883
1271 1273 2102886
1270 1272 2102889
1272 1273 2102892
1271 1272 2102895
1272 1272 2102898
1271 1273 2102901
1271 1272 2102904
1271 1271 2102907
1270 1272 2102910
1272 1279 2102913
1271 1272 2102916
1272 1273 2102919
1270 1274 2102922
1272 1273 2102925
1272 1272 2102928
1272 1273 2102931
1271 1273 2102934
1271 1272 2102937
1270 1272 2102940
1270 1272 2102943
1272 1273 2102946
1271 1273 2102949
1272 1274 2102952
1269 1273 2102955
1272 1272 2102958
1272 1273 2102961
1272 1272 2102964
1271 1273 2102967
1271 1273 2102970
1271 1272 2102973
1270 1271 2102976
1273 1273 2102979
1270 1273 2102982
1271 1273 2102985
1270 1272 2102988
1271 1273 2102991
1271 1272 2102994
1272 1271 2102997
1271 1272 2103001
1271 1273 2103004
1272 1272 2103007
1272 1271 2103010
1271 1274 2103013
1271 1273 2103016
1272 1273 2103019
1270 1272 2103022
1271 1271 2103025
1271 1272 2103028
1271 1271 2103031
1271 1271 2103034
1272 1271 2103037
1272 1272 2103040
1272 1273 2103043
1271 1272 2103045
1271 1271 2103048
1271 1273 2103051
1271 1271 2103054
1272 1271 2103057
1270 1273 2103060
1271 1273 2103063
1270 1273 2103066
1271 1272 2103069
1272 1271 2103072
1271 1274 2103075
1271 1271 2103078
1273 1274 2103081
1271 1273 2103084
1272 1271 2103087
1271 1272 2103090
1272 1273 2103093
1271 1274 2103096
1271 1272 2103099
1271 1274 2103102
1270 1272 2103105
1272 1271 2103108
1271 1273 2103111
1271 1272 2103114
1271 1272 2103117
1271 1272 2103120
1270 1272 2103123
1270 1272 2103126
1272 1273 2103129
1271 1273 2103132
1272 1273 2103135
1270 1272 2103138
1272 1273 2103141
1271 1273 2103144
1271 1271 2103147
1271 1273 2103150
1269 1273 2103153
1271 1272 2103156
1271 1271 2103159
1272 1274 2103162
1270 1273 2103165
1271 1273 2103168
1270 1273 2103171
1271 1272 2103174
1272 1271 2103177
1272 1273 2103180
1271 1273 2103183
1270 1272 2103186
1271 1272 2103189
1270 1272 2103192
1273 1274 2103195
1271 1272 2103198
1271 1273 2103201
1270 1273 2103204
1272 1271 2103207
1271 1272 2103210
1271 1273 2103213
1270 1273 2103216
1271 1272 2103219
1271 1272 2103222
1270 1272 2103225
1271 1273 2103228
1270 1271 2103231
1272 1274 2103234
1270 1272 2103237
1272 1272 2103240
1271 1272 2103243
1273 1271 2103246
1271 1272 2103249
1271 1272 2103252
1270 1273 2103255
1270 1271 2103258
1272 1274 2103261
1270 1273 2103264
1272 1273 2103267
1270 1272 2103270
1272 1272 2103273
1270 1273 2103276
1271 1272 2103279
1271 1273 2103282
1271 1273 2103285
1271 1271 2103288
1271 1271 2103291
1272 1274 2103294
1270 1272 2103297
1271 1273 2103300
1269 1272 2103303
1271 1272 2103306
1271 1272 2103309
1272 1272 2103312
1270 1274 2103315
1271 1271 2103318
1271 1273 2103321
1271 1272 2103324
1272 1273 2103327
1271 1272 2103330
1271 1274 2103333
1271 1272 2103336
1272 1271 2103339
1272 1273 2103342
1272 1273 2103345
1271 1272 2103348
1272 1273 2103351
1271 1273 2103354
1270 1271 2103357
1273 1274 2103360
1270 1273 2103363
1274 1275 2103366
1271 1272 2103369
1272 1273 2103372
1272 1274 2103375
1273 1272 2103378
1272 1273 2103381
1271 1274 2103384
1271 1272 2103387
1270 1271 2103390
1272 1274 2103393
1270 1272 2103396
1272 1273 2103399
1270 1273 2103402
1272 1273 2103405
1271 1273 2103408
1272 1272 2103411
1270 1274 2103414
1271 1272 2103417
1271 1272 2103420
1271 1272 2103423
1272 1274 2103426
1271 1273 2103429
1272 1273 2103432
1271 1273 2103435
1271 1272 2103438
1272 1272 2103441
1272 1273 2103444
1270 1273 2103447
1271 1272 2103450
1271 1272 2103453
1270 1272 2103456
1272 1273 2103459
1271 1272 2103462
1271 1274 2103465
1270 1273 2103468
1272 1272 2103471
1272 1273 2103474
1272 1272 2103477
1271 1273 2103480
1271 1273 2103483
1271 1274 2103486
1270 1272 2103489
1272 1274 2103492
1270 1273 2103495
1272 1273 2103498
1270 1272 2103501
1272 1273 2103504
1271 1272 2103507
1272 1271 2103510
1271 1273 2103513
1271 1273 2103516
1271 1271 2103519
1271 1272 2103522
1272 1274 2103525
1270 1272 2103528
1271 1274 2103531
1271 1273 2103534
1271 1272 2103537
1272 1271 2103540
1271 1273 2103543
1271 1275 2103546
1271 1273 2103549
1271 1272 2103552
1270 1273 2103555
1272 1274 2103558
1271 1272 2103561
1272 1275 2103564
1269 1272 2103567
1272 1271 2103570
1271 1273 2103573
1272 1272 2103576
1271 1272 2103579
1270 1271 2103582
1270 1272 2103585
1269 1272 2103588
1272 1274 2103591
1270 1273 2103594
1272 1273 2103597
1270 1272 2103600
1272 1272 2103603
1271 1274 2103606
1271 1273 2103609
1272 1273 2103612
1271 1273 2103615
1270 1273 2103618
1270 1272 2103621
1272 1275 2103624
1270 1272 2103627
1271 1272 2103630
1270 1272 2103633
1271 1273 2103636
1271 1272 2103639
1272 1272 2103642
1271 1273 2103645
1272 1273 2103648
1271 1272 2103651
1270 1273 2103654
1271 1274 2103657
1271 1272 2103660
1271 1273 2103663
1270 1273 2103666
1271 1272 2103669
1272 1272 2103672
1272 1273 2103675
1271 1274 2103678
1271 1272 2103681
1271 1273 2103684
1270 1272 2103687
1272 1273 2103690
1270 1272 2103693
1271 1274 2103696
1269 1272 2103699
1272 1271 2103702
1272 1273 2103705
1272 1273 2103708
1270 1273 2103711
1271 1273 2103714
1270 1272 2103717
1270 1271 2103720
1272 1274 2103723
1270 1272 2103726
1271 1273 2103729
1270 1272 2103732
1271 1272 2103735
1272 1274 2103738
1272 1272 2103741
1271 1273 2103744
1271 1273 2103747
1271 1271 2103750
1271 1272 2103753
1272 1273 2103756
1269 1273 2103759
1271 1273 2103762
1269 1272 2103765
1271 1273 2103768
1273 1272 2103771
1271 1272 2103774
1271 1274 2103777
1271 1272 2103780
1271 1272 2103783
1271 1272 2103786
1270 1274 2103789
1269 1272 2103792
1271 1274 2103795
1269 1273 2103798
1273 1272 2103801
1271 1272 2103804
1271 1273 2103807
1271 1272 2103810
1271 1272 2103813
1270 1273 2103816
1272 1270 2103819
1272 1272 2103822
1270 1273 2103825
1271 1274 2103828
1270 1273 2103831
1273 1273 2103834
1271 1273 2103837
1271 1271 2103840
1271 1273 2103843
1270 1272 2103846
1273 1274 2103849
1272 1272 2103852
1273 1274 2103855
1271 1273 2103858
1271 1273 2103861
1271 1274 2103864
1271 1273 2103867
1271 1272 2103870
1272 1272 2103873
1271 1273 2103876
1266 1274 2103879
1270 1272 2103882
1269 1272 2103885
1271 1274 2103888
1271 1271 2103891
1271 1275 2103894
1271 1273 2103897
1272 1271 2103900
1271 1272 2103903
1271 1272 2103906
1271 1272 2103909
1271 1272 2103912
1271 1272 2103915
1270 1272 2103918
1273 1273 2103921
1271 1272 2103924
1273 1275 2103927
1270 1272 2103930
1272 1272 2103933
1270 1273 2103936
1272 1271 2103939
1271 1273 2103942
1272 1273 2103945
1270 1273 2103948
1270 1272 2103951
1272 1274 2103954
1270 1273 2103957
1272 1273 2103960
1269 1272 2103963
1271 1273 2103966
1271 1272 2103969
1271 1272 2103972
1272 1274 2103975
1271 1272 2103978
1271 1272 2103981
1271 1271 2103984
1272 1275 2103987
1271 1273 2103990
1272 1273 2103993
1270 1273 2103996
1272 1272 2104000
1272 1272 2104003
1273 1274 2104006
1273 1272 2104009
1270 1272 2104012
1270 1274 2104015
1272 1272 2104018
1271 1273 2104021
1273 1270 2104024
1273 1273 2104027
1271 1273 2104030
1272 1272 2104033
1271 1271 2104036
1273 1274 2104039
1270 1272 2104042
1272 1273 2104044
1270 1276 2104047
1271 1272 2104050
1270 1274 2104053
1270 1272 2104056
1271 1275 2104059
1270 1273 2104062
1272 1272 2104065
1271 1275 2104068
1273 1272 2104071
1272 1272 2104074
1270 1273 2104077
1271 1272 2104080
1271 1272 2104083
1274 1272 2104086
1270 1275 2104089
1270 1272 2104092
1272 1272 2104095
1271 1273 2104098
1273 1273 2104101
1271 1273 2104104
1271 1274 2104107
1270 1272 2104110
1271 1271 2104113
1272 1275 2104116
1271 1272 2104119
1270 1272 2104122
1270 1272 2104125
1271 1272 2104128
1271 1273 2104131
1273 1272 2104134
1270 1274 2104137
1271 1272 2104140
1271 1271 2104143
1270 1272 2104146
1273 1275 2104149
1269 1272 2104152
1271 1272 2104155
1270 1273 2104158
1271 1272 2104161
1272 1273 2104164
1272 1273 2104167
1271 1273 2104170
1270 1272 2104173
1271 1272 2104176
1270 1273 2104179
1271 1273 2104182
1271 1272 2104185
1271 1274 2104188
1270 1272 2104191
1272 1273 2104194
1273 1273 2104197
1271 1272 2104200
1270 1272 2104203
1271 1273 2104206
1270 1272 2104209
1272 1273 2104212
1272 1273 2104215
1270 1272 2104218
1272 1274 2104221
1270 1272 2104224
1272 1274 2104227
1271 1273 2104230
1271 1271 2104233
1270 1273 2104236
1271 1273 2104239
1271 1272 2104242
1272 1271 2104245
1272 1274 2104248
1270 1273 2104251
1272 1273 2104254
1270 1273 2104257
1273 1272 2104260
1271 1271 2104263
1271 1272 2104266
1270 1274 2104269
1268 1273 2104272
1271 1272 2104275
1270 1271 2104278
1271 1274 2104281
1271 1271 2104284
1272 1274 2104287
1271 1274 2104290
1271 1271 2104293
1271 1272 2104296
1271 1272 2104299
1266 1274 2104302
1270 1274 2104305
1271 1272 2104308
1270 1272 2104311
1272 1273 2104314
1271 1273 2104317
1272 1275 2104320
1271 1272 2104323
1271 1272 2104326
1271 1273 2104329
1272 1274 2104332
1271 1273 2104335
1272 1273 2104338
1271 1273 2104341
1271 1271 2104344
1272 1274 2104347
1271 1273 2104350
1272 1274 2104353
1270 1271 2104356
1271 1272 2104359
1270 1273 2104362
1271 1272 2104365
1271 1273 2104368
1271 1273 2104371
1271 1271 2104374
1271 1272 2104377
1272 1274 2104380
1271 1273 2104383
1273 1272 2104386
1268 1272 2104389
1271 1272 2104392
1271 1272 2104395
1272 1273 2104398
1272 1274 2104401
1270 1271 2104404
1270 1272 2104407
1270 1272 2104410
1272 1273 2104413
1272 1274 2104416
1272 1271 2104419
1268 1271 2104422
1271 1272 2104425
1272 1272 2104428
1273 1275 2104431
1269 1271 2104434
1270 1271 2104437
1270 1272 2104440
1270 1271 2104443
1272 1275 2104446
1274 1270 2104449
1270 1271 2104452
1269 1272 2104455
1272 1272 2104458
1271 1275 2104461
1275 1271 2104464
1268 1271 2104467
1269 1272 2104470
1271 1272 2104473
1270 1271 2104476
1275 1274 2104479
1267 1272 2104482
1268 1272 2104485
1269 1273 2104488
1270 1273 2104491
1275 1276 2104494
1270 1269 2104497
1269 1272 2104500
1270 1273 2104503
1271 1271 2104506
1270 1276 2104509
1269 1270 2104512
1268 1269 2104515
1269 1273 2104518
1269 1273 2104521
1272 1275 2104524
1275 1271 2104527
1268 1272 2104530
1268 1273 2104533
1273 1271 2104536
1270 1277 2104539
1274 1269 2104542
1269 1271 2104545
1268 1271 2104548
1270 1273 2104551
1270 1273 2104554
1275 1275 2104557
1267 1272 2104560
1269 1270 2104563
1272 1273 2104566
1270 1272 2104569
1274 1275 2104572
1267 1268 2104575
1270 1271 2104578
1269 1271 2104581
1272 1274 2104584
1270 1275 2104587
1275 1270 2104590
1269 1270 2104593
1270 1272 2104596
1272 1272 2104599
1270 1276 2104602
1275 1271 2104605
1268 1270 2104608
1270 1273 2104611
1271 1274 2104614
1272 1273 2104617
1273 1272 2104620
1267 1271 2104623
1269 1270 2104626
1271 1272 2104629
1270 1274 2104632
1274 1275 2104635
1269 1269 2104638
1268 1271 2104641
1272 1275 2104644
1271 1272 2104647
1271 1278 2104650
1268 1270 2104653
1270 1269 2104656
1269 1271 2104659
1271 1272 2104662
1272 1276 2104665
1275 1270 2104668
1268 1271 2104671
1268 1273 2104674
1273 1273 2104677
1270 1277 2104680
1275 1271 2104683
1265 1270 2104686
1269 1271 2104689
1270 1272 2104692
1272 1273 2104695
1274 1276 2104698
1266 1272 2104701
1268 1271 2104704
1271 1272 2104707
1271 1274 2104710
1275 1277 2104713
1270 1269 2104716
1268 1270 2104719
1270 1272 2104722
1271 1273 2104725
1272 1274 2104728
1275 1270 2104731
1269 1271 2104734
1269 1272 2104737
1271 1271 2104740
1273 1277 2104743
1275 1270 2104746
1268 1271 2104749
1268 1272 2104752
1272 1274 2104755
1272 1272 2104758
1276 1272 2104761
1267 1273 2104764
1269 1271 2104767
1270 1272 2104770
1271 1273 2104773
1276 1276 2104776
1269 1269 2104779
1268 1272 2104782
1271 1272 2104785
1272 1270 2104788
1270 1276 2104791
1269 1269 2104794
1269 1270 2104797
1270 1271 2104800
1271 1273 2104803
1271 1274 2104806
1276 1269 2104809
1268 1271 2104812
1269 1274 2104815
1270 1271 2104818
1272 1276 2104821
1275 1271 2104824
1268 1270 2104827
1269 1273 2104830
1273 1273 2104833
1271 1271 2104836
1275 1269 2104839
1268 1272 2104842
1268 1271 2104845
1270 1273 2104848
1271 1273 2104851
1275 1276 2104854
1268 1270 2104857
1269 1271 2104860
1271 1274 2104863
1270 1271 2104866
1275 1275 2104869
1268 1269 2104872
1270 1273 2104875
1270 1273 2104878
1272 1274 2104881
1269 1277 2104884
1270 1270 2104887
1269 1271 2104890
1270 1272 2104893
1270 1273 2104896
1272 1275 2104899
1275 1268 2104902
1269 1269 2104905
1271 1274 2104908
1272 1271 2104911
1271 1277 2104914
1275 1271 2104917
1268 1270 2104920
1269 1272 2104923
1272 1272 2104926
1271 1272 2104929
1274 1271 2104932
1267 1270 2104935
1269 1269 2104938
1271 1273 2104941
1271 1273 2104944
1275 1277 2104947
1265 1272 2104950
1270 1272 2104953
1273 1273 2104956
1271 1272 2104959
1274 1278 2104962
1269 1269 2104965
1268 1269 2104968
1270 1272 2104971
1273 1274 2104974
1270 1276 2104977
1270 1271 2104980
1268 1271 2104983
1270 1270 2104986
1271 1272 2104989
1272 1276 2104992
1274 1269 2104995
1269 1270 2104999
1270 1273 2105002
1272 1272 2105005
1272 1276 2105008
1275 1268 2105011
1268 1271 2105014
1269 1270 2105017
1273 1273 2105020
1271 1274 2105023
1277 1269 2105026
1267 1271 2105029
1269 1270 2105032
1271 1271 2105035
1272 1274 2105038
1274 1275 2105040
1269 1271 2105043
1268 1272 2105046
1273 1271 2105049
1271 1272 2105052
1274 1279 2105055
1271 1269 2105058
1268 1272 2105061
1269 1273 2105064
1271 1274 2105067
1270 1277 2105070
1269 1269 2105073
1270 1271 2105076
1270 1270 2105079
1272 1273 2105082
1273 1278 2105085
1273 1271 2105088
1269 1272 2105091
1269 1275 2105094
1272 1271 2105097
1270 1274 2105100
1276 1272 2105103
1267 1271 2105106
1270 1271 2105109
1270 1273 2105112
1272 1274 2105115
1274 1272 2105118
1268 1271 2105121
1269 1272 2105124
1270 1273 2105127
1271 1273 2105130
1274 1277 2105133
1270 1271 2105136
1269 1270 2105139
1273 1275 2105142
1268 1273 2105145
1276 1276 2105148
1269 1269 2105151
1270 1271 2105154
1270 1274 2105157
1272 1273 2105160
1271 1276 2105163
1268 1268 2105166
1271 1271 2105169
1269 1272 2105172
1271 1272 2105175
1269 1275 2105178
1275 1269 2105181
1267 1271 2105184
1269 1273 2105187
1272 1272 2105190
1269 1275 2105193
1275 1270 2105196
1267 1269 2105199
1270 1273 2105202
1270 1273 2105205
1272 1273 2105208
1273 1270 2105211
1268 1271 2105214
1269 1272 2105217
1271 1272 2105220
1271 1275 2105223
1274 1276 2105226
1269 1268 2105229
1268 1269 2105232
1272 1275 2105235
1270 1271 2105238
1276 1276 2105241
1267 1270 2105244
1269 1271 2105247
1270 1272 2105250
1273 1274 2105253
1272 1275 2105256
1271 1269 2105259
1269 1270 2105262
1269 1271 2105265
1272 1272 2105268
1271 1275 2105271
1276 1272 2105274
1267 1271 2105277
1270 1272 2105280
1273 1273 2105283
1271 1276 2105286
1275 1269 2105289
1268 1270 2105292
1269 1271 2105295
1270 1271 2105298
1273 1274 2105301
1274 1272 2105304
1267 1273 2105307
1268 1271 2105310
1271 1272 2105313
1272 1273 2105316
1275 1275 2105319
1267 1272 2105322
1268 1271 2105325
1274 1272 2105328
1271 1272 2105331
1277 1277 2105334
1268 1270 2105337
1270 1272 2105340
1272 1274 2105343
1272 1272 2105346
1273 1275 2105349
1270 1269 2105352
1269 1271 2105355
1270 1271 2105358
1272 1272 2105361
1270 1275 2105364
1271 1272 2105367
1268 1270 2105370
1269 1272 2105373
1270 1273 2105376
1272 1275 2105379
1275 1268 2105382
1269 1270 2105385
1271 1274 2105388
1272 1271 2105391
1272 1276 2105394
1275 1271 2105397
1268 1272 2105400
1269 1273 2105403
1273 1274 2105406
1269 1275 2105409
1276 1271 2105412
1268 1271 2105415
1265 1271 2105418
1270 1273 2105421
1271 1271 2105424
1275 1272 2105427
1267 1268 2105430
1270 1272 2105433
1269 1273 2105436
1272 1273 2105439
1274 1271 2105442
1268 1271 2105445
1268 1272 2105448
1271 1271 2105451
1271 1273 2105454
1275 1277 2105457
1269 1269 2105460
1268 1270 2105463
1273 1275 2105466
1270 1271 2105469
1275 1278 2105472
1268 1270 2105475
1270 1269 2105478
1271 1273 2105481
1272 1272 2105484
1272 1277 2105487
1268 1269 2105490
1269 1270 2105493
1268 1272 2105496
1273 1273 2105499
1271 1274 2105502
1270 1270 2105505
1269 1269 2105508
1270 1270 2105511
1271 1272 2105514
1273 1276 2105517
1275 1269 2105520
1270 1270 2105523
1269 1273 2105526
1271 1270 2105529
1272 1277 2105532
1274 1271 2105535
1268 1272 2105538
1268 1273 2105541
1273 1272 2105544
1270 1276 2105547
1276 1270 2105550
1267 1271 2105553
1269 1272 2105556
1271 1271 2105559
1271 1270 2105562
1276 1272 2105565
1267 1268 2105568
1270 1270 2105571
1268 1272 2105574
1272 1273 2105577
1275 1275 2105580
1267 1270 2105583
1269 1273 2105586
1271 1272 2105589
1270 1272 2105592
1274 1276 2105595
1269 1272 2105598
1268 1271 2105601
1270 1274 2105604
1271 1273 2105607
1271 1275 2105610
1271 1269 2105613
1270 1272 2105616
1269 1272 2105619
1271 1272 2105622
1271 1276 2105625
1274 1270 2105628
1268 1271 2105631
1268 1271 2105634
1273 1274 2105637
1270 1272 2105640
1274 1272 2105643
1268 1272 2105646
1270 1271 2105649
1270 1272 2105652
1271 1273 2105655
1274 1276 2105658
1268 1268 2105661
1270 1271 2105664
1270 1274 2105667
1271 1274 2105670
1269 1275 2105673
1267 1270 2105676
1270 1271 2105679
1270 1270 2105682
1271 1273 2105685
1272 1276 2105688
1271 1273 2091291
1270 1272 2091294
1272 1273 2091297
1271 1273 2091300
1272 1272 2091303
1271 1274 2091306
1271 1272 2091309
1271 1272 2091312
1270 1272 2091315
1272 1274 2091318
1270 1272 2091321
1272 1273 2091324
1270 1273 2091327
1271 1272 2091330
1271 1272 2091333
1272 1273 2091336
1271 1273 2091339
1271 1271 2091342
1271 1272 2091345
1270 1272 2091348
1272 1273 2091351
1271 1272 2091354
1272 1274 2091357
1270 1273 2091360
1272 1271 2091363
1272 1273 2091366
1272 1272 2091369
1271 1272 2091372
1271 1272 2091375
1271 1272 2091378
1270 1271 2091381
1271 1273 2091384
1271 1273 2091387
1271 1273 2091390
1270 1271 2091393
1272 1273 2091396
1271 1274 2091399
1271 1272 2091402
1271 1273 2091405
1271 1273 2091408
1271 1272 2091411
1270 1273 2091414
1272 1274 2091417
1270 1273 2091420
1272 1273 2091423
1270 1273 2091426
1271 1272 2091429
1271 1271 2091432
1272 1272 2091435
1271 1273 2091438
1270 1273 2091441
1270 1272 2091444
1270 1272 2091447
1271 1274 2091450
1270 1272 2091453
1272 1274 2091456
1271 1273 2091459
1272 1271 2091462
1272 1272 2091465
1271 1273 2091468
1270 1272 2091471
1271 1272 2091474
1271 1273 2091477
1270 1272 2091480
1272 1273 2091483
1271 1273 2091486
1272 1274 2091489
1269 1272 2091492
1271 1272 2091495
1270 1273 2091498
1268 1273 2091501
1270 1273 2091504
1271 1274 2091507
1271 1273 2091510
1271 1272 2091513
1272 1274 2091516
1271 1273 2091519
1271 1272 2091522
1271 1272 2091525
1271 1273 2091528
1271 1271 2091531
1271 1271 2091534
1271 1272 2091537
1271 1273 2091540
1271 1272 2091543
1271 1272 2091546
1272 1274 2091549
1270 1272 2091552
1269 1273 2091555
1270 1273 2091558
1272 1272 2091561
1272 1272 2091564
1272 1272 2091567
1271 1274 2091570
1272 1273 2091573
1271 1272 2091576
1270 1272 2091579
1272 1273 2091582
1270 1272 2091585
1271 1274 2091588
1270 1272 2091591
1272 1272 2091594
1271 1272 2091597
1271 1271 2091600
1272 1273 2091603
1271 1273 2091606
1271 1273 2091609
1270 1271 2091612
1273 1273 2091615
1271 1273 2091618
1271 1274 2091621
1270 1273 2091624
1272 1272 2091627
1271 1273 2091630
1272 1273 2091633
1271 1273 2091636
1271 1273 2091639
1271 1272 2091642
1271 1271 2091645
1271 1273 2091648
1271 1274 2091651
1271 1273 2091654
1270 1273 2091657
1272 1273 2091660
1271 1273 2091663
1272 1272 2091666
1271 1274 2091669
1271 1271 2091672
1271 1272 2091675
1270 1272 2091678
1271 1273 2091681
1270 1271 2091684
1272 1273 2091687
1270 1272 2091690
1271 1272 2091693
1271 1272 2091696
1272 1274 2091699
1271 1273 2091702
1271 1272 2091705
1271 1272 2091708
1270 1273 2091711
1272 1274 2091714
1271 1272 2091717
1271 1274 2091720
1270 1273 2091723
1273 1271 2091726
1272 1274 2091729
1272 1272 2091732
1270 1272 2091735
1271 1272 2091738
1270 1273 2091741
1270 1271 2091744
1272 1273 2091747
1271 1273 2091750
1271 1273 2091753
1269 1272 2091756
1272 1274 2091759
1271 1273 2091762
1271 1271 2091765
1271 1273 2091768
1271 1274 2091771
1271 1271 2091774
1271 1271 2091777
1272 1274 2091780
1270 1272 2091783
1271 1273 2091786
1270 1273 2091789
1271 1272 2091792
1271 1272 2091795
1272 1272 2091798
1271 1272 2091801
1271 1272 2091804
1271 1272 2091807
1270 1271 2091810
1271 1274 2091813
1270 1272 2091816
1272 1274 2091819
1271 1273 2091822
1272 1271 2091825
1271 1272 2091828
