1270 1273 1967805
1272 1273 1967808
1271 1273 1967811
1270 1273 1967814
1271 1271 1967817
1271 1272 1967820
1272 1274 1967823
1271 1272 1967826
1271 1270 1967829
1272 1272 1967832
1272 1272 1967835
1271 1273 1967838
1272 1273 1967841
1272 1274 1967844
1271 1272 1967847
1272 1272 1967850
1271 1273 1967853
1271 1274 1967856
1271 1271 1967859
1271 1271 1967862
1272 1272 1967865
1272 1272 1967868
1270 1272 1967871
1272 1273 1967874
1272 1273 1967877
1271 1272 1967880
1271 1273 1967883
1271 1271 1967886
1273 1273 1967889
1270 1272 1967892
1271 1272 1967895
1272 1271 1967898
1272 1272 1967901
1270 1274 1967904
1271 1272 1967907
1272 1272 1967910
1270 1273 1967913
1270 1272 1967916
1269 1272 1967919
1271 1273 1967922
1270 1273 1967925
1270 1271 1967928
1272 1272 1967931
1272 1273 1967934
1270 1273 1967937
1272 1272 1967940
1271 1273 1967943
1270 1272 1967946
1271 1271 1967949
1270 1271 1967952
1271 1273 1967955
1270 1273 1967958
1271 1270 1967961
1272 1273 1967964
1271 1271 1967967
1270 1272 1967970
1272 1273 1967973
1271 1273 1967976
1272 1272 1967979
1272 1272 1967982
1271 1274 1967985
1272 1274 1967988
1270 1273 1967991
1271 1272 1967994
1272 1272 1967997
1272 1271 1968001
1271 1272 1968004
1272 1272 1968007
1271 1271 1968010
1271 1271 1968013
1272 1271 1968016
1273 1272 1968019
1271 1271 1968022
1271 1272 1968025
1272 1273 1968028
1270 1271 1968030
1271 1274 1968033
1271 1272 1968036
1271 1273 1968039
1270 1272 1968042
1271 1274 1968045
1271 1272 1968048
1271 1272 1968051
1271 1273 1968054
1271 1272 1968057
1270 1272 1968060
1272 1272 1968063
1271 1272 1968066
1272 1271 1968069
1272 1271 1968072
1270 1273 1968075
1272 1273 1968078
1272 1273 1968081
1271 1273 1968084
1272 1273 1968087
1271 1271 1968090
1273 1273 1968093
1271 1273 1968096
1272 1270 1968099
1272 1271 1968102
1272 1272 1968105
1270 1274 1968108
1272 1272 1968111
1272 1273 1968114
1271 1273 1968117
1271 1271 1968120
1271 1272 1968123
1271 1273 1968126
1271 1271 1968129
1270 1270 1968132
1272 1272 1968135
1272 1273 1968138
1270 1272 1968141
1272 1273 1968144
1272 1274 1968147
1270 1273 1968150
1271 1272 1968153
1271 1273 1968156
1274 1274 1968159
1272 1273 1968162
1271 1271 1968165
1272 1273 1968168
1272 1272 1968171
1271 1273 1968174
1273 1274 1968177
1272 1273 1968180
1271 1272 1968183
1271 1273 1968186
1271 1272 1968189
1272 1273 1968192
1271 1272 1968195
1270 1272 1968198
1271 1271 1968201
1272 1272 1968204
1270 1273 1968207
1271 1272 1968210
1272 1272 1968213
1270 1273 1968216
1270 1272 1968219
1271 1272 1968222
1272 1274 1968225
1270 1273 1968228
1271 1271 1968231
1271 1272 1968234
1271 1273 1968237
1270 1272 1968240
1272 1272 1968243
1272 1273 1968246
1271 1273 1968249
1271 1272 1968252
1271 1273 1968255
1272 1275 1968258
1270 1272 1968261
1270 1271 1968264
1272 1272 1968267
1271 1272 1968270
1270 1273 1968273
1272 1273 1968276
1272 1273 1968279
1271 1272 1968282
1271 1272 1968285
1272 1274 1968288
1272 1274 1968291
1270 1272 1968294
1271 1272 1968297
1272 1271 1968300
1271 1271 1968303
1270 1273 1968306
1273 1273 1968309
1272 1273 1968312
1271 1273 1968315
1271 1272 1968318
1271 1272 1968321
1271 1274 1968324
1270 1273 1968327
1270 1270 1968330
1271 1271 1968333
1271 1272 1968336
1270 1272 1968339
1272 1272 1968342
1272 1273 1968345
1270 1273 1968348
1271 1272 1968351
1271 1272 1968354
1272 1274 1968357
1270 1271 1968360
1271 1270 1968363
1272 1272 1968366
1271 1271 1968369
1271 1272 1968372
1272 1273 1968375
1272 1274 1968378
1271 1273 1968381
1271 1272 1968384
1271 1274 1968387
1272 1274 1968390
1270 1271 1968393
1270 1271 1968396
1271 1271 1968399
1271 1271 1968402
1270 1272 1968405
1271 1273 1968408
1271 1273 1968411
1271 1272 1968414
1271 1273 1968417
1271 1273 1968420
1272 1273 1968423
1270 1272 1968426
1270 1271 1968429
1271 1271 1968432
1272 1272 1968435
1270 1273 1968438
1272 1274 1968441
1272 1273 1968444
1271 1274 1968447
1271 1272 1968450
1271 1272 1968453
1272 1274 1968456
1271 1272 1968459
1270 1272 1968462
1272 1272 1968465
1273 1273 1968468
1270 1273 1968471
1272 1273 1968474
1272 1274 1968477
1271 1273 1968480
1271 1271 1968483
1271 1272 1968486
1272 1274 1968489
1271 1273 1968492
1272 1270 1968495
1275 1270 1968498
1272 1272 1968501
1270 1272 1968504
1272 1272 1968507
1272 1274 1968510
1271 1272 1968513
1271 1271 1968516
1271 1273 1968519
1273 1273 1968522
1271 1271 1968525
1270 1272 1968528
1272 1273 1968531
1271 1272 1968534
1270 1273 1968537
1272 1273 1968540
1272 1272 1968543
1271 1273 1968546
1270 1273 1968549
1272 1273 1968552
1273 1273 1968555
1271 1273 1968558
1271 1272 1968561
1272 1272 1968564
1271 1272 1968567
1270 1273 1968570
1272 1272 1968573
1272 1273 1968576
1270 1273 1968579
1270 1272 1968582
1271 1272 1968585
1272 1274 1968588
1271 1273 1968591
1270 1271 1968594
1272 1272 1968597
1271 1273 1968600
1270 1272 1968603
1272 1273 1968606
1272 1274 1968609
1270 1272 1968612
1271 1271 1968615
1271 1272 1968618
1272 1274 1968621
1271 1273 1968624
1270 1271 1968627
1272 1273 1968630
1271 1272 1968633
1270 1270 1968636
1272 1273 1968639
1271 1275 1968642
1270 1273 1968645
1271 1273 1968648
1271 1274 1968651
1272 1274 1968654
1271 1272 1968657
1271 1272 1968660
1272 1272 1968663
1271 1272 1968666
1269 1273 1968669
1272 1275 1968672
1271 1273 1968675
1271 1272 1968678
1271 1273 1968681
1271 1274 1968684
1272 1274 1968687
1271 1273 1968690
1271 1271 1968693
1272 1271 1968696
1271 1275 1968699
1267 1272 1968702
1272 1272 1968705
1272 1272 1968708
1270 1273 1968711
1271 1273 1968714
1270 1272 1968717
1272 1274 1968720
1270 1272 1968723
1270 1270 1968726
1272 1272 1968729
1271 1273 1968732
1270 1273 1968735
1272 1272 1968738
1271 1273 1968741
1271 1276 1968744
1271 1271 1968747
1271 1274 1968750
1271 1274 1968753
1271 1271 1968756
1270 1271 1968759
1272 1272 1968762
1272 1271 1968765
1270 1272 1968768
1273 1273 1968771
1271 1274 1968774
1271 1273 1968777
1271 1273 1968780
1270 1273 1968783
1271 1273 1968786
1271 1272 1968789
1270 1271 1968792
1272 1272 1968795
1272 1272 1968798
1269 1272 1968801
1271 1273 1968804
1272 1272 1968807
1270 1273 1968810
1271 1273 1968813
1271 1272 1968816
1272 1273 1968819
1270 1272 1968822
1269 1271 1968825
1271 1271 1968828
1271 1272 1968831
1269 1273 1968834
1271 1272 1968837
1272 1273 1968840
1272 1273 1968843
1271 1271 1968846
1271 1272 1968849
1271 1273 1968852
1268 1273 1968855
1270 1271 1968858
1271 1272 1968861
1272 1273 1968864
1270 1273 1968867
1272 1273 1968870
1272 1275 1968873
1270 1272 1968876
1271 1272 1968879
1270 1273 1968882
1272 1273 1968885
1270 1271 1968888
1271 1270 1968891
1271 1272 1968894
1272 1272 1968897
1270 1273 1968900
1272 1273 1968903
1271 1272 1968906
1271 1272 1968909
1271 1272 1968912
1269 1272 1968915
1271 1272 1968918
1271 1272 1968921
1271 1271 1968924
1272 1272 1968927
1271 1272 1968930
1270 1274 1968933
1272 1272 1968936
1272 1272 1968939
1270 1273 1968942
1271 1272 1968945
1271 1272 1968948
1272 1274 1968951
1270 1273 1968954
1271 1271 1968957
1271 1272 1968960
1272 1272 1968963
1270 1272 1968966
1272 1272 1968969
1272 1273 1968972
1271 1272 1968975
1272 1272 1968978
1268 1273 1968981
1271 1274 1968984
1270 1272 1968987
1270 1271 1968990
1272 1273 1968993
1272 1271 1968996
1270 1272 1969000
1271 1273 1969003
1271 1277 1969006
1271 1271 1969009
1272 1272 1969012
1271 1273 1969015
1271 1275 1969018
1272 1272 1969021
1272 1272 1969024
1271 1272 1969026
1273 1271 1969029
1271 1273 1969032
1269 1274 1969035
1270 1274 1969038
1272 1273 1969041
1272 1272 1969044
1271 1272 1969047
1271 1272 1969050
1271 1274 1969053
1271 1273 1969056
1271 1271 1969059
1271 1273 1969062
1273 1274 1969065
1270 1272 1969068
1271 1271 1969071
1272 1272 1969074
1272 1272 1969077
1270 1273 1969080
1273 1274 1969083
1272 1273 1969086
1271 1272 1969089
1271 1273 1969092
1271 1273 1969095
1272 1273 1969098
1271 1271 1969101
1271 1272 1969104
1271 1273 1969107
1272 1272 1969110
1270 1274 1969113
1272 1273 1969116
1272 1272 1969119
1271 1273 1969122
1271 1273 1969125
1271 1272 1969128
1272 1274 1969131
1270 1273 1969134
1271 1271 1969137
1272 1271 1969140
1272 1273 1969143
1270 1273 1969146
1273 1272 1969149
1272 1274 1969152
1270 1273 1969155
1271 1272 1969158
1271 1273 1969161
1273 1274 1969164
1270 1272 1969167
1270 1271 1969170
1271 1273 1969173
1272 1272 1969176
1271 1271 1969179
1272 1273 1969182
1271 1275 1954782
1274 1272 1954785
1269 1272 1954788
1271 1273 1954791
1273 1274 1954794
1271 1275 1954797
1275 1271 1954800
1269 1272 1954803
1268 1271 1954806
1270 1274 1954809
1273 1274 1954812
1276 1271 1954815
1267 1273 1954818
1271 1273 1954821
1272 1274 1954824
1272 1275 1954827
1275 1277 1954830
1269 1270 1954833
1270 1273 1954836
1272 1275 1954839
1269 1271 1954842
1276 1276 1954845
1270 1270 1954848
1268 1271 1954851
1273 1275 1954854
1273 1275 1954857
1275 1277 1954860
1268 1269 1954863
1270 1272 1954866
1271 1272 1954869
1271 1272 1954872
1271 1273 1954875
1271 1270 1954878
1271 1271 1954881
1269 1272 1954884
1272 1275 1954887
1273 1277 1954890
1276 1269 1954893
1270 1271 1954896
1270 1274 1954899
1271 1273 1954902
1271 1276 1954905
1276 1271 1954908
1269 1271 1954911
1271 1273 1954914
1273 1274 1954917
1272 1276 1954920
1277 1271 1954923
1268 1271 1954926
1270 1272 1954929
1271 1274 1954932
1273 1273 1954935
1276 1272 1954938
1268 1270 1954941
1270 1271 1954944
1271 1273 1954947
1271 1274 1954950
1275 1276 1954953
1269 1273 1954956
1269 1272 1954959
1272 1272 1954962
1272 1274 1954965
1276 1278 1954968
1268 1270 1954971
1269 1269 1954974
1273 1273 1954977
1272 1273 1954980
1275 1277 1954983
1271 1271 1954986
1271 1272 1954989
1272 1275 1954992
1272 1273 1954995
1271 1278 1954999
1271 1271 1955002
1269 1269 1955005
1271 1273 1955008
1273 1274 1955011
1272 1275 1955014
1272 1269 1955017
1272 1271 1955020
1268 1272 1955023
1272 1273 1955026
1273 1278 1955029
1275 1270 1955031
1270 1272 1955034
1271 1273 1955037
1272 1273 1955040
1271 1277 1955043
1276 1273 1955046
1268 1271 1955049
1272 1273 1955052
1274 1272 1955055
1272 1276 1955058
1276 1272 1955061
1270 1271 1955064
1270 1271 1955067
1273 1274 1955070
1272 1271 1955073
1274 1277 1955076
1268 1273 1955079
1270 1272 1955082
1272 1273 1955085
1271 1272 1955088
1273 1279 1955091
1270 1271 1955094
1269 1271 1955097
1270 1272 1955100
1273 1273 1955103
1273 1275 1955106
1275 1272 1955109
1269 1271 1955112
1270 1274 1955115
1273 1271 1955118
1270 1272 1955121
1275 1272 1955124
1269 1273 1955127
1269 1273 1955130
1270 1271 1955133
1273 1273 1955136
1275 1277 1955139
1268 1271 1955142
1271 1271 1955145
1273 1275 1955148
1271 1274 1955151
1271 1276 1955154
1271 1270 1955157
1271 1273 1955160
1270 1272 1955163
1271 1271 1955166
1273 1276 1955169
1276 1271 1955172
1267 1271 1955175
1271 1272 1955178
1274 1275 1955181
1271 1273 1955184
1275 1276 1955187
1268 1272 1955190
1269 1271 1955193
1272 1272 1955196
1270 1272 1955199
1276 1278 1955202
1270 1270 1955205
1269 1272 1955208
1271 1274 1955211
1273 1275 1955214
1272 1276 1955217
1276 1271 1955220
1267 1271 1955223
1270 1274 1955226
1272 1273 1955229
1270 1272 1955232
1277 1272 1955235
1269 1271 1955238
1269 1273 1955241
1272 1274 1955244
1273 1275 1955247
1275 1279 1955250
1270 1270 1955253
1270 1270 1955256
1272 1275 1955259
1270 1274 1955262
1270 1275 1955265
1275 1270 1955268
1271 1271 1955271
1269 1274 1955274
1273 1272 1955277
1273 1278 1955280
1275 1271 1955283
1268 1270 1955286
1269 1272 1955289
1272 1275 1955292
1270 1272 1955295
1275 1275 1955298
1269 1271 1955301
1270 1272 1955304
1272 1274 1955307
1272 1274 1955310
1273 1277 1955313
1269 1270 1955316
1269 1271 1955319
1269 1272 1955322
1273 1274 1955325
1272 1275 1955328
1275 1271 1955331
1269 1271 1955334
1271 1273 1955337
1272 1274 1955340
1272 1273 1955343
1276 1271 1955346
1267 1272 1955349
1269 1272 1955352
1271 1273 1955355
1272 1274 1955358
1275 1277 1955361
1269 1269 1955364
1270 1270 1955367
1271 1274 1955370
1272 1274 1955373
1273 1276 1955376
1276 1270 1955379
1269 1271 1955382
1269 1273 1955385
1272 1272 1955388
1272 1277 1955391
1276 1271 1955394
1268 1270 1955397
1270 1272 1955400
1271 1273 1955403
1272 1273 1955406
1276 1277 1955409
1269 1272 1955412
1270 1271 1955415
1273 1274 1955418
1272 1273 1955421
1273 1279 1955424
1268 1269 1955427
1269 1270 1955430
1271 1272 1955433
1272 1272 1955436
1271 1276 1955439
1277 1273 1955442
1266 1272 1955445
1269 1273 1955448
1272 1273 1955451
1270 1273 1955454
1277 1272 1955457
1267 1272 1955460
1269 1271 1955463
1272 1271 1955466
1272 1273 1955469
1275 1278 1955472
1272 1269 1955475
1271 1271 1955478
1270 1273 1955481
1272 1273 1955484
1271 1276 1955487
1276 1271 1955490
1270 1271 1955493
1270 1272 1955496
1273 1272 1955499
1272 1277 1955502
1274 1271 1955505
1269 1271 1955508
1270 1272 1955511
1270 1274 1955514
1272 1273 1955517
1275 1277 1955520
1269 1273 1955523
1269 1270 1955526
1272 1273 1955529
1271 1273 1955532
1272 1277 1955535
1268 1271 1955538
1271 1273 1955541
1272 1274 1955544
1271 1274 1955547
1272 1276 1955550
1276 1272 1955553
1269 1271 1955556
1269 1272 1955559
1272 1273 1955562
1272 1272 1955565
1276 1271 1955568
1267 1271 1955571
1271 1272 1955574
1273 1273 1955577
1271 1273 1955580
1275 1278 1955583
1269 1270 1955586
1270 1272 1955589
1269 1273 1955592
1271 1272 1955595
1272 1275 1955598
1271 1269 1955601
1270 1272 1955604
1272 1274 1955607
1273 1273 1955610
1271 1277 1955613
1276 1271 1955616
1268 1271 1955619
1270 1273 1955622
1270 1273 1955625
1272 1271 1955628
1276 1272 1955631
1268 1272 1955634
1268 1273 1955637
1274 1274 1955640
1271 1274 1955643
1275 1277 1955646
1270 1269 1955649
1269 1272 1955652
1270 1274 1955655
1271 1273 1955658
1272 1274 1955661
1275 1270 1955664
1271 1271 1955667
1269 1274 1955670
1273 1273 1955673
1272 1276 1955676
1275 1270 1955679
1268 1271 1955682
1269 1274 1955685
1272 1275 1955688
1271 1273 1955691
1274 1276 1955694
1268 1271 1955697
1270 1271 1955700
1272 1275 1955703
1271 1273 1955706
1276 1277 1955709
1269 1271 1955712
1270 1269 1955715
1270 1271 1955718
1272 1274 1955721
1271 1275 1955724
1275 1268 1955727
1270 1270 1955730
1270 1274 1955733
1271 1272 1955736
1272 1275 1955739
1277 1273 1955742
1267 1271 1955745
1268 1270 1955748
1270 1274 1955751
1273 1275 1955754
1273 1276 1955757
1267 1270 1955760
1270 1272 1955763
1273 1273 1955766
1270 1272 1955769
1276 1278 1955772
1269 1271 1955775
1269 1271 1955778
1270 1272 1955781
1271 1274 1955784
1273 1277 1955787
1275 1269 1955790
1269 1271 1955793
1271 1273 1955796
1273 1270 1955799
1270 1277 1955802
1276 1273 1955805
1268 1272 1955808
1270 1272 1955811
1271 1274 1955814
1272 1274 1955817
1275 1277 1955820
1270 1270 1955823
1269 1269 1955826
1273 1273 1955829
1272 1272 1955832
1274 1278 1955835
1270 1271 1955838
1270 1271 1955841
1269 1272 1955844
1272 1273 1955847
1272 1276 1955850
1277 1273 1955853
1267 1272 1955856
1269 1271 1955859
1273 1272 1955862
1270 1272 1955865
1275 1271 1955868
1269 1271 1955871
1270 1272 1955874
1270 1274 1955877
1272 1273 1955880
1275 1278 1955883
1270 1272 1955886
1269 1270 1955889
1272 1273 1955892
1271 1271 1955895
1272 1276 1955898
1268 1270 1955901
1270 1272 1955904
1271 1273 1955907
1272 1273 1955910
1272 1276 1955913
1276 1272 1955916
1269 1271 1955919
1269 1273 1955922
1272 1271 1955925
1274 1270 1955928
1277 1271 1955931
1268 1272 1955934
1271 1272 1955937
1271 1273 1955940
1271 1274 1955943
1275 1277 1955946
1269 1269 1955949
1270 1272 1955952
1271 1274 1955955
1272 1272 1955958
1273 1276 1955961
1272 1271 1955964
1269 1272 1955967
1271 1272 1955970
1273 1275 1955973
1272 1277 1955976
1276 1270 1955979
1268 1271 1955982
1270 1275 1955985
1268 1273 1955988
1268 1270 1955991
1275 1272 1955994
1268 1271 1955997
1268 1271 1956001
1272 1271 1956004
1272 1275 1956007
1275 1277 1956010
1270 1270 1956013
1271 1269 1956016
1272 1274 1956019
1272 1270 1956022
1272 1276 1956025
1271 1271 1956027
1271 1272 1956030
1271 1272 1956033
1272 1273 1956036
1272 1275 1956039
1275 1272 1956042
1268 1272 1956045
1270 1275 1956048
1274 1272 1956051
1273 1272 1956054
1276 1271 1956057
1268 1272 1956060
1271 1271 1956063
1271 1274 1956066
1272 1274 1956069
1275 1277 1956072
1269 1270 1956075
1269 1272 1956078
1273 1275 1956081
1271 1273 1956084
1270 1275 1956087
1276 1269 1956090
1270 1270 1956093
1269 1275 1956096
1272 1272 1956099
1272 1274 1956102
1276 1272 1956105
1268 1272 1956108
1269 1272 1956111
1271 1275 1956114
1271 1274 1956117
1274 1275 1956120
1270 1269 1956123
1270 1272 1956126
1271 1274 1956129
1272 1272 1956132
1271 1277 1956135
1269 1272 1956138
1270 1272 1956141
1271 1273 1956144
1272 1275 1956147
1272 1276 1956150
1276 1270 1956153
1268 1272 1956156
1270 1271 1956159
1271 1273 1956162
1273 1274 1956165
1276 1278 1956168
1268 1271 1956171
1269 1271 1956174
1272 1274 1956177
1271 1273 1956180
1270 1276 1956183
1271 1270 1956186
1270 1270 1956189
1271 1271 1956192
1271 1274 1956195
1273 1279 1956198
1275 1273 1956201
1268 1271 1956204
1270 1273 1956207
1272 1274 1956210
1272 1273 1956213
1275 1278 1956216
1267 1270 1956219
1270 1270 1956222
1272 1272 1956225
1270 1274 1956228
1277 1277 1956231
1270 1271 1956234
1269 1272 1956237
1270 1272 1956240
1272 1274 1956243
1273 1278 1956246
1275 1271 1956249
1268 1269 1956252
1270 1273 1956255
1274 1272 1956258
1270 1272 1956261
1276 1272 1956264
1268 1273 1956267
1270 1272 1956270
1271 1272 1956273
1271 1274 1956276
1276 1279 1956279
1268 1269 1956282
1269 1269 1956285
1270 1273 1956288
1273 1273 1956291
1271 1276 1956294
1277 1271 1956297
1269 1272 1956300
1268 1273 1956303
1272 1272 1956306
1270 1273 1956309
1277 1271 1956312
1268 1271 1956315
1269 1271 1956318
1270 1272 1956321
1273 1274 1956324
1274 1278 1956327
1270 1271 1956330
1271 1272 1956333
1271 1275 1956336
1272 1273 1956339
1271 1276 1956342
1276 1270 1956345
1269 1271 1956348
1267 1272 1956351
1272 1271 1956354
1271 1276 1956357
1275 1272 1956360
1269 1271 1956363
1271 1273 1956366
1271 1274 1956369
1272 1273 1956372
1275 1277 1956375
1270 1271 1956378
1269 1269 1956381
1272 1272 1956384
1272 1271 1956387
1271 1275 1956390
1270 1271 1956393
1271 1271 1956396
1271 1275 1956399
1271 1272 1956402
1272 1275 1956405
1276 1273 1956408
1268 1272 1956411
1268 1271 1956414
1271 1272 1956417
1273 1274 1956420
1275 1276 1956423
1268 1270 1956426
1271 1272 1956429
1273 1274 1956432
1271 1272 1956435
1271 1278 1956438
1270 1272 1956441
1271 1273 1956444
1270 1273 1956447
1271 1272 1956450
1273 1276 1956453
1277 1271 1956456
1268 1272 1956459
1270 1271 1956462
1273 1275 1956465
1272 1274 1956468
1274 1277 1956471
1267 1271 1956474
1270 1273 1956477
1272 1274 1956480
1271 1271 1956483
1273 1278 1956486
1270 1271 1956489
1269 1272 1956492
1271 1273 1956495
1272 1274 1956498
1273 1277 1956501
1276 1271 1956504
1269 1271 1956507
1271 1274 1956510
1272 1273 1956513
1270 1271 1956516
1276 1273 1956519
1268 1270 1956522
1268 1271 1956525
1273 1274 1956528
1271 1273 1956531
1275 1277 1956534
1269 1270 1956537
1269 1272 1956540
1271 1273 1956543
1271 1273 1956546
1272 1275 1956549
1276 1269 1956552
1269 1271 1956555
1268 1274 1956558
1274 1274 1956561
1272 1273 1956564
1276 1271 1956567
1268 1272 1956570
1269 1272 1956573
1272 1273 1956576
1271 1274 1956579
1275 1275 1956582
1271 1269 1956585
1270 1271 1956588
1270 1274 1956591
1273 1273 1956594
1272 1277 1956597
1270 1271 1956600
1270 1271 1956603
1270 1273 1956606
1272 1275 1956609
1271 1275 1956612
1275 1269 1956615
1269 1271 1956618
1270 1274 1956621
1273 1274 1956624
1273 1277 1956627
1277 1272 1956630
1268 1272 1956633
1270 1271 1956636
1270 1275 1956639
1273 1275 1956642
1274 1275 1956645
1267 1270 1956648
1270 1271 1956651
1272 1273 1956654
1270 1272 1956657
1276 1278 1956660
1270 1271 1956663
1270 1271 1956666
1271 1274 1956669
1271 1273 1956672
1272 1277 1956675
1269 1269 1956678
1269 1270 1956681
1270 1272 1956684
1272 1272 1956687
1271 1277 1956690
1277 1272 1956693
1269 1272 1956696
1269 1275 1956699
1272 1272 1956702
1271 1274 1956705
1277 1272 1956708
1267 1271 1956711
1269 1270 1956714
1272 1273 1956717
1272 1273 1956720
1275 1273 1956723
1269 1271 1956726
1271 1273 1956729
1272 1274 1956732
1271 1272 1956735
1276 1277 1956738
1270 1272 1956741
1268 1271 1956744
1271 1272 1956747
1273 1273 1956750
1272 1278 1956753
1269 1270 1956756
1270 1272 1956759
1271 1273 1956762
1271 1273 1956765
1272 1277 1956768
1275 1271 1956771
1271 1272 1961180
1271 1272 1961183
1272 1273 1961186
1270 1274 1961189
1271 1272 1961192
1272 1271 1961195
1272 1272 1961198
1273 1273 1961201
1270 1272 1961204
1271 1274 1961207
1270 1276 1961209
1270 1273 1961212
1271 1272 1961215
1271 1272 1961218
1272 1273 1961221
1272 1271 1961224
1271 1273 1961227
1272 1272 1961230
1273 1273 1961233
1271 1271 1961236
1270 1271 1961239
1271 1272 1961242
1271 1272 1961245
1272 1270 1961248
1273 1274 1961251
1272 1272 1961254
1272 1272 1961257
1271 1272 1961260
1271 1271 1961263
1272 1273 1961266
1270 1271 1961269
1270 1271 1961272
1271 1272 1961275
1271 1272 1961278
1271 1271 1961281
1272 1272 1961284
1271 1274 1961287
1272 1271 1961290
1271 1271 1961293
1271 1272 1961296
1272 1273 1961299
1272 1271 1961302
1271 1270 1961305
1270 1273 1961308
1271 1273 1961311
1272 1270 1961314
1271 1274 1961317
1271 1273 1961320
1272 1270 1961323
1270 1272 1961326
1271 1272 1961329
1272 1273 1961332
1271 1271 1961335
1270 1272 1961338
1270 1273 1961341
1271 1272 1961344
1272 1271 1961347
1272 1273 1961350
1272 1272 1961353
1272 1271 1961356
1272 1272 1961359
1273 1273 1961362
1272 1273 1961365
1272 1271 1961368
1271 1273 1961371
1271 1272 1961374
1272 1273 1961377
1272 1271 1961380
1272 1272 1961383
1273 1272 1961386
1274 1271 1961389
1272 1271 1961392
1272 1272 1961395
1272 1273 1961398
1272 1272 1961401
1271 1271 1961404
1271 1273 1961407
1272 1273 1961410
1272 1270 1961413
1272 1273 1961416
1272 1273 1961419
1272 1270 1961422
1271 1271 1961425
1271 1272 1961428
1272 1273 1961431
1272 1270 1961434
1270 1271 1961437
1271 1273 1961440
1271 1271 1961443
1272 1270 1961446
1272 1274 1961449
1272 1273 1961452
1272 1271 1961455
1271 1272 1961458
1271 1272 1961461
1273 1273 1961464
1271 1271 1961467
1270 1272 1961470
1271 1272 1961473
1271 1271 1961476
1272 1271 1961479
1272 1273 1961482
1272 1273 1961485
1272 1271 1961488
1271 1272 1961491
1272 1272 1961494
1272 1273 1961497
1271 1272 1961500
1271 1271 1961503
1271 1272 1961506
1270 1272 1961509
1272 1271 1961512
1272 1273 1961515
1272 1273 1961518
1272 1272 1961521
1271 1272 1961524
1272 1272 1961527
1272 1273 1961530
1271 1270 1961533
1271 1271 1961536
1270 1273 1961539
1271 1274 1961542
1272 1271 1961545
1272 1273 1961548
1272 1273 1961551
1272 1271 1961554
1271 1271 1961557
1272 1273 1961560
1273 1272 1961563
1272 1270 1961566
1270 1271 1961569
1271 1272 1961572
1271 1271 1961575
1271 1270 1961578
1272 1274 1961581
1272 1273 1961584
1273 1270 1961587
1272 1272 1961590
1272 1272 1961593
1272 1273 1961596
1271 1272 1961599
1270 1272 1961602
1271 1272 1961605
1271 1272 1961608
1272 1271 1961611
1272 1273 1961614
1272 1272 1961617
1272 1272 1961620
1271 1272 1961623
1272 1271 1961626
1272 1273 1961629
1270 1271 1961632
1271 1271 1961635
1271 1272 1961638
1272 1273 1961641
1272 1271 1961644
1272 1273 1961647
1272 1274 1961650
1272 1271 1961653
1271 1271 1961656
1272 1272 1961659
1272 1273 1961662
1273 1270 1961665
1271 1271 1961668
1271 1273 1961671
1272 1273 1961674
1272 1270 1961677
1272 1274 1961680
1272 1273 1961683
1272 1271 1961686
1271 1272 1961689
1273 1272 1961692
1273 1271 1961695
1271 1270 1961698
1270 1271 1961701
1270 1273 1961704
1272 1271 1961707
1272 1272 1961710
1272 1273 1961713
1272 1272 1961716
1271 1271 1961719
1272 1271 1961722
1272 1273 1961725
1273 1273 1961728
1272 1272 1961731
1271 1272 1961734
1270 1272 1961737
1272 1273 1961740
1272 1272 1961743
1272 1273 1961746
1272 1272 1961749
1269 1271 1961752
1271 1273 1961755
1270 1272 1961758
1272 1273 1961761
1272 1272 1961764
1271 1271 1961767
1270 1272 1961770
1271 1273 1961773
1272 1270 1961776
1272 1273 1961779
1273 1273 1961782
1272 1272 1961785
1272 1272 1961788
1272 1273 1961791
1273 1274 1961794
1271 1271 1961797
1271 1271 1961800
1271 1274 1961803
1272 1271 1961806
1272 1270 1961809
1271 1274 1961812
1272 1272 1961815
1272 1271 1961818
1271 1272 1961821
1272 1273 1961824
1273 1273 1961827
1271 1271 1961830
1270 1272 1961833
1271 1271 1961836
1271 1272 1961839
1271 1271 1961842
1272 1273 1961845
1272 1272 1961848
1272 1271 1961851
1271 1272 1961854
1272 1272 1961857
1273 1273 1961860
1271 1272 1961863
1270 1271 1961866
1271 1272 1961869
1271 1273 1961872
1272 1271 1961875
1272 1273 1961878
1272 1273 1961881
1273 1272 1961884
1272 1272 1961887
1272 1272 1961890
1272 1274 1961893
1271 1271 1961896
1270 1271 1961899
1271 1273 1961902
1272 1273 1961905
1272 1271 1961908
1272 1274 1961911
1272 1274 1961914
1272 1272 1961917
1271 1272 1961920
1272 1273 1961923
1273 1272 1961926
1272 1270 1961929
1271 1272 1961932
1270 1272 1961935
1271 1271 1961938
1272 1271 1961941
1272 1273 1961944
1272 1273 1961947
1272 1271 1961950
1271 1272 1961953
1272 1272 1961956
1272 1272 1961959
1271 1272 1961962
1270 1273 1961965
1271 1271 1961968
1271 1273 1961971
1272 1272 1961974
1272 1274 1961977
1273 1272 1961980
1272 1272 1961983
1271 1271 1961986
1271 1271 1961989
1273 1273 1961992
1270 1269 1961995
1270 1272 1962000
1269 1273 1962003
1271 1272 1962006
1271 1272 1962009
1272 1275 1962012
1270 1272 1962015
1271 1271 1962018
1271 1272 1962021
1272 1272 1962024
1270 1273 1962027
1272 1272 1962030
1272 1273 1962033
1270 1273 1962036
1271 1272 1962039
1271 1274 1962042
1272 1273 1962045
1270 1271 1962048
1271 1271 1962051
1271 1272 1962054
1271 1271 1962057
1271 1272 1962060
1272 1273 1962063
1271 1274 1962066
1271 1272 1962069
1271 1274 1962072
1271 1273 1962075
1272 1273 1962078
1270 1273 1962081
1270 1271 1962084
1272 1271 1962087
1272 1271 1962090
1269 1273 1962093
1272 1273 1962096
1272 1272 1962099
1271 1274 1962102
1270 1272 1962105
1270 1271 1962108
1271 1274 1962111
1271 1272 1962114
1270 1271 1962117
1273 1271 1962120
1272 1272 1962123
1270 1273 1962126
1273 1273 1962129
1273 1274 1962132
1271 1273 1962135
1271 1271 1962138
1271 1272 1962141
1272 1274 1962144
1269 1271 1962147
1271 1271 1962150
1271 1272 1962153
1272 1272 1962156
1270 1272 1962159
1271 1272 1962162
1271 1274 1962165
1270 1272 1962168
1271 1272 1962171
1270 1273 1962174
1273 1272 1962177
1271 1271 1962180
1270 1271 1962183
1272 1272 1962186
1271 1272 1962189
1270 1273 1962192
1272 1274 1962195
1272 1272 1962198
1271 1273 1962201
1271 1273 1962204
1271 1271 1962207
1271 1273 1962210
1270 1272 1962213
1270 1271 1962216
1271 1271 1962219
1272 1272 1962222
1270 1273 1962225
1272 1272 1962228
1272 1273 1962231
1270 1273 1962234
1270 1272 1962237
1270 1272 1962240
1272 1274 1962243
1270 1272 1962246
1271 1272 1962249
1272 1271 1962252
1271 1273 1962255
1270 1273 1962258
1272 1273 1962261
1271 1273 1962264
1270 1273 1962267
1271 1271 1962270
1272 1273 1962273
1272 1274 1962276
1270 1271 1962279
1270 1271 1962282
1272 1273 1962285
1272 1272 1962288
1270 1272 1962291
1272 1273 1962294
1272 1273 1962297
1271 1272 1962300
1271 1273 1962303
1271 1273 1962306
1272 1274 1962309
1270 1272 1962312
1270 1271 1962315
1272 1271 1962318
1271 1271 1962321
1270 1273 1962324
1272 1273 1962327
1272 1272 1962330
1270 1273 1962333
1271 1273 1962336
1271 1273 1962339
1271 1273 1962342
1270 1273 1962345
1270 1271 1962348
1272 1271 1962351
1272 1272 1962354
1269 1273 1962357
1272 1272 1962360
1273 1272 1962363
1271 1273 1962366
1271 1272 1962369
1270 1273 1962372
1271 1275 1962375
1270 1272 1962378
1271 1270 1962381
1271 1272 1962384
1271 1274 1962387
1269 1273 1962390
1272 1273 1962393
1272 1274 1962396
1271 1273 1962399
1271 1272 1962402
1270 1274 1962405
1272 1273 1962408
1270 1271 1962411
1270 1271 1962414
1271 1272 1962417
1271 1272 1962420
1270 1272 1962423
1272 1273 1962426
1273 1274 1962429
1271 1272 1962432
1271 1273 1962435
1270 1272 1962438
1272 1272 1962441
1270 1272 1962444
1270 1271 1962447
1271 1271 1962450
1272 1271 1962453
1270 1272 1962456
1272 1273 1962459
1272 1272 1962462
1271 1274 1962465
1271 1272 1962468
1270 1272 1962471
1271 1274 1962474
1270 1272 1962477
1271 1270 1962480
1272 1271 1962483
1272 1272 1962486
1270 1273 1962489
1272 1272 1962492
1272 1274 1962495
1271 1273 1962498
1271 1271 1962501
1271 1273 1962504
1272 1274 1962507
1269 1272 1962510
1271 1271 1962513
1272 1272 1962516
1271 1273 1962519
1270 1272 1962522
1272 1274 1962525
1272 1273 1962528
1271 1271 1962531
1271 1272 1962534
1271 1273 1962537
1271 1274 1962540
1271 1271 1962543
1271 1271 1962546
1272 1272 1962549
1272 1271 1962552
1271 1274 1962555
1272 1273 1962558
1272 1272 1962561
1271 1273 1962564
1272 1271 1962567
1270 1273 1962570
1272 1273 1962573
1270 1273 1962576
1270 1272 1962579
1272 1271 1962582
1272 1273 1962585
1270 1274 1962588
1272 1271 1962591
1272 1273 1962594
1271 1273 1962597
1272 1272 1962600
1271 1271 1962603
1271 1273 1962606
1270 1272 1962609
1270 1270 1962612
1272 1273 1962615
1273 1272 1962618
1270 1272 1962621
1272 1273 1962624
1272 1274 1962627
1269 1273 1962630
1271 1272 1962633
1271 1273 1962636
1271 1274 1962639
1270 1271 1962642
1272 1272 1962645
1271 1273 1962648
1272 1271 1962651
1270 1273 1962654
1272 1273 1962657
1269 1274 1962660
1270 1272 1962663
1271 1272 1962666
1271 1273 1962669
1271 1273 1962672
1271 1272 1962675
1270 1272 1962678
1272 1271 1962681
1271 1272 1962684
1269 1272 1962687
1271 1273 1962690
1272 1273 1962693
1271 1273 1962696
1271 1273 1962699
1270 1272 1962702
1272 1273 1962705
1270 1272 1962708
1271 1270 1962711
1272 1271 1962714
1271 1272 1962717
1270 1271 1962720
1272 1272 1962723
1272 1273 1962726
1271 1274 1962729
1270 1272 1962732
1270 1272 1962735
1272 1274 1962738
1270 1271 1962741
1270 1270 1962744
1271 1272 1962747
1271 1272 1962750
1270 1272 1962753
1271 1273 1962756
1272 1273 1962759
1271 1272 1962762
1271 1272 1962765
1271 1273 1962768
1272 1273 1962771
1270 1271 1962774
1270 1272 1962777
1272 1272 1962780
1272 1272 1962783
1270 1273 1962786
1272 1274 1962789
1272 1273 1962792
1270 1272 1962795
1270 1273 1962798
1270 1272 1962801
1272 1273 1962804
1270 1273 1962807
1270 1271 1962810
1272 1271 1962813
1272 1272 1962816
1270 1274 1962819
1272 1273 1962822
1272 1273 1962825
1270 1273 1962828
1270 1271 1962831
1270 1271 1962834
1271 1274 1962837
1270 1273 1962840
1271 1271 1962843
1272 1272 1962846
1272 1272 1962849
1270 1273 1962852
1273 1273 1962855
1272 1274 1962858
1271 1272 1962861
1271 1272 1962864
1270 1273 1962867
1271 1273 1962870
1270 1271 1962873
1271 1271 1962876
1272 1273 1962879
1271 1272 1962882
1271 1272 1962885
1272 1273 1962888
1271 1272 1962891
1270 1272 1962894
1271 1272 1962897
1270 1273 1962900
1271 1273 1962903
1270 1271 1962906
1271 1272 1962909
1271 1272 1962912
1272 1272 1962915
1270 1273 1962918
1272 1273 1962921
1271 1272 1962924
1271 1273 1962927
1270 1272 1962930
1270 1273 1962933
1272 1273 1962936
1270 1273 1962939
1270 1272 1962942
1272 1272 1962945
1271 1273 1962948
1270 1273 1962951
1272 1272 1962954
1272 1274 1962957
1271 1273 1962960
1271 1272 1962963
1271 1272 1962966
1272 1274 1962969
1271 1273 1962972
1271 1271 1962975
1272 1273 1962978
1272 1272 1962981
1270 1272 1962984
1272 1273 1962987
1272 1273 1962990
1270 1272 1962993
1271 1272 1962996
1271 1273 1963000
1271 1272 1963003
1270 1271 1963006
1272 1274 1963009
1272 1274 1963012
1272 1272 1963015
1273 1271 1963018
1272 1272 1963021
1271 1271 1963024
1272 1272 1963027
1272 1274 1963029
1271 1275 1963032
1272 1271 1963035
1273 1272 1963038
1271 1272 1963041
1271 1272 1963044
1271 1273 1963047
1272 1274 1963050
1271 1272 1963053
1272 1273 1963056
1272 1273 1963059
1271 1273 1963062
1272 1271 1963065
1271 1273 1963068
1273 1274 1963071
1271 1271 1963074
1271 1273 1963077
1271 1273 1963080
1274 1273 1963083
1271 1272 1963086
1270 1271 1963089
1273 1272 1963092
1272 1271 1963095
1270 1272 1963098
1272 1274 1963101
1272 1273 1963104
1271 1272 1963107
1271 1272 1963110
1270 1272 1963113
1271 1273 1963116
1270 1272 1963119
1271 1272 1963122
1272 1271 1963125
1271 1272 1963128
1270 1274 1963131
1272 1272 1963134
1272 1272 1963137
1270 1273 1963140
1270 1271 1963143
1271 1272 1963146
1272 1274 1963149
1270 1272 1963152
1271 1271 1963155
1271 1272 1963158
1271 1273 1963161
1270 1272 1963164
1272 1273 1963167
1271 1273 1963170
1270 1272 1963173
1271 1272 1963176
1271 1272 1963179
1272 1274 1963182
1270 1272 1963185
1270 1271 1963188
1272 1273 1963191
1271 1271 1963194
1269 1272 1963197
1272 1273 1963200
1271 1275 1963203
1270 1272 1963206
1271 1273 1963209
1271 1274 1963212
1272 1274 1963215
1271 1272 1963218
1271 1272 1963221
1272 1272 1963224
1272 1271 1963227
1270 1273 1963230
1272 1272 1963233
1271 1272 1963236
1270 1272 1963239
1271 1272 1963242
1271 1278 1963245
1271 1272 1963248
1269 1272 1963251
1270 1270 1963254
1271 1271 1963257
1271 1272 1963260
1270 1271 1963263
1273 1272 1963266
1273 1273 1963269
1271 1273 1963272
1271 1272 1963275
1270 1273 1963278
1272 1274 1963281
1270 1272 1963284
1270 1270 1963287
1271 1272 1963290
1271 1273 1963293
1269 1273 1963296
1272 1272 1963299
1272 1274 1963302
1270 1272 1963305
1271 1272 1963308
1271 1274 1963311
1271 1273 1963314
1270 1271 1963317
1270 1271 1963320
1272 1271 1963323
1270 1271 1963326
1270 1271 1963329
1271 1273 1963332
1271 1273 1963335
1271 1272 1963338
1271 1273 1963341
1270 1273 1963344
1272 1273 1963347
1270 1272 1963350
1270 1272 1963353
1270 1271 1963356
1271 1271 1963359
1270 1273 1963362
1272 1273 1963365
1272 1272 1963368
1271 1273 1963371
1270 1272 1963374
1271 1271 1963377
1272 1274 1963380
1269 1272 1963383
1270 1271 1963386
1271 1271 1963389
1271 1272 1963392
1270 1274 1963395
1272 1273 1963398
1272 1275 1963401
1270 1273 1963404
1270 1271 1963407
1271 1272 1963410
1271 1274 1963413
1269 1273 1963416
1270 1271 1963419
1271 1272 1963422
1271 1273 1963425
1270 1271 1963428
1272 1273 1963431
1272 1274 1963434
1271 1272 1963437
1271 1272 1963440
1270 1273 1963443
1273 1274 1963446
1272 1273 1963449
1270 1272 1963452
1272 1272 1963455
1271 1272 1963458
1271 1273 1963461
1272 1273 1963464
1271 1272 1963467
1271 1273 1963470
1270 1273 1963473
1266 1274 1963476
1270 1273 1963479
1270 1273 1963482
1270 1271 1963485
1271 1271 1963488
1272 1272 1963491
1270 1274 1963494
1271 1272 1963497
1271 1273 1963500
1270 1273 1963503
1270 1272 1963506
1270 1272 1963509
1272 1273 1963512
1270 1273 1963515
1270 1271 1963518
1272 1272 1963521
1271 1273 1963524
1269 1272 1963527
1272 1272 1963530
1271 1274 1963533
1270 1273 1963536
1271 1271 1963539
1271 1272 1963542
1272 1274 1963545
1270 1272 1963548
1270 1271 1963551
1272 1273 1963554
1272 1270 1963557
1270 1272 1963560
1272 1273 1963563
1271 1273 1963566
1271 1272 1963569
1271 1272 1963572
1271 1273 1963575
1271 1273 1963578
1270 1272 1963581
1270 1272 1963584
1271 1272 1963587
1272 1271 1963590
1270 1273 1963593
1272 1273 1963596
1272 1273 1963599
1271 1273 1963602
1271 1273 1963605
1270 1274 1963608
1271 1274 1963611
1270 1273 1963614
1270 1271 1963617
1272 1271 1963620
1271 1273 1963623
1270 1271 1963626
1272 1271 1963629
1272 1273 1963632
1270 1273 1963635
1270 1272 1963638
1270 1272 1963641
1271 1274 1963644
1270 1272 1963647
1271 1271 1963650
1271 1272 1963653
1271 1272 1963656
1270 1272 1963659
1271 1272 1963662
1271 1274 1963665
1270 1273 1963668
1271 1272 1963671
1271 1273 1963674
1271 1274 1963677
1270 1271 1963680
1271 1271 1963683
1271 1274 1963686
1270 1272 1963689
1270 1273 1963692
1272 1274 1963695
1271 1273 1963698
1270 1272 1963701
1271 1273 1963704
1271 1274 1963707
1272 1273 1963710
1270 1273 1963713
1270 1272 1963716
1271 1272 1963719
1272 1272 1963722
1271 1273 1963725
1272 1273 1963728
1272 1273 1963731
1270 1273 1963734
1271 1272 1963737
1271 1271 1963740
1272 1273 1963743
1270 1273 1963746
1270 1271 1963749
1271 1271 1963752
1272 1273 1963755
1270 1273 1963758
1272 1272 1963761
1272 1273 1963764
1271 1273 1963767
1270 1272 1963770
1272 1273 1963773
1271 1274 1963776
1268 1273 1963779
1271 1271 1963782
1271 1273 1963785
1272 1273 1963788
1270 1272 1963791
1272 1273 1963794
1273 1274 1963797
1270 1272 1963800
1272 1273 1963803
1271 1272 1963806
1269 1274 1963809
1269 1272 1963812
1270 1271 1963815
1273 1273 1963818
1272 1271 1963821
1271 1272 1963824
1272 1274 1963827
1272 1272 1963830
1271 1273 1963833
1271 1272 1963836
1270 1272 1963839
1272 1272 1963842
1270 1273 1963845
1270 1273 1963848
1273 1272 1963851
1272 1272 1963854
1269 1274 1963857
1272 1272 1963860
1272 1274 1963863
1271 1273 1963866
1270 1272 1963869
1270 1272 1963872
1272 1273 1963875
1270 1273 1963878
1271 1272 1963881
1271 1272 1963884
1271 1272 1963887
1270 1272 1963890
1271 1273 1963893
1272 1275 1963896
1271 1272 1963899
1270 1272 1963902
1271 1273 1963905
1272 1274 1963908
1271 1273 1963911
1270 1271 1963914
1271 1272 1963917
1271 1271 1963920
1270 1272 1963923
1272 1274 1963926
1272 1273 1963929
1271 1272 1963932
1271 1272 1963935
1271 1273 1963938
1272 1274 1963941
1272 1271 1963944
1270 1272 1963947
1272 1272 1963950
1271 1271 1963953
1271 1273 1963956
1272 1275 1963959
1270 1272 1963962
1270 1272 1963965
1270 1272 1963968
1273 1274 1963971
1271 1273 1963974
1271 1274 1963977
1270 1271 1963980
1271 1272 1963983
1271 1272 1963986
1273 1274 1963989
1272 1272 1963992
1271 1272 1963995
1271 1272 1963999
1271 1274 1964002
1271 1272 1964005
1274 1274 1964008
1270 1271 1964011
1272 1273 1964014
1270 1272 1964017
1271 1272 1964020
1273 1272 1964023
1272 1270 1964026
1272 1273 1964029
1271 1272 1964032
1271 1273 1964035
1273 1274 1964038
1271 1273 1964040
1271 1271 1964043
1271 1273 1964046
1271 1273 1964049
1274 1272 1964052
1270 1272 1964055
1271 1271 1964058
1271 1274 1964061
1271 1271 1964064
1272 1274 1964067
1271 1274 1964070
1271 1270 1964073
1272 1273 1964076
1271 1273 1964079
1272 1273 1964082
1272 1271 1964085
1272 1271 1964088
1272 1273 1964091
1270 1271 1964094
1272 1274 1964097
1270 1273 1964100
1271 1271 1964103
1271 1272 1964106
1272 1272 1964109
1271 1274 1964112
1272 1273 1964115
1270 1272 1964118
1270 1272 1964121
1273 1272 1964124
1270 1274 1964127
1273 1274 1964130
1269 1272 1964133
1272 1272 1964136
1271 1273 1964139
1272 1271 1964142
1272 1273 1964145
1270 1272 1964148
1271 1272 1964151
1271 1271 1964154
1272 1274 1964157
1272 1274 1964160
1271 1272 1964163
1269 1272 1964166
1271 1272 1964169
1272 1271 1964172
1273 1272 1964175
1270 1273 1964178
1270 1273 1964181
1271 1272 1964184
1270 1271 1964187
1272 1275 1964190
1270 1271 1964193
1271 1273 1964196
1269 1273 1964199
1271 1272 1964202
1271 1272 1964205
1272 1272 1964208
1271 1274 1964211
1271 1272 1964214
1271 1272 1964217
1271 1273 1964220
1273 1273 1964223
1270 1271 1964226
1271 1274 1964229
1269 1272 1964232
1272 1271 1964235
1272 1273 1964238
1271 1273 1964241
1270 1272 1964244
1271 1272 1964247
1271 1272 1964250
1271 1272 1964253
1271 1273 1964256
1270 1273 1964259
1271 1274 1964262
1269 1272 1964265
1273 1273 1964268
1271 1273 1964271
1271 1272 1964274
1271 1272 1964277
1271 1273 1964280
1272 1272 1964283
1270 1271 1964286
1272 1273 1964289
1270 1274 1964292
1271 1274 1964295
1270 1273 1964298
1272 1272 1964301
1271 1272 1964304
1271 1272 1964307
1271 1274 1964310
1271 1273 1964313
1272 1271 1964316
1269 1271 1964319
1272 1275 1964322
1271 1273 1964325
1272 1274 1964328
1270 1273 1964331
1271 1272 1964334
1270 1272 1964337
1272 1273 1964340
1270 1272 1964343
1272 1272 1964346
1270 1272 1964349
1270 1269 1964352
1271 1272 1964355
1270 1271 1964358
1271 1275 1964361
1269 1272 1964364
1272 1271 1964367
1271 1273 1964370
1270 1272 1964373
1272 1273 1964376
1271 1273 1964379
1270 1273 1964382
1269 1271 1964385
1272 1272 1964388
1270 1273 1964391
1270 1273 1964394
1269 1271 1964397
1271 1272 1964400
1271 1272 1964403
1272 1273 1964406
1272 1273 1964409
1269 1271 1964412
1270 1271 1964415
1270 1271 1964418
1271 1275 1964421
1272 1272 1964424
1269 1272 1964427
1269 1273 1964430
1272 1272 1964433
1271 1271 1964436
1274 1271 1964439
1268 1272 1964442
1269 1270 1964445
1270 1272 1964448
1271 1271 1964451
1274 1277 1964454
1267 1272 1964457
1270 1273 1964460
1270 1273 1964463
1272 1271 1964466
1275 1275 1964469
1269 1270 1964472
1269 1272 1964475
1270 1271 1964478
1272 1273 1964481
1270 1275 1964484
1276 1271 1964487
1267 1271 1964490
1269 1274 1964493
1270 1271 1964496
1271 1272 1964499
1275 1271 1964502
1269 1270 1964505
1270 1271 1964508
1270 1274 1964511
1272 1272 1964514
1273 1274 1964517
1270 1272 1964520
1269 1271 1964523
1273 1273 1964526
1269 1272 1964529
1270 1275 1964532
1274 1269 1964535
1270 1270 1964538
1270 1272 1964541
1271 1273 1964544
1271 1275 1964547
1275 1271 1964550
1269 1272 1964553
1269 1270 1964556
1272 1274 1964559
1270 1272 1964562
1273 1276 1964565
1268 1270 1964568
1270 1270 1964571
1272 1274 1964574
1270 1271 1964577
1271 1276 1964580
1268 1270 1964583
1270 1271 1964586
1270 1271 1964589
1272 1274 1964592
1272 1276 1964595
1276 1271 1964598
1268 1271 1964601
1269 1274 1964604
1272 1271 1964607
1271 1272 1964610
1274 1270 1964613
1267 1269 1964616
1270 1272 1964619
1270 1272 1964622
1268 1275 1964625
1273 1276 1964628
1270 1270 1964631
1269 1271 1964634
1272 1273 1964637
1271 1273 1964640
1269 1276 1964643
1268 1268 1964646
1268 1269 1964649
1271 1273 1964652
1270 1273 1964655
1272 1276 1964658
1274 1270 1964661
1268 1270 1964664
1269 1273 1964667
1273 1271 1964670
1270 1273 1964673
1275 1270 1964676
1267 1270 1964679
1268 1270 1964682
1271 1273 1964685
1271 1272 1964688
1275 1276 1964691
1268 1270 1964694
1269 1270 1964697
1272 1272 1964700
1270 1272 1964703
1275 1276 1964706
1268 1269 1964709
1269 1270 1964712
1268 1271 1964715
1273 1273 1964718
1271 1275 1964721
1275 1270 1964724
1268 1271 1964727
1270 1272 1964730
1271 1272 1964733
1272 1274 1964736
1275 1271 1964739
1267 1271 1964742
1268 1273 1964745
1270 1273 1964748
1273 1274 1964751
1274 1272 1964754
1268 1272 1964757
1268 1271 1964760
1272 1274 1964763
1271 1272 1964766
1276 1276 1964769
1269 1271 1964772
1269 1270 1964775
1271 1273 1964778
1271 1271 1964781
1271 1278 1964784
1269 1270 1964787
1270 1272 1964790
1268 1273 1964793
1272 1273 1964796
1273 1275 1964799
1275 1271 1964802
1267 1271 1964805
1269 1272 1964808
1273 1272 1964811
1271 1271 1964814
1276 1274 1964817
1268 1270 1964820
1270 1272 1964823
1269 1272 1964826
1272 1272 1964829
1274 1275 1964832
1269 1269 1964835
1268 1270 1964838
1273 1273 1964841
1271 1272 1964844
1273 1275 1964847
1270 1270 1964850
1269 1271 1964853
1270 1272 1964856
1270 1273 1964859
1272 1275 1964862
1274 1269 1964865
1270 1269 1964868
1269 1273 1964871
1272 1271 1964874
1271 1276 1964877
1275 1269 1964880
1268 1272 1964883
1270 1272 1964886
1271 1273 1964889
1271 1272 1964892
1274 1274 1964895
1267 1271 1964898
1269 1271 1964901
1272 1274 1964904
1271 1274 1964907
1275 1276 1964910
1268 1269 1964913
1270 1272 1964916
1270 1272 1964919
1272 1273 1964922
1269 1276 1964925
1268 1268 1964928
1269 1269 1964931
1270 1272 1964934
1270 1273 1964937
1271 1276 1964940
1275 1271 1964943
1267 1270 1964946
1270 1273 1964949
1272 1272 1964952
1271 1272 1964955
1275 1271 1964958
1269 1270 1964961
1270 1271 1964964
1271 1272 1964967
1271 1273 1964970
1275 1276 1964973
1269 1270 1964976
1269 1268 1964979
1272 1275 1964982
1270 1272 1964985
1276 1278 1964988
1268 1270 1964991
1270 1270 1964994
1270 1272 1964997
1272 1272 1965001
1272 1275 1965004
1275 1270 1965007
1272 1268 1965010
1270 1274 1965013
1273 1270 1965016
1273 1276 1965019
1276 1271 1965022
1268 1270 1965025
1269 1270 1965028
1271 1272 1965031
1272 1272 1965034
1275 1278 1965036
1266 1272 1965039
1269 1270 1965042
1271 1275 1965045
1270 1271 1965048
1275 1276 1965051
1269 1270 1965054
1271 1271 1965057
1270 1273 1965060
1273 1271 1965063
1271 1276 1965066
1268 1269 1965069
1270 1270 1965072
1270 1274 1965075
1272 1271 1965078
1271 1275 1965081
1275 1270 1965084
1268 1271 1965087
1269 1272 1965090
1273 1273 1965093
1271 1273 1965096
1275 1271 1965099
1267 1269 1965102
1268 1270 1965105
1270 1272 1965108
1271 1272 1965111
1275 1277 1965114
1265 1272 1965117
1269 1271 1965120
1272 1273 1965123
1271 1272 1965126
1275 1277 1965129
1269 1269 1965132
1269 1271 1965135
1269 1271 1965138
1274 1274 1965141
1271 1276 1965144
1271 1271 1965147
1268 1271 1965150
1270 1270 1965153
1271 1274 1965156
1272 1276 1965159
1275 1268 1965162
1270 1270 1965165
1269 1274 1965168
1271 1271 1965171
1271 1276 1965174
1275 1271 1965177
1268 1272 1965180
1268 1271 1965183
1273 1274 1965186
1272 1272 1965189
1275 1270 1965192
1267 1271 1965195
1268 1271 1965198
1270 1271 1965201
1271 1271 1965204
1275 1277 1965207
1270 1268 1965210
1271 1271 1965213
1272 1273 1965216
1270 1271 1965219
1274 1275 1965222
1269 1269 1965225
1268 1271 1965228
1270 1273 1965231
1272 1272 1965234
1270 1276 1965237
1270 1271 1965240
1269 1270 1965243
1270 1273 1965246
1269 1273 1965249
1272 1274 1965252
1275 1269 1965255
1269 1271 1965258
1271 1273 1965261
1273 1271 1965264
1270 1275 1965267
1275 1271 1965270
1268 1272 1965273
1269 1272 1965276
1272 1275 1965279
1270 1271 1965282
1275 1270 1965285
1267 1271 1965288
1271 1270 1965291
1271 1272 1965294
1272 1274 1965297
1274 1276 1965300
1268 1269 1965303
1270 1272 1965306
1272 1274 1965309
1270 1272 1965312
1273 1276 1965315
1269 1269 1965318
1266 1271 1965321
1270 1272 1965324
1271 1273 1965327
1270 1276 1965330
1269 1267 1965333
1269 1269 1965336
1271 1273 1965339
1270 1271 1965342
1272 1277 1965345
1273 1272 1965348
1268 1269 1965351
1269 1272 1965354
1272 1271 1965357
1270 1276 1965360
1275 1270 1965363
1268 1270 1965366
1269 1271 1965369
1272 1274 1965372
1271 1272 1965375
1273 1272 1965378
1265 1272 1965381
1269 1270 1965384
1270 1272 1965387
1272 1273 1965390
1274 1277 1965393
1269 1269 1965396
1269 1270 1965399
1272 1271 1965402
1272 1273 1965405
1274 1277 1965408
1269 1270 1965411
1268 1270 1965414
1270 1272 1965417
1271 1273 1965420
1272 1275 1965423
1269 1270 1965426
1271 1271 1965429
1269 1270 1965432
1270 1272 1965435
1272 1277 1965438
1275 1271 1965441
1268 1271 1965444
1268 1273 1965447
1272 1272 1965450
1271 1272 1965453
1274 1270 1965456
1268 1273 1965459
1268 1272 1965462
1270 1272 1965465
1271 1273 1965468
1275 1279 1965471
1268 1270 1965474
1270 1272 1965477
1270 1275 1965480
1271 1272 1965483
1270 1275 1965486
1270 1271 1965489
1270 1271 1965492
1270 1271 1965495
1271 1272 1965498
1270 1273 1965501
1276 1271 1965504
1267 1269 1965507
1269 1273 1965510
1270 1273 1965513
1272 1271 1965516
1274 1277 1965519
1269 1269 1965522
1269 1270 1965525
1271 1272 1965528
1270 1272 1965531
1269 1275 1965534
1269 1270 1965537
1269 1271 1965540
1269 1273 1965543
1271 1273 1965546
1272 1276 1965549
1275 1271 1965552
1268 1269 1965555
1268 1274 1965558
1272 1272 1965561
1269 1271 1965564
1274 1270 1965567
1269 1273 1965570
1269 1272 1965573
1271 1273 1965576
1271 1274 1965579
1275 1276 1965582
1268 1268 1965585
1270 1270 1965588
1270 1274 1965591
1271 1271 1965594
1271 1275 1965597
1269 1269 1965600
1269 1272 1965603
1268 1271 1965606
1272 1274 1965609
1271 1276 1965612
1275 1268 1965615
1269 1270 1965618
1269 1273 1965621
1270 1272 1965624
1272 1275 1965627
1275 1271 1965630
1267 1271 1965633
1270 1274 1965636
1272 1272 1965639
1271 1276 1965642
1274 1269 1965645
1269 1270 1965648
1269 1271 1965651
1273 1272 1965654
1272 1273 1965657
1274 1271 1965660
1267 1272 1965663
1268 1270 1965666
1272 1274 1965669
1271 1274 1965672
1275 1276 1965675
1268 1270 1965678
1269 1270 1965681
1269 1274 1965684
1269 1271 1965687
1274 1277 1965690
1269 1270 1965693
1269 1270 1965696
1270 1272 1965699
1272 1274 1965702
1270 1276 1965705
1268 1270 1965708
1268 1271 1965711
1272 1272 1965714
1272 1273 1965717
1272 1275 1965720
1268 1271 1965723
1270 1270 1965726
1270 1272 1965729
1271 1273 1965732
1273 1277 1965735
1275 1271 1965738
1268 1272 1965741
1266 1273 1965744
1273 1271 1965747
1270 1275 1965750
1276 1271 1965753
1268 1270 1965756
1269 1271 1965759
1272 1274 1965762
1271 1270 1965765
1276 1271 1965768
1267 1270 1965771
1269 1272 1965774
1269 1272 1965777
1272 1272 1965780
1275 1275 1965783
1268 1271 1965786
1269 1271 1965789
1270 1273 1965792
1270 1272 1965795
1274 1276 1965798
1269 1271 1965801
1269 1271 1965804
1272 1274 1965807
1269 1272 1965810
1275 1277 1965813
1269 1269 1965816
1270 1270 1965819
1270 1274 1965822
1272 1272 1965825
1270 1276 1965828
1269 1269 1965831
1269 1272 1965834
1269 1271 1965837
1272 1274 1965840
1271 1276 1965843
1275 1269 1965846
1269 1270 1965849
1270 1273 1965852
1270 1271 1965855
1271 1275 1965858
1274 1271 1965861
1267 1270 1965864
1270 1273 1965867
1272 1272 1965870
1270 1277 1965873
1274 1271 1965876
1268 1270 1965879
1269 1271 1965882
1272 1273 1965885
1271 1272 1965888
1274 1271 1965891
1267 1271 1965894
1267 1270 1965897
1271 1273 1965900
1271 1274 1965903
1275 1277 1965906
1267 1270 1965909
1270 1271 1965912
1272 1272 1965915
1271 1272 1965918
1274 1277 1965921
1269 1269 1965924
1270 1269 1965927
1272 1272 1965930
1272 1273 1965933
1272 1277 1965936
1269 1270 1965939
1269 1271 1965942
1270 1271 1965945
1272 1272 1965948
1271 1275 1965951
1268 1271 1965954
1270 1270 1965957
1270 1272 1965960
1270 1272 1965963
1273 1278 1965966
1275 1270 1965969
1268 1272 1965972
1267 1273 1965975
1271 1270 1965978
1271 1276 1965981
1275 1272 1965984
1266 1271 1965987
1269 1271 1965990
1272 1272 1965993
1269 1271 1965996
1276 1270 1966000
1267 1272 1966003
1269 1269 1966006
1271 1272 1966009
1272 1272 1966012
1275 1271 1966015
1266 1270 1966018
1270 1270 1966021
1270 1273 1966024
1272 1272 1966027
1277 1275 1966030
1269 1271 1966033
1270 1270 1966036
1273 1273 1966039
1270 1272 1966041
1275 1275 1966044
1269 1269 1966047
1269 1270 1966050
1272 1273 1966053
1271 1273 1966056
1271 1274 1966059
1269 1271 1966062
1269 1270 1966065
1270 1270 1966068
1271 1274 1966071
1272 1274 1966074
1276 1269 1966077
1269 1270 1966080
1270 1272 1966083
1270 1272 1966086
1272 1275 1966089
1276 1272 1966092
1267 1270 1966095
1269 1273 1966098
1271 1272 1966101
1271 1272 1966104
1275 1273 1966107
1268 1270 1966110
1268 1271 1966113
1270 1272 1966116
1270 1271 1966119
1271 1276 1966122
1270 1271 1966125
1269 1270 1966128
1270 1272 1966131
1270 1273 1966134
1274 1274 1966137
1276 1270 1966140
1268 1270 1966143
1268 1273 1966146
1272 1272 1966149
1271 1271 1966152
1274 1276 1966155
1270 1270 1966158
1269 1269 1966161
1271 1274 1966164
1271 1272 1966167
1272 1275 1966170
1268 1270 1966173
1271 1272 1966176
1270 1272 1966179
1271 1273 1966182
1271 1273 1966185
1274 1269 1966188
1268 1271 1966191
1268 1272 1966194
1270 1274 1966197
1271 1272 1966200
1275 1276 1966203
1268 1270 1966206
1269 1270 1966209
1271 1274 1966212
1271 1273 1966215
1270 1274 1966218
1268 1268 1966221
1269 1272 1966224
1269 1272 1966227
1271 1273 1966230
1271 1276 1966233
1276 1271 1966236
1268 1270 1966239
1270 1272 1966242
1272 1274 1966245
1271 1270 1966248
1274 1271 1966251
1267 1270 1966254
1270 1272 1966257
1270 1271 1966260
1271 1274 1966263
1273 1277 1966266
1269 1270 1966269
1270 1270 1966272
1271 1274 1966275
1271 1273 1966278
1271 1274 1966281
1274 1269 1966284
1268 1268 1966287
1271 1272 1966290
1271 1271 1966293
1271 1277 1966296
1274 1271 1966299
1268 1270 1966302
1269 1271 1966305
1271 1271 1966308
1272 1273 1966311
1274 1276 1966314
1267 1272 1966317
1267 1271 1966320
1272 1275 1966323
1269 1272 1966326
1275 1277 1966329
1267 1269 1966332
1269 1271 1966335
1269 1271 1966338
1272 1272 1966341
1271 1276 1966344
1274 1270 1966347
1268 1270 1966350
1269 1273 1966353
1272 1274 1966356
1270 1276 1966359
1275 1271 1966362
1266 1271 1966365
1269 1270 1966368
1270 1272 1966371
1271 1273 1966374
1274 1278 1966377
1269 1270 1966380
1270 1271 1966383
1272 1273 1966386
1271 1273 1966389
1271 1276 1966392
1269 1272 1966395
1267 1271 1966398
1270 1270 1966401
1272 1273 1966404
1272 1277 1966407
1274 1271 1966410
1267 1271 1966413
1269 1273 1966416
1272 1272 1966419
1271 1273 1966422
1275 1272 1966425
1268 1271 1966428
1268 1271 1966431
1270 1272 1966434
1271 1273 1966437
1275 1275 1966440
1269 1269 1966443
1269 1271 1966446
1271 1274 1966449
1270 1270 1966452
1271 1278 1966455
1268 1269 1966458
1270 1271 1966461
1269 1272 1966464
1271 1273 1966467
1272 1276 1966470
1276 1270 1966473
1268 1271 1966476
1268 1273 1966479
1272 1272 1966482
1270 1272 1966485
1276 1274 1966488
1267 1269 1966491
1270 1272 1966494
1268 1272 1966497
1271 1273 1966500
1275 1275 1966503
1269 1270 1966506
1268 1271 1966509
1271 1273 1966512
1271 1272 1966515
1269 1275 1966518
1269 1270 1966521
1269 1271 1966524
1269 1273 1966527
1268 1272 1966530
1272 1275 1966533
1275 1271 1966536
1268 1271 1966539
1269 1272 1966542
1272 1274 1966545
1271 1272 1966548
1273 1270 1966551
1268 1272 1966554
1269 1271 1966557
1272 1273 1966560
1270 1273 1966563
1275 1276 1966566
1269 1270 1966569
1270 1270 1966572
1270 1274 1966575
1272 1273 1966578
1270 1274 1966581
1267 1268 1966584
1270 1272 1966587
1269 1273 1966590
1271 1273 1966593
1270 1276 1966596
1275 1271 1966599
1268 1270 1966602
1270 1272 1966605
1272 1274 1966608
1272 1271 1966611
1274 1271 1966614
1266 1270 1966617
1272 1272 1966620
1271 1271 1966623
1272 1274 1966626
1274 1277 1966629
1270 1269 1966632
1269 1271 1966635
1271 1274 1966638
1271 1272 1966641
1270 1276 1966644
1267 1269 1966647
1267 1269 1966650
1270 1272 1966653
1270 1273 1966656
1272 1278 1966659
1274 1270 1966662
1268 1270 1966665
1270 1274 1966668
1273 1271 1966671
1270 1276 1966674
1275 1271 1966677
1269 1271 1966680
1269 1270 1966683
1272 1275 1966686
1271 1274 1966689
1275 1276 1966692
1266 1271 1966695
1269 1272 1966698
1272 1272 1966701
1271 1271 1966704
1274 1277 1966707
1267 1270 1966710
1268 1270 1966713
1269 1272 1966716
1272 1275 1966719
1271 1275 1966722
1273 1270 1966725
1268 1272 1966728
1270 1272 1966731
1271 1272 1966734
1272 1276 1966737
1274 1271 1966740
1267 1270 1966743
1269 1271 1966746
1272 1273 1966749
1272 1273 1966752
1274 1271 1966755
1267 1273 1966758
1267 1271 1966761
1271 1271 1966764
1271 1273 1966767
1275 1276 1966770
1269 1269 1966773
1269 1270 1966776
1271 1274 1966779
1270 1271 1966782
1271 1277 1966785
1268 1271 1966788
1270 1271 1966791
1268 1271 1966794
1272 1273 1966797
1272 1276 1966800
1275 1270 1966803
1268 1271 1966806
1269 1274 1966809
1272 1272 1966812
1270 1271 1966815
1277 1273 1966818
1268 1270 1966821
1270 1272 1966824
1270 1273 1966827
1272 1271 1966830
1275 1275 1966833
1268 1270 1966836
1268 1271 1966839
1271 1272 1966842
1270 1272 1966845
1274 1277 1966848
1269 1270 1966851
1268 1270 1966854
1270 1274 1966857
1270 1274 1966860
1271 1274 1966863
1275 1269 1966866
1269 1270 1966869
1269 1274 1966872
1272 1271 1966875
1271 1273 1966878
1274 1270 1966881
1269 1272 1966884
1268 1272 1966887
1270 1273 1966890
1271 1273 1966893
1276 1276 1966896
1269 1270 1966899
1269 1271 1966902
1270 1273 1966905
1272 1274 1966908
1270 1274 1966911
1274 1269 1966914
1268 1272 1966917
1268 1272 1966920
1274 1272 1966923
1270 1271 1966926
1274 1276 1966929
1269 1269 1966932
1270 1269 1966935
1272 1274 1966938
1270 1271 1966941
1271 1274 1966944
1274 1268 1966947
1270 1272 1966950
1268 1273 1966953
1272 1272 1966956
1271 1273 1966959
1275 1276 1966962
1268 1270 1966965
1270 1272 1966968
1272 1273 1966971
1271 1271 1966974
1271 1275 1966977
1274 1269 1966980
1271 1271 1966983
1270 1273 1966986
1272 1274 1966989
1270 1274 1966992
1275 1272 1966995
1268 1272 1966999
1270 1271 1967002
1272 1272 1967005
1273 1273 1967008
1272 1275 1967011
1269 1270 1967014
1270 1269 1967017
1271 1272 1967020
1272 1275 1967023
1272 1275 1967026
1274 1272 1967029
1268 1270 1967032
1269 1270 1967035
1273 1273 1967038
1269 1271 1967040
1276 1275 1967043
1267 1272 1967046
1270 1271 1967049
1273 1273 1967052
1270 1273 1967055
1276 1275 1967058
1269 1271 1967061
1270 1269 1967064
1270 1274 1967067
1271 1274 1967070
1271 1274 1967073
1272 1272 1967076
1269 1270 1967079
1271 1273 1967082
1272 1272 1967085
1271 1275 1967088
1274 1273 1967091
1269 1270 1967094
1269 1272 1967097
1270 1272 1967100
1270 1274 1967103
1273 1273 1967106
1269 1272 1967109
1269 1272 1967112
1271 1272 1967115
1272 1273 1967118
1273 1274 1967121
1270 1272 1967124
1270 1272 1967127
1270 1272 1967130
1272 1270 1967133
1274 1274 1967136
1271 1272 1967139
1271 1273 1967142
1270 1271 1967145
1272 1273 1967148
1271 1274 1967151
1272 1271 1967154
1271 1272 1967157
1271 1273 1967160
1268 1273 1967163
1270 1272 1967166
1272 1274 1967169
1270 1272 1967172
1271 1273 1967175
1270 1273 1967178
1271 1273 1967181
1272 1271 1967184
1271 1272 1967187
1270 1273 1967190
1271 1273 1967193
1271 1271 1967196
1271 1272 1967199
1271 1274 1967202
1270 1272 1967205
1271 1273 1967208
1270 1273 1967211
1272 1272 1967214
1271 1272 1967217
1271 1273 1967220
1270 1274 1967223
1271 1273 1967226
1271 1272 1967229
1270 1272 1967232
1272 1274 1967235
1270 1272 1967238
1271 1274 1967241
1270 1272 1967244
1272 1272 1967247
1270 1272 1967250
1271 1272 1967253
1271 1272 1967256
1272 1273 1967259
1271 1273 1967262
1270 1271 1967265
1272 1274 1967268
1271 1273 1967271
1271 1272 1967274
1271 1271 1967277
1271 1272 1967280
1271 1273 1967283
1272 1272 1967286
1272 1273 1967289
1271 1273 1967292
1271 1272 1967295
1270 1271 1967298
1272 1274 1967301
1271 1272 1967304
1271 1273 1967307
1269 1273 1967310
1271 1271 1967313
1272 1272 1967316
1272 1272 1967319
1270 1274 1967322
1271 1272 1967325
1271 1271 1967328
1270 1273 1967331
1272 1273 1967334
1271 1272 1967337
1272 1274 1967340
1269 1274 1967343
1270 1273 1967346
1271 1272 1967349
1271 1273 1967352
1271 1274 1967355
1270 1271 1967358
1270 1272 1967361
1270 1271 1967364
1272 1273 1967367
1270 1273 1967370
1269 1273 1967373
1270 1272 1967376
1273 1272 1967379
1272 1273 1967382
1272 1273 1967385
1271 1273 1967388
1271 1273 1967391
1271 1272 1967394
1271 1271 1967397
1272 1274 1967400
1270 1273 1967403
1271 1274 1967406
1271 1272 1967409
1272 1273 1967412
1271 1273 1967415
1272 1272 1967418
1271 1274 1967421
1271 1272 1967424
1271 1271 1967427
1270 1272 1967430
1272 1276 1967433
1269 1273 1967436
1270 1274 1967439
1269 1273 1967442
1272 1272 1967445
1272 1274 1967448
1271 1274 1967451
1270 1273 1967454
1270 1271 1967457
1270 1272 1967460
1270 1274 1967463
1271 1274 1967466
1270 1272 1967469
1271 1273 1967472
1270 1273 1967475
1272 1272 1967478
1271 1273 1967481
1271 1272 1967484
1271 1272 1967487
1271 1272 1967490
1270 1271 1967493
1269 1271 1967496
1271 1272 1967499
1270 1273 1967502
1271 1273 1967505
1269 1272 1967508
1272 1273 1967511
1271 1271 1967514
1271 1271 1967517
1271 1273 1967520
1271 1272 1967523
1270 1272 1967526
1271 1271 1967529
1271 1273 1967532
1271 1273 1967535
1271 1272 1967538
1269 1273 1967541
1272 1272 1967544
1271 1271 1967547
1271 1273 1967550
1270 1273 1967553
1270 1272 1967556
1273 1271 1967559
1270 1272 1967562
1271 1274 1967565
1270 1272 1967568
1272 1275 1967571
1270 1272 1967574
1271 1271 1967577
1271 1272 1967580
1271 1273 1967583
1270 1272 1967586
1271 1272 1967589
1270 1272 1967592
1270 1272 1967595
1272 1273 1967598
1271 1274 1967601
1271 1274 1967604
1270 1271 1967607
1271 1272 1967610
1271 1272 1967613
1271 1272 1967616
1271 1273 1967619
1271 1273 1967622
1271 1272 1967625
1271 1271 1967628
1272 1275 1967631
1270 1273 1967634
1271 1271 1967637
1269 1273 1967640
1271 1272 1967643
1271 1272 1967646
1272 1272 1967649
1271 1274 1967652
1271 1273 1967655
1271 1271 1967658
1271 1273 1967661
1273 1274 1967664
1270 1271 1967667
1272 1273 1967670
1269 1273 1967673
1270 1273 1967676
1271 1273 1967679
1271 1273 1967682
1270 1273 1967685
1271 1272 1967688
1271 1272 1967691
1271 1272 1967694
1271 1273 1967697
1271 1271 1967700
1271 1274 1967703
1271 1271 1967706
1272 1271 1967709
1271 1272 1967712
1271 1272 1967715
1270 1272 1967718
1271 1273 1967721
1271 1273 1967724
1270 1271 1967727
1272 1274 1967730
1270 1272 1967733
1272 1273 1967736
1270 1272 1967739
1272 1272 1967742
1271 1273 1967745
1271 1272 1967748
1271 1273 1967751
1271 1273 1967754
1271 1271 1967757
1271 1271 1967760
1272 1274 1967763
1270 1272 1967766
1271 1273 1967769
1270 1272 1967772
1272 1273 1967775
1271 1272 1967778
1272 1272 1967781
1271 1273 1967784
1272 1271 1967787
1271 1272 1967790
1270 1271 1967793
1271 1273 1967796
1271 1272 1967799
1272 1273 1967802
