1272 1272 3699138
1272 1272 3699141
1270 1272 3699144
1270 1271 3699147
1272 1271 3699150
1271 1272 3699153
1269 1273 3699156
1272 1272 3699159
1272 1273 3699162
1271 1273 3699165
1271 1272 3699168
1270 1272 3699171
1271 1273 3699174
1270 1273 3699177
1271 1272 3699180
1272 1271 3699183
1272 1272 3699186
1270 1272 3699189
1271 1272 3699192
1272 1274 3699195
1270 1273 3699198
1271 1271 3699201
1271 1273 3699204
1272 1274 3699207
1270 1272 3699210
1270 1271 3699213
1272 1272 3699216
1271 1272 3699219
1270 1272 3699222
1272 1273 3699225
1272 1272 3699228
1270 1271 3699231
1271 1271 3699234
1270 1273 3699237
1272 1273 3699240
1271 1271 3699243
1271 1272 3699246
1271 1272 3699249
1272 1271 3699252
1270 1272 3699255
1271 1273 3699258
1270 1273 3699261
1271 1272 3699264
1270 1272 3699267
1270 1272 3699270
1272 1273 3699273
1270 1273 3699276
1270 1271 3699279
1271 1271 3699282
1271 1272 3699285
1270 1273 3699288
1271 1273 3699291
1271 1273 3699294
1270 1273 3699297
1270 1272 3699300
1270 1273 3699303
1272 1275 3699306
1270 1271 3699309
1271 1270 3699312
1271 1272 3699315
1268 1272 3699318
1270 1273 3699321
1272 1272 3699324
1272 1273 3699327
1271 1273 3699330
1271 1272 3699333
1271 1273 3699336
1272 1274 3699339
1270 1271 3699342
1270 1271 3699345
1271 1273 3699348
1272 1272 3699351
1270 1272 3699354
1272 1273 3699357
1272 1274 3699360
1270 1272 3699363
1271 1273 3699366
1271 1273 3699369
1272 1273 3699372
1270 1272 3699375
1270 1271 3699378
1272 1272 3699381
1272 1273 3699384
1270 1274 3699387
1271 1273 3699390
1271 1272 3699393
1270 1273 3699396
1271 1273 3699399
1271 1272 3699402
1271 1273 3699405
1270 1272 3699408
1273 1270 3699411
1272 1272 3699414
1271 1273 3699417
1270 1273 3699420
1272 1272 3699423
1272 1274 3699426
1271 1273 3699429
1271 1271 3699432
1271 1272 3699435
1271 1274 3699438
1269 1272 3699441
1271 1271 3699444
1272 1272 3699447
1271 1273 3699450
1270 1272 3699453
1272 1273 3699456
1272 1274 3699459
1271 1272 3699462
1271 1272 3699465
1271 1273 3699468
1274 1274 3699471
1271 1272 3699474
1271 1272 3699477
1272 1273 3699480
1272 1271 3699483
1270 1273 3699486
1272 1274 3699489
1272 1272 3699492
1270 1272 3699495
1271 1272 3699498
1270 1272 3699501
1272 1272 3699504
1270 1272 3699507
1270 1271 3699510
1272 1271 3699513
1272 1272 3699516
1271 1274 3699519
1272 1272 3699522
1271 1272 3699525
1270 1273 3699528
1269 1273 3699531
1272 1273 3699534
1272 1273 3699537
1270 1273 3699540
1271 1271 3699543
1272 1272 3699546
1271 1273 3699549
1270 1272 3699552
1272 1273 3699555
1272 1273 3699558
1271 1273 3699561
1271 1272 3699564
1271 1273 3699567
1271 1274 3699570
1270 1272 3699573
1270 1270 3699576
1271 1272 3699579
1271 1271 3699582
1269 1272 3699585
1271 1273 3699588
1271 1274 3699591
1270 1273 3699594
1271 1272 3699597
1271 1273 3699600
1271 1274 3699603
1270 1272 3699606
1271 1270 3699609
1272 1271 3699612
1272 1271 3699615
1270 1273 3699618
1272 1273 3699621
1271 1272 3699624
1270 1273 3699627
1271 1273 3699630
1270 1273 3699633
1271 1273 3699636
1271 1273 3699639
1270 1271 3699642
1272 1271 3699645
1271 1272 3699648
1270 1273 3699651
1273 1273 3699654
1273 1274 3699657
1271 1274 3699660
1271 1273 3699663
1271 1272 3699666
1271 1274 3699669
1270 1271 3699672
1270 1271 3699675
1272 1272 3699678
1271 1273 3699681
1269 1272 3699684
1271 1273 3699687
1272 1273 3699690
1270 1273 3699693
1271 1272 3699696
1271 1274 3699699
1271 1273 3699702
1270 1272 3699705
1270 1271 3699708
1271 1272 3699711
1271 1272 3699714
1270 1273 3699717
1272 1273 3699720
1272 1273 3699723
1270 1272 3699726
1271 1273 3699729
1270 1272 3699732
1272 1272 3699735
1271 1272 3699738
1270 1271 3699741
1271 1272 3699744
1271 1271 3699747
1270 1273 3699750
1272 1273 3699753
1272 1273 3699756
1271 1274 3699759
1271 1272 3699762
1270 1271 3699765
1272 1273 3699768
1270 1272 3699771
1270 1271 3699774
1271 1272 3699777
1271 1271 3699780
1270 1274 3699783
1272 1273 3699786
1272 1274 3699789
1271 1273 3699792
1271 1271 3699795
1271 1273 3699798
1271 1274 3699801
1270 1272 3699804
1270 1270 3699807
1271 1272 3699810
1270 1273 3699813
1270 1272 3699816
1272 1273 3699819
1271 1274 3699822
1270 1271 3699825
1271 1272 3699828
1270 1273 3699831
1271 1273 3699834
1270 1272 3699837
1270 1271 3699840
1272 1272 3699843
1271 1272 3699846
1270 1273 3699849
1272 1273 3699852
1272 1272 3699855
1270 1273 3699858
1270 1272 3699861
1268 1273 3699864
1271 1273 3699867
1270 1272 3699870
1270 1271 3699873
1271 1271 3699876
1272 1272 3699879
1270 1273 3699882
1271 1272 3699885
1272 1273 3699888
1270 1273 3699891
1272 1274 3699894
1271 1273 3699897
1272 1274 3699900
1271 1273 3699903
1270 1270 3699906
1272 1272 3699909
1271 1273 3699912
1270 1272 3699915
1271 1272 3699918
1271 1273 3699921
1270 1273 3699924
1271 1272 3699927
1271 1272 3699930
1272 1274 3699933
1270 1272 3699936
1270 1270 3699939
1271 1273 3699942
1271 1271 3699945
1270 1273 3699948
1272 1273 3699951
1271 1273 3699954
1271 1272 3699957
1271 1272 3699960
1270 1273 3699963
1271 1273 3699966
1269 1272 3699969
1270 1272 3699972
1272 1271 3699975
1271 1272 3699978
1270 1273 3699981
1272 1272 3699984
1271 1273 3699987
1269 1272 3699990
1270 1273 3699993
1271 1272 3699996
1271 1272 3700000
1270 1273 3700003
1271 1272 3700006
1270 1270 3700009
1271 1272 3700012
1270 1271 3700015
1271 1272 3700018
1271 1272 3700021
1272 1272 3700024
1271 1272 3700027
1271 1271 3700029
1271 1273 3700032
1270 1272 3700035
1271 1273 3700038
1272 1273 3700041
1273 1273 3700044
1270 1272 3700047
1270 1273 3700050
1271 1274 3700053
1271 1272 3700056
1271 1271 3700059
1272 1272 3700062
1270 1272 3700065
1271 1272 3700068
1271 1272 3700071
1271 1274 3700074
1272 1273 3700077
1270 1271 3700080
1271 1272 3700083
1272 1273 3700086
1272 1272 3700089
1270 1274 3700092
1272 1273 3700095
1272 1272 3700098
1270 1273 3700101
1271 1272 3700104
1270 1272 3700107
1271 1273 3700110
1269 1272 3700113
1270 1271 3700116
1272 1271 3700119
1271 1274 3700122
1270 1272 3700125
1272 1272 3700128
1272 1273 3700131
1270 1273 3700134
1271 1272 3700137
1271 1272 3700140
1272 1273 3700143
1271 1273 3700146
1271 1270 3700149
1272 1273 3700152
1272 1272 3700155
1269 1272 3700158
1272 1273 3700161
1271 1274 3700164
1270 1273 3700167
1271 1271 3700170
1271 1273 3700173
1271 1274 3700176
1270 1272 3700179
1270 1272 3700182
1271 1272 3700185
1272 1270 3700188
1270 1272 3700191
1272 1273 3700194
1270 1273 3700197
1270 1272 3700200
1270 1272 3700203
1270 1272 3700206
1270 1274 3700209
1270 1273 3700212
1271 1272 3700215
1271 1271 3700218
1271 1272 3700221
1270 1273 3700224
1269 1274 3700227
1271 1273 3700230
1270 1273 3700233
1270 1273 3700236
1270 1273 3700239
1272 1274 3700242
1270 1273 3700245
1270 1270 3700248
1272 1271 3700251
1271 1272 3700254
1269 1272 3700257
1271 1272 3700260
1272 1273 3700263
1270 1273 3700266
1270 1270 3700269
1272 1272 3700272
1272 1274 3700275
1270 1271 3700278
1271 1271 3700281
1271 1272 3700284
1268 1273 3700287
1268 1272 3700290
1271 1273 3700293
1271 1274 3700296
1270 1271 3700299
1271 1272 3700302
1271 1274 3700305
1272 1273 3700308
1270 1271 3700311
1271 1271 3700314
1270 1272 3700317
1271 1271 3700320
1271 1273 3700323
1271 1274 3700326
1271 1273 3700329
1271 1272 3700332
1271 1273 3700335
1270 1271 3700338
1272 1273 3700341
1270 1272 3700344
1270 1271 3700347
1272 1272 3700350
1272 1272 3700353
1270 1273 3700356
1271 1273 3700359
1271 1273 3700362
1271 1274 3700365
1271 1271 3700368
1271 1272 3700371
1271 1274 3700374
1270 1272 3700377
1270 1271 3700380
1271 1272 3700383
1271 1272 3700386
1270 1273 3700389
1272 1272 3700392
1271 1274 3700395
1270 1272 3700398
1272 1271 3700401
1270 1273 3700404
1271 1272 3700407
1270 1270 3700410
1270 1271 3700413
1272 1273 3700416
1272 1272 3700419
1270 1272 3700422
1272 1273 3700425
1272 1272 3700428
1270 1272 3700431
1270 1272 3700434
1271 1273 3700437
1271 1273 3700440
1269 1272 3700443
1270 1271 3700446
1271 1272 3700449
1271 1271 3700452
1270 1273 3700455
1272 1272 3700458
1272 1272 3700461
1270 1273 3700464
1271 1272 3700467
1272 1273 3700470
1272 1273 3700473
1271 1273 3700476
1271 1271 3700479
1272 1272 3700482
1271 1273 3700485
1270 1273 3700488
1272 1273 3700491
1272 1274 3700494
1270 1274 3700497
1270 1273 3700500
1271 1272 3700503
1272 1274 3700506
1270 1273 3700509
1271 1270 3700512
1272 1272 3700515
1271 1272 3700518
1271 1272 3700521
1272 1273 3700524
1271 1273 3700527
1270 1272 3700530
1271 1272 3700533
1270 1273 3700536
1272 1274 3700539
1270 1271 3700542
1270 1272 3700545
1271 1272 3700548
1271 1270 3700551
1270 1273 3700554
1271 1273 3700557
1271 1273 3700560
1271 1272 3700563
1271 1272 3700566
1270 1273 3700569
1272 1273 3700572
1271 1273 3700575
1270 1271 3700578
1271 1270 3700581
1271 1272 3700584
1270 1273 3700587
1272 1272 3700590
1272 1273 3700593
1271 1273 3700596
1270 1272 3700599
1271 1271 3700602
1272 1274 3700605
1270 1272 3700608
1270 1270 3700611
1271 1272 3700614
1271 1272 3700617
1270 1273 3700620
1272 1273 3700623
1272 1274 3700626
1271 1272 3700629
1271 1272 3700632
1271 1273 3700635
1272 1274 3700638
1270 1271 3700641
1270 1271 3700644
1272 1272 3700647
1268 1272 3700650
1269 1272 3700653
1272 1273 3700656
1271 1273 3700659
1270 1272 3700662
1271 1272 3700665
1271 1273 3700668
1272 1272 3700671
1270 1272 3700674
1270 1271 3700677
1272 1270 3700680
1272 1271 3700683
1270 1272 3700686
1272 1273 3700689
1271 1271 3700692
1271 1273 3700695
1270 1273 3700698
1271 1272 3700701
1271 1273 3700704
1270 1272 3700707
1270 1270 3700710
1271 1271 3700713
1271 1271 3700716
1270 1273 3700719
1272 1270 3700722
1272 1273 3700725
1271 1273 3700728
1271 1272 3700731
1271 1272 3700734
1272 1274 3700737
1270 1273 3700740
1270 1271 3700743
1272 1272 3700746
1271 1272 3700749
1270 1273 3700752
1272 1273 3700755
1272 1274 3700758
1270 1272 3700761
1271 1271 3700764
1270 1273 3700767
1271 1273 3700770
1270 1272 3700773
1271 1270 3700776
1272 1272 3700779
1272 1272 3700782
1270 1272 3700785
1272 1274 3700788
1273 1273 3700791
1271 1272 3700794
1270 1273 3700797
1270 1272 3700800
1272 1273 3700803
1269 1273 3700806
1270 1272 3700809
1271 1272 3700812
1272 1272 3700815
1270 1273 3700818
1272 1273 3700821
1272 1273 3700824
1270 1273 3700827
1270 1271 3700830
1271 1271 3700833
1273 1273 3700836
1270 1273 3700839
1270 1271 3700842
1272 1271 3700845
1271 1272 3700848
1270 1273 3700851
1272 1272 3700854
1272 1273 3700857
1270 1273 3700860
1270 1272 3700863
1271 1272 3700866
1272 1274 3700869
1271 1272 3700872
1270 1271 3700875
1272 1273 3700878
1270 1276 3700881
1270 1272 3700884
1271 1273 3700887
1271 1273 3700890
1271 1272 3700893
1271 1272 3700896
1270 1273 3700899
1271 1274 3700902
1270 1272 3700905
1271 1272 3700908
1271 1272 3700911
1271 1271 3700914
1270 1273 3700917
1271 1273 3700920
1271 1273 3700923
1271 1272 3700926
1271 1272 3700929
1271 1273 3700932
1272 1273 3700935
1271 1273 3700938
1270 1271 3700941
1271 1271 3700944
1272 1272 3700947
1270 1273 3700950
1271 1272 3700953
1271 1273 3700956
1269 1273 3700959
1271 1273 3700962
1271 1272 3700965
1272 1274 3700968
1270 1272 3700971
1270 1270 3700974
1272 1272 3700977
1272 1273 3700980
1272 1272 3700983
1273 1272 3700986
1272 1273 3700989
1270 1273 3700992
1271 1272 3700995
1271 1273 3700999
1272 1273 3701002
1270 1271 3701005
1269 1273 3701008
1271 1273 3701011
1269 1273 3701014
1271 1271 3701017
1273 1272 3701020
1271 1272 3701023
1271 1272 3701026
1272 1273 3701029
1270 1273 3701031
1271 1274 3701034
1271 1271 3701037
1271 1273 3701040
1272 1273 3701043
1272 1273 3701046
1271 1272 3701049
1272 1272 3701052
1272 1271 3701055
1271 1272 3701058
1270 1273 3701061
1273 1271 3701064
1271 1271 3701067
1272 1272 3701070
1271 1272 3701073
1270 1272 3701076
1273 1273 3701079
1272 1274 3701082
1270 1273 3701085
1271 1273 3701088
1271 1274 3701091
1271 1273 3701094
1270 1271 3701097
1270 1271 3701100
1271 1272 3701103
1271 1271 3701106
1270 1273 3701109
1272 1273 3701112
1272 1274 3701115
1271 1273 3701118
1271 1272 3701121
1270 1272 3701124
1272 1273 3701127
1270 1273 3701130
1270 1271 3701133
1272 1271 3701136
1272 1271 3701139
1270 1273 3701142
1272 1273 3701145
1272 1273 3701148
1271 1273 3701151
1270 1272 3701154
1271 1272 3701157
1272 1273 3701160
1270 1273 3701163
1270 1270 3701166
1271 1272 3701169
1272 1272 3701172
1270 1273 3701175
1271 1272 3701178
1272 1274 3701181
1270 1272 3701184
1271 1271 3701187
1270 1273 3701190
1271 1272 3701193
1270 1271 3701196
1271 1271 3701199
1271 1272 3701202
1271 1272 3701205
1269 1272 3701208
1272 1274 3701211
1271 1273 3701214
1270 1272 3701217
1271 1272 3701220
1270 1272 3701223
1269 1275 3701226
1270 1272 3701229
1270 1272 3701232
1272 1272 3701235
1272 1271 3701238
1270 1274 3701241
1272 1273 3701244
1272 1272 3701247
1271 1272 3701250
1271 1272 3701253
1270 1272 3701256
1272 1273 3701259
1270 1273 3701262
1270 1271 3701265
1271 1271 3701268
1274 1272 3701271
1269 1273 3701274
1272 1272 3701277
1271 1273 3701280
1270 1273 3701283
1271 1271 3701286
1271 1272 3701289
1272 1273 3701292
1270 1272 3701295
1270 1270 3701298
1271 1273 3701301
1272 1272 3701304
1270 1272 3701307
1272 1273 3701310
1271 1273 3701313
1269 1273 3701316
1271 1272 3701319
1270 1273 3701322
1272 1274 3701325
1270 1271 3701328
1270 1271 3701331
1271 1272 3701334
1271 1271 3701337
1270 1273 3701340
1272 1273 3701343
1268 1274 3701346
1270 1272 3701349
1271 1272 3701352
1271 1272 3701355
1272 1272 3701358
1270 1273 3701361
1271 1272 3701364
1272 1271 3701367
1271 1271 3701370
1270 1273 3701373
1272 1272 3701376
1272 1272 3701379
1271 1273 3701382
1270 1272 3701385
1271 1272 3701388
1272 1273 3701391
1270 1273 3701394
1271 1269 3701397
1272 1271 3701400
1271 1271 3701403
1272 1274 3701406
1273 1273 3701409
1273 1274 3701412
1271 1273 3701415
1271 1272 3701418
1270 1272 3701421
1271 1274 3701424
1270 1271 3701427
1271 1270 3701430
1271 1272 3701433
1271 1271 3701436
1270 1272 3701439
1271 1275 3701442
1271 1275 3701445
1271 1273 3701448
1271 1271 3701451
1270 1273 3701454
1271 1273 3701457
1270 1272 3701460
1270 1271 3701463
1271 1271 3701466
1271 1271 3701469
1270 1273 3701472
1272 1274 3701475
1271 1273 3701478
1270 1272 3701481
1270 1273 3701484
1270 1272 3701487
1271 1273 3701490
1270 1272 3701493
1270 1271 3701496
1271 1271 3701499
1271 1272 3701502
1271 1273 3701505
1272 1273 3701508
1272 1273 3701511
1270 1273 3701514
1270 1272 3701517
1271 1272 3701520
1271 1274 3701523
1270 1272 3701526
1271 1270 3701529
1272 1272 3701532
1271 1272 3701535
1270 1273 3701538
1272 1272 3701541
1271 1274 3701544
1270 1272 3701547
1270 1272 3701550
1270 1273 3701553
1271 1273 3701556
1271 1271 3701559
1270 1270 3701562
1272 1272 3701565
1271 1272 3701568
1270 1272 3701571
1272 1273 3701574
1271 1272 3701577
1271 1272 3701580
1271 1273 3701583
1270 1272 3701586
1272 1273 3701589
1270 1271 3701592
1270 1272 3701595
1271 1272 3701598
1272 1272 3701601
1270 1274 3701604
1272 1272 3701607
1271 1273 3701610
1271 1273 3701613
1270 1271 3701616
1270 1271 3701619
1272 1272 3701622
1270 1272 3701625
1270 1271 3701628
1271 1271 3701631
1271 1273 3701634
1270 1272 3701637
1272 1272 3701640
1272 1273 3701643
1270 1271 3701646
1270 1271 3701649
1270 1272 3701652
1271 1273 3701655
1269 1273 3701658
1270 1271 3701661
1272 1273 3701664
1271 1271 3701667
1270 1272 3701670
1271 1273 3701673
1272 1273 3701676
1269 1271 3701679
1270 1271 3701682
1270 1273 3701685
1272 1273 3701688
1270 1272 3701691
1271 1272 3701694
1272 1271 3701697
1272 1271 3701700
1269 1272 3701703
1272 1273 3701706
1272 1273 3701709
1271 1272 3701712
1271 1273 3701715
1270 1274 3701718
1272 1273 3701721
1270 1273 3701724
1270 1271 3701727
1271 1270 3701730
1272 1272 3701733
1270 1273 3701736
1271 1273 3701739
1272 1272 3701742
1271 1273 3701745
1271 1273 3701748
1271 1272 3701751
1271 1274 3701754
1270 1272 3701757
1270 1270 3701760
1271 1272 3701763
1272 1273 3701766
1269 1272 3701769
1272 1272 3701772
1272 1273 3701775
1270 1273 3701778
1271 1272 3701781
1271 1273 3701784
1272 1273 3701787
1270 1271 3701790
1270 1270 3701793
1270 1272 3701796
1272 1272 3701799
1270 1273 3701802
1272 1273 3701805
1271 1273 3701808
1270 1273 3701811
1271 1272 3701814
1271 1273 3701817
1272 1272 3701820
1270 1272 3701823
1270 1271 3701826
1273 1271 3701829
1272 1271 3701832
1270 1273 3701835
1272 1274 3701838
1271 1273 3701841
1271 1273 3701844
1271 1273 3701847
1271 1272 3701850
1272 1273 3701853
1270 1273 3701856
1270 1270 3701859
1271 1271 3701862
1272 1272 3701865
1270 1273 3701868
1272 1272 3701871
1271 1273 3701874
1271 1273 3701877
1271 1272 3701880
1270 1272 3701883
1271 1274 3701886
1270 1272 3701889
1270 1270 3701892
1272 1272 3701895
1271 1272 3701898
1270 1273 3701901
1272 1272 3701904
1271 1274 3701907
1270 1272 3701910
1271 1272 3701913
1271 1273 3701916
1271 1274 3701919
1270 1271 3701922
1270 1272 3701925
1272 1272 3701928
1272 1272 3701931
1270 1272 3701934
1271 1273 3701937
1271 1273 3701940
1270 1272 3701943
1270 1273 3701946
1271 1273 3701949
1271 1273 3701952
1270 1272 3701955
1270 1272 3701958
1272 1272 3701961
1271 1272 3701964
1270 1274 3701967
1272 1273 3701970
1271 1273 3701973
1270 1273 3701976
1271 1271 3701979
1270 1271 3701982
1272 1274 3701985
1271 1273 3701988
1270 1272 3701991
1272 1272 3701994
1271 1273 3701997
1270 1272 3702001
1272 1271 3702004
1272 1274 3702007
1271 1272 3702010
1271 1272 3702013
1273 1269 3702016
1271 1273 3702019
1271 1271 3702022
1272 1272 3702025
1271 1274 3702027
1271 1273 3702030
1271 1271 3702033
1272 1271 3702036
1271 1271 3702039
1270 1272 3702042
1271 1272 3702045
1271 1274 3702048
1271 1271 3702051
1272 1272 3702054
1273 1273 3702057
1271 1272 3702060
1272 1275 3702063
1269 1272 3702066
1271 1273 3702069
1269 1272 3702072
1270 1271 3702075
1271 1273 3702078
1271 1274 3702081
1270 1272 3702084
1270 1272 3702087
1271 1272 3702090
1271 1271 3702093
1270 1272 3702096
1271 1274 3702099
1271 1272 3702102
1271 1272 3702105
1271 1272 3702108
1270 1273 3702111
1272 1273 3702114
1271 1272 3702117
1270 1271 3702120
1271 1271 3702123
1271 1272 3702126
1270 1273 3702129
1273 1273 3702132
1272 1273 3702135
1270 1272 3702138
1270 1273 3702141
1271 1272 3702144
1272 1274 3702147
1270 1272 3702150
1270 1270 3702153
1271 1271 3702156
1271 1272 3702159
1269 1273 3702162
1271 1273 3702165
1271 1273 3702168
1270 1273 3702171
1271 1272 3702174
1271 1273 3702177
1272 1274 3702180
1270 1270 3702183
1270 1270 3702186
1271 1273 3702189
1270 1271 3702192
1270 1272 3702195
1272 1272 3702198
1271 1274 3702201
1270 1272 3702204
1271 1272 3702207
1271 1272 3702210
1271 1273 3702213
1269 1271 3702216
1270 1271 3702219
1273 1270 3702222
1272 1271 3702225
1270 1273 3702228
1272 1273 3702231
1271 1272 3702234
1271 1273 3702237
1271 1273 3702240
1270 1272 3702243
1272 1273 3702246
1270 1272 3702249
1267 1271 3702252
1270 1272 3702255
1271 1272 3702258
1270 1273 3702261
1271 1273 3702264
1272 1273 3702267
1270 1273 3702270
1271 1271 3702273
1270 1272 3702276
1272 1274 3702279
1269 1272 3702282
1271 1271 3702285
1272 1272 3702288
1271 1272 3702291
1270 1272 3702294
1272 1272 3702297
1274 1272 3702300
1270 1271 3702303
1271 1271 3702306
1270 1272 3702309
1271 1272 3702312
1270 1271 3702315
1270 1271 3702318
1271 1272 3702321
1271 1272 3702324
1270 1272 3702327
1271 1274 3702330
1272 1273 3702333
1271 1273 3702336
1271 1272 3702339
1270 1271 3702342
1272 1272 3702345
1270 1272 3702348
1270 1272 3702351
1272 1272 3702354
1271 1271 3702357
1270 1274 3702360
1272 1272 3702363
1272 1272 3702366
1271 1272 3702369
1271 1271 3702372
1271 1272 3702375
1272 1273 3702378
1271 1273 3702381
1270 1272 3702384
1271 1272 3702387
1272 1272 3702390
1270 1272 3702393
1272 1273 3702396
1272 1273 3702399
1271 1274 3702402
1270 1272 3702405
1269 1273 3702408
1271 1275 3702411
1270 1272 3702414
1270 1270 3702417
1272 1273 3702420
1271 1272 3702423
1270 1272 3702426
1272 1273 3702429
1272 1272 3702432
1270 1271 3702435
1271 1272 3702438
1270 1273 3702441
1271 1274 3702444
1270 1271 3702447
1271 1272 3702450
1272 1272 3702453
1271 1271 3702456
1270 1273 3702459
1272 1274 3702462
1272 1273 3702465
1271 1272 3702468
1271 1273 3702471
1271 1273 3702474
1272 1273 3702477
1270 1273 3702480
1270 1272 3702483
1272 1271 3702486
1272 1272 3702489
1269 1273 3702492
1271 1272 3702495
1271 1273 3702498
1271 1273 3702501
1271 1272 3702504
1271 1272 3702507
1272 1274 3702510
1270 1272 3702513
1271 1270 3702516
1272 1272 3702519
1271 1272 3702522
1270 1272 3702525
1272 1272 3702528
1272 1274 3702531
1270 1273 3702534
1271 1272 3702537
1271 1273 3702540
1272 1273 3702543
1270 1271 3702546
1270 1271 3702549
1271 1272 3702552
1271 1272 3702555
1270 1272 3702558
1276 1273 3702561
1271 1273 3702564
1271 1272 3702567
1271 1273 3702570
1270 1272 3702573
1271 1272 3702576
1270 1271 3702579
1270 1271 3702582
1274 1271 3702585
1273 1272 3702588
1270 1274 3702591
1272 1273 3702594
1272 1273 3702597
1271 1273 3702600
1271 1273 3702603
1270 1272 3702606
1271 1273 3702609
1270 1272 3702612
1266 1271 3702615
1271 1271 3702618
1271 1271 3702621
1270 1272 3702624
1272 1273 3702627
1272 1273 3702630
1271 1273 3702633
1270 1272 3702636
1270 1272 3702639
1272 1274 3702642
1267 1273 3702645
1270 1271 3702648
1272 1272 3702651
1270 1272 3702654
1270 1272 3702657
1272 1273 3702660
1272 1274 3702663
1270 1271 3702666
1272 1272 3702669
1271 1273 3702672
1272 1273 3702675
1271 1271 3702678
1271 1271 3702681
1272 1273 3702684
1271 1270 3702687
1270 1273 3702690
1272 1273 3702693
1272 1272 3702696
1270 1272 3702699
1271 1273 3702702
1271 1273 3702705
1272 1273 3702708
1270 1272 3702711
1270 1273 3702714
1272 1272 3702717
1271 1272 3702720
1270 1274 3702723
1272 1272 3702726
1272 1272 3702729
1270 1273 3702732
1270 1272 3702735
1271 1272 3702738
1272 1273 3702741
1270 1272 3702744
1271 1271 3702747
1271 1272 3702750
1271 1273 3702753
1270 1272 3702756
1272 1272 3702759
1271 1273 3702762
1270 1272 3702765
1271 1272 3702768
1271 1272 3702771
1271 1274 3702774
1270 1272 3702777
1270 1271 3702780
1272 1272 3702783
1271 1271 3702786
1270 1272 3702789
1271 1273 3702792
1271 1272 3702795
1271 1272 3702798
1271 1272 3702801
1271 1273 3702804
1271 1273 3702807
1270 1271 3702810
1270 1271 3702813
1271 1272 3702816
1272 1271 3702819
1270 1273 3702822
1271 1272 3702825
1271 1272 3702828
1270 1272 3702831
1270 1273 3702834
1270 1273 3702837
1272 1273 3702840
1270 1273 3702843
1270 1271 3702846
1272 1271 3702849
1271 1272 3702852
1270 1272 3702855
1271 1273 3702858
1272 1272 3702861
1271 1273 3702864
1271 1272 3702867
1271 1272 3702870
1272 1275 3702873
1270 1271 3702876
1271 1270 3702879
1272 1272 3702882
1271 1272 3702885
1267 1273 3702888
1272 1273 3702891
1272 1273 3702894
1271 1273 3702897
1270 1271 3702900
1271 1273 3702903
1271 1273 3702906
1270 1271 3702909
1270 1271 3702912
1271 1272 3702915
1271 1271 3702918
1270 1272 3702921
1272 1273 3702924
1272 1274 3702927
1271 1273 3702930
1271 1273 3702933
1270 1272 3702936
1272 1272 3702939
1270 1272 3702942
1271 1271 3702945
1271 1272 3702948
1271 1272 3702951
1270 1273 3702954
1272 1273 3702957
1272 1273 3702960
1271 1273 3702963
1270 1272 3702966
1271 1272 3702969
1271 1274 3702972
1270 1272 3702975
1271 1271 3702978
1272 1272 3702981
1272 1273 3702984
1270 1273 3702987
1272 1273 3702990
1271 1274 3702993
1271 1273 3702996
1271 1271 3703000
1270 1273 3703003
1271 1273 3703006
1269 1271 3703009
1271 1272 3703012
1270 1272 3703015
1270 1274 3703018
1271 1272 3703021
1272 1274 3703024
1271 1272 3703027
1271 1271 3703029
1272 1272 3703032
1270 1273 3703035
1271 1273 3703038
1272 1273 3703041
1272 1272 3703044
1271 1273 3703047
1271 1273 3703050
1271 1274 3703053
1270 1272 3703056
1271 1270 3703059
1272 1271 3703062
1271 1273 3703065
1272 1273 3703068
1272 1271 3703071
1271 1273 3703074
1271 1274 3703077
1271 1271 3703080
1271 1272 3703083
1272 1272 3703086
1272 1271 3703089
1270 1273 3703092
1271 1274 3703095
1272 1273 3703098
1270 1272 3703101
1270 1273 3703104
1271 1273 3703107
1272 1273 3703110
1270 1273 3703113
1271 1271 3703116
1272 1271 3703119
1271 1272 3703122
1269 1273 3703125
1270 1273 3703128
1271 1273 3703131
1270 1272 3703134
1271 1272 3703137
1270 1272 3703140
1272 1274 3703143
1271 1273 3703146
1270 1270 3703149
1271 1272 3703152
1271 1273 3703155
1266 1273 3703158
1271 1272 3703161
1271 1273 3703164
1270 1273 3703167
1271 1271 3703170
1271 1274 3703173
1272 1274 3703176
1270 1271 3703179
1270 1271 3703182
1271 1272 3703185
1273 1272 3703188
1271 1272 3703191
1272 1273 3703194
1272 1273 3703197
1271 1272 3703200
1271 1272 3703203
1271 1273 3703206
1272 1273 3703209
1270 1272 3703212
1270 1272 3703215
1270 1272 3703218
1271 1271 3703221
1270 1272 3703224
1271 1273 3703227
1271 1273 3703230
1271 1273 3703233
1271 1272 3703236
1270 1271 3703239
1271 1273 3703242
1269 1272 3703245
1272 1270 3703248
1271 1271 3703251
1271 1272 3703254
1269 1273 3703257
1271 1272 3703260
1272 1273 3703263
1271 1273 3703266
1270 1271 3703269
1271 1272 3703272
1271 1273 3703275
1270 1271 3703278
1270 1270 3703281
1271 1272 3703284
1271 1273 3703287
1269 1272 3703290
1272 1273 3703293
1272 1273 3703296
1270 1272 3703299
1270 1272 3703302
1271 1273 3703305
1269 1274 3703308
1271 1272 3703311
1270 1271 3703314
1271 1272 3703317
1271 1271 3703320
1270 1273 3703323
1272 1273 3703326
1272 1272 3703329
1270 1272 3703332
1270 1272 3703335
1270 1272 3703338
1272 1272 3703341
1270 1271 3703344
1270 1271 3703347
1272 1271 3703350
1272 1271 3703353
1271 1274 3703356
1272 1272 3703359
1272 1273 3703362
1270 1273 3703365
1272 1273 3703368
1272 1273 3703371
1272 1274 3703374
1271 1272 3703377
1271 1270 3703380
1273 1272 3703383
1272 1274 3703386
1270 1273 3703389
1272 1273 3703392
1272 1273 3703395
1271 1273 3703398
1271 1273 3703401
1271 1272 3703404
1271 1273 3703407
1270 1271 3703410
1271 1271 3703413
1272 1274 3703416
1273 1271 3703419
1270 1272 3703422
1271 1274 3703425
1271 1273 3703428
1270 1272 3703431
1271 1272 3703434
1270 1273 3703437
1272 1273 3703440
1270 1271 3703443
1270 1273 3703446
1272 1271 3703449
1271 1271 3703452
1269 1273 3703455
1272 1272 3703458
1272 1272 3703461
1271 1273 3703464
1270 1273 3703467
1270 1273 3703470
1271 1273 3703473
1270 1273 3703476
1271 1272 3703479
1274 1270 3703482
1271 1271 3703485
1270 1270 3703488
1272 1271 3703491
1273 1273 3703494
1271 1272 3703497
1270 1272 3703500
1271 1272 3703503
1272 1274 3703506
1270 1273 3703509
1271 1270 3703512
1272 1271 3703515
1270 1273 3689118
1272 1272 3689121
1270 1273 3689124
1272 1274 3689127
1270 1272 3689130
1271 1272 3689133
1272 1271 3689136
1272 1272 3689139
1269 1273 3689142
1271 1272 3689145
1271 1272 3689148
1270 1272 3689151
1271 1272 3689154
1270 1273 3689157
1272 1273 3689160
1271 1273 3689163
1270 1271 3689166
1271 1270 3689169
1271 1272 3689172
1269 1273 3689175
1271 1272 3689178
1272 1273 3689181
1270 1273 3689184
1271 1272 3689187
1271 1272 3689190
1272 1274 3689193
1270 1272 3689196
1270 1270 3689199
1272 1272 3689202
1271 1273 3689205
1269 1272 3689208
1271 1273 3689211
1272 1273 3689214
1271 1273 3689217
1271 1272 3689220
1271 1274 3689223
1272 1274 3689226
1270 1271 3689229
1270 1271 3689232
1272 1272 3689235
1272 1272 3689238
1271 1272 3689241
1272 1273 3689244
1272 1274 3689247
1271 1272 3689250
1271 1273 3689253
1271 1273 3689256
1272 1272 3689259
1270 1272 3689262
1270 1271 3689265
1272 1272 3689268
1271 1272 3689271
1270 1273 3689274
1271 1273 3689277
1272 1273 3689280
1270 1274 3689283
1271 1272 3689286
1271 1272 3689289
1271 1273 3689292
1270 1272 3689295
1267 1271 3689298
1271 1271 3689301
1271 1272 3689304
1269 1273 3689307
1272 1272 3689310
1272 1273 3689313
1271 1273 3689316
1271 1271 3689319
1271 1273 3689322
1271 1274 3689325
1271 1271 3689328
1271 1270 3689331
1272 1272 3689334
1272 1272 3689337
1270 1273 3689340
1272 1273 3689343
1272 1273 3689346
1271 1272 3689349
1271 1272 3689352
1270 1272 3689355
1273 1272 3689358
1270 1271 3689361
1271 1272 3689364
1271 1273 3689367
1272 1271 3689370
1270 1273 3689373
1272 1273 3689376
1272 1272 3689379
1271 1273 3689382
1270 1272 3689385
1268 1273 3689388
1271 1273 3689391
1270 1272 3689394
1270 1272 3689397
1272 1271 3689400
1272 1273 3689403
1270 1273 3689406
1272 1272 3689409
1272 1273 3689412
1271 1273 3689415
1272 1271 3689418
1271 1272 3689421
1272 1273 3689424
1270 1272 3689427
1271 1271 3689430
1272 1272 3689433
1272 1272 3689436
1270 1272 3689439
1272 1272 3689442
1272 1274 3689445
1270 1272 3689448
1271 1271 3689451
1271 1272 3689454
1272 1274 3689457
1270 1271 3689460
1271 1272 3689463
1271 1273 3689466
1271 1271 3689469
1270 1272 3689472
1272 1273 3689475
1271 1273 3689478
1270 1273 3689481
1271 1272 3689484
1270 1272 3689487
1272 1273 3689490
1270 1272 3689493
1270 1272 3689496
1272 1271 3689499
1271 1271 3689502
1270 1273 3689505
1272 1272 3689508
1272 1273 3689511
1271 1272 3689514
1271 1272 3689517
1271 1272 3689520
1272 1273 3689523
1270 1273 3689526
1271 1271 3689529
1272 1271 3689532
1271 1272 3689535
1270 1272 3689538
1273 1273 3689541
1271 1273 3689544
1271 1273 3689547
1271 1272 3689550
1271 1273 3689553
1271 1275 3689556
1270 1272 3689559
1271 1271 3689562
1272 1272 3689565
1272 1271 3689568
1270 1272 3689571
1272 1273 3689574
1272 1274 3689577
1271 1272 3689580
1271 1272 3689583
1270 1273 3689586
1272 1273 3689589
1270 1272 3689592
1270 1271 3689595
1271 1271 3689598
1272 1272 3689601
1271 1273 3689604
1272 1273 3689607
1272 1273 3689610
1270 1272 3689613
1271 1273 3689616
1270 1272 3689619
1272 1273 3689622
1270 1273 3689625
1271 1273 3689628
1271 1273 3689631
1272 1272 3689634
1270 1273 3689637
1272 1273 3689640
1272 1273 3689643
1271 1274 3689646
1271 1272 3689649
1271 1271 3689652
1272 1274 3689655
1270 1273 3689658
1269 1270 3689661
1272 1272 3689664
1272 1273 3689667
1270 1273 3689670
1272 1273 3689673
1272 1275 3689676
1270 1273 3689679
1271 1271 3689682
1271 1273 3689685
1272 1274 3689688
1271 1272 3689691
1271 1273 3689694
1271 1272 3689697
1271 1272 3689700
1270 1272 3689703
1272 1274 3689706
1272 1273 3689709
1270 1272 3689712
1271 1272 3689715
1270 1273 3689718
1272 1273 3689721
1270 1271 3689724
1270 1272 3689727
1272 1272 3689730
1271 1272 3689733
1271 1274 3689736
1272 1273 3689739
1272 1272 3689742
1270 1273 3689745
1270 1273 3689748
1270 1273 3689751
1271 1273 3689754
1270 1272 3689757
1270 1272 3689760
1272 1271 3689763
1271 1273 3689766
1270 1273 3689769
1272 1272 3689772
1272 1273 3689775
1270 1273 3689778
1271 1271 3689781
1271 1272 3689784
1271 1273 3689787
1270 1272 3689790
1270 1270 3689793
1272 1273 3689796
1272 1272 3689799
1270 1272 3689802
1272 1273 3689805
1272 1274 3689808
1270 1273 3689811
1271 1272 3689814
1271 1273 3689817
1272 1276 3689820
1271 1272 3689823
1270 1272 3689826
1272 1272 3689829
1272 1271 3689832
1271 1272 3689835
1272 1273 3689838
1272 1273 3689841
1271 1273 3689844
1270 1272 3689847
1271 1273 3689850
1272 1273 3689853
1270 1273 3689856
1271 1272 3689859
1271 1271 3689862
1272 1272 3689865
1270 1273 3689868
1273 1272 3689871
1272 1272 3689874
1271 1272 3689877
1271 1272 3689880
1270 1272 3689883
1272 1274 3689886
1271 1273 3689889
1271 1271 3689892
1272 1272 3689895
1272 1272 3689898
1267 1273 3689901
1272 1273 3689904
1272 1274 3689907
1270 1273 3689910
1271 1271 3689913
1270 1273 3689916
1272 1274 3689919
1270 1272 3689922
1270 1271 3689925
1271 1272 3689928
1268 1273 3689931
1269 1272 3689934
1272 1273 3689937
1272 1274 3689940
1271 1272 3689943
1271 1272 3689946
1270 1274 3689949
1272 1273 3689952
1270 1272 3689955
1271 1271 3689958
1272 1271 3689961
1272 1271 3689964
1270 1273 3689967
1272 1273 3689970
1272 1273 3689973
1271 1272 3689976
1271 1273 3689979
1271 1272 3689982
1272 1274 3689985
1270 1273 3689988
1270 1272 3689991
1271 1271 3689994
1272 1272 3689997
1271 1273 3690001
1272 1271 3690004
1272 1273 3690007
1271 1274 3690010
1272 1272 3690013
1273 1270 3690016
1271 1273 3690019
1271 1271 3690022
1272 1272 3690025
1272 1273 3690027
1271 1274 3690030
1272 1272 3690033
1272 1271 3690036
1271 1272 3690039
1271 1272 3690042
1271 1272 3690045
1272 1274 3690048
1271 1271 3690051
1272 1272 3690054
1272 1272 3690057
1270 1273 3690060
1272 1272 3690063
1270 1273 3690066
1272 1274 3690069
1271 1272 3690072
1271 1271 3690075
1270 1273 3690078
1272 1272 3690081
1270 1271 3690084
1271 1271 3690087
1272 1272 3690090
1272 1272 3690093
1270 1273 3690096
1273 1274 3690099
1272 1273 3690102
1271 1271 3690105
1271 1272 3690108
1271 1272 3690111
1273 1273 3690114
1270 1272 3690117
1271 1272 3690120
1272 1273 3690123
1272 1271 3690126
1270 1274 3690129
1273 1273 3690132
1272 1272 3690135
1270 1273 3690138
1271 1274 3690141
1270 1274 3690144
1272 1274 3690147
1271 1273 3690150
1271 1271 3690153
1272 1272 3690156
1271 1274 3690159
1270 1272 3690162
1272 1272 3690165
1271 1274 3690168
1270 1273 3690171
1271 1273 3690174
1271 1272 3690177
1272 1274 3690180
1270 1272 3690183
1271 1270 3690186
1272 1273 3690189
1271 1272 3690192
1270 1272 3690195
1272 1273 3690198
1272 1273 3690201
1271 1272 3690204
1271 1272 3690207
1271 1273 3690210
1272 1274 3690213
1271 1272 3690216
1271 1272 3690219
1272 1272 3690222
1271 1271 3690225
1270 1273 3690228
1272 1273 3690231
1272 1273 3690234
1271 1272 3690237
1271 1273 3690240
1271 1273 3690243
1272 1273 3690246
1270 1273 3690249
1271 1272 3690252
1272 1271 3690255
1271 1272 3690258
1270 1273 3690261
1271 1272 3690264
1271 1273 3690267
1270 1273 3690270
1271 1272 3690273
1271 1273 3690276
1272 1274 3690279
1271 1273 3690282
1271 1271 3690285
1272 1272 3690288
1271 1273 3690291
1269 1274 3690294
1272 1274 3690297
1272 1274 3690300
1271 1273 3690303
1271 1271 3690306
1271 1273 3690309
1272 1274 3690312
1270 1272 3690315
1271 1271 3690318
1271 1272 3690321
1271 1272 3690324
1270 1272 3690327
1272 1273 3690330
1272 1273 3690333
1271 1272 3690336
1271 1272 3690339
1270 1273 3690342
1272 1273 3690345
1270 1271 3690348
1270 1271 3690351
1272 1272 3690354
1271 1271 3690357
1271 1273 3690360
1273 1273 3690363
1272 1273 3690366
1271 1273 3690369
1271 1273 3690372
1270 1272 3690375
1272 1273 3690378
1270 1272 3690381
1270 1271 3690384
1271 1271 3690387
1271 1271 3690390
1269 1274 3690393
1272 1273 3690396
1272 1273 3690399
1271 1273 3690402
1271 1272 3690405
1271 1272 3690408
1272 1273 3690411
1270 1272 3690414
1270 1270 3690417
1272 1271 3690420
1276 1273 3690423
1269 1272 3690426
1272 1273 3690429
1272 1274 3690432
1271 1272 3690435
1271 1272 3690438
1270 1273 3690441
1272 1275 3690444
1270 1273 3690447
1271 1271 3690450
1271 1272 3690453
1272 1272 3690456
1270 1272 3690459
1272 1274 3690462
1272 1272 3690465
1270 1272 3690468
1271 1273 3690471
1270 1272 3690474
1271 1272 3690477
1270 1271 3690480
1270 1271 3690483
1271 1272 3690486
1271 1271 3690489
1269 1273 3690492
1272 1273 3690495
1271 1272 3690498
1272 1273 3690501
1271 1271 3690504
1271 1271 3690507
1272 1273 3690510
1270 1273 3690513
1270 1271 3690516
1272 1271 3690519
1271 1273 3690522
1270 1272 3690525
1272 1272 3690528
1272 1273 3690531
1270 1274 3690534
1270 1272 3690537
1271 1273 3690540
1272 1274 3690543
1270 1272 3690546
1271 1271 3690549
1272 1273 3690552
1272 1272 3690555
1270 1272 3690558
1272 1273 3690561
1272 1274 3690564
1270 1273 3690567
1271 1272 3690570
1270 1273 3690573
1272 1273 3690576
1269 1271 3690579
1271 1272 3690582
1271 1272 3690585
1271 1271 3690588
1270 1273 3690591
1271 1273 3690594
1271 1273 3690597
1271 1273 3690600
1271 1273 3690603
1270 1274 3690606
1272 1273 3690609
1270 1273 3690612
1271 1271 3690615
1272 1271 3690618
1271 1272 3690621
1270 1273 3690624
1272 1272 3690627
1272 1273 3690630
1270 1273 3690633
1270 1273 3690636
1271 1272 3690639
1272 1274 3690642
1270 1272 3690645
1270 1270 3690648
1271 1272 3690651
1271 1272 3690654
1270 1273 3690657
1272 1273 3690660
1272 1273 3690663
1271 1273 3690666
1271 1272 3690669
1271 1274 3690672
1272 1274 3690675
1270 1271 3690678
1270 1271 3690681
1271 1272 3690684
1271 1272 3690687
1271 1272 3690690
1272 1273 3690693
1272 1273 3690696
1271 1272 3690699
1271 1272 3690702
1271 1273 3690705
1272 1273 3690708
1270 1272 3690711
1270 1271 3690714
1272 1271 3690717
1272 1271 3690720
1270 1273 3690723
1272 1274 3690726
1271 1272 3690729
1271 1273 3690732
1271 1272 3690735
1271 1272 3690738
1272 1274 3690741
1270 1272 3690744
1270 1271 3690747
1271 1272 3690750
1271 1272 3690753
1270 1274 3690756
1272 1273 3690759
1272 1273 3690762
1270 1273 3690765
1271 1271 3690768
1271 1273 3690771
1272 1274 3690774
1268 1273 3690777
1270 1271 3690780
1272 1273 3690783
1271 1273 3690786
1270 1272 3690789
1272 1274 3690792
1272 1274 3690795
1270 1272 3690798
1272 1272 3690801
1270 1273 3690804
1274 1274 3690807
1271 1272 3690810
1271 1271 3690813
1272 1273 3690816
1272 1272 3690819
1270 1273 3690822
1272 1274 3690825
1271 1272 3690828
1271 1272 3690831
1270 1273 3690834
1268 1273 3690837
1271 1273 3690840
1269 1272 3690843
1270 1272 3690846
1272 1272 3690849
1271 1271 3690852
1270 1273 3690855
1271 1272 3690858
1272 1273 3690861
1271 1273 3690864
1271 1272 3690867
1271 1272 3690870
1272 1273 3690873
1271 1273 3690876
1271 1271 3690879
1272 1273 3690882
1270 1273 3690885
1271 1272 3690888
1270 1272 3690891
1271 1272 3690894
1271 1272 3690897
1271 1272 3690900
1271 1273 3690903
1271 1273 3690906
1271 1272 3690909
1270 1271 3690912
1271 1274 3690915
1270 1272 3690918
1271 1273 3690921
1270 1273 3690924
1271 1272 3690927
1271 1272 3690930
1271 1271 3690933
1271 1273 3690936
1271 1273 3690939
1270 1272 3690942
1270 1273 3690945
1272 1273 3690948
1271 1272 3690951
1271 1274 3690954
1269 1274 3690957
1271 1272 3690960
1271 1272 3690963
1272 1274 3690966
1272 1273 3690969
1270 1272 3690972
1271 1273 3690975
1270 1271 3690978
1272 1273 3690981
1270 1273 3690984
1272 1273 3690987
1269 1271 3690990
1271 1272 3690993
1271 1272 3690996
1271 1272 3691000
1272 1271 3691003
1272 1274 3691006
1271 1272 3691009
1272 1273 3691012
1271 1272 3691015
1272 1273 3691018
1271 1273 3691021
1272 1271 3691024
1272 1273 3691027
1272 1273 3691030
1272 1272 3691033
1272 1274 3691036
1272 1272 3691038
1271 1271 3691041
1272 1272 3691044
1271 1273 3691047
1273 1273 3691050
1272 1273 3691053
1272 1272 3691056
1271 1273 3691059
1272 1271 3691062
1272 1273 3691065
1271 1274 3691068
1272 1270 3691071
1272 1272 3691074
1271 1273 3691077
1271 1272 3691080
1271 1272 3691083
1272 1272 3691086
1273 1274 3691089
1271 1272 3691092
1271 1274 3691095
1270 1272 3691098
1272 1271 3691101
1271 1273 3691104
1271 1272 3691107
1267 1272 3695515
1271 1274 3695518
1273 1274 3695521
1273 1272 3695524
1275 1277 3695527
1270 1271 3695530
1270 1269 3695533
1272 1272 3695536
1273 1273 3695539
1272 1279 3695541
1269 1273 3695544
1270 1271 3695547
1269 1274 3695550
1271 1273 3695553
1273 1277 3695556
1276 1273 3695559
1269 1271 3695562
1269 1273 3695565
1274 1272 3695568
1271 1277 3695571
1274 1271 3695574
1268 1270 3695577
1270 1272 3695580
1272 1272 3695583
1271 1273 3695586
1276 1277 3695589
1268 1271 3695592
1269 1270 3695595
1272 1272 3695598
1270 1274 3695601
1275 1277 3695604
1269 1269 3695607
1268 1270 3695610
1273 1276 3695613
1272 1272 3695616
1271 1279 3695619
1269 1270 3695622
1271 1271 3695625
1270 1272 3695628
1272 1273 3695631
1271 1277 3695634
1276 1269 3695637
1270 1271 3695640
1269 1273 3695643
1273 1273 3695646
1271 1277 3695649
1276 1272 3695652
1267 1271 3695655
1270 1272 3695658
1273 1274 3695661
1271 1272 3695664
1276 1272 3695667
1268 1272 3695670
1270 1272 3695673
1270 1271 3695676
1273 1276 3695679
1275 1277 3695682
1270 1270 3695685
1269 1271 3695688
1273 1274 3695691
1271 1272 3695694
1275 1276 3695697
1269 1271 3695700
1270 1271 3695703
1270 1272 3695706
1272 1273 3695709
1273 1277 3695712
1270 1269 3695715
1271 1272 3695718
1269 1273 3695721
1271 1272 3695724
1273 1276 3695727
1276 1272 3695730
1268 1272 3695733
1269 1272 3695736
1273 1273 3695739
1270 1275 3695742
1276 1271 3695745
1267 1271 3695748
1269 1272 3695751
1271 1272 3695754
1273 1272 3695757
1275 1271 3695760
1268 1273 3695763
1269 1272 3695766
1272 1273 3695769
1271 1274 3695772
1274 1275 3695775
1270 1271 3695778
1269 1272 3695781
1275 1276 3695784
1271 1273 3695787
1277 1277 3695790
1270 1271 3695793
1271 1270 3695796
1270 1274 3695799
1272 1274 3695802
1271 1275 3695805
1270 1268 3695808
1271 1273 3695811
1270 1272 3695814
1271 1273 3695817
1271 1277 3695820
1276 1270 3695823
1270 1271 3695826
1271 1273 3695829
1273 1274 3695832
1270 1275 3695835
1276 1271 3695838
1267 1271 3695841
1270 1273 3695844
1271 1273 3695847
1272 1273 3695850
1275 1272 3695853
1268 1271 3695856
1270 1271 3695859
1271 1273 3695862
1271 1273 3695865
1274 1276 3695868
1267 1271 3695871
1269 1270 3695874
1273 1274 3695877
1270 1272 3695880
1276 1279 3695883
1268 1270 3695886
1270 1270 3695889
1270 1274 3695892
1272 1272 3695895
1271 1277 3695898
1269 1270 3695901
1270 1269 3695904
1270 1270 3695907
1273 1275 3695910
1272 1276 3695913
1275 1271 3695916
1269 1271 3695919
1270 1274 3695922
1272 1272 3695925
1272 1275 3695928
1276 1272 3695931
1268 1271 3695934
1271 1272 3695937
1273 1272 3695940
1273 1276 3695943
1275 1272 3695946
1268 1272 3695949
1268 1272 3695952
1271 1272 3695955
1273 1273 3695958
1276 1271 3695961
1268 1274 3695964
1269 1272 3695967
1273 1273 3695970
1271 1273 3695973
1277 1279 3695976
1269 1270 3695979
1271 1273 3695982
1270 1274 3695985
1272 1271 3695988
1276 1277 3695991
1268 1270 3695994
1268 1270 3695997
1270 1271 3696001
1271 1274 3696004
1272 1276 3696007
1271 1268 3696010
1271 1273 3696013
1270 1272 3696016
1272 1273 3696019
1271 1276 3696022
1276 1271 3696025
1267 1271 3696028
1270 1271 3696031
1274 1273 3696034
1271 1275 3696037
1276 1270 3696040
1269 1272 3696043
1270 1271 3696045
1271 1271 3696048
1273 1273 3696051
1274 1272 3696054
1269 1272 3696057
1269 1271 3696060
1272 1272 3696063
1271 1274 3696066
1275 1276 3696069
1270 1270 3696072
1269 1272 3696075
1273 1272 3696078
1272 1272 3696081
1274 1277 3696084
1270 1269 3696087
1269 1270 3696090
1271 1272 3696093
1273 1275 3696096
1271 1276 3696099
1269 1271 3696102
1269 1271 3696105
1271 1271 3696108
1271 1272 3696111
1272 1276 3696114
1275 1270 3696117
1270 1270 3696120
1270 1273 3696123
1272 1272 3696126
1272 1276 3696129
1276 1272 3696132
1269 1272 3696135
1268 1271 3696138
1272 1273 3696141
1272 1273 3696144
1277 1270 3696147
1267 1271 3696150
1269 1271 3696153
1269 1272 3696156
1271 1272 3696159
1275 1278 3696162
1267 1271 3696165
1270 1272 3696168
1271 1274 3696171
1271 1272 3696174
1274 1277 3696177
1270 1270 3696180
1269 1271 3696183
1271 1274 3696186
1272 1272 3696189
1270 1276 3696192
1270 1271 3696195
1269 1270 3696198
1271 1272 3696201
1271 1274 3696204
1274 1275 3696207
1275 1269 3696210
1270 1271 3696213
1270 1275 3696216
1272 1272 3696219
1272 1276 3696222
1275 1271 3696225
1269 1272 3696228
1269 1272 3696231
1273 1275 3696234
1271 1270 3696237
1275 1275 3696240
1268 1270 3696243
1269 1271 3696246
1272 1273 3696249
1270 1272 3696252
1276 1277 3696255
1268 1268 3696258
1270 1272 3696261
1269 1272 3696264
1274 1275 3696267
1271 1275 3696270
1276 1271 3696273
1268 1271 3696276
1270 1272 3696279
1273 1273 3696282
1270 1273 3696285
1275 1271 3696288
1268 1270 3696291
1270 1273 3696294
1271 1272 3696297
1272 1273 3696300
1274 1277 3696303
1270 1270 3696306
1270 1271 3696309
1271 1273 3696312
1272 1275 3696315
1272 1275 3696318
1275 1268 3696321
1271 1270 3696324
1271 1275 3696327
1272 1272 3696330
1272 1273 3696333
1275 1272 3696336
1269 1271 3696339
1270 1271 3696342
1271 1273 3696345
1271 1273 3696348
1275 1276 3696351
1269 1270 3696354
1268 1270 3696357
1271 1274 3696360
1271 1273 3696363
1271 1277 3696366
1274 1269 3696369
1270 1270 3696372
1270 1274 3696375
1272 1271 3696378
1271 1277 3696381
1275 1271 3696384
1267 1271 3696387
1269 1270 3696390
1271 1274 3696393
1272 1275 3696396
1275 1278 3696399
1268 1269 3696402
1270 1271 3696405
1272 1273 3696408
1272 1272 3696411
1270 1277 3696414
1271 1269 3696417
1270 1270 3696420
1269 1273 3696423
1272 1274 3696426
1271 1277 3696429
1275 1272 3696432
1267 1272 3696435
1270 1271 3696438
1271 1273 3696441
1272 1273 3696444
1274 1275 3696447
1270 1268 3696450
1270 1269 3696453
1272 1274 3696456
1272 1273 3696459
1270 1277 3696462
1271 1271 3696465
1269 1270 3696468
1270 1271 3696471
1271 1272 3696474
1272 1276 3696477
1276 1271 3696480
1268 1271 3696483
1269 1272 3696486
1270 1273 3696489
1274 1274 3696492
1274 1278 3696495
1267 1272 3696498
1268 1271 3696501
1274 1274 3696504
1270 1274 3696507
1272 1277 3696510
1269 1271 3696513
1270 1272 3696516
1270 1272 3696519
1271 1271 3696522
1273 1278 3696525
1275 1271 3696528
1268 1271 3696531
1268 1272 3696534
1273 1272 3696537
1273 1272 3696540
1276 1273 3696543
1268 1272 3696546
1270 1272 3696549
1272 1273 3696552
1270 1273 3696555
1277 1278 3696558
1269 1269 3696561
1270 1272 3696564
1269 1273 3696567
1271 1273 3696570
1272 1275 3696573
1276 1271 3696576
1268 1272 3696579
1269 1272 3696582
1273 1274 3696585
1271 1271 3696588
1276 1272 3696591
1268 1272 3696594
1269 1272 3696597
1271 1273 3696600
1272 1272 3696603
1275 1277 3696606
1269 1270 3696609
1269 1271 3696612
1270 1273 3696615
1272 1274 3696618
1270 1274 3696621
1276 1271 3696624
1268 1271 3696627
1269 1273 3696630
1272 1272 3696633
1271 1272 3696636
1276 1272 3696639
1269 1270 3696642
1270 1273 3696645
1270 1273 3696648
1271 1272 3696651
1274 1276 3696654
1270 1271 3696657
1268 1271 3696660
1271 1273 3696663
1271 1273 3696666
1271 1275 3696669
1273 1269 3696672
1270 1271 3696675
1270 1274 3696678
1272 1271 3696681
1270 1275 3696684
1275 1270 3696687
1270 1270 3696690
1269 1270 3696693
1270 1273 3696696
1271 1274 3696699
1276 1275 3696702
1269 1270 3696705
1270 1271 3696708
1271 1273 3696711
1271 1272 3696714
1270 1276 3696717
1266 1269 3696720
1270 1271 3696723
1269 1274 3696726
1272 1274 3696729
1270 1276 3696732
1276 1272 3696735
1268 1272 3696738
1270 1271 3696741
1270 1273 3696744
1272 1274 3696747
1274 1270 3696750
1267 1270 3696753
1270 1273 3696756
1271 1273 3696759
1271 1274 3696762
1273 1276 3696765
1270 1271 3696768
1270 1270 3696771
1271 1272 3696774
1270 1273 3696777
1273 1276 3696780
1269 1270 3696783
1270 1271 3696786
1272 1274 3696789
1271 1273 3696792
1272 1276 3696795
1273 1272 3696798
1271 1270 3696801
1271 1272 3696804
1272 1272 3696807
1271 1275 3696810
1274 1272 3696813
1269 1272 3696816
1269 1271 3696819
1272 1274 3696822
1271 1272 3696825
1273 1274 3696828
1269 1272 3696831
1271 1271 3696834
1271 1273 3696837
1271 1274 3696840
1271 1275 3696843
1271 1271 3696846
1270 1272 3696849
1270 1272 3696852
1271 1273 3696855
1272 1275 3696858
1271 1272 3696861
1270 1271 3696864
1271 1272 3696867
1270 1275 3696870
1270 1274 3696873
1272 1273 3696876
1271 1272 3696879
1271 1272 3696882
1270 1272 3696885
1272 1275 3696888
1271 1272 3696891
1271 1272 3696894
1269 1273 3696897
1271 1273 3696900
1270 1272 3696903
1272 1271 3696906
1271 1272 3696909
1270 1272 3696912
1271 1271 3696915
1271 1272 3696918
1272 1274 3696921
1270 1271 3696924
1271 1273 3696927
1270 1273 3696930
1271 1272 3696933
1271 1272 3696936
1272 1272 3696939
1270 1272 3696942
1271 1271 3696945
1271 1273 3696948
1270 1272 3696951
1273 1273 3696954
1270 1272 3696957
1271 1273 3696960
1270 1272 3696963
1271 1271 3696966
1271 1272 3696969
1271 1272 3696972
1270 1272 3696975
1271 1273 3696978
1271 1272 3696981
1270 1271 3696984
1271 1273 3696987
1270 1272 3696990
1268 1273 3696993
1269 1271 3696996
1272 1273 3697000
1271 1272 3697003
1271 1272 3697006
1272 1272 3697009
1271 1272 3697012
1271 1274 3697015
1271 1272 3697018
1270 1274 3697021
1273 1269 3697024
1274 1271 3697027
1272 1273 3697030
1272 1272 3697033
1270 1270 3697036
1272 1272 3697039
1271 1272 3697042
1272 1273 3697044
1270 1274 3697047
1271 1272 3697050
1271 1274 3697053
1272 1272 3697056
1272 1273 3697059
1272 1273 3697062
1272 1272 3697065
1271 1273 3697068
1272 1272 3697071
1271 1272 3697074
1271 1273 3697077
1271 1272 3697080
1271 1273 3697083
1272 1270 3697086
1271 1272 3697089
1272 1273 3697092
1272 1270 3697095
1271 1272 3697098
1271 1273 3697101
1270 1272 3697104
1271 1272 3697107
1271 1272 3697110
1270 1271 3697113
1272 1273 3697116
1271 1272 3697119
1271 1274 3697122
1270 1273 3697125
1272 1272 3697128
1271 1273 3697131
1271 1272 3697134
1271 1272 3697137
1271 1273 3697140
1270 1272 3697143
1270 1271 3697146
1272 1273 3697149
1271 1273 3697152
1271 1274 3697155
1270 1272 3697158
1271 1272 3697161
1271 1272 3697164
1271 1272 3697167
1270 1273 3697170
1270 1273 3697173
1270 1271 3697176
1270 1271 3697179
1272 1274 3697182
1271 1273 3697185
1272 1273 3697188
1270 1273 3697191
1271 1271 3697194
1271 1271 3697197
1271 1272 3697200
1271 1275 3697203
1270 1273 3697206
1271 1272 3697209
1270 1272 3697212
1272 1274 3697215
1271 1272 3697218
1272 1274 3697221
1270 1272 3697224
1271 1271 3697227
1271 1273 3697230
1272 1274 3697233
1270 1273 3697236
1271 1272 3697239
1271 1272 3697242
1270 1272 3697245
1272 1273 3697248
1271 1273 3697251
1271 1273 3697254
1269 1271 3697257
1271 1272 3697260
1271 1274 3697263
1269 1272 3697266
1272 1272 3697269
1271 1273 3697272
1271 1272 3697275
1271 1271 3697278
1272 1275 3697281
1270 1273 3697284
1272 1272 3697287
1270 1273 3697290
1271 1272 3697293
1271 1272 3697296
1271 1271 3697299
1271 1274 3697302
1271 1273 3697305
1271 1271 3697308
1271 1273 3697311
1272 1273 3697314
1270 1272 3697317
1271 1274 3697320
1270 1272 3697323
1272 1273 3697326
1271 1272 3697329
1271 1273 3697332
1271 1273 3697335
1271 1272 3697338
1270 1274 3697341
1271 1272 3697344
1271 1272 3697347
1270 1271 3697350
1271 1274 3697353
1270 1272 3697356
1272 1271 3697359
1272 1272 3697362
1271 1273 3697365
1271 1273 3697368
1271 1273 3697371
1271 1272 3697374
1270 1271 3697377
1272 1274 3697380
1271 1273 3697383
1272 1272 3697386
1270 1271 3697389
1271 1272 3697392
1271 1273 3697395
1271 1272 3697398
1271 1273 3697401
1271 1272 3697404
1271 1271 3697407
1270 1272 3697410
1272 1274 3697413
1270 1272 3697416
1272 1273 3697419
1270 1273 3697422
1272 1272 3697425
1271 1272 3697428
1271 1273 3697431
1271 1274 3697434
1271 1271 3697437
1271 1272 3697440
1270 1272 3697443
1273 1272 3697446
1270 1271 3697449
1271 1273 3697452
1269 1273 3697455
1271 1271 3697458
1272 1272 3697461
1272 1272 3697464
1271 1271 3697467
1271 1272 3697470
1270 1272 3697473
1272 1272 3697476
1273 1274 3697479
1271 1273 3697482
1272 1274 3697485
1270 1272 3697488
1272 1273 3697491
1271 1273 3697494
1272 1272 3697497
1271 1272 3697500
1271 1272 3697503
1266 1273 3697506
1269 1271 3697509
1271 1273 3697512
1270 1273 3697515
1271 1273 3697518
1270 1272 3697521
1271 1273 3697524
1271 1272 3697527
1272 1272 3697530
1270 1273 3697533
1271 1273 3697536
1271 1272 3697539
1270 1271 3697542
1272 1275 3697545
1270 1271 3697548
1272 1273 3697551
1270 1273 3697554
1272 1272 3697557
1272 1272 3697560
1271 1273 3697563
1270 1273 3697566
1271 1272 3697569
1271 1272 3697572
1270 1273 3697575
1272 1274 3697578
1270 1272 3697581
1271 1274 3697584
1270 1272 3697587
1272 1271 3697590
1270 1273 3697593
1271 1272 3697596
1270 1272 3697599
1270 1272 3697602
1270 1272 3697605
1270 1271 3697608
1271 1273 3697611
1270 1273 3697614
1271 1273 3697617
1270 1272 3697620
1271 1273 3697623
1271 1270 3697626
1272 1271 3697629
1271 1272 3697632
1271 1273 3697635
1271 1272 3697638
1270 1271 3697641
1271 1275 3697644
1270 1272 3697647
1271 1273 3697650
1269 1272 3697653
1271 1271 3697656
1272 1271 3697659
1272 1272 3697662
1271 1273 3697665
1271 1272 3697668
1271 1272 3697671
1270 1272 3697674
1272 1273 3697677
1270 1272 3697680
1271 1274 3697683
1270 1274 3697686
1270 1272 3697689
1271 1272 3697692
1272 1273 3697695
1271 1273 3697698
1271 1272 3697701
1271 1273 3697704
1270 1272 3697707
1272 1272 3697710
1270 1273 3697713
1271 1274 3697716
1271 1273 3697719
1273 1273 3697722
1272 1273 3697725
1272 1273 3697728
1271 1273 3697731
1271 1274 3697734
1271 1272 3697737
1270 1271 3697740
1272 1274 3697743
1271 1272 3697746
1272 1273 3697749
1270 1272 3697752
1272 1272 3697755
1271 1272 3697758
1273 1272 3697761
1271 1274 3697764
1270 1273 3697767
1271 1271 3697770
1270 1271 3697773
1271 1274 3697776
1270 1272 3697779
1272 1273 3697782
1270 1273 3697785
1272 1272 3697788
1271 1272 3697791
1272 1273 3697794
1271 1273 3697797
1271 1271 3697800
1271 1272 3697803
1270 1271 3697806
1271 1274 3697809
1270 1272 3697812
1272 1274 3697815
1270 1273 3697818
1271 1271 3697821
1271 1278 3697824
1271 1272 3697827
1270 1271 3697830
1270 1272 3697833
1270 1272 3697836
1267 1271 3697839
1270 1273 3697842
1270 1273 3697845
1271 1273 3697848
1269 1272 3697851
1272 1272 3697854
1271 1272 3697857
1271 1271 3697860
1270 1273 3697863
1271 1273 3697866
1269 1273 3697869
1270 1271 3697872
1272 1273 3697875
1270 1273 3697878
1271 1273 3697881
1270 1273 3697884
1271 1273 3697887
1272 1271 3697890
1271 1272 3697893
1270 1273 3697896
1273 1273 3697899
1272 1273 3697902
1271 1272 3697905
1273 1275 3697908
1271 1273 3697911
1273 1274 3697914
1270 1273 3697917
1272 1271 3697920
1271 1272 3697923
1271 1273 3697926
1271 1272 3697929
1271 1272 3697932
1271 1272 3697935
1270 1272 3697938
1272 1274 3697941
1271 1272 3697944
1271 1274 3697947
1270 1272 3697950
1271 1272 3697953
1271 1272 3697956
1271 1271 3697959
1271 1273 3697962
1271 1272 3697965
1271 1272 3697968
1270 1271 3697971
1271 1273 3697974
1271 1273 3697977
1272 1273 3697980
1270 1272 3697983
1271 1273 3697986
1271 1272 3697989
1271 1271 3697992
1271 1272 3697995
1271 1273 3697999
1271 1272 3698002
1271 1272 3698005
1273 1274 3698008
1270 1270 3698011
1271 1272 3698014
1271 1271 3698017
1272 1273 3698020
1270 1273 3698023
1272 1271 3698026
1271 1274 3698029
1271 1272 3698032
1272 1271 3698035
1271 1274 3698038
1270 1270 3698040
1273 1271 3698043
1270 1275 3698046
1271 1269 3698049
1272 1271 3698052
1271 1273 3698055
1273 1272 3698058
1271 1274 3698061
1271 1271 3698064
1270 1274 3698067
1270 1274 3698070
1274 1270 3698073
1271 1273 3698076
1270 1273 3698079
1272 1273 3698082
1272 1272 3698085
1270 1273 3698088
1271 1273 3698091
1272 1272 3698094
1271 1273 3698097
1270 1271 3698100
1272 1273 3698103
1270 1272 3698106
1271 1274 3698109
1271 1272 3698112
1272 1272 3698115
1272 1273 3698118
1272 1273 3698121
1271 1272 3698124
1271 1273 3698127
1271 1272 3698130
1270 1270 3698133
1272 1274 3698136
1270 1272 3698139
1270 1273 3698142
1269 1272 3698145
1272 1272 3698148
1271 1272 3698151
1271 1272 3698154
1271 1274 3698157
1270 1272 3698160
1271 1271 3698163
1270 1272 3698166
1271 1274 3698169
1270 1272 3698172
1271 1273 3698175
1270 1273 3698178
1271 1273 3698181
1270 1272 3698184
1272 1273 3698187
1270 1272 3698190
1270 1271 3698193
1271 1273 3698196
1270 1272 3698199
1271 1273 3698202
1271 1272 3698205
1271 1274 3698208
1270 1273 3698211
1272 1271 3698214
1271 1273 3698217
1272 1272 3698220
1270 1272 3698223
1271 1272 3698226
1271 1272 3698229
1268 1271 3698232
1271 1272 3698235
1270 1272 3698238
1270 1274 3698241
1269 1272 3698244
1271 1272 3698247
1271 1273 3698250
1272 1271 3698253
1271 1272 3698256
1270 1273 3698259
1271 1273 3698262
1271 1271 3698265
1272 1274 3698268
1271 1272 3698271
1271 1273 3698274
1270 1273 3698277
1272 1273 3698280
1271 1271 3698283
1271 1272 3698286
1270 1274 3698289
1272 1273 3698292
1272 1272 3698295
1271 1272 3698298
1272 1275 3698301
1271 1272 3698304
1272 1274 3698307
1270 1273 3698310
1272 1272 3698313
1271 1272 3698316
1271 1272 3698319
1271 1273 3698322
1271 1272 3698325
1272 1272 3698328
1270 1272 3698331
1272 1274 3698334
1270 1273 3698337
1271 1273 3698340
1270 1271 3698343
1271 1272 3698346
1271 1273 3698349
1271 1273 3698352
1270 1273 3698355
1272 1273 3698358
1271 1272 3698361
1270 1272 3698364
1272 1273 3698367
1270 1274 3698370
1271 1273 3698373
1270 1273 3698376
1272 1273 3698379
1271 1272 3698382
1272 1272 3698385
1271 1273 3698388
1271 1273 3698391
1270 1271 3698394
1270 1271 3698397
1272 1274 3698400
1270 1272 3698403
1271 1272 3698406
1270 1273 3698409
1271 1271 3698412
1271 1271 3698415
1272 1272 3698418
1271 1273 3698421
1271 1272 3698424
1271 1272 3698427
1270 1272 3698430
1272 1273 3698433
1270 1271 3698436
1271 1274 3698439
1270 1272 3698442
1271 1271 3698445
1272 1272 3698448
1271 1273 3698451
1271 1273 3698454
1271 1272 3698457
1271 1273 3698460
1270 1271 3698463
1271 1273 3698466
1270 1273 3698469
1270 1271 3698472
1271 1271 3698475
1271 1272 3698478
1271 1273 3698481
1272 1272 3698484
1271 1272 3698487
1271 1272 3698490
1271 1271 3698493
1271 1271 3698496
1272 1274 3698499
1270 1273 3698502
1271 1273 3698505
1270 1272 3698508
1275 1270 3698511
1271 1271 3698514
1271 1271 3698517
1270 1273 3698520
1270 1272 3698523
1270 1272 3698526
1270 1271 3698529
1271 1273 3698532
1269 1271 3698535
1272 1273 3698538
1269 1273 3698541
1271 1272 3698544
1271 1271 3698547
1271 1273 3698550
1271 1272 3698553
1271 1272 3698556
1270 1272 3698559
1270 1271 3698562
1272 1273 3698565
1270 1272 3698568
1271 1274 3698571
1270 1272 3698574
1272 1271 3698577
1271 1274 3698580
1272 1272 3698583
1270 1272 3698586
1271 1272 3698589
1270 1272 3698592
1270 1271 3698595
1272 1273 3698598
1271 1273 3698601
1271 1273 3698604
1270 1272 3698607
1272 1273 3698610
1271 1272 3698613
1272 1271 3698616
1271 1273 3698619
1271 1273 3698622
1270 1272 3698625
1270 1271 3698628
1272 1273 3698631
1270 1273 3698634
1271 1273 3698637
1270 1273 3698640
1272 1272 3698643
1271 1271 3698646
1271 1272 3698649
1270 1273 3698652
1271 1273 3698655
1271 1271 3698658
1270 1272 3698661
1272 1274 3698664
1270 1272 3698667
1272 1274 3698670
1270 1273 3698673
1272 1271 3698676
1271 1272 3698679
1271 1273 3698682
1271 1272 3698685
1271 1272 3698688
1271 1273 3698691
1270 1272 3698694
1272 1274 3698697
1271 1273 3698700
1272 1274 3698703
1269 1271 3698706
1272 1272 3698709
1271 1272 3698712
1273 1271 3698715
1272 1273 3698718
1271 1272 3698721
1271 1272 3698724
1270 1271 3698727
1272 1274 3698730
1270 1273 3698733
1271 1272 3698736
1269 1272 3698739
1271 1273 3698742
1270 1272 3698745
1271 1271 3698748
1270 1272 3698751
1270 1273 3698754
1271 1271 3698757
1270 1272 3698760
1271 1274 3698763
1270 1272 3698766
1271 1273 3698769
1269 1272 3698772
1270 1272 3698775
1271 1272 3698778
1272 1272 3698781
1270 1273 3698784
1271 1272 3698787
1271 1272 3698790
1270 1272 3698793
1272 1273 3698796
1270 1272 3698799
1270 1274 3698802
1270 1272 3698805
1272 1271 3698808
1272 1272 3698811
1272 1273 3698814
1271 1273 3698817
1271 1272 3698820
1271 1273 3698823
1271 1270 3698826
1272 1273 3698829
1270 1273 3698832
1271 1273 3698835
1270 1272 3698838
1271 1272 3698841
1271 1273 3698844
1272 1272 3698847
1271 1272 3698850
1271 1274 3698853
1270 1272 3698856
1270 1270 3698859
1271 1274 3698862
1270 1272 3698865
1271 1273 3698868
1270 1273 3698871
1272 1272 3698874
1271 1272 3698877
1272 1272 3698880
1271 1274 3698883
1271 1272 3698886
1271 1272 3698889
1270 1272 3698892
1272 1273 3698895
1271 1272 3698898
1272 1273 3698901
1270 1273 3698904
1271 1272 3698907
1271 1272 3698910
1271 1273 3698913
1271 1273 3698916
1271 1271 3698919
1271 1272 3698922
1270 1271 3698925
1272 1273 3698928
1271 1273 3698931
1272 1274 3698934
1270 1273 3698937
1272 1271 3698940
1271 1273 3698943
1272 1272 3698946
1271 1272 3698949
1271 1273 3698952
1270 1271 3698955
1269 1271 3698958
1272 1273 3698961
1270 1273 3698964
1271 1273 3698967
1270 1272 3698970
1272 1274 3698973
1272 1272 3698976
1271 1272 3698979
1271 1273 3698982
1271 1272 3698985
1270 1271 3698988
1271 1271 3698991
1272 1274 3698994
1271 1273 3698997
1271 1272 3699001
1272 1274 3699004
1270 1271 3699007
1272 1272 3699010
1270 1271 3699013
1272 1272 3699016
1271 1273 3699019
1272 1270 3699022
1272 1273 3699025
1271 1273 3699028
1272 1272 3699031
1271 1274 3699034
1271 1273 3699036
1271 1270 3699039
1271 1272 3699042
1270 1272 3699045
1272 1272 3699048
1271 1272 3699051
1271 1272 3699054
1270 1273 3699057
1271 1272 3699060
1271 1273 3699063
1271 1273 3699066
1271 1269 3699069
1272 1273 3699072
1271 1273 3699075
1271 1272 3699078
1272 1273 3699081
1271 1272 3699084
1272 1274 3699087
1270 1272 3699090
1271 1274 3699093
1271 1273 3699096
1272 1271 3699099
1271 1272 3699102
1271 1272 3699105
1268 1274 3699108
1270 1272 3699111
1270 1273 3699114
1270 1272 3699117
1272 1273 3699120
1271 1273 3699123
1271 1274 3699126
1270 1271 3699129
1271 1272 3699132
1271 1272 3699135
