1272 1271 3651528
1272 1271 3651531
1269 1273 3651534
1272 1273 3651537
1272 1272 3651540
1271 1274 3651543
1271 1272 3651546
1271 1272 3651549
1272 1273 3651552
1270 1271 3651555
1271 1271 3651558
1272 1272 3651561
1271 1272 3651564
1270 1273 3651567
1273 1272 3651570
1273 1274 3651573
1271 1273 3651576
1271 1272 3651579
1271 1272 3651582
1272 1274 3651585
1270 1273 3651588
1271 1271 3651591
1272 1273 3651594
1272 1273 3651597
1270 1273 3651600
1272 1274 3651603
1273 1273 3651606
1271 1272 3651609
1272 1273 3651612
1271 1273 3651615
1272 1273 3651618
1271 1273 3651621
1271 1271 3651624
1272 1272 3651627
1272 1272 3651630
1270 1274 3651633
1272 1273 3651636
1272 1272 3651639
1271 1272 3651642
1271 1272 3651645
1270 1273 3651648
1272 1273 3651651
1271 1272 3651654
1271 1272 3651657
1272 1272 3651660
1272 1273 3651663
1269 1274 3651666
1272 1272 3651669
1272 1273 3651672
1270 1273 3651675
1271 1271 3651678
1271 1271 3651681
1273 1274 3651684
1270 1272 3651687
1271 1271 3651690
1272 1273 3651693
1271 1272 3651696
1270 1272 3651699
1272 1273 3651702
1272 1274 3651705
1270 1273 3651708
1271 1271 3651711
1271 1274 3651714
1271 1274 3651717
1270 1272 3651720
1271 1273 3651723
1272 1272 3651726
1271 1271 3651729
1270 1273 3651732
1272 1273 3651735
1272 1273 3651738
1271 1272 3651741
1271 1273 3651744
1270 1273 3651747
1272 1273 3651750
1270 1272 3651753
1271 1272 3651756
1272 1272 3651759
1271 1272 3651762
1270 1274 3651765
1273 1272 3651768
1272 1272 3651771
1270 1273 3651774
1271 1273 3651777
1270 1272 3651780
1272 1274 3651783
1270 1273 3651786
1270 1270 3651789
1272 1272 3651792
1272 1272 3651795
1267 1273 3651798
1272 1273 3651801
1271 1274 3651804
1271 1273 3651807
1271 1271 3651810
1271 1273 3651813
1272 1274 3651816
1270 1271 3651819
1270 1271 3651822
1272 1272 3651825
1268 1273 3651828
1270 1273 3651831
1272 1273 3651834
1272 1274 3651837
1271 1273 3651840
1271 1272 3651843
1270 1273 3651846
1272 1272 3651849
1270 1272 3651852
1271 1272 3651855
1268 1273 3651858
1271 1271 3651861
1269 1273 3651864
1272 1274 3651867
1272 1273 3651870
1271 1273 3651873
1271 1273 3651876
1271 1272 3651879
1271 1273 3651882
1270 1273 3651885
1270 1271 3651888
1272 1271 3651891
1272 1272 3651894
1270 1274 3651897
1272 1272 3651900
1272 1273 3651903
1271 1274 3651906
1271 1271 3651909
1271 1272 3651912
1271 1274 3651915
1270 1273 3651918
1271 1271 3651921
1272 1272 3651924
1272 1273 3651927
1270 1272 3651930
1272 1273 3651933
1272 1273 3651936
1270 1272 3651939
1270 1271 3651942
1271 1273 3651945
1272 1274 3651948
1272 1272 3651951
1271 1272 3651954
1272 1273 3651957
1272 1273 3651960
1270 1273 3651963
1272 1274 3651966
1272 1273 3651969
1271 1272 3651972
1271 1272 3651975
1271 1273 3651978
1272 1273 3651981
1271 1273 3651984
1271 1272 3651987
1272 1272 3651990
1272 1272 3651993
1270 1274 3651996
1272 1272 3652000
1272 1272 3652003
1271 1271 3652006
1271 1274 3652009
1271 1274 3652012
1272 1274 3652015
1272 1274 3652018
1273 1272 3652021
1273 1273 3652024
1272 1273 3652027
1272 1273 3652030
1272 1273 3652032
1271 1274 3652035
1271 1273 3652038
1273 1271 3652041
1271 1272 3652044
1271 1273 3652047
1272 1273 3652050
1272 1273 3652053
1272 1273 3652056
1272 1273 3652059
1272 1272 3652062
1271 1272 3652065
1271 1272 3652068
1270 1273 3652071
1272 1273 3652074
1270 1274 3652077
1271 1272 3652080
1271 1272 3652083
1271 1275 3652086
1270 1273 3652089
1270 1270 3652092
1271 1272 3652095
1271 1272 3652098
1271 1273 3652101
1273 1272 3652104
1272 1273 3652107
1271 1273 3652110
1271 1272 3652113
1271 1274 3652116
1272 1274 3652119
1270 1271 3652122
1270 1272 3652125
1271 1272 3652128
1271 1272 3652131
1270 1272 3652134
1272 1273 3652137
1272 1274 3652140
1271 1272 3652143
1271 1273 3652146
1271 1273 3652149
1272 1273 3652152
1270 1272 3652155
1270 1272 3652158
1272 1271 3652161
1272 1272 3652164
1271 1274 3652167
1272 1273 3652170
1271 1273 3652173
1271 1273 3652176
1271 1273 3652179
1270 1272 3652182
1272 1273 3652185
1270 1273 3652188
1269 1271 3652191
1272 1273 3652194
1271 1273 3652197
1270 1273 3652200
1272 1272 3652203
1272 1274 3652206
1272 1273 3652209
1271 1271 3652212
1271 1273 3652215
1272 1274 3652218
1272 1271 3652221
1270 1271 3652224
1272 1272 3652227
1271 1272 3652230
1270 1273 3652233
1272 1273 3652236
1272 1273 3652239
1270 1272 3652242
1271 1272 3652245
1271 1274 3652248
1273 1272 3652251
1270 1271 3652254
1271 1271 3652257
1272 1272 3652260
1271 1271 3652263
1271 1272 3652266
1272 1274 3652269
1272 1272 3652272
1271 1272 3652275
1271 1273 3652278
1270 1274 3652281
1272 1273 3652284
1272 1272 3652287
1271 1271 3652290
1272 1272 3652293
1271 1272 3652296
1270 1274 3652299
1272 1272 3652302
1273 1273 3652305
1271 1273 3652308
1271 1273 3652311
1270 1272 3652314
1273 1276 3652317
1270 1272 3652320
1270 1271 3652323
1272 1271 3652326
1271 1273 3652329
1270 1273 3652332
1272 1272 3652335
1271 1273 3652338
1270 1272 3652341
1270 1272 3652344
1271 1273 3652347
1276 1274 3652350
1270 1272 3652353
1270 1270 3652356
1272 1273 3652359
1272 1271 3652362
1269 1272 3652365
1271 1273 3652368
1271 1272 3652371
1272 1272 3652374
1272 1272 3652377
1271 1273 3652380
1272 1274 3652383
1270 1271 3652386
1271 1272 3652389
1272 1272 3652392
1271 1272 3652395
1270 1273 3652398
1272 1272 3652401
1271 1272 3652404
1270 1272 3652407
1271 1272 3652410
1270 1273 3652413
1272 1273 3652416
1270 1273 3652419
1270 1271 3652422
1272 1271 3652425
1272 1273 3652428
1270 1273 3652431
1270 1273 3652434
1271 1273 3652437
1270 1273 3652440
1271 1272 3652443
1271 1273 3652446
1272 1275 3652449
1270 1272 3652452
1271 1270 3652455
1272 1272 3652458
1272 1273 3652461
1270 1272 3652464
1272 1272 3652467
1272 1273 3652470
1271 1273 3652473
1271 1272 3652476
1271 1273 3652479
1271 1274 3652482
1270 1271 3652485
1270 1271 3652488
1271 1272 3652491
1271 1272 3652494
1271 1272 3652497
1272 1273 3652500
1272 1274 3652503
1270 1271 3652506
1271 1273 3652509
1271 1273 3652512
1272 1272 3652515
1270 1272 3652518
1270 1271 3652521
1272 1272 3652524
1272 1271 3652527
1270 1273 3652530
1272 1273 3652533
1272 1273 3652536
1276 1273 3652539
1271 1273 3652542
1270 1271 3652545
1272 1273 3652548
1270 1272 3652551
1269 1271 3652554
1272 1272 3652557
1271 1273 3652560
1270 1273 3652563
1273 1272 3652566
1272 1272 3652569
1271 1274 3652572
1271 1271 3652575
1270 1273 3652578
1272 1274 3652581
1268 1272 3652584
1270 1270 3652587
1271 1272 3652590
1271 1272 3652593
1270 1272 3652596
1272 1273 3652599
1270 1274 3652602
1271 1272 3652605
1271 1272 3652608
1270 1273 3652611
1271 1274 3652614
1270 1272 3652617
1271 1271 3652620
1272 1273 3652623
1272 1271 3652626
1270 1273 3652629
1272 1271 3652632
1272 1273 3652635
1271 1273 3652638
1271 1272 3652641
1273 1273 3652644
1272 1274 3652647
1271 1272 3652650
1271 1272 3652653
1272 1271 3652656
1271 1272 3652659
1270 1273 3652662
1272 1272 3652665
1271 1273 3652668
1271 1273 3652671
1272 1272 3652674
1271 1271 3652677
1272 1274 3652680
1270 1273 3652683
1270 1271 3652686
1272 1272 3652689
1271 1273 3652692
1270 1271 3652695
1272 1273 3652698
1272 1274 3652701
1271 1273 3652704
1271 1271 3652707
1271 1272 3652710
1271 1274 3652713
1270 1272 3652716
1271 1271 3652719
1272 1272 3652722
1272 1271 3652725
1270 1273 3652728
1271 1273 3652731
1270 1273 3652734
1270 1272 3652737
1271 1272 3652740
1271 1273 3652743
1271 1273 3652746
1270 1272 3652749
1270 1272 3652752
1271 1271 3652755
1272 1272 3652758
1270 1274 3652761
1272 1273 3652764
1271 1273 3652767
1270 1272 3652770
1271 1272 3652773
1271 1273 3652776
1272 1273 3652779
1270 1273 3652782
1270 1270 3652785
1272 1272 3652788
1271 1272 3652791
1270 1273 3652794
1272 1272 3652797
1272 1273 3652800
1271 1271 3652803
1271 1272 3652806
1271 1273 3652809
1272 1274 3652812
1270 1271 3652815
1271 1270 3652818
1272 1272 3652821
1272 1272 3652824
1270 1272 3652827
1272 1273 3652830
1272 1274 3652833
1270 1273 3652836
1271 1272 3652839
1271 1273 3652842
1271 1273 3652845
1270 1272 3652848
1271 1272 3652851
1271 1271 3652854
1272 1271 3652857
1270 1272 3652860
1272 1274 3652863
1271 1273 3652866
1270 1273 3652869
1271 1273 3652872
1271 1272 3652875
1272 1273 3652878
1270 1272 3652881
1270 1271 3652884
1271 1272 3652887
1272 1271 3652890
1270 1274 3652893
1272 1273 3652896
1272 1273 3652899
1271 1273 3652902
1270 1271 3652905
1270 1272 3652908
1272 1274 3652911
1270 1273 3652914
1270 1271 3652917
1271 1272 3652920
1271 1273 3652923
1270 1273 3652926
1272 1273 3652929
1272 1273 3652932
1271 1273 3652935
1271 1272 3652938
1271 1273 3652941
1272 1275 3652944
1269 1272 3652947
1271 1271 3652950
1272 1272 3652953
1272 1272 3652956
1271 1273 3652959
1272 1274 3652962
1272 1273 3652965
1271 1272 3652968
1271 1273 3652971
1271 1273 3652974
1271 1273 3652977
1271 1272 3652980
1270 1271 3652983
1272 1273 3652986
1271 1271 3652989
1270 1274 3652992
1272 1272 3652995
1272 1272 3652999
1271 1272 3653002
1271 1271 3653005
1271 1271 3653008
1271 1272 3653011
1271 1272 3653014
1271 1271 3653017
1274 1272 3653020
1271 1273 3653023
1271 1271 3653026
1272 1272 3653029
1270 1273 3653031
1271 1274 3653034
1270 1271 3653037
1271 1271 3653040
1270 1273 3653043
1271 1274 3653046
1271 1271 3653049
1271 1272 3653052
1271 1272 3653055
1272 1271 3653058
1270 1273 3653061
1273 1272 3653064
1272 1272 3653067
1271 1271 3653070
1271 1272 3653073
1271 1273 3653076
1272 1272 3653079
1272 1274 3653082
1270 1272 3653085
1271 1271 3653088
1271 1273 3653091
1272 1273 3653094
1271 1271 3653097
1270 1270 3653100
1271 1271 3653103
1271 1272 3653106
1270 1273 3653109
1272 1274 3653112
1271 1273 3653115
1270 1271 3653118
1271 1272 3653121
1270 1272 3653124
1271 1274 3653127
1269 1271 3653130
1270 1271 3653133
1271 1272 3653136
1272 1272 3653139
1271 1274 3653142
1273 1273 3653145
1271 1271 3653148
1270 1272 3653151
1271 1273 3653154
1273 1272 3653157
1273 1273 3653160
1269 1272 3653163
1270 1271 3653166
1272 1271 3653169
1272 1272 3653172
1271 1272 3653175
1271 1271 3653178
1271 1272 3653181
1270 1273 3653184
1273 1272 3653187
1272 1273 3653190
1270 1273 3653193
1269 1272 3653196
1270 1271 3653199
1272 1273 3653202
1272 1273 3653205
1269 1271 3653208
1271 1272 3653211
1271 1274 3653214
1271 1273 3653217
1272 1273 3653220
1269 1272 3653223
1271 1273 3653226
1270 1271 3653229
1271 1272 3653232
1272 1272 3653235
1272 1270 3653238
1269 1272 3653241
1271 1273 3653244
1269 1273 3653247
1270 1272 3653250
1270 1272 3653253
1269 1272 3653256
1270 1273 3653259
1270 1272 3653262
1271 1272 3653265
1272 1271 3653268
1271 1270 3653271
1269 1272 3653274
1274 1273 3653277
1274 1273 3653280
1272 1273 3653283
1273 1272 3653286
1270 1271 3653289
1271 1273 3653292
1270 1272 3653295
1271 1270 3653298
1272 1271 3653301
1270 1272 3653304
1271 1274 3653307
1274 1273 3653310
1273 1274 3653313
1272 1275 3653316
1270 1271 3653319
1270 1272 3653322
1272 1274 3653325
1271 1271 3653328
1271 1272 3653331
1271 1271 3653334
1271 1272 3653337
1269 1272 3653340
1272 1273 3653343
1272 1274 3653346
1271 1272 3653349
1270 1271 3653352
1270 1273 3653355
1272 1273 3653358
1270 1272 3653361
1270 1271 3653364
1271 1272 3653367
1272 1272 3653370
1271 1272 3653373
1273 1273 3653376
1272 1274 3653379
1269 1272 3653382
1270 1272 3653385
1271 1272 3653388
1273 1273 3653391
1271 1273 3653394
1269 1270 3653397
1271 1271 3653400
1271 1272 3653403
1270 1274 3653406
1272 1274 3653409
1273 1273 3653412
1270 1273 3653415
1270 1271 3653418
1271 1272 3653421
1272 1273 3653424
1270 1271 3653427
1270 1270 3653430
1271 1271 3653433
1272 1273 3653436
1271 1273 3653439
1273 1273 3653442
1271 1273 3653445
1271 1272 3653448
1272 1272 3653451
1271 1273 3653454
1272 1274 3653457
1270 1271 3653460
1270 1271 3653463
1271 1273 3653466
1272 1272 3653469
1270 1274 3653472
1273 1274 3653475
1271 1272 3653478
1271 1272 3653481
1271 1273 3653484
1271 1275 3653487
1272 1273 3653490
1269 1271 3653493
1271 1272 3653496
1272 1272 3653499
1272 1272 3653502
1270 1274 3653505
1272 1273 3653508
1272 1272 3653511
1271 1273 3653514
1271 1273 3653517
1270 1273 3653520
1271 1272 3653523
1270 1272 3653526
1270 1272 3653529
1272 1272 3653532
1272 1274 3653535
1270 1273 3653538
1272 1272 3653541
1271 1273 3653544
1271 1271 3653547
1272 1271 3653550
1272 1271 3653553
1272 1274 3653556
1270 1273 3653559
1271 1271 3653562
1272 1273 3653565
1271 1272 3653568
1270 1272 3653571
1271 1272 3653574
1271 1274 3653577
1270 1273 3653580
1271 1272 3653583
1269 1272 3653586
1272 1274 3653589
1270 1272 3653592
1271 1272 3653595
1271 1272 3653598
1272 1271 3653601
1270 1272 3653604
1271 1273 3653607
1272 1273 3653610
1272 1272 3653613
1272 1274 3653616
1270 1273 3653619
1271 1273 3653622
1271 1274 3653625
1271 1271 3653628
1272 1271 3653631
1271 1271 3653634
1269 1272 3653637
1271 1273 3653640
1272 1273 3653643
1271 1273 3653646
1271 1272 3653649
1271 1272 3653652
1271 1274 3653655
1271 1273 3653658
1270 1271 3653661
1272 1271 3653664
1271 1272 3653667
1269 1273 3653670
1272 1273 3653673
1271 1274 3653676
1270 1273 3653679
1269 1272 3653682
1270 1273 3653685
1273 1274 3653688
1270 1271 3653691
1271 1271 3653694
1271 1272 3653697
1272 1273 3653700
1270 1273 3653703
1273 1274 3653706
1272 1274 3653709
1272 1272 3653712
1271 1272 3653715
1271 1273 3653718
1272 1273 3653721
1270 1272 3653724
1270 1272 3653727
1272 1271 3653730
1272 1271 3653733
1270 1273 3653736
1272 1273 3653739
1272 1273 3653742
1270 1272 3653745
1270 1272 3653748
1270 1272 3653751
1272 1273 3653754
1270 1273 3653757
1270 1269 3653760
1271 1270 3653763
1271 1272 3653766
1270 1273 3653769
1272 1272 3653772
1272 1272 3653775
1270 1273 3653778
1270 1271 3653781
1270 1272 3653784
1272 1274 3653787
1271 1273 3653790
1270 1270 3653793
1271 1271 3653796
1272 1272 3653799
1271 1273 3653802
1272 1273 3653805
1271 1273 3653808
1270 1271 3653811
1271 1272 3653814
1270 1273 3653817
1272 1274 3653820
1271 1272 3653823
1270 1271 3653826
1271 1272 3653829
1272 1272 3653832
1270 1273 3653835
1273 1274 3653838
1272 1272 3653841
1271 1272 3653844
1271 1273 3653847
1271 1273 3653850
1272 1274 3653853
1270 1271 3653856
1270 1272 3653859
1271 1272 3653862
1272 1272 3653865
1271 1274 3653868
1273 1272 3653871
1271 1271 3653874
1270 1273 3653877
1272 1271 3639480
1270 1272 3639483
1271 1273 3639486
1272 1274 3639489
1271 1273 3639492
1271 1273 3639495
1271 1273 3639498
1272 1273 3639501
1270 1272 3639504
1270 1271 3639507
1273 1271 3639510
1272 1272 3639513
1270 1273 3639516
1272 1273 3639519
1272 1273 3639522
1271 1273 3639525
1271 1273 3639528
1271 1272 3639531
1272 1274 3639534
1270 1272 3639537
1267 1271 3639540
1271 1271 3639543
1272 1272 3639546
1271 1273 3639549
1272 1272 3639552
1272 1273 3639555
1270 1273 3639558
1271 1271 3639561
1271 1272 3639564
1272 1274 3639567
1270 1270 3639570
1270 1270 3639573
1272 1272 3639576
1271 1272 3639579
1270 1272 3639582
1272 1273 3639585
1271 1274 3639588
1270 1272 3639591
1271 1271 3639594
1270 1273 3639597
1272 1272 3639600
1270 1271 3639603
1270 1271 3639606
1272 1272 3639609
1271 1271 3639612
1270 1273 3639615
1272 1274 3639618
1272 1272 3639621
1271 1272 3639624
1270 1272 3639627
1271 1272 3639630
1272 1273 3639633
1271 1272 3639636
1270 1272 3639639
1272 1272 3639642
1272 1272 3639645
1270 1274 3639648
1272 1271 3639651
1274 1273 3639654
1271 1273 3639657
1271 1273 3639660
1271 1272 3639663
1272 1273 3639666
1270 1272 3639669
1270 1271 3639672
1272 1272 3639675
1272 1273 3639678
1270 1272 3639681
1272 1272 3639684
1272 1273 3639687
1270 1273 3639690
1271 1272 3639693
1270 1273 3639696
1272 1274 3639699
1270 1272 3639702
1270 1271 3639705
1272 1273 3639708
1271 1271 3639711
1271 1273 3639714
1271 1273 3639717
1271 1273 3639720
1271 1272 3639723
1271 1272 3639726
1270 1273 3639729
1271 1274 3639732
1270 1271 3639735
1271 1272 3639738
1271 1272 3639741
1271 1272 3639744
1270 1273 3639747
1272 1273 3639750
1271 1273 3639753
1270 1273 3639756
1270 1273 3639759
1271 1273 3639762
1271 1273 3639765
1270 1273 3639768
1270 1270 3639771
1272 1271 3639774
1271 1272 3639777
1270 1272 3639780
1272 1272 3639783
1271 1272 3639786
1270 1273 3639789
1270 1272 3639792
1271 1272 3639795
1272 1275 3639798
1270 1272 3639801
1270 1271 3639804
1271 1272 3639807
1272 1270 3639810
1271 1272 3639813
1272 1272 3639816
1272 1274 3639819
1270 1273 3639822
1271 1271 3639825
1271 1274 3639828
1271 1273 3639831
1270 1272 3639834
1270 1271 3639837
1272 1270 3639840
1272 1271 3639843
1271 1272 3639846
1272 1273 3639849
1272 1273 3639852
1271 1272 3639855
1272 1273 3639858
1272 1273 3639861
1272 1273 3639864
1270 1272 3639867
1270 1274 3639870
1271 1273 3639873
1272 1272 3639876
1270 1274 3639879
1272 1273 3639882
1271 1273 3639885
1271 1274 3639888
1271 1272 3639891
1270 1272 3639894
1272 1274 3639897
1270 1272 3639900
1271 1271 3639903
1272 1271 3639906
1272 1273 3639909
1270 1273 3639912
1272 1272 3639915
1272 1274 3639918
1271 1273 3639921
1271 1271 3639924
1271 1273 3639927
1272 1274 3639930
1270 1272 3639933
1271 1271 3639936
1272 1273 3639939
1272 1273 3639942
1270 1272 3639945
1272 1272 3639948
1272 1274 3639951
1270 1272 3639954
1271 1272 3639957
1271 1273 3639960
1272 1273 3639963
1270 1271 3639966
1271 1272 3639969
1272 1272 3639972
1271 1272 3639975
1270 1274 3639978
1272 1274 3639981
1272 1273 3639984
1271 1273 3639987
1271 1273 3639990
1273 1271 3639993
1272 1274 3639996
1271 1273 3640000
1271 1273 3640003
1272 1272 3640006
1271 1271 3640009
1273 1273 3640012
1271 1271 3640015
1270 1273 3640018
1271 1273 3640021
1269 1272 3640024
1270 1271 3640027
1271 1273 3640029
1272 1273 3640032
1270 1272 3640035
1271 1273 3640038
1272 1273 3640041
1273 1271 3640044
1270 1272 3640047
1270 1273 3640050
1270 1273 3640053
1271 1271 3640056
1271 1271 3640059
1272 1272 3640062
1270 1272 3640065
1272 1273 3640068
1271 1273 3640071
1271 1272 3640074
1272 1274 3640077
1270 1272 3640080
1271 1270 3640083
1272 1271 3640086
1271 1271 3640089
1270 1273 3640092
1272 1273 3640095
1272 1273 3640098
1270 1273 3640101
1270 1271 3640104
1272 1271 3640107
1272 1274 3640110
1270 1273 3640113
1271 1270 3640116
1272 1272 3640119
1271 1273 3640122
1270 1273 3640125
1272 1273 3640128
1272 1274 3640131
1270 1272 3640134
1271 1270 3640137
1270 1273 3640140
1272 1274 3640143
1270 1272 3640146
1270 1271 3640149
1272 1272 3640152
1272 1272 3640155
1270 1272 3640158
1272 1273 3640161
1272 1273 3640164
1271 1272 3640167
1270 1273 3640170
1270 1271 3640173
1272 1273 3640176
1271 1272 3640179
1271 1272 3640182
1272 1272 3640185
1272 1272 3640188
1270 1274 3640191
1272 1272 3640194
1272 1272 3640197
1271 1273 3640200
1270 1271 3640203
1272 1272 3640206
1272 1273 3640209
1271 1272 3640212
1270 1271 3640215
1272 1271 3640218
1272 1274 3640221
1270 1273 3640224
1272 1272 3640227
1271 1274 3640230
1271 1272 3640233
1271 1271 3640236
1271 1273 3640239
1272 1274 3640242
1270 1272 3640245
1270 1270 3640248
1271 1273 3640251
1271 1272 3640254
1270 1272 3640257
1272 1272 3640260
1271 1273 3640263
1271 1272 3640266
1271 1272 3640269
1271 1273 3640272
1272 1274 3640275
1270 1272 3640278
1271 1272 3640281
1271 1272 3640284
1271 1272 3640287
1270 1272 3640290
1272 1273 3640293
1271 1273 3640296
1271 1272 3640299
1270 1273 3640302
1271 1273 3640305
1271 1273 3640308
1270 1273 3640311
1270 1271 3640314
1271 1271 3640317
1271 1272 3640320
1269 1273 3640323
1272 1272 3640326
1272 1272 3640329
1270 1272 3640332
1271 1273 3640335
1271 1273 3640338
1271 1275 3640341
1270 1273 3640344
1271 1271 3640347
1272 1272 3640350
1271 1272 3640353
1272 1273 3640356
1273 1273 3640359
1272 1274 3640362
1270 1274 3640365
1271 1271 3640368
1271 1273 3640371
1272 1274 3640374
1270 1271 3640377
1271 1272 3640380
1271 1272 3640383
1270 1272 3640386
1269 1272 3640389
1272 1272 3640392
1272 1274 3640395
1270 1271 3640398
1271 1273 3640401
1271 1273 3640404
1272 1273 3640407
1270 1272 3640410
1271 1272 3640413
1267 1273 3640416
1270 1272 3640419
1269 1272 3640422
1272 1273 3640425
1272 1272 3640428
1271 1271 3640431
1271 1273 3640434
1271 1272 3640437
1271 1273 3640440
1270 1273 3640443
1271 1270 3640446
1272 1272 3640449
1272 1272 3640452
1271 1274 3640455
1272 1273 3640458
1271 1273 3640461
1271 1273 3640464
1271 1271 3640467
1271 1272 3640470
1271 1274 3640473
1270 1272 3640476
1270 1271 3640479
1272 1272 3640482
1272 1273 3640485
1270 1273 3640488
1272 1273 3640491
1272 1274 3640494
1270 1272 3640497
1271 1271 3640500
1270 1273 3640503
1271 1273 3640506
1270 1272 3640509
1271 1271 3640512
1272 1272 3640515
1271 1272 3640518
1270 1273 3640521
1272 1274 3640524
1272 1273 3640527
1271 1272 3640530
1270 1272 3640533
1271 1272 3640536
1271 1272 3640539
1271 1272 3640542
1270 1272 3640545
1272 1272 3640548
1271 1272 3640551
1270 1273 3640554
1272 1273 3640557
1272 1273 3640560
1271 1273 3640563
1271 1274 3640566
1270 1273 3640569
1272 1274 3640572
1270 1273 3640575
1270 1272 3640578
1272 1271 3640581
1271 1273 3640584
1270 1273 3640587
1272 1272 3640590
1272 1273 3640593
1270 1274 3640596
1270 1271 3640599
1270 1272 3640602
1272 1274 3640605
1270 1272 3640608
1271 1270 3640611
1271 1273 3640614
1271 1271 3640617
1270 1272 3640620
1272 1273 3640623
1272 1275 3640626
1272 1273 3640629
1273 1272 3640632
1271 1273 3640635
1272 1274 3640638
1271 1272 3640641
1270 1272 3640644
1272 1271 3640647
1271 1271 3640650
1271 1273 3640653
1272 1273 3640656
1271 1273 3640659
1271 1272 3640662
1270 1273 3640665
1270 1273 3640668
1272 1274 3640671
1270 1273 3640674
1270 1271 3640677
1271 1271 3640680
1272 1273 3640683
1270 1273 3640686
1272 1273 3640689
1272 1273 3640692
1271 1273 3640695
1272 1273 3640698
1271 1272 3640701
1271 1274 3640704
1270 1272 3640707
1271 1270 3640710
1272 1272 3640713
1271 1273 3640716
1270 1272 3640719
1272 1272 3640722
1272 1273 3640725
1271 1273 3640728
1271 1272 3640731
1271 1274 3640734
1272 1274 3640737
1270 1271 3640740
1270 1271 3640743
1272 1272 3640746
1272 1272 3640749
1270 1273 3640752
1272 1274 3640755
1272 1273 3640758
1270 1273 3640761
1270 1273 3640764
1271 1273 3640767
1271 1273 3640770
1270 1271 3640773
1270 1272 3640776
1272 1271 3640779
1272 1271 3640782
1270 1272 3640785
1272 1273 3640788
1272 1272 3640791
1270 1274 3640794
1271 1273 3640797
1271 1272 3640800
1272 1274 3640803
1269 1272 3640806
1267 1272 3640809
1271 1272 3640812
1271 1272 3640815
1270 1273 3640818
1272 1272 3640821
1272 1274 3640824
1271 1274 3640827
1270 1271 3640830
1271 1272 3640833
1272 1274 3640836
1271 1272 3640839
1270 1271 3640842
1272 1272 3640845
1271 1273 3640848
1270 1272 3640851
1272 1273 3640854
1272 1274 3640857
1271 1272 3640860
1271 1272 3640863
1270 1273 3640866
1271 1274 3640869
1270 1272 3640872
1271 1271 3640875
1271 1272 3640878
1272 1271 3640881
1270 1273 3640884
1272 1274 3640887
1272 1272 3640890
1271 1272 3640893
1271 1273 3640896
1271 1274 3640899
1272 1273 3640902
1270 1272 3640905
1270 1271 3640908
1272 1272 3640911
1272 1272 3640914
1270 1274 3640917
1272 1272 3640920
1272 1273 3640923
1270 1273 3640926
1271 1273 3640929
1270 1272 3640932
1272 1273 3640935
1270 1273 3640938
1271 1272 3640941
1272 1272 3640944
1272 1273 3640947
1270 1272 3640950
1273 1272 3640953
1272 1274 3640956
1270 1273 3640959
1271 1272 3640962
1271 1272 3640965
1272 1274 3640968
1271 1272 3640971
1271 1271 3640974
1272 1273 3640977
1272 1271 3640980
1270 1272 3640983
1272 1273 3640986
1271 1274 3640989
1270 1273 3640992
1271 1272 3640995
1271 1273 3640999
1272 1274 3641002
1271 1271 3641005
1272 1274 3641008
1271 1272 3641011
1271 1272 3641014
1272 1271 3641017
1273 1271 3641020
1271 1271 3641023
1271 1271 3641026
1272 1274 3641029
1270 1273 3641031
1271 1274 3641034
1271 1273 3641037
1271 1272 3641040
1270 1272 3641043
1271 1273 3641046
1270 1272 3641049
1272 1271 3641052
1272 1272 3641055
1272 1273 3641058
1270 1273 3641061
1274 1272 3641064
1271 1273 3641067
1272 1272 3641070
1271 1271 3641073
1270 1273 3641076
1271 1274 3641079
1271 1273 3641082
1271 1272 3641085
1271 1273 3641088
1271 1273 3641091
1272 1275 3641094
1271 1272 3641097
1270 1271 3641100
1271 1271 3641103
1271 1272 3641106
1270 1272 3641109
1272 1273 3641112
1272 1273 3641115
1271 1273 3641118
1271 1272 3641121
1271 1272 3641124
1272 1275 3641127
1269 1272 3641130
1270 1270 3641133
1272 1272 3641136
1271 1272 3641139
1269 1273 3641142
1272 1272 3641145
1272 1273 3641148
1271 1273 3641151
1271 1272 3641154
1271 1273 3641157
1271 1274 3641160
1270 1271 3641163
1270 1271 3641166
1271 1272 3641169
1272 1272 3641172
1271 1272 3641175
1274 1273 3641178
1272 1273 3641181
1271 1272 3641184
1271 1273 3641187
1271 1273 3641190
1272 1272 3641193
1271 1272 3641196
1270 1272 3641199
1271 1271 3641202
1271 1271 3641205
1270 1272 3641208
1271 1274 3641211
1271 1273 3641214
1271 1273 3641217
1271 1272 3641220
1269 1273 3641223
1271 1274 3641226
1270 1273 3641229
1269 1271 3641232
1272 1272 3641235
1271 1272 3641238
1270 1273 3641241
1272 1272 3641244
1272 1274 3641247
1270 1273 3641250
1271 1271 3641253
1271 1273 3641256
1271 1273 3641259
1267 1271 3641262
1269 1270 3641265
1271 1272 3641268
1271 1272 3641271
1270 1272 3641274
1272 1273 3641277
1272 1274 3641280
1274 1271 3641283
1270 1272 3641286
1270 1272 3641289
1273 1272 3641292
1270 1271 3641295
1270 1271 3641298
1272 1273 3641301
1272 1271 3641304
1270 1273 3641307
1271 1273 3641310
1272 1273 3641313
1271 1272 3641316
1271 1273 3641319
1271 1272 3641322
1272 1273 3641325
1270 1272 3641328
1271 1271 3641331
1272 1272 3641334
1272 1272 3641337
1270 1273 3641340
1272 1272 3641343
1272 1273 3641346
1271 1274 3641349
1271 1273 3641352
1270 1272 3641355
1272 1274 3641358
1270 1272 3641361
1271 1271 3641364
1271 1271 3641367
1272 1273 3641370
1270 1272 3641373
1272 1272 3641376
1272 1274 3641379
1271 1272 3641382
1271 1271 3641385
1271 1272 3641388
1272 1274 3641391
1270 1273 3641394
1271 1271 3641397
1271 1272 3641400
1272 1271 3641403
1270 1272 3641406
1272 1273 3641409
1271 1275 3641412
1271 1273 3641415
1271 1272 3641418
1271 1274 3641421
1272 1274 3641424
1271 1272 3641427
1270 1272 3641430
1272 1271 3641433
1271 1271 3641436
1270 1273 3641439
1272 1273 3641442
1271 1273 3641445
1271 1272 3641448
1271 1272 3641451
1270 1273 3641454
1271 1273 3641457
1270 1273 3641460
1270 1270 3641463
1271 1271 3641466
1272 1272 3641469
1269 1270 3645877
1270 1271 3645880
1272 1272 3645883
1272 1276 3645886
1274 1270 3645888
1270 1272 3645891
1270 1272 3645894
1272 1273 3645897
1270 1276 3645900
1275 1272 3645903
1267 1270 3645906
1269 1270 3645909
1271 1272 3645912
1273 1272 3645915
1274 1277 3645918
1270 1269 3645921
1269 1269 3645924
1273 1274 3645927
1270 1271 3645930
1272 1275 3645933
1269 1270 3645936
1269 1271 3645939
1268 1271 3645942
1270 1272 3645945
1272 1276 3645948
1275 1272 3645951
1267 1269 3645954
1268 1272 3645957
1273 1271 3645960
1271 1270 3645963
1274 1271 3645966
1269 1271 3645969
1270 1271 3645972
1270 1272 3645975
1271 1273 3645978
1274 1277 3645981
1269 1270 3645984
1269 1271 3645987
1270 1272 3645990
1272 1271 3645993
1271 1275 3645996
1269 1270 3646000
1270 1271 3646003
1270 1274 3646006
1272 1271 3646009
1272 1276 3646012
1275 1270 3646015
1268 1273 3646018
1269 1271 3646021
1272 1272 3646024
1272 1271 3646026
1276 1269 3646029
1266 1271 3646032
1268 1272 3646035
1271 1274 3646038
1271 1273 3646041
1276 1275 3646044
1269 1270 3646047
1269 1271 3646050
1269 1272 3646053
1272 1274 3646056
1272 1276 3646059
1276 1269 3646062
1272 1270 3646065
1269 1273 3646068
1272 1271 3646071
1271 1275 3646074
1277 1271 3646077
1268 1271 3646080
1271 1271 3646083
1270 1273 3646086
1271 1274 3646089
1272 1276 3646092
1269 1269 3646095
1269 1271 3646098
1271 1273 3646101
1270 1269 3646104
1271 1276 3646107
1269 1270 3646110
1268 1269 3646113
1271 1272 3646116
1272 1273 3646119
1269 1277 3646122
1274 1271 3646125
1267 1271 3646128
1270 1274 3646131
1272 1272 3646134
1270 1271 3646137
1276 1271 3646140
1268 1269 3646143
1269 1271 3646146
1272 1272 3646149
1273 1273 3646152
1275 1275 3646155
1269 1269 3646158
1268 1271 3646161
1271 1274 3646164
1271 1273 3646167
1270 1274 3646170
1270 1268 3646173
1270 1270 3646176
1269 1273 3646179
1271 1272 3646182
1272 1276 3646185
1275 1271 3646188
1267 1271 3646191
1269 1271 3646194
1272 1274 3646197
1270 1273 3646200
1274 1270 3646203
1268 1271 3646206
1269 1271 3646209
1271 1273 3646212
1272 1272 3646215
1276 1277 3646218
1269 1271 3646221
1269 1270 3646224
1269 1272 3646227
1272 1274 3646230
1270 1274 3646233
1268 1267 3646236
1270 1270 3646239
1270 1273 3646242
1271 1272 3646245
1272 1277 3646248
1276 1272 3646251
1268 1271 3646254
1269 1271 3646257
1271 1274 3646260
1271 1273 3646263
1274 1269 3646266
1266 1271 3646269
1269 1271 3646272
1273 1272 3646275
1270 1273 3646278
1276 1277 3646281
1270 1271 3646284
1269 1271 3646287
1269 1272 3646290
1271 1273 3646293
1272 1275 3646296
1268 1269 3646299
1269 1270 3646302
1270 1273 3646305
1272 1271 3646308
1270 1276 3646311
1276 1271 3646314
1269 1271 3646317
1269 1272 3646320
1271 1272 3646323
1272 1272 3646326
1275 1272 3646329
1267 1269 3646332
1269 1269 3646335
1273 1271 3646338
1271 1272 3646341
1274 1277 3646344
1270 1270 3646347
1270 1272 3646350
1269 1272 3646353
1271 1272 3646356
1271 1276 3646359
1270 1269 3646362
1269 1268 3646365
1270 1271 3646368
1272 1272 3646371
1271 1276 3646374
1274 1271 3646377
1269 1272 3646380
1269 1271 3646383
1270 1273 3646386
1271 1272 3646389
1276 1271 3646392
1268 1271 3646395
1267 1270 3646398
1271 1271 3646401
1271 1272 3646404
1275 1275 3646407
1268 1271 3646410
1270 1271 3646413
1271 1272 3646416
1272 1273 3646419
1271 1275 3646422
1270 1268 3646425
1270 1271 3646428
1268 1273 3646431
1271 1271 3646434
1271 1275 3646437
1276 1271 3646440
1266 1270 3646443
1270 1271 3646446
1273 1274 3646449
1270 1275 3646452
1274 1272 3646455
1267 1271 3646458
1270 1273 3646461
1271 1273 3646464
1270 1271 3646467
1276 1277 3646470
1270 1270 3646473
1269 1269 3646476
1271 1273 3646479
1272 1274 3646482
1270 1276 3646485
1269 1268 3646488
1269 1271 3646491
1270 1274 3646494
1270 1271 3646497
1270 1275 3646500
1276 1271 3646503
1268 1270 3646506
1268 1272 3646509
1272 1274 3646512
1272 1273 3646515
1275 1270 3646518
1268 1271 3646521
1269 1272 3646524
1272 1273 3646527
1271 1273 3646530
1275 1275 3646533
1270 1269 3646536
1270 1270 3646539
1269 1274 3646542
1271 1274 3646545
1271 1277 3646548
1268 1270 3646551
1269 1272 3646554
1269 1271 3646557
1272 1274 3646560
1271 1275 3646563
1275 1269 3646566
1269 1270 3646569
1269 1271 3646572
1270 1273 3646575
1272 1273 3646578
1275 1272 3646581
1268 1271 3646584
1269 1270 3646587
1271 1272 3646590
1272 1274 3646593
1274 1275 3646596
1269 1268 3646599
1270 1270 3646602
1272 1275 3646605
1271 1273 3646608
1275 1278 3646611
1271 1271 3646614
1269 1271 3646617
1270 1271 3646620
1270 1273 3646623
1272 1276 3646626
1274 1270 3646629
1267 1270 3646632
1272 1272 3646635
1274 1273 3646638
1271 1272 3646641
1277 1271 3646644
1269 1270 3646647
1269 1271 3646650
1271 1272 3646653
1271 1273 3646656
1276 1276 3646659
1268 1269 3646662
1268 1268 3646665
1271 1271 3646668
1272 1271 3646671
1269 1277 3646674
1269 1270 3646677
1270 1272 3646680
1269 1272 3646683
1270 1272 3646686
1272 1275 3646689
1276 1272 3646692
1267 1270 3646695
1269 1271 3646698
1274 1272 3646701
1271 1276 3646704
1274 1270 3646707
1268 1271 3646710
1270 1273 3646713
1271 1272 3646716
1272 1276 3646719
1275 1270 3646722
1268 1271 3646725
1268 1270 3646728
1269 1271 3646731
1272 1273 3646734
1275 1271 3646737
1267 1272 3646740
1270 1272 3646743
1272 1273 3646746
1271 1272 3646749
1275 1276 3646752
1266 1272 3646755
1270 1272 3646758
1272 1274 3646761
1270 1272 3646764
1275 1275 3646767
1270 1269 3646770
1268 1272 3646773
1271 1273 3646776
1272 1273 3646779
1274 1276 3646782
1269 1270 3646785
1269 1270 3646788
1271 1273 3646791
1270 1273 3646794
1271 1274 3646797
1270 1270 3646800
1271 1271 3646803
1269 1272 3646806
1272 1272 3646809
1272 1275 3646812
1273 1273 3646815
1270 1271 3646818
1270 1273 3646821
1272 1275 3646824
1270 1274 3646827
1273 1270 3646830
1270 1272 3646833
1271 1271 3646836
1270 1272 3646839
1272 1274 3646842
1272 1270 3646845
1270 1271 3646848
1271 1271 3646851
1270 1273 3646854
1272 1273 3646857
1270 1271 3646860
1270 1272 3646863
1271 1271 3646866
1272 1271 3646869
1270 1273 3646872
1272 1271 3646875
1271 1271 3646878
1270 1271 3646881
1271 1272 3646884
1270 1273 3646887
1272 1273 3646890
1270 1272 3646893
1270 1271 3646896
1272 1271 3646899
1272 1272 3646902
1270 1274 3646905
1271 1273 3646908
1272 1273 3646911
1271 1273 3646914
1271 1273 3646917
1271 1272 3646920
1272 1274 3646923
1270 1272 3646926
1271 1270 3646929
1271 1272 3646932
1272 1273 3646935
1267 1273 3646938
1271 1272 3646941
1272 1273 3646944
1271 1274 3646947
1271 1272 3646950
1271 1274 3646953
1271 1273 3646956
1270 1271 3646959
1270 1271 3646962
1272 1272 3646965
1271 1272 3646968
1269 1272 3646971
1271 1273 3646974
1272 1273 3646977
1270 1272 3646980
1271 1273 3646983
1271 1273 3646986
1271 1273 3646989
1270 1273 3646992
1270 1272 3646995
1273 1270 3646999
1272 1271 3647002
1271 1272 3647005
1271 1273 3647008
1271 1272 3647011
1272 1273 3647014
1271 1272 3647017
1273 1272 3647020
1271 1272 3647023
1271 1272 3647026
1272 1273 3647029
1270 1272 3647031
1271 1274 3647034
1271 1272 3647037
1271 1273 3647040
1270 1273 3647043
1271 1274 3647046
1270 1271 3647049
1271 1271 3647052
1272 1272 3647055
1271 1272 3647058
1271 1272 3647061
1273 1272 3647064
1271 1272 3647067
1272 1272 3647070
1272 1273 3647073
1270 1273 3647076
1271 1271 3647079
1272 1272 3647082
1270 1273 3647085
1271 1273 3647088
1271 1272 3647091
1272 1273 3647094
1270 1272 3647097
1270 1271 3647100
1272 1272 3647103
1271 1273 3647106
1270 1272 3647109
1271 1272 3647112
1272 1273 3647115
1270 1272 3647118
1271 1271 3647121
1270 1272 3647124
1272 1274 3647127
1269 1272 3647130
1270 1271 3647133
1272 1273 3647136
1271 1272 3647139
1270 1272 3647142
1272 1273 3647145
1271 1272 3647148
1271 1272 3647151
1271 1271 3647154
1271 1273 3647157
1272 1274 3647160
1270 1272 3647163
1271 1272 3647166
1271 1271 3647169
1272 1272 3647172
1270 1273 3647175
1272 1275 3647178
1272 1274 3647181
1271 1273 3647184
1271 1273 3647187
1271 1273 3647190
1272 1273 3647193
1270 1273 3647196
1271 1270 3647199
1272 1271 3647202
1271 1272 3647205
1270 1272 3647208
1272 1272 3647211
1272 1271 3647214
1270 1273 3647217
1271 1272 3647220
1271 1273 3647223
1272 1275 3647226
1270 1272 3647229
1270 1270 3647232
1272 1272 3647235
1271 1272 3647238
1271 1273 3647241
1273 1273 3647244
1272 1275 3647247
1269 1273 3647250
1270 1272 3647253
1270 1274 3647256
1271 1273 3647259
1271 1271 3647262
1270 1271 3647265
1271 1272 3647268
1271 1271 3647271
1270 1272 3647274
1272 1274 3647277
1272 1273 3647280
1270 1272 3647283
1271 1273 3647286
1271 1273 3647289
1272 1273 3647292
1271 1271 3647295
1270 1271 3647298
1272 1272 3647301
1272 1271 3647304
1271 1273 3647307
1271 1274 3647310
1272 1273 3647313
1271 1273 3647316
1271 1273 3647319
1271 1271 3647322
1272 1273 3647325
1270 1271 3647328
1271 1270 3647331
1272 1272 3647334
1271 1272 3647337
1269 1274 3647340
1272 1272 3647343
1272 1274 3647346
1270 1273 3647349
1271 1271 3647352
1271 1273 3647355
1272 1273 3647358
1267 1272 3647361
1269 1271 3647364
1271 1272 3647367
1271 1272 3647370
1270 1272 3647373
1272 1272 3647376
1271 1274 3647379
1271 1272 3647382
1271 1272 3647385
1270 1273 3647388
1272 1273 3647391
1271 1271 3647394
1271 1271 3647397
1272 1272 3647400
1272 1271 3647403
1270 1273 3647406
1272 1274 3647409
1272 1272 3647412
1270 1273 3647415
1271 1272 3647418
1270 1272 3647421
1271 1272 3647424
1270 1272 3647427
1270 1272 3647430
1271 1272 3647433
1271 1272 3647436
1270 1273 3647439
1272 1272 3647442
1272 1272 3647445
1271 1273 3647448
1271 1272 3647451
1274 1272 3647454
1271 1273 3647457
1270 1273 3647460
1270 1271 3647463
1271 1272 3647466
1271 1272 3647469
1270 1272 3647472
1272 1272 3647475
1272 1273 3647478
1271 1272 3647481
1271 1272 3647484
1271 1273 3647487
1272 1274 3647490
1270 1272 3647493
1270 1271 3647496
1272 1273 3647499
1272 1272 3647502
1270 1272 3647505
1272 1273 3647508
1271 1274 3647511
1271 1272 3647514
1271 1272 3647517
1271 1273 3647520
1272 1274 3647523
1270 1272 3647526
1271 1271 3647529
1271 1272 3647532
1271 1271 3647535
1270 1273 3647538
1272 1272 3647541
1272 1273 3647544
1271 1273 3647547
1271 1273 3647550
1271 1273 3647553
1272 1273 3647556
1270 1273 3647559
1270 1271 3647562
1271 1272 3647565
1271 1272 3647568
1270 1273 3647571
1273 1273 3647574
1273 1274 3647577
1271 1273 3647580
1271 1273 3647583
1271 1273 3647586
1272 1275 3647589
1270 1271 3647592
1271 1270 3647595
1272 1272 3647598
1271 1273 3647601
1270 1273 3647604
1273 1273 3647607
1272 1274 3647610
1268 1273 3647613
1272 1272 3647616
1271 1274 3647619
1272 1274 3647622
1270 1271 3647625
1270 1271 3647628
1271 1274 3647631
1270 1272 3647634
1269 1273 3647637
1272 1274 3647640
1272 1273 3647643
1271 1273 3647646
1271 1273 3647649
1271 1273 3647652
1272 1273 3647655
1270 1272 3647658
1270 1272 3647661
1271 1272 3647664
1272 1272 3647667
1270 1273 3647670
1272 1273 3647673
1270 1272 3647676
1270 1273 3647679
1272 1274 3647682
1271 1271 3647685
1271 1273 3647688
1270 1274 3647691
1272 1271 3647694
1271 1272 3647697
1271 1272 3647700
1271 1273 3647703
1271 1272 3647706
1271 1273 3647709
1270 1271 3647712
1272 1272 3647715
1270 1272 3647718
1271 1274 3647721
1269 1272 3647724
1272 1272 3647727
1271 1272 3647730
1272 1272 3647733
1271 1272 3647736
1271 1273 3647739
1270 1272 3647742
1270 1271 3647745
1272 1274 3647748
1270 1272 3647751
1270 1274 3647754
1270 1272 3647757
1271 1272 3647760
1270 1273 3647763
1271 1272 3647766
1271 1274 3647769
1271 1273 3647772
1271 1271 3647775
1270 1271 3647778
1272 1274 3647781
1269 1273 3647784
1271 1273 3647787
1269 1273 3647790
1271 1272 3647793
1271 1272 3647796
1272 1273 3647799
1271 1274 3647802
1272 1271 3647805
1270 1272 3647808
1270 1272 3647811
1273 1273 3647814
1271 1271 3647817
1272 1273 3647820
1270 1272 3647823
1272 1271 3647826
1271 1272 3647829
1272 1272 3647832
1271 1272 3647835
1271 1272 3647838
1271 1272 3647841
1271 1272 3647844
1273 1273 3647847
1271 1273 3647850
1271 1274 3647853
1270 1272 3647856
1272 1273 3647859
1271 1273 3647862
1272 1272 3647865
1272 1273 3647868
1271 1272 3647871
1271 1272 3647874
1270 1271 3647877
1272 1274 3647880
1270 1273 3647883
1271 1273 3647886
1270 1272 3647889
1271 1273 3647892
1271 1272 3647895
1271 1272 3647898
1270 1273 3647901
1271 1273 3647904
1271 1271 3647907
1270 1272 3647910
1272 1276 3647913
1271 1272 3647916
1272 1273 3647919
1269 1273 3647922
1272 1272 3647925
1271 1272 3647928
1271 1272 3647931
1271 1273 3647934
1271 1272 3647937
1271 1272 3647940
1271 1272 3647943
1272 1275 3647946
1270 1272 3647949
1271 1274 3647952
1270 1272 3647955
1272 1271 3647958
1271 1273 3647961
1272 1272 3647964
1271 1273 3647967
1271 1271 3647970
1271 1272 3647973
1271 1271 3647976
1272 1273 3647979
1271 1274 3647982
1271 1273 3647985
1270 1272 3647988
1272 1272 3647991
1271 1272 3647994
1271 1272 3647997
1270 1271 3648001
1270 1273 3648004
1272 1273 3648007
1272 1271 3648010
1272 1274 3648013
1271 1271 3648016
1272 1273 3648019
1270 1273 3648022
1271 1274 3648025
1271 1273 3648028
1273 1270 3648031
1271 1273 3648034
1271 1272 3648037
1272 1272 3648040
1272 1274 3648043
1271 1272 3648045
1271 1272 3648048
1271 1273 3648051
1271 1270 3648054
1273 1271 3648057
1270 1272 3648060
1272 1272 3648063
1271 1273 3648066
1271 1272 3648069
1272 1273 3648072
1271 1274 3648075
1271 1270 3648078
1272 1273 3648081
1271 1274 3648084
1272 1273 3648087
1272 1273 3648090
1272 1273 3648093
1272 1274 3648096
1270 1272 3648099
1272 1275 3648102
1270 1272 3648105
1271 1271 3648108
1271 1273 3648111
1271 1273 3648114
1272 1272 3648117
1271 1272 3648120
1271 1273 3648123
1271 1272 3648126
1272 1273 3648129
1271 1274 3648132
1271 1273 3648135
1270 1272 3648138
1272 1272 3648141
1271 1273 3648144
1272 1272 3648147
1271 1273 3648150
1272 1273 3648153
1271 1273 3648156
1271 1271 3648159
1273 1275 3648162
1271 1272 3648165
1272 1273 3648168
1270 1273 3648171
1272 1272 3648174
1271 1272 3648177
1272 1272 3648180
1271 1273 3648183
1271 1273 3648186
1272 1272 3648189
1270 1272 3648192
1272 1273 3648195
1270 1272 3648198
1271 1274 3648201
1270 1273 3648204
1271 1272 3648207
1272 1272 3648210
1272 1273 3648213
1271 1273 3648216
1272 1272 3648219
1271 1273 3648222
1270 1272 3648225
1272 1273 3648228
1270 1273 3648231
1272 1274 3648234
1270 1272 3648237
1272 1271 3648240
1272 1273 3648243
1271 1273 3648246
1270 1273 3648249
1271 1273 3648252
1271 1272 3648255
1271 1270 3648258
1272 1273 3648261
1270 1273 3648264
1271 1273 3648267
1270 1272 3648270
1271 1272 3648273
1271 1273 3648276
1271 1272 3648279
1271 1274 3648282
1271 1273 3648285
1271 1271 3648288
1271 1271 3648291
1271 1274 3648294
1271 1272 3648297
1272 1274 3648300
1269 1273 3648303
1271 1272 3648306
1271 1272 3648309
1272 1273 3648312
1271 1273 3648315
1271 1271 3648318
1271 1272 3648321
1270 1272 3648324
1274 1272 3648327
1271 1272 3648330
1272 1273 3648333
1270 1273 3648336
1271 1271 3648339
1272 1274 3648342
1271 1273 3648345
1271 1272 3648348
1271 1273 3648351
1270 1273 3648354
1272 1272 3648357
1273 1274 3648360
1271 1273 3648363
1272 1274 3648366
1270 1271 3648369
1272 1272 3648372
1270 1274 3648375
1271 1272 3648378
1270 1273 3648381
1270 1273 3648384
1271 1272 3648387
1271 1271 3648390
1273 1273 3648393
1271 1273 3648396
1272 1273 3648399
1270 1273 3648402
1272 1273 3648405
1271 1271 3648408
1272 1272 3648411
1270 1273 3648414
1271 1273 3648417
1271 1273 3648420
1271 1271 3648423
1272 1274 3648426
1271 1272 3648429
1272 1273 3648432
1269 1273 3648435
1272 1271 3648438
1272 1272 3648441
1271 1273 3648444
1271 1274 3648447
1271 1272 3648450
1272 1272 3648453
1270 1272 3648456
1272 1274 3648459
1271 1272 3648462
1271 1274 3648465
1269 1272 3648468
1272 1272 3648471
1271 1273 3648474
1271 1273 3648477
1271 1273 3648480
1271 1272 3648483
1271 1273 3648486
1271 1272 3648489
1273 1274 3648492
1271 1273 3648495
1272 1273 3648498
1270 1272 3648501
1272 1273 3648504
1272 1272 3648507
1271 1272 3648510
1271 1273 3648513
1270 1274 3648516
1271 1272 3648519
1271 1271 3648522
1272 1274 3648525
1271 1272 3648528
1271 1273 3648531
1270 1273 3648534
1272 1273 3648537
1271 1272 3648540
1272 1272 3648543
1271 1274 3648546
1271 1273 3648549
1271 1271 3648552
1270 1272 3648555
1271 1273 3648558
1270 1272 3648561
1272 1274 3648564
1269 1273 3648567
1271 1271 3648570
1272 1272 3648573
1271 1273 3648576
1268 1273 3648579
1271 1272 3648582
1271 1273 3648585
1270 1271 3648588
1273 1273 3648591
1270 1272 3648594
1271 1273 3648597
1270 1272 3648600
1271 1272 3648603
1271 1273 3648606
1272 1271 3648609
1271 1273 3648612
1271 1273 3648615
1271 1272 3648618
1270 1271 3648621
1272 1274 3648624
1270 1272 3648627
1271 1272 3648630
1270 1272 3648633
1271 1273 3648636
1271 1273 3648639
1271 1272 3648642
1271 1274 3648645
1271 1272 3648648
1271 1272 3648651
1271 1272 3648654
1272 1275 3648657
1271 1273 3648660
1273 1274 3648663
1270 1273 3648666
1272 1272 3648669
1271 1272 3648672
1272 1273 3648675
1271 1272 3648678
1271 1272 3648681
1271 1272 3648684
1270 1270 3648687
1273 1272 3648690
1271 1272 3648693
1271 1274 3648696
1269 1273 3648699
1272 1272 3648702
1271 1274 3648705
1271 1272 3648708
1270 1272 3648711
1271 1272 3648714
1271 1274 3648717
1270 1272 3648720
1272 1274 3648723
1270 1274 3648726
1271 1274 3648729
1270 1272 3648732
1271 1274 3648735
1271 1272 3648738
1271 1272 3648741
1270 1273 3648744
1271 1273 3648747
1270 1272 3648750
1270 1272 3648753
1272 1274 3648756
1271 1273 3648759
1272 1273 3648762
1270 1273 3648765
1271 1272 3648768
1271 1272 3648771
1272 1272 3648774
1270 1271 3648777
1272 1270 3648780
1271 1271 3648783
1270 1272 3648786
1272 1274 3648789
1271 1272 3648792
1272 1273 3648795
1269 1272 3648798
1272 1271 3648801
1271 1273 3648804
1271 1273 3648807
1270 1272 3648810
1271 1272 3648813
1270 1273 3648816
1270 1272 3648819
1272 1274 3648822
1271 1274 3648825
1271 1274 3648828
1270 1272 3648831
1272 1272 3648834
1271 1272 3648837
1272 1272 3648840
1271 1272 3648843
1270 1273 3648846
1271 1273 3648849
1271 1271 3648852
1273 1274 3648855
1270 1273 3648858
1272 1273 3648861
1270 1272 3648864
1271 1273 3648867
1271 1271 3648870
1272 1272 3648873
1270 1273 3648876
1271 1273 3648879
1271 1271 3648882
1270 1272 3648885
1272 1274 3648888
1271 1271 3648891
1272 1274 3648894
1269 1273 3648897
1270 1272 3648900
1272 1272 3648903
1272 1272 3648906
1271 1273 3648909
1271 1272 3648912
1271 1272 3648915
1272 1272 3648918
1272 1272 3648921
1270 1272 3648924
1271 1274 3648927
1270 1271 3648930
1271 1271 3648933
1271 1272 3648936
1271 1273 3648939
1270 1272 3648942
1271 1273 3648945
1270 1273 3648948
1270 1271 3648951
1271 1274 3648954
1270 1273 3648957
1273 1273 3648960
1271 1272 3648963
1272 1273 3648966
1271 1272 3648969
1272 1272 3648972
1271 1274 3648975
1271 1273 3648978
1271 1272 3648981
1270 1271 3648984
1271 1274 3648987
1271 1272 3648990
1272 1273 3648993
1270 1273 3648996
1272 1273 3649000
1272 1272 3649003
1272 1273 3649006
1272 1272 3649009
1270 1271 3649012
1270 1275 3649015
1271 1272 3649018
1271 1273 3649021
1272 1270 3649024
1274 1272 3649027
1272 1274 3649030
1272 1271 3649033
1271 1271 3649036
1272 1273 3649039
1271 1271 3649042
1272 1273 3649044
1271 1275 3649047
1273 1272 3649050
1270 1273 3649053
1271 1271 3649056
1271 1274 3649059
1271 1272 3649062
1272 1272 3649065
1271 1273 3649068
1272 1271 3649071
1272 1272 3649074
1270 1273 3649077
1270 1272 3649080
1271 1273 3649083
1272 1271 3649086
1271 1273 3649089
1272 1272 3649092
1272 1272 3649095
1272 1272 3649098
1272 1271 3649101
1271 1272 3649104
1271 1272 3649107
1271 1271 3649110
1271 1271 3649113
1272 1273 3649116
1271 1273 3649119
1271 1274 3649122
1270 1272 3649125
1271 1273 3649128
1271 1271 3649131
1271 1272 3649134
1270 1274 3649137
1271 1272 3649140
1271 1271 3649143
1270 1271 3649146
1272 1274 3649149
1271 1272 3649152
1272 1273 3649155
1270 1273 3649158
1271 1272 3649161
1271 1271 3649164
1271 1272 3649167
1270 1272 3649170
1271 1271 3649173
1271 1272 3649176
1270 1272 3649179
1272 1274 3649182
1270 1272 3649185
1271 1274 3649188
1271 1272 3649191
1272 1272 3649194
1271 1273 3649197
1272 1274 3649200
1271 1273 3649203
1271 1273 3649206
1271 1273 3649209
1271 1272 3649212
1272 1274 3649215
1271 1273 3649218
1271 1273 3649221
1270 1272 3649224
1272 1272 3649227
1271 1275 3649230
1271 1272 3649233
1271 1273 3649236
1271 1273 3649239
1271 1272 3649242
1270 1271 3649245
1272 1274 3649248
1271 1272 3649251
1271 1273 3649254
1270 1273 3649257
1271 1273 3649260
1270 1272 3649263
1271 1272 3649266
1271 1273 3649269
1271 1272 3649272
1271 1272 3649275
1271 1273 3649278
1272 1273 3649281
1271 1272 3649284
1271 1274 3649287
1270 1271 3649290
1272 1271 3649293
1271 1271 3649296
1271 1273 3649299
1271 1273 3649302
1271 1272 3649305
1271 1273 3649308
1270 1271 3649311
1272 1273 3649314
1271 1272 3649317
1271 1272 3649320
1269 1271 3649323
1271 1271 3649326
1270 1273 3649329
1271 1273 3649332
1271 1273 3649335
1271 1273 3649338
1271 1273 3649341
1270 1271 3649344
1271 1274 3649347
1270 1273 3649350
1271 1273 3649353
1270 1272 3649356
1271 1272 3649359
1271 1273 3649362
1272 1272 3649365
1271 1274 3649368
1271 1273 3649371
1271 1271 3649374
1270 1272 3649377
1272 1273 3649380
1270 1272 3649383
1272 1273 3649386
1270 1273 3649389
1272 1273 3649392
1271 1272 3649395
1272 1273 3649398
1271 1273 3649401
1272 1271 3649404
1270 1273 3649407
1270 1272 3649410
1272 1274 3649413
1271 1272 3649416
1272 1274 3649419
1270 1273 3649422
1272 1272 3649425
1271 1273 3649428
1271 1272 3649431
1271 1272 3649434
1271 1272 3649437
1271 1273 3649440
1271 1271 3649443
1272 1273 3649446
1271 1273 3649449
1272 1274 3649452
1269 1272 3649455
1272 1273 3649458
1271 1273 3649461
1271 1271 3649464
1271 1272 3649467
1271 1273 3649470
1272 1271 3649473
1271 1270 3649476
1272 1274 3649479
1270 1273 3649482
1271 1273 3649485
1271 1273 3649488
1272 1273 3649491
1271 1272 3649494
1272 1272 3649497
1270 1274 3649500
1273 1272 3649503
1271 1271 3649506
1270 1272 3649509
1272 1274 3649512
1271 1272 3649515
1271 1274 3649518
1270 1273 3649521
1272 1271 3649524
1271 1272 3649527
1271 1273 3649530
1272 1273 3649533
1272 1273 3649536
1271 1273 3649539
1271 1272 3649542
1272 1274 3649545
1271 1273 3649548
1272 1274 3649551
1270 1271 3649554
1272 1272 3649557
1271 1272 3649560
1272 1272 3649563
1270 1272 3649566
1270 1272 3649569
1271 1272 3649572
1270 1271 3649575
1272 1274 3649578
1271 1273 3649581
1271 1272 3649584
1270 1272 3649587
1271 1272 3649590
1272 1273 3649593
1272 1273 3649596
1272 1273 3649599
1271 1273 3649602
1272 1273 3649605
1271 1271 3649608
1272 1275 3649611
1271 1272 3649614
1271 1273 3649617
1270 1272 3649620
1270 1272 3649623
1271 1272 3649626
1272 1272 3649629
1271 1274 3649632
1271 1272 3649635
1271 1272 3649638
1270 1273 3649641
1272 1273 3649644
1271 1272 3649647
1272 1274 3649650
1270 1272 3649653
1272 1271 3649656
1272 1272 3649659
1272 1273 3649662
1271 1272 3649665
1271 1273 3649668
1270 1273 3649671
1270 1271 3649674
1272 1273 3649677
1270 1272 3649680
1271 1273 3649683
1270 1272 3649686
1272 1272 3649689
1271 1273 3649692
1271 1272 3649695
1270 1273 3649698
1271 1273 3649701
1270 1272 3649704
1271 1271 3649707
1271 1274 3649710
1270 1272 3649713
1271 1273 3649716
1270 1273 3649719
1271 1273 3649722
1271 1272 3649725
1271 1272 3649728
1271 1273 3649731
1271 1272 3649734
1271 1272 3649737
1270 1272 3649740
1272 1273 3649743
1270 1272 3649746
1271 1274 3649749
1270 1273 3649752
1272 1273 3649755
1271 1272 3649758
1271 1272 3649761
1270 1272 3649764
1272 1272 3649767
1271 1273 3649770
1270 1274 3649773
1272 1274 3649776
1270 1273 3649779
1272 1274 3649782
1270 1273 3649785
1272 1272 3649788
1271 1273 3649791
1271 1271 3649794
1271 1272 3649797
1271 1273 3649800
1270 1271 3649803
1270 1271 3649806
1271 1273 3649809
1271 1272 3649812
1271 1273 3649815
1270 1272 3649818
1272 1273 3649821
1270 1272 3649824
1272 1272 3649827
1270 1274 3649830
1270 1274 3649833
1271 1272 3649836
1271 1272 3649839
1272 1274 3649842
1271 1273 3649845
1271 1273 3649848
1270 1273 3649851
1272 1272 3649854
1272 1272 3649857
1271 1273 3649860
1270 1274 3649863
1270 1272 3649866
1271 1272 3649869
1270 1272 3649872
1272 1274 3649875
1271 1272 3649878
1272 1274 3649881
1269 1272 3649884
1271 1272 3649887
1271 1273 3649890
1271 1273 3649893
1270 1273 3649896
1271 1272 3649899
1271 1272 3649902
1271 1272 3649905
1272 1273 3649908
1271 1274 3649911
1271 1273 3649914
1270 1272 3649917
1271 1272 3649920
1271 1273 3649923
1270 1272 3649926
1271 1273 3649929
1270 1273 3649932
1270 1272 3649935
1270 1272 3649938
1272 1275 3649941
1270 1272 3649944
1271 1273 3649947
1269 1273 3649950
1271 1272 3649953
1272 1272 3649956
1271 1272 3649959
1271 1273 3649962
1271 1273 3649965
1271 1271 3649968
1270 1273 3649971
1272 1274 3649974
1271 1271 3649977
1271 1273 3649980
1270 1272 3649983
1270 1273 3649986
1271 1272 3649989
1270 1272 3649992
1270 1273 3649995
1270 1272 3649999
1271 1273 3650002
1271 1273 3650005
1272 1272 3650008
1271 1270 3650011
1271 1272 3650014
1268 1272 3650017
1271 1272 3650020
1270 1273 3650023
1272 1272 3650026
1270 1273 3650029
1272 1271 3650032
1272 1272 3650035
1271 1272 3650038
1270 1271 3650040
1272 1272 3650043
1272 1274 3650046
1273 1271 3650049
1272 1273 3650052
1271 1274 3650055
1273 1272 3650058
1272 1274 3650061
1271 1272 3650064
1270 1272 3650067
1271 1273 3650070
1271 1272 3650073
1271 1272 3650076
1270 1271 3650079
1272 1272 3650082
1272 1273 3650085
1270 1271 3650088
1272 1273 3650091
1272 1273 3650094
1271 1271 3650097
1271 1271 3650100
1272 1274 3650103
1270 1273 3650106
1271 1273 3650109
1270 1273 3650112
1271 1273 3650115
1271 1272 3650118
1272 1272 3650121
1271 1273 3650124
1271 1272 3650127
1271 1272 3650130
1270 1272 3650133
1271 1274 3650136
1271 1272 3650139
1272 1273 3650142
1270 1273 3650145
1271 1272 3650148
1271 1273 3650151
1272 1273 3650154
1271 1272 3650157
1272 1272 3650160
1270 1272 3650163
1270 1272 3650166
1272 1273 3650169
1271 1272 3650172
1271 1274 3650175
1270 1273 3650178
1271 1272 3650181
1271 1273 3650184
1272 1272 3650187
1271 1272 3650190
1271 1273 3650193
1271 1272 3650196
1270 1271 3650199
1272 1273 3650202
1270 1273 3650205
1271 1274 3650208
1270 1272 3650211
1272 1273 3650214
1271 1271 3650217
1272 1272 3650220
1271 1273 3650223
1271 1272 3650226
1271 1272 3650229
1270 1272 3650232
1272 1274 3650235
1270 1272 3650238
1271 1273 3650241
1270 1273 3650244
1272 1272 3650247
1272 1272 3650250
1272 1273 3650253
1271 1274 3650256
1270 1272 3650259
1271 1272 3650262
1270 1272 3650265
1272 1274 3650268
1271 1272 3650271
1272 1274 3650274
1270 1273 3650277
1271 1272 3650280
1271 1273 3650283
1271 1272 3650286
1270 1272 3650289
1271 1272 3650292
1271 1273 3650295
1270 1272 3650298
1272 1273 3650301
1271 1274 3650304
1271 1272 3650307
1270 1272 3650310
1272 1273 3650313
1271 1274 3650316
1271 1272 3650319
1270 1272 3650322
1271 1273 3650325
1271 1273 3650328
1270 1271 3650331
1272 1275 3650334
1270 1273 3650337
1271 1273 3650340
1270 1273 3650343
1272 1272 3650346
1271 1272 3650349
1272 1272 3650352
1271 1273 3650355
1271 1273 3650358
1272 1272 3650361
1271 1273 3650364
1272 1273 3650367
1271 1271 3650370
1272 1273 3650373
1269 1273 3650376
1271 1272 3650379
1271 1271 3650382
1272 1272 3650385
1271 1273 3650388
1272 1272 3650391
1271 1273 3650394
1270 1272 3650397
1272 1272 3650400
1270 1273 3650403
1271 1273 3650406
1270 1272 3650409
1272 1272 3650412
1271 1273 3650415
1271 1273 3650418
1271 1273 3650421
1271 1273 3650424
1271 1273 3650427
1270 1271 3650430
1272 1274 3650433
1270 1273 3650436
1270 1273 3650439
1270 1272 3650442
1271 1272 3650445
1271 1273 3650448
1271 1272 3650451
1271 1274 3650454
1271 1273 3650457
1271 1271 3650460
1270 1271 3650463
1272 1274 3650466
1270 1272 3650469
1271 1273 3650472
1270 1273 3650475
1271 1273 3650478
1272 1272 3650481
1272 1273 3650484
1271 1273 3650487
1271 1271 3650490
1271 1272 3650493
1270 1272 3650496
1270 1274 3650499
1271 1273 3650502
1271 1274 3650505
1269 1273 3650508
1272 1272 3650511
1271 1275 3650514
1271 1272 3650517
1270 1272 3650520
1271 1272 3650523
1270 1272 3650526
1269 1272 3650529
1272 1274 3650532
1270 1274 3650535
1271 1274 3650538
1270 1272 3650541
1272 1272 3650544
1271 1273 3650547
1271 1271 3650550
1271 1273 3650553
1271 1273 3650556
1271 1273 3650559
1271 1272 3650562
1272 1274 3650565
1271 1273 3650568
1271 1272 3650571
1270 1273 3650574
1272 1273 3650577
1271 1272 3650580
1272 1272 3650583
1270 1273 3650586
1272 1272 3650589
1271 1271 3650592
1270 1271 3650595
1271 1274 3650598
1271 1271 3650601
1271 1273 3650604
1270 1273 3650607
1271 1271 3650610
1272 1272 3650613
1272 1273 3650616
1269 1273 3650619
1271 1272 3650622
1271 1272 3650625
1270 1273 3650628
1272 1273 3650631
1271 1273 3650634
1271 1274 3650637
1270 1272 3650640
1272 1271 3650643
1271 1272 3650646
1271 1272 3650649
1271 1272 3650652
1271 1272 3650655
1270 1273 3650658
1270 1272 3650661
1272 1273 3650664
1270 1273 3650667
1271 1272 3650670
1270 1272 3650673
1272 1272 3650676
1271 1272 3650679
1272 1271 3650682
1271 1273 3650685
1271 1273 3650688
1271 1272 3650691
1270 1271 3650694
1272 1274 3650697
1270 1271 3650700
1271 1273 3650703
1270 1273 3650706
1272 1274 3650709
1270 1272 3650712
1271 1273 3650715
1270 1273 3650718
1271 1273 3650721
1272 1272 3650724
1270 1272 3650727
1272 1273 3650730
1271 1272 3650733
1271 1274 3650736
1270 1273 3650739
1270 1272 3650742
1271 1272 3650745
1271 1272 3650748
1271 1273 3650751
1271 1272 3650754
1271 1273 3650757
1269 1271 3650760
1272 1273 3650763
1270 1272 3650766
1271 1273 3650769
1270 1272 3650772
1271 1271 3650775
1271 1272 3650778
1271 1273 3650781
1271 1272 3650784
1271 1273 3650787
1271 1272 3650790
1270 1271 3650793
1272 1274 3650796
1270 1272 3650799
1271 1273 3650802
1270 1272 3650805
1271 1272 3650808
1271 1273 3650811
1272 1272 3650814
1271 1274 3650817
1271 1272 3650820
1271 1271 3650823
1270 1272 3650826
1272 1274 3650829
1272 1272 3650832
1272 1273 3650835
1271 1273 3650838
1271 1273 3650841
1271 1272 3650844
1272 1273 3650847
1271 1274 3650850
1271 1272 3650853
1271 1272 3650856
1270 1272 3650859
1270 1274 3650862
1271 1272 3650865
1271 1274 3650868
1270 1273 3650871
1272 1271 3650874
1271 1273 3650877
1272 1273 3650880
1271 1272 3650883
1271 1272 3650886
1270 1273 3650889
1267 1272 3650892
1271 1273 3650895
1272 1273 3650898
1272 1275 3650901
1271 1272 3650904
1272 1272 3650907
1271 1273 3650910
1272 1271 3650913
1271 1273 3650916
1271 1273 3650919
1273 1273 3650922
1272 1271 3650925
1273 1275 3650928
1271 1274 3650931
1272 1273 3650934
1269 1272 3650937
1272 1273 3650940
1271 1271 3650943
1272 1272 3650946
1271 1274 3650949
1271 1272 3650952
1270 1271 3650955
1270 1272 3650958
1272 1274 3650961
1271 1272 3650964
1271 1273 3650967
1269 1273 3650970
1271 1271 3650973
1272 1272 3650976
1272 1273 3650979
1271 1273 3650982
1271 1272 3650985
1271 1272 3650988
1270 1272 3650991
1272 1273 3650994
1270 1272 3650997
1272 1273 3651001
1271 1272 3651004
1271 1271 3651007
1272 1274 3651010
1270 1272 3651013
1272 1271 3651016
1272 1272 3651019
1272 1271 3651022
1272 1272 3651025
1272 1272 3651028
1271 1273 3651031
1271 1272 3651034
1272 1272 3651036
1271 1272 3651039
1272 1273 3651042
1271 1272 3651045
1273 1272 3651048
1270 1273 3651051
1272 1272 3651054
1272 1273 3651057
1271 1273 3651060
1272 1272 3651063
1272 1273 3651066
1271 1270 3651069
1274 1272 3651072
1272 1272 3651075
1272 1273 3651078
1271 1273 3651081
1272 1272 3651084
1272 1273 3651087
1270 1273 3651090
1271 1272 3651093
1270 1272 3651096
1271 1273 3651099
1271 1273 3651102
1271 1272 3651105
1271 1272 3651108
1271 1273 3651111
1271 1272 3651114
1270 1271 3651117
1272 1274 3651120
1270 1272 3651123
1271 1273 3651126
1270 1273 3651129
1271 1273 3651132
1272 1273 3651135
1272 1272 3651138
1271 1274 3651141
1271 1272 3651144
1270 1272 3651147
1271 1272 3651150
1272 1274 3651153
1271 1272 3651156
1271 1274 3651159
1271 1273 3651162
1272 1273 3651165
1272 1272 3651168
1272 1273 3651171
1271 1273 3651174
1271 1273 3651177
1271 1274 3651180
1270 1272 3651183
1272 1273 3651186
1271 1273 3651189
1271 1275 3651192
1269 1273 3651195
1272 1272 3651198
1271 1274 3651201
1271 1272 3651204
1270 1273 3651207
1271 1274 3651210
1271 1272 3651213
1271 1271 3651216
1271 1274 3651219
1270 1271 3651222
1272 1272 3651225
1270 1271 3651228
1272 1273 3651231
1271 1272 3651234
1271 1272 3651237
1270 1274 3651240
1271 1272 3651243
1271 1272 3651246
1270 1271 3651249
1271 1274 3651252
1270 1272 3651255
1271 1273 3651258
1270 1273 3651261
1272 1272 3651264
1271 1272 3651267
1271 1273 3651270
1271 1273 3651273
1271 1271 3651276
1270 1273 3651279
1270 1272 3651282
1271 1273 3651285
1270 1272 3651288
1272 1274 3651291
1270 1273 3651294
1272 1272 3651297
1272 1273 3651300
1271 1273 3651303
1272 1272 3651306
1271 1272 3651309
1270 1273 3651312
1270 1271 3651315
1271 1274 3651318
1269 1273 3651321
1271 1274 3651324
1270 1272 3651327
1272 1272 3651330
1272 1273 3651333
1271 1271 3651336
1270 1273 3651339
1272 1272 3651342
1273 1271 3651345
1270 1271 3651348
1272 1273 3651351
1270 1273 3651354
1271 1272 3651357
1270 1273 3651360
1272 1273 3651363
1271 1271 3651366
1272 1272 3651369
1270 1273 3651372
1266 1273 3651375
1269 1271 3651378
1270 1272 3651381
1271 1274 3651384
1270 1272 3651387
1271 1273 3651390
1270 1273 3651393
1272 1272 3651396
1271 1272 3651399
1272 1273 3651402
1271 1273 3651405
1271 1272 3651408
1271 1272 3651411
1271 1272 3651414
1272 1274 3651417
1271 1273 3651420
1272 1274 3651423
1270 1272 3651426
1271 1272 3651429
1270 1272 3651432
1272 1272 3651435
1271 1273 3651438
1271 1273 3651441
1271 1272 3651444
1270 1272 3651447
1272 1274 3651450
1271 1273 3651453
1271 1272 3651456
1270 1271 3651459
1271 1273 3651462
1271 1272 3651465
1272 1272 3651468
1270 1273 3651471
1271 1273 3651474
1271 1273 3651477
1271 1272 3651480
1272 1275 3651483
1271 1272 3651486
1272 1273 3651489
1270 1272 3651492
1271 1272 3651495
1271 1272 3651498
1272 1272 3651501
1271 1273 3651504
1271 1272 3651507
1270 1272 3651510
1271 1272 3651513
1272 1272 3651516
1271 1272 3651519
1271 1274 3651522
1270 1270 3651525
