1271 1274 2125039
1272 1274 2125041
1274 1273 2125044
1268 1271 2125047
1270 1270 2125050
1271 1271 2125053
1271 1273 2125056
1275 1277 2125059
1272 1270 2125062
1271 1269 2125065
1273 1274 2125068
1272 1272 2125071
1274 1275 2125074
1269 1269 2125077
1269 1271 2125080
1270 1271 2125083
1271 1273 2125086
1271 1275 2125089
1267 1270 2125092
1269 1271 2125095
1268 1273 2125098
1270 1271 2125101
1272 1274 2125104
1276 1271 2125107
1267 1272 2125110
1270 1272 2125113
1273 1273 2125116
1270 1275 2125119
1276 1270 2125122
1268 1271 2125125
1270 1272 2125128
1269 1273 2125131
1272 1271 2125134
1275 1276 2125137
1268 1271 2125140
1268 1270 2125143
1272 1273 2125146
1270 1273 2125149
1276 1275 2125152
1269 1268 2125155
1269 1271 2125158
1272 1275 2125161
1270 1272 2125164
1270 1275 2125167
1270 1269 2125170
1270 1269 2125173
1268 1271 2125176
1271 1273 2125179
1273 1277 2125182
1276 1270 2125185
1270 1270 2125188
1269 1274 2125191
1273 1272 2125194
1270 1276 2125197
1275 1270 2125200
1268 1269 2125203
1269 1270 2125206
1270 1274 2125209
1273 1272 2125212
1276 1271 2125215
1267 1271 2125218
1268 1271 2125221
1270 1270 2125224
1271 1274 2125227
1273 1276 2125230
1269 1267 2125233
1269 1269 2125236
1273 1273 2125239
1266 1273 2125242
1274 1276 2125245
1269 1270 2125248
1268 1271 2125251
1269 1271 2125254
1272 1273 2125257
1272 1277 2125260
1268 1268 2125263
1269 1269 2125266
1270 1272 2125269
1271 1272 2125272
1270 1276 2125275
1277 1271 2125278
1269 1272 2125281
1269 1273 2125284
1273 1272 2125287
1270 1277 2125290
1275 1271 2125293
1266 1269 2125296
1268 1270 2125299
1270 1272 2125302
1272 1272 2125305
1274 1272 2125308
1268 1272 2125311
1270 1271 2125314
1270 1272 2125317
1270 1273 2125320
1274 1275 2125323
1270 1271 2125326
1268 1270 2125329
1272 1272 2125332
1271 1271 2125335
1275 1275 2125338
1268 1270 2125341
1270 1270 2125344
1271 1273 2125347
1271 1273 2125350
1271 1275 2125353
1269 1270 2125356
1269 1273 2125359
1268 1271 2125362
1270 1271 2125365
1272 1275 2125368
1275 1269 2125371
1269 1271 2125374
1270 1273 2125377
1272 1273 2125380
1271 1275 2125383
1275 1271 2125386
1267 1271 2125389
1269 1274 2125392
1271 1272 2125395
1270 1274 2125398
1276 1269 2125401
1267 1269 2125404
1267 1271 2125407
1271 1274 2125410
1272 1273 2125413
1274 1271 2125416
1267 1271 2125419
1269 1271 2125422
1271 1273 2125425
1270 1271 2125428
1274 1276 2125431
1268 1270 2125434
1269 1270 2125437
1271 1275 2125440
1271 1271 2125443
1275 1276 2125446
1268 1269 2125449
1268 1269 2125452
1270 1272 2125455
1272 1273 2125458
1270 1276 2125461
1268 1268 2125464
1269 1269 2125467
1270 1271 2125470
1269 1272 2125473
1273 1275 2125476
1276 1270 2125479
1269 1268 2125482
1269 1271 2125485
1271 1271 2125488
1271 1277 2125491
1274 1270 2125494
1267 1269 2125497
1269 1273 2125500
1273 1271 2125503
1270 1275 2125506
1276 1271 2125509
1268 1269 2125512
1269 1270 2125515
1271 1272 2125518
1271 1274 2125521
1274 1272 2125524
1267 1270 2125527
1269 1271 2125530
1271 1270 2125533
1271 1272 2125536
1274 1277 2125539
1268 1270 2125542
1270 1270 2125545
1272 1273 2125548
1270 1271 2125551
1274 1276 2125554
1269 1270 2125557
1268 1271 2125560
1269 1271 2125563
1272 1271 2125566
1271 1275 2125569
1267 1272 2125572
1269 1271 2125575
1270 1272 2125578
1270 1274 2125581
1271 1276 2125584
1274 1269 2125587
1270 1272 2125590
1269 1272 2125593
1271 1269 2125596
1271 1275 2125599
1275 1271 2125602
1267 1271 2125605
1270 1273 2125608
1274 1274 2125611
1270 1276 2125614
1275 1270 2125617
1267 1271 2125620
1269 1272 2125623
1269 1272 2125626
1271 1272 2125629
1274 1272 2125632
1267 1271 2125635
1268 1271 2125638
1271 1273 2125641
1272 1274 2125644
1274 1276 2125647
1268 1271 2125650
1268 1271 2125653
1273 1273 2125656
1269 1271 2125659
1274 1275 2125662
1269 1268 2125665
1269 1270 2125668
1269 1274 2125671
1272 1273 2125674
1271 1276 2125677
1268 1271 2125680
1269 1270 2125683
1269 1270 2125686
1272 1274 2125689
1271 1275 2125692
1275 1267 2125695
1270 1269 2125698
1271 1272 2125701
1270 1272 2125704
1272 1276 2125707
1276 1272 2125710
1267 1271 2125713
1269 1272 2125716
1273 1272 2125719
1270 1276 2125722
1272 1270 2125725
1266 1269 2125728
1269 1270 2125731
1271 1272 2125734
1271 1271 2125737
1275 1271 2125740
1268 1272 2125743
1268 1270 2125746
1270 1271 2125749
1271 1273 2125752
1274 1276 2125755
1265 1272 2125758
1268 1270 2125761
1272 1273 2125764
1270 1271 2125767
1274 1277 2125770
1269 1270 2125773
1269 1270 2125776
1270 1273 2125779
1271 1272 2125782
1271 1275 2125785
1269 1269 2125788
1268 1270 2125791
1269 1269 2125794
1271 1271 2125797
1272 1275 2125800
1274 1271 2125803
1268 1270 2125806
1270 1273 2125809
1272 1272 2125812
1271 1272 2125815
1275 1271 2125818
1268 1271 2125821
1268 1271 2125824
1269 1270 2125827
1273 1273 2125830
1275 1276 2125833
1266 1270 2125836
1270 1270 2125839
1272 1274 2125842
1270 1271 2125845
1273 1275 2125848
1269 1269 2125851
1270 1272 2125854
1269 1271 2125857
1271 1272 2125860
1272 1276 2125863
1275 1268 2125866
1269 1270 2125869
1271 1274 2125872
1273 1273 2125875
1270 1275 2125878
1276 1270 2125881
1268 1271 2125884
1270 1272 2125887
1270 1272 2125890
1272 1272 2125893
1275 1274 2125896
1267 1270 2125899
1267 1271 2125902
1272 1273 2125905
1271 1272 2125908
1274 1277 2125911
1267 1270 2125914
1269 1271 2125917
1270 1273 2125920
1271 1274 2125923
1270 1273 2125926
1270 1268 2125929
1270 1270 2125932
1269 1274 2125935
1271 1271 2125938
1272 1276 2125941
1275 1271 2125944
1267 1270 2125947
1268 1271 2125950
1272 1275 2125953
1271 1271 2125956
1273 1269 2125959
1267 1271 2125962
1269 1270 2125965
1269 1271 2125968
1271 1273 2125971
1275 1277 2125974
1269 1269 2125977
1269 1269 2125980
1270 1274 2125983
1272 1273 2125986
1270 1275 2125989
1268 1268 2125992
1270 1270 2125995
1271 1271 2125999
1270 1272 2126002
1273 1277 2126005
1275 1270 2126008
1269 1270 2126011
1269 1273 2126014
1271 1273 2126017
1271 1271 2126020
1276 1270 2126023
1268 1270 2126026
1268 1270 2126028
1271 1271 2126031
1270 1274 2126034
1275 1278 2126037
1269 1270 2126040
1271 1270 2126043
1271 1274 2126046
1271 1272 2126049
1275 1277 2126052
1268 1269 2126055
1269 1269 2126058
1270 1270 2126061
1271 1274 2126064
1272 1276 2126067
1275 1269 2126070
1268 1271 2126073
1269 1274 2126076
1272 1271 2126079
1270 1273 2126082
1276 1270 2126085
1268 1270 2126088
1268 1271 2126091
1271 1273 2126094
1273 1274 2126097
1274 1276 2126100
1267 1271 2126103
1269 1271 2126106
1273 1273 2126109
1270 1272 2126112
1274 1275 2126115
1270 1268 2126118
1269 1270 2126121
1268 1272 2126124
1273 1274 2126127
1272 1276 2126130
1275 1270 2126133
1269 1270 2126136
1269 1272 2126139
1272 1272 2126142
1269 1276 2126145
1274 1270 2126148
1268 1270 2126151
1270 1271 2126154
1270 1274 2126157
1273 1272 2126160
1275 1269 2126163
1267 1272 2126166
1269 1270 2126169
1272 1273 2126172
1271 1275 2126175
1274 1276 2126178
1269 1268 2126181
1270 1270 2126184
1270 1273 2126187
1271 1273 2126190
1271 1276 2126193
1272 1270 2126196
1269 1270 2126199
1270 1272 2126202
1270 1272 2126205
1271 1277 2126208
1274 1270 2126211
1267 1269 2126214
1269 1271 2126217
1272 1273 2126220
1270 1272 2126223
1276 1271 2126226
1268 1270 2126229
1268 1270 2126232
1270 1272 2126235
1271 1274 2126238
1276 1277 2126241
1269 1270 2126244
1269 1270 2126247
1271 1273 2126250
1272 1273 2126253
1269 1277 2126256
1270 1269 2126259
1269 1270 2126262
1269 1272 2126265
1271 1272 2126268
1272 1275 2126271
1276 1272 2126274
1266 1270 2126277
1268 1270 2126280
1273 1272 2126283
1271 1272 2126286
1274 1271 2126289
1268 1271 2126292
1269 1272 2126295
1271 1273 2126298
1272 1272 2126301
1275 1274 2126304
1268 1272 2126307
1269 1270 2126310
1272 1272 2126313
1271 1273 2126316
1275 1275 2126319
1268 1270 2126322
1270 1271 2126325
1271 1274 2126328
1271 1271 2126331
1273 1276 2126334
1268 1270 2126337
1270 1271 2126340
1269 1271 2126343
1271 1272 2126346
1272 1274 2126349
1269 1268 2126352
1268 1271 2126355
1270 1272 2126358
1272 1272 2126361
1271 1275 2126364
1275 1269 2126367
1269 1270 2126370
1270 1274 2126373
1272 1272 2126376
1270 1273 2126379
1275 1269 2126382
1268 1270 2126385
1268 1271 2126388
1272 1272 2126391
1273 1273 2126394
1275 1272 2126397
1267 1270 2126400
1268 1270 2126403
1270 1273 2126406
1270 1272 2126409
1274 1270 2126412
1268 1271 2126415
1269 1271 2126418
1271 1272 2126421
1271 1272 2126424
1275 1277 2126427
1267 1269 2126430
1269 1270 2126433
1271 1274 2126436
1272 1272 2126439
1273 1276 2126442
1267 1268 2126445
1268 1269 2126448
1270 1271 2126451
1270 1273 2126454
1272 1276 2126457
1271 1270 2126460
1269 1270 2126463
1269 1272 2126466
1270 1272 2126469
1273 1275 2126472
1274 1269 2126475
1269 1267 2126478
1271 1272 2126481
1273 1270 2126484
1270 1276 2126487
1276 1272 2126490
1269 1271 2126493
1268 1272 2126496
1272 1272 2126499
1270 1273 2126502
1276 1272 2126505
1266 1272 2126508
1268 1270 2126511
1271 1272 2126514
1273 1274 2126517
1273 1272 2126520
1267 1272 2126523
1271 1273 2126526
1271 1272 2126529
1271 1272 2126532
1275 1277 2126535
1270 1270 2126538
1269 1269 2126541
1271 1272 2126544
1271 1271 2126547
1275 1276 2126550
1267 1269 2126553
1270 1272 2126556
1271 1273 2126559
1271 1272 2126562
1270 1275 2126565
1268 1270 2126568
1269 1271 2126571
1269 1270 2126574
1270 1272 2126577
1273 1275 2126580
1276 1268 2126583
1268 1272 2126586
1270 1274 2126589
1272 1271 2126592
1271 1276 2126595
1275 1271 2126598
1266 1271 2126601
1269 1274 2126604
1272 1273 2126607
1270 1276 2126610
1276 1271 2126613
1268 1270 2126616
1267 1271 2126619
1271 1272 2126622
1273 1273 2126625
1273 1272 2126628
1267 1271 2126631
1269 1271 2126634
1272 1274 2126637
1270 1273 2126640
1274 1275 2126643
1269 1270 2126646
1270 1270 2126649
1271 1272 2126652
1271 1272 2126655
1275 1277 2126658
1268 1270 2126661
1269 1269 2126664
1270 1274 2126667
1272 1274 2126670
1270 1276 2126673
1268 1269 2126676
1270 1270 2126679
1270 1269 2126682
1270 1273 2126685
1272 1276 2126688
1276 1269 2126691
1269 1270 2126694
1269 1272 2126697
1271 1272 2126700
1272 1277 2126703
1275 1271 2126706
1267 1269 2126709
1269 1271 2126712
1273 1272 2126715
1269 1275 2126718
1276 1271 2126721
1268 1272 2126724
1267 1272 2126727
1270 1273 2126730
1272 1272 2126733
1275 1272 2126736
1267 1272 2126739
1268 1269 2126742
1271 1272 2126745
1271 1273 2126748
1274 1276 2126751
1269 1269 2126754
1270 1270 2126757
1271 1274 2126760
1270 1270 2126763
1274 1277 2126766
1269 1271 2126769
1267 1268 2126772
1269 1271 2126775
1272 1272 2126778
1268 1276 2126781
1268 1269 2126784
1269 1271 2126787
1269 1272 2126790
1270 1272 2126793
1271 1275 2126796
1274 1271 2126799
1267 1271 2126802
1268 1272 2126805
1271 1271 2126808
1271 1270 2126811
1276 1269 2126814
1267 1271 2126817
1270 1272 2126820
1270 1272 2126823
1272 1273 2126826
1275 1277 2126829
1268 1268 2126832
1270 1271 2126835
1271 1273 2126838
1269 1270 2126841
1272 1276 2126844
1269 1269 2126847
1268 1272 2126850
1271 1272 2126853
1273 1274 2126856
1271 1277 2126859
1274 1267 2126862
1269 1269 2126865
1270 1274 2126868
1271 1271 2126871
1270 1273 2126874
1277 1271 2126877
1268 1271 2126880
1267 1272 2126883
1271 1274 2126886
1272 1274 2126889
1274 1276 2126892
1267 1271 2126895
1268 1272 2126898
1272 1274 2126901
1269 1271 2126904
1274 1274 2126907
1270 1270 2126910
1269 1270 2126913
1268 1272 2126916
1272 1274 2126919
1272 1275 2126922
1275 1269 2126925
1268 1270 2126928
1268 1272 2126931
1272 1271 2126934
1270 1275 2126937
1275 1270 2126940
1268 1270 2126943
1269 1270 2126946
1270 1274 2126949
1272 1272 2126952
1275 1267 2126955
1267 1272 2126958
1269 1270 2126961
1271 1272 2126964
1271 1273 2126967
1274 1277 2126970
1268 1268 2126973
1270 1269 2126976
1271 1273 2126979
1271 1272 2126982
1271 1275 2126985
1270 1270 2126988
1269 1270 2126991
1269 1271 2126994
1271 1272 2126997
1272 1275 2127001
1274 1270 2127004
1268 1271 2127007
1271 1272 2127010
1272 1275 2127013
1272 1269 2127016
1275 1271 2127019
1267 1270 2127022
1269 1272 2127025
1271 1271 2127028
1271 1272 2127031
1274 1274 2127033
1271 1269 2127036
1270 1271 2127039
1270 1273 2127042
1271 1273 2127045
1272 1276 2127048
1271 1269 2127051
1270 1271 2127054
1271 1272 2127057
1270 1274 2127060
1272 1276 2127063
1274 1271 2127066
1268 1272 2127069
1271 1273 2127072
1270 1272 2127075
1270 1271 2127078
1273 1269 2127081
1270 1270 2127084
1269 1272 2127087
1272 1273 2127090
1271 1273 2127093
1272 1273 2127096
1270 1272 2127099
1269 1271 2127102
1272 1273 2127105
1270 1273 2127108
1270 1271 2127111
1270 1270 2127114
1271 1271 2127117
1269 1272 2127120
1272 1273 2127123
1272 1273 2127126
1271 1272 2127129
1271 1271 2127132
1271 1272 2127135
1272 1274 2127138
1270 1273 2127141
1270 1270 2127144
1271 1272 2127147
1271 1272 2127150
1270 1273 2127153
1272 1273 2127156
1272 1274 2127159
1270 1272 2127162
1271 1271 2127165
1271 1273 2127168
1271 1276 2127171
1269 1273 2127174
1270 1271 2127177
1272 1272 2127180
1271 1272 2127183
1271 1273 2127186
1272 1274 2127189
1271 1273 2127192
1270 1272 2127195
1270 1273 2127198
1270 1273 2127201
1272 1274 2127204
1271 1272 2127207
1270 1272 2127210
1271 1272 2127213
1272 1271 2127216
1270 1274 2127219
1273 1273 2127222
1271 1272 2127225
1270 1272 2127228
1271 1271 2127231
1270 1272 2127234
1272 1273 2127237
1270 1272 2127240
1270 1271 2127243
1272 1271 2127246
1271 1273 2127249
1270 1272 2127252
1271 1272 2127255
1272 1273 2127258
1270 1275 2127261
1269 1272 2127264
1271 1272 2127267
1272 1274 2127270
1270 1272 2127273
1270 1271 2127276
1272 1273 2127279
1271 1272 2127282
1271 1271 2127285
1271 1273 2127288
1271 1273 2127291
1270 1272 2127294
1271 1272 2127297
1271 1273 2127300
1271 1274 2127303
1270 1272 2127306
1271 1273 2127309
1271 1272 2127312
1271 1272 2127315
1270 1272 2127318
1271 1273 2127321
1272 1273 2127324
1271 1272 2127327
1271 1273 2127330
1271 1273 2127333
1271 1273 2127336
1271 1272 2127339
1270 1272 2127342
1272 1271 2127345
1272 1272 2127348
1269 1273 2127351
1271 1272 2127354
1272 1272 2127357
1271 1273 2127360
1272 1272 2127363
1270 1272 2127366
1272 1274 2127369
1270 1273 2127372
1270 1270 2127375
1272 1273 2127378
1271 1272 2127381
1268 1272 2127384
1271 1273 2127387
1271 1274 2127390
1270 1273 2127393
1270 1272 2127396
1270 1273 2127399
1272 1274 2127402
1270 1272 2127405
1271 1271 2127408
1271 1272 2127411
1272 1271 2127414
1270 1273 2127417
1272 1273 2127420
1272 1273 2127423
1271 1272 2127426
1271 1273 2127429
1271 1272 2127432
1272 1273 2127435
1270 1272 2127438
1270 1271 2127441
1273 1272 2127444
1273 1272 2127447
1271 1272 2127450
1272 1274 2127453
1272 1273 2127456
1271 1272 2127459
1271 1273 2127462
1270 1272 2127465
1272 1274 2127468
1270 1272 2127471
1269 1271 2127474
1271 1272 2127477
1271 1272 2127480
1270 1273 2127483
1272 1271 2127486
1272 1273 2127489
1271 1274 2127492
1271 1271 2127495
1271 1272 2127498
1272 1274 2127501
1270 1271 2127504
1271 1270 2127507
1272 1272 2127510
1271 1272 2127513
1269 1271 2127516
1272 1273 2127519
1272 1274 2127522
1271 1272 2127525
1271 1272 2127528
1271 1273 2127531
1271 1272 2127534
1270 1271 2127537
1270 1271 2127540
1272 1272 2127543
1272 1271 2127546
1270 1272 2127549
1272 1273 2127552
1271 1272 2127555
1271 1272 2127558
1271 1272 2127561
1270 1273 2127564
1271 1273 2127567
1270 1273 2127570
1270 1272 2127573
1272 1271 2127576
1272 1273 2127579
1270 1274 2127582
1272 1272 2127585
1272 1273 2127588
1271 1273 2127591
1271 1273 2127594
1271 1272 2127597
1272 1273 2127600
1270 1272 2127603
1270 1270 2127606
1272 1272 2127609
1272 1273 2127612
1270 1272 2127615
1272 1273 2127618
1272 1273 2127621
1271 1273 2127624
1270 1271 2127627
1271 1273 2127630
1272 1274 2127633
1270 1272 2127636
1271 1271 2127639
1271 1273 2127642
1271 1271 2127645
1270 1272 2127648
1272 1274 2127651
1272 1274 2127654
1271 1273 2127657
1271 1272 2127660
1271 1273 2127663
1272 1274 2127666
1270 1272 2127669
1271 1272 2127672
1272 1271 2127675
1272 1272 2127678
1270 1273 2127681
1272 1273 2127684
1272 1273 2127687
1271 1270 2127690
1271 1273 2127693
1271 1273 2127696
1272 1273 2127699
1270 1273 2127702
1270 1271 2127705
1272 1272 2127708
1271 1272 2127711
1270 1272 2127714
1272 1273 2127717
1273 1273 2127720
1271 1273 2127723
1271 1273 2127726
1271 1273 2127729
1272 1275 2127732
1270 1272 2127735
1270 1271 2127738
1272 1272 2127741
1271 1273 2127744
1271 1273 2127747
1273 1272 2127750
1272 1274 2127753
1271 1273 2127756
1271 1272 2127759
1271 1273 2127762
1272 1273 2127765
1270 1271 2127768
1270 1271 2127771
1272 1274 2127774
1270 1272 2127777
1270 1273 2127780
1272 1274 2127783
1272 1274 2127786
1270 1272 2127789
1271 1274 2127792
1271 1273 2127795
1272 1273 2127798
1270 1272 2127801
1270 1271 2127804
1272 1271 2127807
1272 1271 2127810
1270 1273 2127813
1272 1273 2127816
1272 1272 2127819
1271 1273 2127822
1271 1272 2127825
1271 1272 2127828
1271 1273 2127831
1270 1273 2127834
1270 1271 2127837
1272 1271 2127840
1272 1273 2127843
1270 1274 2127846
1272 1273 2127849
1272 1274 2127852
1270 1273 2127855
1271 1271 2127858
1270 1273 2127861
1271 1273 2127864
1270 1271 2127867
1271 1271 2127870
1271 1272 2127873
1272 1273 2127876
1270 1273 2127879
1272 1273 2127882
1272 1273 2127885
1270 1271 2127888
1271 1272 2127891
1271 1273 2127894
1272 1273 2127897
1271 1272 2127900
1270 1271 2127903
1272 1272 2127906
1272 1272 2127909
1270 1274 2127912
1271 1273 2127915
1272 1272 2127918
1271 1272 2127921
1270 1273 2127924
1270 1272 2127927
1271 1273 2127930
1269 1273 2127933
1270 1271 2127936
1272 1271 2127939
1271 1272 2127942
1270 1274 2127945
1272 1272 2127948
1272 1274 2127951
1270 1273 2127954
1270 1273 2127957
1271 1272 2127960
1272 1275 2127963
1271 1273 2127966
1271 1271 2127969
1272 1273 2127972
1271 1272 2127975
1270 1272 2127978
1272 1273 2127981
1271 1273 2127984
1271 1273 2127987
1272 1272 2127990
1271 1273 2127993
1272 1274 2127996
1270 1272 2128000
1271 1273 2128003
1272 1273 2128006
1271 1270 2128009
1272 1272 2128012
1271 1272 2128015
1267 1274 2128018
1271 1273 2128021
1271 1272 2128024
1272 1272 2128027
1270 1272 2128029
1273 1274 2128032
1270 1273 2128035
1271 1272 2128038
1271 1272 2128041
1273 1272 2128044
1272 1271 2128047
1271 1273 2128050
1271 1273 2128053
1271 1272 2128056
1271 1269 2128059
1271 1272 2128062
1271 1273 2128065
1272 1272 2128068
1271 1272 2128071
1271 1273 2128074
1272 1273 2128077
1270 1272 2128080
1271 1272 2128083
1272 1273 2128086
1272 1272 2128089
1271 1273 2128092
1273 1274 2128095
1272 1272 2128098
1271 1272 2128101
1271 1272 2128104
1270 1272 2128107
1271 1273 2128110
1270 1272 2128113
1271 1272 2128116
1272 1272 2128119
1272 1272 2128122
1270 1274 2128125
1272 1273 2128128
1272 1273 2128131
1270 1273 2128134
1271 1272 2128137
1271 1272 2128140
1272 1273 2128143
1270 1273 2128146
1271 1271 2128149
1272 1272 2128152
1271 1273 2128155
1270 1272 2128158
1272 1272 2128161
1271 1273 2128164
1270 1272 2128167
1271 1272 2128170
1271 1273 2128173
1272 1274 2128176
1271 1272 2128179
1270 1271 2128182
1272 1272 2128185
1270 1271 2128188
1271 1272 2128191
1272 1273 2128194
1272 1273 2128197
1271 1272 2128200
1271 1272 2128203
1271 1273 2128206
1272 1274 2128209
1270 1272 2128212
1271 1271 2128215
1271 1271 2128218
1271 1271 2128221
1269 1273 2128224
1272 1272 2128227
1271 1272 2128230
1270 1272 2128233
1271 1273 2128236
1271 1273 2128239
1271 1273 2128242
1270 1272 2128245
1270 1271 2128248
1272 1272 2128251
1272 1271 2128254
1270 1272 2128257
1272 1272 2128260
1272 1273 2128263
1270 1273 2128266
1271 1273 2128269
1271 1272 2128272
1272 1274 2128275
1270 1272 2128278
1270 1271 2128281
1272 1272 2128284
1271 1272 2128287
1271 1273 2128290
1273 1272 2128293
1272 1273 2128296
1271 1273 2128299
1272 1272 2128302
1271 1274 2128305
1272 1273 2128308
1270 1271 2128311
1271 1272 2128314
1272 1273 2128317
1271 1272 2128320
1270 1272 2128323
1272 1273 2128326
1272 1274 2128329
1271 1272 2128332
1271 1273 2128335
1271 1272 2128338
1272 1273 2128341
1270 1271 2128344
1270 1272 2128347
1271 1271 2128350
1271 1272 2128353
1270 1273 2128356
1272 1273 2128359
1272 1273 2128362
1271 1273 2128365
1271 1272 2128368
1271 1272 2128371
1272 1273 2128374
1270 1272 2128377
1271 1271 2128380
1272 1271 2128383
1272 1272 2128386
1270 1273 2128389
1272 1272 2128392
1272 1274 2128395
1270 1273 2128398
1271 1272 2128401
1271 1272 2128404
1272 1273 2128407
1269 1272 2128410
1270 1270 2128413
1272 1272 2128416
1272 1272 2128419
1270 1272 2128422
1272 1274 2128425
1272 1273 2128428
1271 1272 2128431
1271 1272 2128434
1271 1273 2128437
1272 1273 2128440
1270 1271 2128443
1271 1271 2128446
1272 1272 2128449
1271 1271 2128452
1270 1274 2128455
1272 1273 2128458
1272 1272 2128461
1270 1273 2128464
1270 1273 2128467
1269 1273 2128470
1271 1273 2128473
1270 1272 2128476
1270 1272 2128479
1271 1271 2128482
1272 1272 2128485
1270 1273 2128488
1272 1272 2128491
1272 1273 2128494
1270 1273 2128497
1269 1272 2128500
1270 1271 2128503
1272 1273 2128506
1270 1272 2128509
1271 1270 2128512
1271 1271 2128515
1272 1273 2128518
1270 1272 2128521
1272 1272 2128524
1272 1273 2128527
1270 1272 2128530
1270 1272 2128533
1271 1273 2128536
1272 1275 2128539
1270 1271 2128542
1270 1272 2128545
1272 1272 2128548
1272 1271 2128551
1270 1273 2128554
1272 1273 2128557
1270 1273 2128560
1270 1272 2128563
1270 1272 2128566
1271 1273 2128569
1271 1273 2128572
1270 1272 2128575
1271 1271 2128578
1271 1271 2128581
1272 1271 2128584
1269 1273 2128587
1271 1272 2128590
1271 1273 2128593
1271 1272 2128596
1270 1272 2128599
1271 1272 2128602
1272 1273 2128605
1270 1272 2128608
1270 1270 2128611
1272 1272 2128614
1272 1273 2128617
1269 1273 2128620
1272 1272 2128623
1272 1273 2128626
1271 1273 2128629
1271 1272 2128632
1271 1272 2128635
1272 1275 2128638
1270 1271 2128641
1270 1271 2128644
1272 1272 2128647
1272 1272 2128650
1270 1272 2128653
1273 1273 2128656
1271 1274 2128659
1271 1273 2128662
1271 1272 2128665
1271 1274 2128668
1272 1273 2128671
1270 1272 2128674
1270 1271 2128677
1272 1272 2128680
1272 1272 2128683
1271 1272 2128686
1272 1273 2128689
1272 1273 2128692
1271 1273 2128695
1271 1273 2128698
1270 1272 2128701
1272 1272 2128704
1270 1275 2128707
1270 1272 2128710
1271 1272 2128713
1272 1273 2128716
1271 1274 2128719
1272 1273 2128722
1272 1273 2128725
1271 1274 2128728
1271 1272 2128731
1271 1272 2128734
1272 1273 2128737
1270 1274 2128740
1270 1271 2128743
1272 1271 2128746
1272 1273 2128749
1270 1273 2128752
1272 1273 2128755
1272 1274 2128758
1271 1272 2128761
1271 1272 2128764
1271 1273 2128767
1271 1274 2128770
1270 1272 2128773
1271 1272 2128776
1272 1272 2128779
1272 1272 2128782
1269 1272 2128785
1272 1275 2128788
1272 1273 2128791
1271 1272 2128794
1271 1272 2128797
1270 1271 2128800
1273 1272 2128803
1271 1272 2128806
1271 1272 2128809
1272 1272 2128812
1272 1271 2128815
1270 1274 2128818
1272 1273 2128821
1272 1272 2128824
1271 1273 2128827
1270 1272 2128830
1269 1272 2128833
1272 1273 2128836
1270 1272 2128839
1270 1271 2128842
1272 1271 2128845
1272 1273 2128848
1270 1272 2128851
1271 1272 2128854
1272 1274 2128857
1270 1272 2128860
1271 1272 2128863
1271 1271 2128866
1271 1274 2128869
1270 1273 2128872
1270 1270 2128875
1271 1272 2128878
1271 1272 2128881
1270 1272 2128884
1272 1273 2128887
1271 1273 2128890
1270 1273 2128893
1271 1271 2128896
1271 1273 2128899
1271 1274 2128902
1270 1272 2128905
1270 1272 2128908
1271 1272 2128911
1271 1271 2128914
1271 1273 2128917
1272 1273 2128920
1268 1274 2128923
1270 1273 2128926
1271 1273 2128929
1271 1273 2128932
1271 1273 2128935
1270 1272 2128938
1271 1272 2128941
1271 1271 2128944
1272 1272 2128947
1270 1273 2128950
1270 1272 2128953
1271 1272 2128956
1270 1273 2128959
1270 1272 2128962
1270 1272 2128965
1272 1274 2128968
1270 1272 2128971
1270 1270 2128974
1272 1271 2128977
1271 1273 2128980
1272 1271 2128983
1272 1272 2128986
1272 1273 2128989
1271 1273 2128992
1270 1271 2128995
1270 1273 2128999
1272 1273 2129002
1270 1271 2129005
1272 1272 2129008
1271 1273 2129011
1267 1273 2129014
1271 1270 2129017
1272 1272 2129020
1270 1272 2129023
1271 1271 2129026
1271 1273 2129029
1270 1273 2129031
1271 1273 2129034
1271 1271 2129037
1271 1273 2129040
1269 1271 2129043
1271 1272 2129046
1271 1272 2129049
1271 1272 2129052
1271 1271 2129055
1271 1272 2129058
1271 1273 2129061
1273 1271 2129064
1271 1271 2129067
1271 1272 2129070
1271 1272 2129073
1270 1271 2129076
1274 1272 2129079
1272 1274 2129082
1271 1273 2129085
1271 1272 2129088
1270 1274 2129091
1272 1272 2129094
1271 1272 2129097
1271 1271 2129100
1272 1272 2129103
1272 1273 2129106
1270 1273 2129109
1272 1274 2129112
1272 1274 2129115
1271 1272 2129118
1271 1272 2129121
1270 1272 2129124
1272 1273 2129127
1270 1272 2129130
1270 1270 2129133
1271 1273 2129136
1272 1272 2129139
1270 1273 2129142
1272 1273 2129145
1272 1273 2129148
1270 1273 2129151
1270 1272 2129154
1271 1272 2129157
1272 1274 2129160
1270 1272 2129163
1271 1270 2129166
1273 1271 2129169
1271 1272 2129172
1270 1273 2129175
1272 1272 2129178
1272 1274 2129181
1271 1272 2129184
1271 1272 2129187
1270 1273 2129190
1271 1273 2129193
1270 1271 2129196
1270 1271 2129199
1272 1272 2129202
1272 1272 2129205
1270 1273 2129208
1272 1274 2129211
1272 1273 2129214
1271 1272 2129217
1271 1273 2129220
1271 1274 2129223
1271 1272 2129226
1270 1272 2129229
1271 1272 2129232
1272 1272 2129235
1271 1271 2129238
1270 1274 2129241
1271 1273 2129244
1272 1273 2129247
1271 1273 2129250
1271 1272 2129253
1272 1272 2129256
1272 1274 2129259
1270 1272 2129262
1271 1271 2129265
1272 1272 2129268
1271 1273 2129271
1270 1272 2129274
1272 1272 2129277
1271 1273 2129280
1269 1271 2129283
1271 1271 2129286
1271 1272 2129289
1271 1274 2129292
1270 1272 2129295
1271 1270 2129298
1272 1273 2129301
1272 1271 2129304
1270 1272 2129307
1272 1273 2129310
1272 1273 2129313
1271 1272 2129316
1272 1271 2129319
1270 1273 2129322
1272 1274 2129325
1270 1272 2129328
1271 1272 2129331
1271 1272 2129334
1271 1271 2129337
1270 1273 2129340
1272 1273 2129343
1271 1273 2129346
1271 1272 2129349
1271 1272 2129352
1271 1273 2129355
1272 1273 2129358
1270 1272 2129361
1270 1271 2129364
1272 1271 2129367
1271 1272 2129370
1270 1273 2129373
1272 1273 2129376
1272 1272 2129379
1271 1273 2129382
1271 1273 2129385
1270 1272 2129388
1272 1274 2129391
1271 1272 2129394
1271 1270 2129397
1272 1272 2129400
1272 1272 2129403
1269 1272 2129406
1272 1272 2129409
1272 1273 2129412
1271 1272 2129415
1271 1271 2129418
1271 1273 2129421
1272 1274 2129424
1270 1270 2129427
1270 1271 2129430
1271 1272 2129433
1271 1273 2129436
1269 1273 2129439
1271 1273 2129442
1271 1273 2129445
1271 1272 2129448
1271 1273 2129451
1272 1273 2129454
1272 1273 2129457
1270 1273 2129460
1270 1272 2129463
1273 1271 2129466
1272 1271 2129469
1271 1272 2129472
1272 1273 2129475
1272 1273 2129478
1271 1273 2129481
1270 1273 2129484
1271 1273 2129487
1272 1273 2129490
1270 1272 2129493
1271 1270 2129496
1272 1271 2129499
1272 1272 2129502
1270 1273 2129505
1272 1272 2129508
1272 1273 2129511
1271 1273 2129514
1271 1272 2129517
1271 1273 2129520
1271 1274 2129523
1266 1273 2129526
1269 1271 2129529
1271 1272 2129532
1271 1272 2129535
1270 1272 2129538
1272 1274 2129541
1271 1274 2129544
1270 1272 2129547
1271 1272 2129550
1270 1273 2129553
1271 1274 2129556
1270 1272 2129559
1270 1271 2129562
1272 1272 2129565
1271 1271 2129568
1271 1273 2129571
1272 1274 2129574
1271 1272 2129577
1270 1272 2129580
1270 1272 2129583
1270 1273 2129586
1272 1273 2129589
1270 1272 2129592
1271 1271 2129595
1271 1271 2129598
1271 1272 2129601
1270 1274 2129604
1272 1272 2129607
1272 1273 2129610
1270 1272 2129613
1271 1272 2129616
1270 1272 2129619
1272 1273 2129622
1270 1273 2129625
1270 1271 2129628
1272 1272 2129631
1271 1273 2129634
1270 1273 2129637
1272 1272 2129640
1271 1273 2129643
1270 1273 2129646
1271 1272 2129649
1271 1272 2129652
1272 1274 2129655
1270 1272 2129658
1270 1272 2129661
1272 1272 2129664
1271 1272 2129667
1270 1272 2129670
1271 1273 2129673
1271 1272 2129676
1271 1272 2129679
1271 1272 2129682
1270 1272 2129685
1271 1274 2129688
1270 1272 2129691
1270 1272 2129694
1271 1272 2129697
1270 1271 2129700
1269 1273 2129703
1271 1275 2129706
1271 1273 2129709
1271 1273 2129712
1271 1273 2129715
1270 1273 2129718
1272 1273 2129721
1270 1273 2129724
1270 1271 2129727
1271 1271 2129730
1271 1272 2129733
1270 1274 2129736
1272 1273 2129739
1272 1273 2129742
1271 1273 2129745
1271 1273 2129748
1271 1272 2129751
1272 1273 2129754
1271 1272 2129757
1271 1270 2129760
1271 1272 2129763
1271 1271 2129766
1270 1272 2129769
1272 1272 2129772
1272 1273 2129775
1270 1273 2129778
1271 1271 2129781
1271 1274 2129784
1271 1273 2129787
1270 1271 2129790
1270 1271 2129793
1271 1272 2129796
1272 1269 2129799
1271 1273 2129802
1272 1274 2129805
1272 1274 2129808
1271 1272 2129811
1271 1274 2129814
1270 1273 2129817
1272 1273 2129820
1270 1272 2129823
1270 1271 2129826
1271 1272 2129829
1272 1272 2129832
1270 1273 2129835
1272 1274 2129838
1272 1272 2129841
1271 1274 2129844
1271 1271 2129847
1271 1271 2129850
1272 1274 2129853
1270 1272 2129856
1270 1270 2129859
1272 1272 2129862
1272 1272 2129865
1270 1273 2129868
1272 1272 2129871
1272 1274 2129874
1270 1271 2129877
1270 1271 2129880
1270 1273 2129883
1271 1274 2129886
1270 1271 2129889
1270 1270 2129892
1272 1272 2129895
1272 1273 2129898
1270 1272 2129901
1272 1274 2129904
1272 1273 2129907
1271 1272 2129910
1271 1272 2129913
1271 1273 2129916
1272 1273 2129919
1270 1271 2129922
1270 1272 2129925
1271 1272 2129928
1271 1271 2129931
1270 1274 2129934
1272 1273 2129937
1271 1272 2129940
1270 1272 2129943
1271 1272 2129946
1271 1272 2129949
1271 1273 2129952
1270 1273 2129955
1270 1271 2129958
1272 1271 2129961
1272 1273 2129964
1270 1273 2129967
1272 1272 2129970
1272 1273 2129973
1271 1273 2129976
1270 1272 2129979
1270 1273 2129982
1271 1273 2129985
1270 1273 2129988
1270 1271 2129991
1272 1272 2129994
1271 1272 2129997
1270 1271 2130001
1271 1271 2130004
1272 1274 2130007
1272 1273 2130010
1272 1273 2130013
1273 1271 2130016
1271 1273 2130019
1271 1271 2130022
1272 1273 2130025
1272 1273 2130027
1271 1273 2130030
1271 1271 2130033
1272 1272 2130036
1272 1271 2130039
1271 1272 2130042
1271 1273 2130045
1272 1274 2130048
1271 1270 2130051
1272 1273 2130054
1272 1273 2130057
1270 1271 2130060
1272 1271 2130063
1270 1273 2130066
1269 1274 2130069
1270 1273 2130072
1270 1272 2130075
1271 1273 2130078
1272 1273 2130081
1271 1272 2130084
1271 1272 2130087
1272 1271 2130090
1272 1272 2130093
1270 1273 2130096
1274 1273 2130099
1273 1273 2130102
1271 1273 2130105
1271 1273 2130108
1270 1272 2130111
1273 1274 2130114
1271 1273 2130117
1271 1270 2130120
1272 1272 2130123
1271 1273 2130126
1270 1272 2130129
1272 1272 2130132
1272 1273 2130135
1271 1273 2130138
1271 1272 2130141
1271 1273 2130144
1272 1274 2130147
1271 1271 2130150
1271 1271 2130153
1271 1272 2130156
1271 1272 2130159
1270 1272 2130162
1272 1272 2130165
1272 1274 2130168
1270 1273 2130171
1271 1272 2130174
1271 1273 2130177
1272 1272 2130180
1270 1272 2130183
1271 1271 2130186
1272 1272 2130189
1271 1272 2130192
1271 1272 2130195
1272 1273 2130198
1272 1273 2130201
1271 1273 2130204
1271 1273 2130207
1270 1272 2130210
1272 1273 2130213
1270 1273 2130216
1270 1271 2130219
1272 1272 2130222
1272 1272 2130225
1270 1274 2130228
1272 1273 2130231
1273 1272 2130234
1271 1274 2130237
1270 1272 2130240
1271 1272 2130243
1272 1274 2130246
1270 1272 2130249
1270 1271 2130252
1273 1272 2130255
1272 1272 2130258
1270 1273 2130261
1272 1273 2130264
1271 1274 2130267
1271 1272 2130270
1271 1272 2130273
1271 1274 2130276
1272 1275 2130279
1269 1272 2130282
1271 1271 2130285
1272 1273 2130288
1271 1272 2130291
1270 1273 2130294
1272 1274 2130297
1272 1273 2130300
1271 1272 2130303
1271 1272 2130306
1270 1274 2130309
1272 1274 2130312
1271 1272 2130315
1271 1272 2130318
1272 1272 2130321
1272 1271 2130324
1270 1274 2130327
1271 1273 2130330
1272 1272 2130333
1271 1272 2130336
1270 1272 2130339
1270 1272 2130342
1272 1273 2130345
1270 1273 2130348
1270 1272 2130351
1272 1272 2130354
1272 1273 2130357
1270 1272 2130360
1272 1272 2130363
1272 1273 2130366
1270 1273 2130369
1271 1272 2130372
1271 1272 2130375
1272 1274 2130378
1270 1272 2130381
1271 1271 2130384
1272 1274 2130387
1272 1271 2130390
1270 1272 2130393
1271 1273 2130396
1272 1274 2130399
1271 1272 2130402
1270 1272 2130405
1271 1273 2130408
1272 1274 2130411
1270 1272 2130414
1270 1272 2130417
1272 1272 2130420
1271 1271 2130423
1270 1273 2130426
1272 1273 2130429
1272 1273 2130432
1271 1273 2130435
1270 1273 2130438
1271 1273 2130441
1271 1273 2130444
1270 1273 2130447
1271 1271 2130450
1271 1271 2130453
1272 1272 2130456
1270 1274 2130459
1272 1272 2130462
1272 1273 2130465
1270 1273 2130468
1271 1273 2130471
1271 1272 2130474
1272 1274 2130477
1271 1272 2130480
1271 1270 2130483
1272 1272 2130486
1272 1273 2130489
1271 1273 2130492
1273 1273 2130495
1272 1274 2130498
1270 1274 2130501
1271 1272 2130504
1271 1274 2130507
1277 1273 2116110
1267 1270 2116113
1269 1271 2116116
1273 1274 2116119
1272 1271 2116122
1274 1271 2116125
1270 1272 2116128
1270 1271 2116131
1271 1272 2116134
1271 1273 2116137
1275 1278 2116140
1270 1271 2116143
1269 1270 2116146
1270 1272 2116149
1273 1272 2116152
1272 1275 2116155
1274 1271 2116158
1270 1271 2116161
1271 1273 2116164
1272 1272 2116167
1271 1276 2116170
1276 1271 2116173
1269 1272 2116176
1269 1272 2116179
1270 1271 2116182
1273 1273 2116185
1276 1276 2116188
1266 1271 2116191
1270 1271 2116194
1274 1275 2116197
1271 1273 2116200
1275 1277 2116203
1269 1270 2116206
1270 1273 2116209
1269 1270 2116212
1270 1271 2116215
1273 1276 2116218
1276 1271 2116221
1268 1271 2116224
1270 1274 2116227
1274 1274 2116230
1270 1272 2116233
1275 1270 2116236
1268 1272 2116239
1270 1272 2116242
1270 1272 2116245
1271 1273 2116248
1276 1275 2116251
1270 1268 2116254
1268 1271 2116257
1273 1275 2116260
1273 1273 2116263
1271 1277 2116266
1270 1271 2116269
1270 1270 2116272
1271 1273 2116275
1270 1273 2116278
1271 1277 2116281
1276 1271 2116284
1269 1271 2116287
1268 1273 2116290
1273 1274 2116293
1272 1273 2116296
1274 1272 2116299
1268 1271 2116302
1269 1271 2116305
1273 1274 2116308
1270 1275 2116311
1274 1276 2116314
1270 1270 2116317
1270 1271 2116320
1269 1274 2116323
1274 1274 2116326
1272 1278 2116329
1270 1270 2116332
1271 1269 2116335
1270 1273 2116338
1272 1274 2116341
1272 1276 2116344
1277 1270 2116347
1269 1271 2116350
1270 1272 2116353
1272 1274 2116356
1273 1274 2116359
1275 1273 2116362
1267 1272 2116365
1269 1272 2116368
1271 1273 2116371
1272 1274 2116374
1275 1276 2116377
1269 1269 2116380
1270 1270 2116383
1271 1273 2116386
1271 1274 2116389
1272 1277 2116392
1271 1269 2116395
1270 1271 2116398
1270 1273 2116401
1271 1272 2116404
1273 1276 2116407
1275 1271 2116410
1267 1270 2116413
1270 1271 2116416
1273 1274 2116419
1270 1273 2116422
1275 1271 2116425
1269 1272 2116428
1268 1272 2116431
1271 1272 2116434
1271 1274 2116437
1276 1279 2116440
1268 1270 2116443
1269 1269 2116446
1272 1273 2116449
1273 1273 2116452
1270 1275 2116455
1271 1270 2116458
1270 1272 2116461
1271 1272 2116464
1272 1272 2116467
1271 1277 2116470
1276 1273 2116473
1267 1270 2116476
1269 1271 2116479
1274 1274 2116482
1272 1271 2116485
1274 1272 2116488
1268 1273 2116491
1268 1273 2116494
1270 1272 2116497
1271 1274 2116500
1275 1278 2116503
1270 1270 2116506
1268 1270 2116509
1271 1273 2116512
1272 1271 2116515
1271 1275 2116518
1269 1270 2116521
1270 1271 2116524
1271 1272 2116527
1270 1273 2116530
1272 1277 2116533
1275 1271 2116536
1269 1272 2116539
1268 1273 2116542
1272 1271 2116545
1272 1271 2116548
1276 1272 2116551
1267 1271 2116554
1270 1271 2116557
1272 1273 2116560
1271 1274 2116563
1275 1276 2116566
1269 1270 2116569
1269 1273 2116572
1271 1273 2116575
1271 1270 2116578
1271 1277 2116581
1269 1269 2116584
1269 1271 2116587
1271 1272 2116590
1271 1274 2116593
1272 1276 2116596
1276 1271 2116599
1267 1272 2116602
1270 1274 2116605
1272 1272 2116608
1270 1271 2116611
1276 1270 2116614
1268 1270 2116617
1268 1271 2116620
1271 1274 2116623
1273 1275 2116626
1275 1277 2116629
1269 1270 2116632
1268 1270 2116635
1273 1275 2116638
1270 1273 2116641
1270 1277 2116644
1269 1270 2116647
1270 1271 2116650
1269 1273 2116653
1272 1274 2116656
1274 1277 2116659
1275 1273 2116662
1268 1270 2116665
1269 1273 2116668
1273 1273 2116671
1269 1272 2116674
1276 1270 2116677
1269 1271 2116680
1270 1272 2116683
1269 1273 2116686
1273 1274 2116689
1276 1279 2116692
1269 1270 2116695
1270 1270 2116698
1272 1274 2116701
1271 1272 2116704
1270 1276 2116707
1268 1268 2116710
1270 1271 2116713
1271 1271 2116716
1271 1274 2116719
1273 1277 2116722
1277 1272 2116725
1268 1270 2116728
1269 1274 2116731
1272 1273 2116734
1272 1273 2116737
1276 1270 2116740
1268 1271 2116743
1270 1271 2116746
1272 1272 2116749
1272 1275 2116752
1275 1277 2116755
1269 1270 2116758
1269 1271 2116761
1272 1274 2116764
1271 1272 2116767
1272 1277 2116770
1269 1270 2116773
1270 1270 2116776
1271 1271 2116779
1273 1275 2116782
1272 1275 2116785
1275 1271 2116788
1268 1271 2116791
1269 1273 2116794
1272 1271 2116797
1272 1273 2116800
1276 1273 2116803
1268 1273 2116806
1268 1272 2116809
1271 1274 2116812
1272 1273 2116815
1275 1270 2116818
1267 1273 2116821
1269 1272 2116824
1271 1272 2116827
1271 1272 2116830
1276 1278 2116833
1269 1270 2116836
1270 1272 2116839
1271 1274 2116842
1271 1272 2116845
1275 1276 2116848
1269 1270 2116851
1269 1271 2116854
1271 1273 2116857
1271 1272 2116860
1270 1277 2116863
1270 1272 2116866
1269 1271 2116869
1271 1273 2116872
1270 1274 2116875
1273 1274 2116878
1274 1270 2116881
1270 1271 2116884
1270 1273 2116887
1272 1272 2116890
1271 1276 2116893
1275 1271 2116896
1269 1272 2116899
1269 1274 2116902
1273 1274 2116905
1269 1275 2116908
1276 1270 2116911
1268 1271 2116914
1271 1271 2116917
1272 1274 2116920
1271 1272 2116923
1275 1271 2116926
1267 1269 2116929
1271 1272 2116932
1270 1273 2116935
1272 1274 2116938
1274 1276 2116941
1268 1271 2116944
1267 1271 2116947
1272 1272 2116950
1270 1274 2116953
1275 1277 2116956
1269 1269 2116959
1268 1269 2116962
1273 1276 2116965
1271 1271 2116968
1276 1278 2116971
1268 1270 2116974
1269 1270 2116977
1270 1272 2116980
1272 1273 2116983
1271 1276 2116986
1271 1269 2116989
1270 1270 2116992
1270 1271 2116995
1272 1274 2116999
1273 1276 2117002
1276 1269 2117005
1270 1269 2117008
1269 1274 2117011
1273 1272 2117014
1271 1278 2117017
1276 1268 2117020
1271 1271 2117023
1270 1274 2117026
1274 1272 2117029
1271 1274 2117032
1275 1271 2117035
1268 1270 2117038
1271 1272 2117040
1270 1275 2117043
1272 1273 2117046
1273 1273 2117049
1268 1271 2117052
1269 1274 2117055
1271 1273 2117058
1272 1272 2117061
1274 1277 2117064
1269 1271 2117067
1272 1272 2117070
1271 1273 2117073
1271 1273 2117076
1274 1276 2117079
1272 1270 2117082
1270 1273 2117085
1271 1271 2117088
1272 1271 2117091
1271 1275 2117094
1271 1272 2117097
1271 1272 2117100
1271 1272 2117103
1270 1273 2117106
1271 1273 2117109
1272 1273 2117112
1271 1273 2117115
1271 1273 2117118
1270 1272 2117121
1272 1274 2117124
1272 1273 2117127
1271 1272 2117130
1270 1273 2117133
1270 1273 2117136
1271 1274 2117139
1272 1271 2117142
1272 1274 2117145
1271 1272 2117148
1271 1273 2117151
1269 1273 2117154
1273 1273 2117157
1270 1272 2117160
1271 1272 2117163
1271 1273 2117166
1271 1272 2117169
1272 1277 2117172
1270 1271 2117175
1272 1273 2117178
1271 1271 2117181
1271 1274 2117184
1270 1274 2117187
1270 1271 2117190
1270 1271 2117193
1271 1272 2117196
1271 1273 2117199
1271 1272 2117202
1270 1273 2117205
1270 1270 2117208
1272 1272 2117211
1270 1273 2117214
1271 1273 2117217
1270 1271 2117220
1272 1271 2117223
1271 1273 2117226
1271 1273 2117229
1271 1273 2117232
1271 1274 2117235
1270 1271 2117238
1270 1271 2117241
1272 1274 2117244
1271 1273 2117247
1272 1273 2117250
1270 1272 2117253
1271 1272 2117256
1271 1273 2117259
1271 1272 2117262
1271 1273 2117265
1270 1272 2117268
1271 1271 2117271
1270 1271 2117274
1272 1273 2117277
1270 1272 2117280
1271 1272 2117283
1269 1273 2117286
1272 1273 2117289
1271 1272 2117292
1272 1273 2117295
1270 1273 2117298
1270 1271 2117301
1271 1272 2117304
1270 1272 2117307
1271 1274 2117310
1270 1271 2117313
1272 1274 2117316
1269 1272 2117319
1272 1271 2117322
1272 1273 2117325
1272 1272 2117328
1271 1272 2117331
1270 1273 2117334
1270 1272 2117337
1270 1271 2117340
1273 1273 2117343
1270 1272 2117346
1271 1274 2117349
1270 1272 2117352
1271 1272 2117355
1271 1273 2117358
1272 1271 2117361
1271 1273 2117364
1271 1273 2117367
1268 1271 2117370
1269 1271 2117373
1271 1273 2117376
1270 1273 2117379
1271 1272 2117382
1270 1272 2117385
1272 1273 2117388
1271 1271 2117391
1271 1271 2117394
1270 1273 2117397
1270 1273 2117400
1271 1272 2117403
1271 1273 2117406
1272 1274 2117409
1270 1271 2117412
1271 1274 2117415
1270 1273 2117418
1272 1272 2117421
1271 1272 2117424
1271 1273 2117427
1270 1272 2117430
1271 1272 2117433
1271 1273 2117436
1271 1272 2117439
1272 1273 2117442
1271 1273 2117445
1271 1274 2117448
1269 1272 2117451
1272 1272 2117454
1271 1272 2117457
1271 1272 2117460
1270 1273 2117463
1271 1272 2117466
1271 1273 2117469
1272 1270 2117472
1272 1273 2117475
1270 1273 2117478
1271 1272 2117481
1270 1272 2117484
1272 1272 2117487
1271 1271 2117490
1271 1271 2117493
1271 1272 2117496
1271 1273 2117499
1271 1272 2117502
1271 1271 2117505
1272 1274 2117508
1270 1272 2117511
1271 1272 2117514
1270 1274 2117517
1271 1271 2117520
1270 1271 2117523
1271 1272 2117526
1270 1274 2117529
1271 1272 2117532
1270 1272 2117535
1270 1272 2117538
1271 1273 2117541
1271 1272 2117544
1271 1273 2117547
1270 1274 2117550
1271 1272 2117553
1271 1272 2117556
1272 1273 2117559
1271 1273 2117562
1271 1272 2117565
1270 1273 2117568
1270 1271 2117571
1272 1273 2117574
1271 1274 2117577
1272 1275 2117580
1269 1272 2117583
1271 1272 2117586
1271 1273 2117589
1271 1272 2117592
1271 1272 2117595
1271 1273 2117598
1271 1272 2117601
1271 1270 2117604
1271 1274 2117607
1271 1273 2117610
1271 1273 2117613
1270 1272 2117616
1271 1273 2117619
1271 1273 2117622
1272 1272 2117625
1271 1274 2117628
1270 1272 2117631
1270 1271 2117634
1270 1272 2117637
1271 1274 2117640
1270 1272 2117643
1271 1273 2117646
1269 1272 2117649
1272 1273 2117652
1272 1272 2117655
1270 1274 2117658
1270 1273 2117661
1271 1271 2117664
1271 1272 2117667
1270 1272 2117670
1271 1273 2117673
1271 1272 2117676
1272 1273 2117679
1269 1273 2117682
1272 1272 2117685
1272 1273 2117688
1272 1273 2117691
1271 1272 2117694
1271 1272 2117697
1271 1272 2117700
1270 1271 2117703
1272 1273 2117706
1270 1272 2117709
1271 1273 2117712
1269 1272 2117715
1272 1273 2117718
1271 1273 2117721
1272 1271 2117724
1271 1273 2117727
1270 1272 2117730
1270 1272 2117733
1270 1272 2117736
1272 1274 2117739
1270 1272 2117742
1271 1273 2117745
1270 1273 2117748
1272 1272 2117751
1271 1272 2117754
1271 1272 2117757
1270 1273 2117760
1269 1273 2117763
1270 1272 2117766
1270 1272 2117769
1271 1273 2117772
1270 1271 2117775
1271 1273 2117778
1269 1273 2117781
1272 1271 2117784
1272 1272 2117787
1270 1272 2117790
1272 1272 2117793
1272 1272 2117796
1271 1272 2117799
1270 1272 2117802
1272 1273 2117805
1271 1273 2117808
1271 1273 2117811
1270 1271 2117814
1272 1272 2117817
1271 1272 2117820
1273 1273 2117823
1271 1274 2117826
1272 1273 2117829
1272 1273 2117832
1271 1272 2117835
1273 1274 2117838
1270 1273 2117841
1271 1273 2117844
1270 1272 2117847
1271 1273 2117850
1271 1271 2117853
1272 1272 2117856
1272 1273 2117859
1271 1273 2117862
1271 1272 2117865
1270 1272 2117868
1272 1274 2117871
1270 1272 2117874
1272 1273 2117877
1270 1273 2117880
1271 1272 2117883
1271 1272 2117886
1272 1272 2117889
1271 1273 2117892
1271 1273 2117895
1271 1272 2117898
1270 1272 2117901
1272 1273 2117904
1271 1272 2117907
1271 1274 2117910
1270 1273 2117913
1271 1272 2117916
1270 1272 2117919
1271 1273 2117922
1271 1273 2117925
1270 1272 2117928
1271 1273 2117931
1270 1271 2117934
1271 1274 2117937
1270 1273 2117940
1271 1273 2117943
1270 1271 2117946
1272 1272 2117949
1271 1273 2117952
1271 1273 2117955
1271 1273 2117958
1271 1273 2117961
1271 1272 2117964
1271 1271 2117967
1272 1274 2117970
1271 1275 2117973
1271 1273 2117976
1270 1272 2117979
1271 1273 2117982
1271 1272 2117985
1271 1273 2117988
1271 1274 2117991
1272 1272 2117994
1271 1271 2117997
1270 1272 2118001
1271 1271 2118004
1270 1273 2118007
1272 1271 2118010
1271 1274 2118013
1271 1270 2118016
1274 1271 2118019
1271 1274 2118022
1271 1272 2118025
1270 1270 2118028
1272 1272 2118031
1270 1272 2118034
1272 1273 2118036
1270 1274 2118039
1271 1273 2118042
1270 1274 2118045
1271 1271 2118048
1271 1274 2118051
1270 1272 2118054
1272 1272 2118057
1271 1273 2118060
1272 1272 2118063
1271 1273 2118066
1270 1272 2118069
1271 1273 2118072
1271 1273 2118075
1273 1270 2118078
1271 1274 2118081
1272 1272 2118084
1272 1271 2118087
1271 1272 2118090
1271 1273 2118093
1270 1273 2118096
1270 1272 2118099
1271 1272 2122507
1270 1271 2122510
1271 1274 2122513
1271 1271 2122516
1272 1271 2122519
1272 1273 2122522
1270 1270 2122524
1274 1271 2122527
1270 1274 2122530
1272 1271 2122533
1272 1272 2122536
1270 1272 2122539
1273 1272 2122542
1271 1273 2122545
1271 1270 2122548
1270 1274 2122551
1270 1272 2122554
1272 1271 2122557
1271 1273 2122560
1270 1272 2122563
1272 1273 2122566
1272 1271 2122569
1270 1274 2122572
1271 1272 2122575
1271 1271 2122578
1271 1272 2122581
1270 1273 2122584
1272 1274 2122587
1271 1272 2122590
1272 1273 2122593
1270 1273 2122596
1272 1272 2122599
1271 1273 2122602
1271 1272 2122605
1271 1272 2122608
1271 1273 2122611
1271 1272 2122614
1269 1271 2122617
1272 1273 2122620
1271 1273 2122623
1271 1273 2122626
1270 1272 2122629
1271 1272 2122632
1271 1272 2122635
1271 1271 2122638
1271 1273 2122641
1270 1272 2122644
1270 1271 2122647
1270 1271 2122650
1271 1274 2122653
1270 1273 2122656
1271 1273 2122659
1270 1274 2122662
1271 1272 2122665
1271 1271 2122668
1271 1272 2122671
1270 1274 2122674
1270 1272 2122677
1271 1272 2122680
1270 1272 2122683
1272 1274 2122686
1271 1272 2122689
1272 1274 2122692
1270 1273 2122695
1272 1271 2122698
1271 1272 2122701
1271 1272 2122704
1271 1272 2122707
1272 1272 2122710
1271 1273 2122713
1270 1272 2122716
1272 1273 2122719
1270 1273 2122722
1271 1274 2122725
1270 1271 2122728
1272 1272 2122731
1271 1273 2122734
1271 1272 2122737
1272 1272 2122740
1271 1272 2122743
1271 1272 2122746
1270 1271 2122749
1272 1274 2122752
1271 1273 2122755
1271 1272 2122758
1270 1272 2122761
1271 1272 2122764
1272 1272 2122767
1271 1272 2122770
1270 1273 2122773
1271 1273 2122776
1271 1271 2122779
1271 1272 2122782
1272 1274 2122785
1271 1271 2122788
1272 1273 2122791
1269 1273 2122794
1271 1272 2122797
1271 1272 2122800
1271 1272 2122803
1270 1273 2122806
1271 1272 2122809
1271 1272 2122812
1271 1272 2122815
1274 1270 2122818
1270 1271 2122821
1271 1273 2122824
1271 1271 2122827
1271 1270 2122830
1271 1272 2122833
1271 1272 2122836
1270 1272 2122839
1271 1272 2122842
1271 1273 2122845
1270 1271 2122848
1272 1273 2122851
1270 1272 2122854
1274 1274 2122857
1271 1273 2122860
1273 1273 2122863
1272 1273 2122866
1272 1272 2122869
1271 1273 2122872
1272 1273 2122875
1271 1271 2122878
1271 1272 2122881
1272 1274 2122884
1271 1272 2122887
1271 1272 2122890
1270 1272 2122893
1272 1272 2122896
1272 1272 2122899
1272 1272 2122902
1271 1274 2122905
1271 1272 2122908
1271 1272 2122911
1270 1272 2122914
1272 1273 2122917
1271 1272 2122920
1271 1273 2122923
1270 1273 2122926
1272 1272 2122929
1271 1272 2122932
1271 1273 2122935
1271 1272 2122938
1272 1272 2122941
1270 1273 2122944
1269 1271 2122947
1272 1273 2122950
1270 1272 2122953
1271 1274 2122956
1270 1272 2122959
1272 1272 2122962
1272 1273 2122965
1271 1272 2122968
1271 1273 2122971
1271 1272 2122974
1270 1272 2122977
1270 1271 2122980
1272 1273 2122983
1270 1274 2122986
1271 1273 2122989
1270 1272 2122992
1271 1273 2122995
1271 1272 2122999
1272 1272 2123002
1271 1273 2123005
1273 1272 2123008
1271 1269 2123011
1272 1272 2123014
1271 1272 2123017
1272 1273 2123020
1271 1273 2123023
1272 1273 2123026
1270 1274 2123029
1271 1271 2123032
1269 1272 2123035
1271 1275 2123038
1269 1272 2123040
1273 1272 2123043
1270 1275 2123046
1272 1272 2123049
1272 1272 2123052
1270 1275 2123055
1273 1271 2123058
1271 1273 2123061
1271 1271 2123064
1270 1274 2123067
1271 1273 2123070
1272 1271 2123073
1272 1274 2123076
1271 1272 2123079
1272 1272 2123082
1272 1274 2123085
1270 1273 2123088
1271 1272 2123091
1271 1272 2123094
1271 1273 2123097
1270 1271 2123100
1272 1273 2123103
1271 1273 2123106
1271 1274 2123109
1271 1271 2123112
1272 1272 2123115
1272 1273 2123118
1271 1271 2123121
1271 1273 2123124
1270 1272 2123127
1271 1272 2123130
1271 1271 2123133
1272 1274 2123136
1270 1273 2123139
1272 1273 2123142
1270 1273 2123145
1272 1272 2123148
1271 1271 2123151
1271 1272 2123154
1270 1273 2123157
1270 1274 2123160
1271 1272 2123163
1271 1272 2123166
1272 1274 2123169
1271 1272 2123172
1271 1273 2123175
1270 1273 2123178
1271 1272 2123181
1271 1272 2123184
1271 1272 2123187
1266 1274 2123190
1269 1272 2123193
1270 1272 2123196
1270 1272 2123199
1272 1273 2123202
1271 1272 2123205
1271 1274 2123208
1270 1271 2123211
1272 1271 2123214
1271 1272 2123217
1274 1274 2123220
1271 1273 2123223
1272 1273 2123226
1271 1273 2123229
1271 1271 2123232
1273 1274 2123235
1271 1273 2123238
1271 1272 2123241
1271 1272 2123244
1271 1272 2123247
1270 1272 2123250
1271 1272 2123253
1271 1273 2123256
1271 1274 2123259
1271 1271 2123262
1270 1272 2123265
1271 1275 2123268
1270 1272 2123271
1272 1273 2123274
1270 1273 2123277
1271 1272 2123280
1271 1272 2123283
1272 1272 2123286
1271 1273 2123289
1271 1272 2123292
1271 1272 2123295
1270 1273 2123298
1271 1273 2123301
1271 1273 2123304
1271 1274 2123307
1269 1272 2123310
1271 1272 2123313
1271 1272 2123316
1271 1273 2123319
1271 1273 2123322
1271 1272 2123325
1271 1273 2123328
1271 1271 2123331
1272 1273 2123334
1270 1273 2123337
1272 1274 2123340
1270 1272 2123343
1271 1271 2123346
1270 1273 2123349
1272 1273 2123352
1271 1272 2123355
1271 1273 2123358
1271 1271 2123361
1270 1271 2123364
1271 1273 2123367
1269 1270 2123370
1272 1273 2123373
1270 1271 2123376
1272 1272 2123379
1271 1273 2123382
1271 1272 2123385
1271 1274 2123388
1271 1272 2123391
1271 1271 2123394
1270 1271 2123397
1271 1275 2123400
1270 1272 2123403
1271 1273 2123406
1269 1273 2123409
1271 1272 2123412
1271 1272 2123415
1272 1273 2123418
1269 1273 2123421
1271 1271 2123424
1271 1273 2123427
1270 1270 2123430
1271 1272 2123433
1270 1271 2123436
1271 1274 2123439
1270 1273 2123442
1272 1271 2123445
1271 1273 2123448
1271 1271 2123451
1270 1272 2123454
1271 1272 2123457
1271 1272 2123460
1270 1272 2123463
1272 1272 2123466
1270 1273 2123469
1271 1273 2123472
1269 1272 2123475
1272 1273 2123478
1271 1276 2123481
1271 1270 2123484
1270 1273 2123487
1271 1272 2123490
1270 1272 2123493
1270 1270 2123496
1272 1274 2123499
1270 1273 2123502
1272 1273 2123505
1270 1273 2123508
1271 1272 2123511
1271 1272 2123514
1271 1272 2123517
1271 1273 2123520
1271 1272 2123523
1271 1271 2123526
1270 1272 2123529
1272 1273 2123532
1271 1272 2123535
1271 1274 2123538
1270 1273 2123541
1272 1271 2123544
1271 1272 2123547
1271 1273 2123550
1269 1273 2123553
1270 1273 2123556
1271 1273 2123559
1270 1272 2123562
1271 1273 2123565
1271 1272 2123568
1272 1274 2123571
1270 1272 2123574
1271 1272 2123577
1271 1272 2123580
1273 1271 2123583
1272 1272 2123586
1272 1273 2123589
1271 1272 2123592
1270 1271 2123595
1272 1274 2123598
1270 1273 2123601
1272 1273 2123604
1269 1272 2123607
1271 1273 2123610
1269 1273 2123613
1271 1272 2123616
1271 1273 2123619
1271 1273 2123622
1271 1272 2123625
1270 1272 2123628
1271 1274 2123631
1270 1272 2123634
1272 1273 2123637
1269 1273 2123640
1272 1271 2123643
1271 1271 2123646
1271 1272 2123649
1271 1273 2123652
1270 1271 2123655
1271 1272 2123658
1271 1272 2123661
1272 1273 2123664
1271 1272 2123667
1272 1274 2123670
1271 1272 2123673
1272 1271 2123676
1272 1273 2123679
1272 1273 2123682
1271 1272 2123685
1271 1273 2123688
1271 1272 2123691
1270 1271 2123694
1272 1274 2123697
1270 1273 2123700
1272 1273 2123703
1270 1272 2123706
1273 1272 2123709
1272 1272 2123712
1271 1272 2123715
1271 1273 2123718
1271 1273 2123721
1271 1272 2123724
1271 1272 2123727
1271 1273 2123730
1269 1272 2123733
1271 1273 2123736
1270 1273 2123739
1272 1274 2123742
1271 1272 2123745
1272 1272 2123748
1271 1274 2123751
1272 1271 2123754
1270 1273 2123757
1271 1272 2123760
1271 1274 2123763
1270 1272 2123766
1271 1272 2123769
1270 1274 2123772
1271 1272 2123775
1272 1272 2123778
1272 1273 2123781
1270 1272 2123784
1271 1273 2123787
1271 1273 2123790
1269 1272 2123793
1272 1273 2123796
1271 1272 2123799
1271 1273 2123802
1271 1274 2123805
1272 1272 2123808
1271 1273 2123811
1272 1271 2123814
1271 1272 2123817
1271 1274 2123820
1271 1272 2123823
1270 1271 2123826
1272 1274 2123829
1270 1273 2123832
1271 1274 2123835
1270 1273 2123838
1271 1272 2123841
1271 1271 2123844
1272 1272 2123847
1270 1274 2123850
1271 1272 2123853
1271 1272 2123856
1270 1271 2123859
1272 1274 2123862
1270 1272 2123865
1273 1273 2123868
1269 1273 2123871
1271 1272 2123874
1272 1272 2123877
1271 1272 2123880
1272 1274 2123883
1271 1272 2123886
1271 1271 2123889
1270 1272 2123892
1272 1274 2123895
1271 1273 2123898
1272 1274 2123901
1270 1272 2123904
1271 1271 2123907
1271 1272 2123910
1271 1272 2123913
1272 1272 2123916
1271 1273 2123919
1271 1273 2123922
1270 1272 2123925
1272 1273 2123928
1271 1273 2123931
1271 1273 2123934
1269 1272 2123937
1272 1272 2123940
1271 1271 2123943
1273 1273 2123946
1271 1272 2123949
1272 1272 2123952
1270 1272 2123955
1271 1272 2123958
1272 1275 2123961
1269 1272 2123964
1272 1272 2123967
1269 1272 2123970
1271 1272 2123973
1271 1273 2123976
1273 1272 2123979
1270 1273 2123982
1271 1272 2123985
1271 1272 2123988
1271 1273 2123991
1273 1274 2123994
1270 1272 2123997
1271 1273 2124001
1271 1271 2124004
1271 1270 2124007
1273 1274 2124010
1270 1272 2124013
1272 1272 2124016
1271 1272 2124019
1272 1272 2124022
1272 1273 2124025
1272 1271 2124028
1271 1272 2124031
1271 1273 2124034
1273 1272 2124036
1272 1272 2124039
1273 1274 2124042
1271 1273 2124045
1273 1271 2124048
1270 1274 2124051
1271 1271 2124054
1271 1273 2124057
1271 1272 2124060
1271 1272 2124063
1272 1274 2124066
1272 1271 2124069
1273 1274 2124072
1271 1273 2124075
1271 1271 2124078
1271 1273 2124081
1272 1272 2124084
1272 1273 2124087
1271 1273 2124090
1270 1273 2124093
1269 1272 2124096
1272 1271 2124099
1271 1274 2124102
1272 1273 2124105
1271 1272 2124108
1271 1273 2124111
1270 1271 2124114
1270 1270 2124117
1273 1274 2124120
1272 1269 2124123
1271 1271 2124126
1269 1271 2124129
1271 1272 2124132
1272 1273 2124135
1272 1271 2124138
1270 1274 2124141
1270 1272 2124144
1270 1271 2124147
1270 1272 2124150
1273 1274 2124153
1270 1272 2124156
1272 1273 2124159
1270 1273 2124162
1272 1273 2124165
1272 1272 2124168
1271 1273 2124171
1271 1273 2124174
1271 1272 2124177
1271 1272 2124180
1271 1273 2124183
1272 1272 2124186
1270 1271 2124189
1271 1274 2124192
1270 1273 2124195
1271 1273 2124198
1272 1272 2124201
1272 1272 2124204
1270 1271 2124207
1271 1272 2124210
1271 1273 2124213
1272 1272 2124216
1272 1274 2124219
1271 1273 2124222
1272 1274 2124225
1270 1272 2124228
1273 1273 2124231
1272 1273 2124234
1271 1271 2124237
1270 1272 2124240
1270 1272 2124243
1270 1273 2124246
1270 1271 2124249
1272 1273 2124252
1270 1273 2124255
1271 1272 2124258
1270 1273 2124261
1271 1272 2124264
1272 1271 2124267
1271 1271 2124270
1270 1273 2124273
1271 1272 2124276
1271 1271 2124279
1270 1271 2124282
1272 1274 2124285
1271 1272 2124288
1272 1274 2124291
1270 1273 2124294
1271 1271 2124297
1271 1272 2124300
1271 1272 2124303
1271 1273 2124306
1272 1272 2124309
1271 1272 2124312
1270 1271 2124315
1271 1273 2124318
1271 1272 2124321
1271 1274 2124324
1269 1271 2124327
1271 1271 2124330
1270 1272 2124333
1271 1271 2124336
1271 1272 2124339
1273 1272 2124342
1270 1272 2124345
1270 1271 2124348
1272 1273 2124351
1270 1273 2124354
1272 1272 2124357
1269 1272 2124360
1271 1272 2124363
1271 1272 2124366
1271 1272 2124369
1271 1273 2124372
1269 1273 2124375
1271 1272 2124378
1270 1271 2124381
1271 1274 2124384
1271 1273 2124387
1271 1272 2124390
1269 1272 2124393
1271 1272 2124396
1271 1272 2124399
1272 1273 2124402
1272 1272 2124405
1270 1271 2124408
1270 1271 2124411
1270 1272 2124414
1272 1274 2124417
1273 1271 2124420
1269 1272 2124423
1268 1270 2124426
1271 1271 2124429
1271 1272 2124432
1273 1272 2124435
1268 1272 2124438
1270 1271 2124441
1271 1273 2124444
1270 1271 2124447
1275 1276 2124450
1269 1270 2124453
1270 1273 2124456
1268 1273 2124459
1271 1272 2124462
1271 1277 2124465
1269 1270 2124468
1269 1271 2124471
1270 1272 2124474
1270 1271 2124477
1271 1273 2124480
1276 1272 2124483
1267 1268 2124486
1269 1272 2124489
1271 1271 2124492
1270 1275 2124495
1275 1270 2124498
1268 1270 2124501
1269 1272 2124504
1269 1271 2124507
1271 1271 2124510
1273 1274 2124513
1268 1271 2124516
1268 1270 2124519
1272 1273 2124522
1269 1272 2124525
1275 1276 2124528
1269 1269 2124531
1269 1271 2124534
1269 1272 2124537
1271 1272 2124540
1271 1274 2124543
1271 1269 2124546
1270 1270 2124549
1269 1272 2124552
1272 1273 2124555
1269 1275 2124558
1275 1270 2124561
1268 1271 2124564
1270 1272 2124567
1271 1272 2124570
1271 1272 2124573
1275 1270 2124576
1266 1270 2124579
1270 1272 2124582
1269 1272 2124585
1271 1274 2124588
1273 1276 2124591
1269 1270 2124594
1269 1270 2124597
1272 1272 2124600
1271 1273 2124603
1270 1276 2124606
1268 1270 2124609
1268 1270 2124612
1271 1273 2124615
1270 1273 2124618
1272 1276 2124621
1274 1271 2124624
1269 1271 2124627
1269 1272 2124630
1273 1272 2124633
1270 1276 2124636
1274 1270 2124639
1267 1270 2124642
1268 1270 2124645
1270 1274 2124648
1271 1271 2124651
1275 1277 2124654
1266 1272 2124657
1269 1269 2124660
1272 1273 2124663
1271 1272 2124666
1275 1277 2124669
1269 1269 2124672
1269 1270 2124675
1268 1272 2124678
1272 1273 2124681
1270 1274 2124684
1275 1272 2124687
1268 1269 2124690
1270 1272 2124693
1272 1272 2124696
1270 1275 2124699
1275 1270 2124702
1268 1270 2124705
1269 1271 2124708
1271 1272 2124711
1273 1273 2124714
1275 1271 2124717
1267 1270 2124720
1268 1270 2124723
1271 1272 2124726
1271 1272 2124729
1275 1275 2124732
1269 1269 2124735
1269 1271 2124738
1271 1273 2124741
1271 1271 2124744
1271 1278 2124747
1268 1269 2124750
1270 1271 2124753
1268 1272 2124756
1271 1272 2124759
1272 1275 2124762
1275 1270 2124765
1267 1271 2124768
1269 1273 2124771
1273 1271 2124774
1270 1276 2124777
1276 1271 2124780
1268 1269 2124783
1269 1271 2124786
1268 1272 2124789
1272 1273 2124792
1275 1276 2124795
1267 1272 2124798
1269 1271 2124801
1272 1273 2124804
1270 1272 2124807
1274 1276 2124810
1270 1270 2124813
1269 1270 2124816
1270 1274 2124819
1271 1273 2124822
1271 1276 2124825
1269 1270 2124828
1270 1270 2124831
1269 1272 2124834
1271 1273 2124837
1272 1275 2124840
1274 1269 2124843
1268 1272 2124846
1268 1275 2124849
1272 1273 2124852
1269 1275 2124855
1276 1271 2124858
1268 1271 2124861
1269 1270 2124864
1270 1274 2124867
1271 1272 2124870
1274 1270 2124873
1267 1270 2124876
1270 1273 2124879
1271 1272 2124882
1272 1274 2124885
1274 1277 2124888
1270 1270 2124891
1269 1270 2124894
1272 1275 2124897
1271 1272 2124900
1275 1275 2124903
1268 1269 2124906
1268 1269 2124909
1272 1272 2124912
1271 1273 2124915
1272 1277 2124918
1272 1270 2124921
1269 1269 2124924
1270 1273 2124927
1271 1271 2124930
1271 1275 2124933
1275 1270 2124936
1267 1270 2124939
1267 1271 2124942
1273 1273 2124945
1270 1274 2124948
1275 1271 2124951
1266 1270 2124954
1269 1271 2124957
1269 1272 2124960
1272 1272 2124963
1274 1277 2124966
1267 1271 2124969
1268 1270 2124972
1271 1271 2124975
1270 1274 2124978
1274 1276 2124981
1269 1270 2124984
1268 1271 2124987
1270 1273 2124990
1273 1272 2124993
1271 1276 2124996
1269 1270 2125000
1268 1270 2125003
1269 1270 2125006
1270 1273 2125009
1272 1275 2125012
1275 1271 2125015
1267 1270 2125018
1270 1273 2125021
1272 1272 2125024
1271 1274 2125027
1276 1270 2125030
1268 1270 2125033
1270 1270 2125036
