1271 1272 8170644
1272 1273 8170647
1270 1273 8170650
1271 1271 8170653
1272 1272 8170656
1273 1274 8170659
1270 1272 8170662
1270 1271 8170665
1271 1272 8170668
1272 1273 8170671
1270 1272 8170674
1272 1272 8170677
1272 1273 8170680
1270 1273 8170683
1270 1272 8170686
1270 1273 8170689
1271 1274 8170692
1270 1273 8170695
1270 1271 8170698
1272 1273 8170701
1272 1272 8170704
1270 1272 8170707
1272 1273 8170710
1271 1272 8170713
1271 1271 8170716
1271 1272 8170719
1270 1273 8170722
1272 1274 8170725
1270 1272 8170728
1270 1272 8170731
1272 1271 8170734
1272 1271 8170737
1270 1273 8170740
1272 1273 8170743
1271 1272 8170746
1271 1272 8170749
1271 1272 8170752
1271 1273 8170755
1272 1274 8170758
1270 1273 8170761
1270 1270 8170764
1272 1271 8170767
1271 1272 8170770
1270 1273 8170773
1272 1273 8170776
1272 1272 8170779
1271 1273 8170782
1271 1273 8170785
1271 1272 8170788
1272 1274 8170791
1270 1272 8170794
1271 1270 8170797
1271 1272 8170800
1272 1272 8170803
1270 1273 8170806
1272 1272 8170809
1272 1274 8170812
1271 1273 8170815
1270 1272 8170818
1271 1273 8170821
1272 1274 8170824
1271 1272 8170827
1270 1271 8170830
1271 1272 8170833
1271 1271 8170836
1270 1273 8170839
1271 1273 8170842
1272 1274 8170845
1270 1272 8170848
1271 1273 8170851
1271 1273 8170854
1272 1272 8170857
1270 1273 8170860
1269 1272 8170863
1271 1271 8170866
1272 1272 8170869
1270 1273 8170872
1271 1274 8170875
1272 1272 8170878
1271 1274 8170881
1271 1272 8170884
1271 1272 8170887
1272 1273 8170890
1270 1272 8170893
1269 1272 8170896
1271 1272 8170899
1271 1272 8170902
1269 1273 8170905
1272 1272 8170908
1272 1274 8170911
1271 1273 8170914
1271 1271 8170917
1271 1272 8170920
1272 1274 8170923
1268 1273 8170926
1270 1270 8170929
1272 1272 8170932
1271 1272 8170935
1270 1273 8170938
1273 1274 8170941
1272 1274 8170944
1271 1272 8170947
1271 1272 8170950
1270 1272 8170953
1273 1273 8170956
1271 1271 8170959
1271 1272 8170962
1272 1273 8170965
1271 1271 8170968
1270 1273 8170971
1272 1274 8170974
1272 1272 8170977
1270 1272 8170980
1270 1272 8170983
1267 1273 8170986
1270 1274 8170989
1270 1272 8170992
1270 1272 8170995
1271 1272 8170999
1271 1273 8171002
1271 1272 8171005
1271 1271 8171008
1271 1272 8171011
1271 1273 8171014
1271 1270 8171017
1273 1271 8171020
1271 1272 8171023
1271 1272 8171026
1272 1273 8171029
1270 1272 8171031
1271 1274 8171034
1271 1271 8171037
1271 1272 8171040
1269 1273 8171043
1271 1273 8171046
1271 1271 8171049
1272 1271 8171052
1272 1272 8171055
1272 1272 8171058
1271 1273 8171061
1272 1273 8171064
1271 1271 8171067
1272 1272 8171070
1272 1272 8171073
1270 1272 8171076
1272 1272 8171079
1273 1273 8171082
1270 1273 8171085
1271 1272 8171088
1271 1272 8171091
1272 1279 8171094
1270 1272 8171097
1271 1270 8171100
1272 1272 8171103
1271 1272 8171106
1270 1273 8171109
1272 1273 8171112
1271 1273 8171115
1271 1272 8171118
1270 1272 8171121
1271 1273 8171124
1272 1273 8171127
1270 1272 8171130
1271 1271 8171133
1271 1272 8171136
1272 1271 8171139
1271 1273 8171142
1272 1273 8171145
1272 1273 8171148
1271 1272 8171151
1271 1273 8171154
1270 1271 8171157
1272 1273 8171160
1271 1273 8171163
1270 1271 8171166
1271 1272 8171169
1272 1272 8171172
1270 1274 8171175
1272 1273 8171178
1272 1273 8171181
1271 1273 8171184
1270 1271 8171187
1271 1272 8171190
1272 1274 8171193
1270 1272 8171196
1270 1270 8171199
1272 1272 8171202
1271 1272 8171205
1271 1273 8171208
1272 1273 8171211
1271 1274 8171214
1271 1272 8171217
1271 1271 8171220
1271 1273 8171223
1271 1274 8171226
1270 1272 8171229
1270 1271 8171232
1271 1272 8171235
1272 1272 8171238
1270 1272 8171241
1273 1274 8171244
1271 1273 8171247
1271 1271 8171250
1270 1273 8171253
1271 1271 8171256
1272 1273 8171259
1270 1271 8171262
1271 1271 8171265
1271 1272 8171268
1272 1272 8171271
1270 1274 8171274
1272 1273 8171277
1273 1273 8171280
1271 1273 8171283
1270 1272 8171286
1271 1271 8171289
1271 1273 8171292
1270 1272 8171295
1270 1271 8171298
1270 1272 8171301
1271 1274 8171304
1270 1273 8171307
1272 1272 8171310
1271 1273 8171313
1270 1273 8171316
1270 1272 8171319
1270 1273 8171322
1271 1274 8171325
1270 1272 8171328
1271 1271 8171331
1271 1273 8171334
1271 1272 8171337
1270 1272 8171340
1272 1273 8171343
1271 1274 8171346
1270 1273 8171349
1270 1272 8171352
1271 1273 8171355
1271 1273 8171358
1270 1272 8171361
1271 1272 8171364
1272 1272 8171367
1271 1271 8171370
1270 1273 8171373
1271 1274 8171376
1271 1273 8171379
1271 1272 8171382
1271 1273 8171385
1271 1273 8171388
1272 1274 8171391
1270 1274 8171394
1271 1271 8171397
1272 1271 8171400
1272 1272 8171403
1270 1274 8171406
1272 1272 8171409
1272 1273 8171412
1270 1273 8171415
1271 1273 8171418
1271 1272 8171421
1272 1274 8171424
1270 1272 8171427
1271 1270 8171430
1271 1272 8171433
1271 1272 8171436
1270 1273 8171439
1273 1272 8171442
1272 1273 8171445
1271 1273 8171448
1271 1272 8171451
1271 1273 8171454
1271 1274 8171457
1270 1271 8171460
1270 1271 8171463
1272 1272 8171466
1271 1271 8171469
1271 1272 8171472
1271 1274 8171475
1272 1273 8171478
1270 1272 8171481
1271 1274 8171484
1270 1272 8171487
1272 1272 8171490
1270 1272 8171493
1270 1271 8171496
1270 1272 8171499
1271 1272 8171502
1270 1273 8171505
1272 1273 8171508
1272 1272 8171511
1271 1273 8171514
1271 1273 8171517
1271 1272 8171520
1272 1273 8171523
1270 1273 8171526
1269 1272 8171529
1271 1273 8171532
1271 1272 8171535
1270 1273 8171538
1272 1272 8171541
1272 1273 8171544
1271 1272 8171547
1272 1271 8171550
1271 1273 8171553
1272 1274 8171556
1267 1273 8171559
1269 1271 8171562
1271 1272 8171565
1271 1270 8175973
1272 1273 8175976
1274 1272 8175979
1271 1271 8175982
1271 1273 8175985
1270 1273 8175987
1268 1275 8175990
1271 1272 8175993
1271 1272 8175996
1270 1273 8176000
1270 1271 8176003
1271 1272 8176006
1271 1273 8176009
1271 1269 8176012
1272 1273 8176015
1272 1273 8176018
1272 1271 8176021
1271 1272 8176024
1271 1272 8176027
1272 1273 8176030
1272 1271 8176033
1270 1270 8176036
1270 1274 8176039
1271 1272 8176042
1271 1270 8176045
1272 1274 8176048
1272 1272 8176051
1272 1270 8176054
1271 1272 8176057
1271 1272 8176060
1272 1273 8176063
1271 1271 8176066
1271 1272 8176069
1270 1272 8176072
1271 1272 8176075
1271 1271 8176078
1272 1273 8176081
1273 1272 8176084
1272 1271 8176087
1271 1271 8176090
1272 1271 8176093
1272 1273 8176096
1271 1271 8176099
1270 1271 8176102
1270 1272 8176105
1271 1272 8176108
1272 1270 8176111
1272 1273 8176114
1272 1273 8176117
1271 1271 8176120
1271 1271 8176123
1271 1272 8176126
1272 1273 8176129
1271 1271 8176132
1270 1271 8176135
1270 1272 8176138
1271 1272 8176141
1273 1270 8176144
1272 1273 8176147
1272 1274 8176150
1272 1271 8176153
1271 1271 8176156
1271 1273 8176159
1272 1272 8176162
1271 1270 8176165
1270 1271 8176168
1271 1271 8176171
1272 1272 8176174
1272 1270 8176177
1272 1274 8176180
1271 1273 8176183
1271 1271 8176186
1271 1272 8176189
1271 1272 8176192
1273 1272 8176195
1271 1272 8176198
1270 1273 8176201
1270 1273 8176204
1271 1272 8176207
1272 1272 8176210
1272 1274 8176213
1272 1272 8176216
1272 1272 8176219
1271 1271 8176222
1271 1271 8176225
1272 1274 8176228
1270 1272 8176231
1270 1271 8176234
1271 1272 8176237
1271 1273 8176240
1272 1271 8176243
1272 1273 8176246
1272 1274 8176249
1272 1271 8176252
1272 1271 8176255
1272 1272 8176258
1272 1274 8176261
1272 1271 8176264
1271 1271 8176267
1271 1274 8176270
1272 1273 8176273
1272 1271 8176276
1272 1274 8176279
1272 1273 8176282
1271 1270 8176285
1271 1272 8176288
1273 1272 8176291
1273 1273 8176294
1272 1271 8176297
1271 1271 8176300
1271 1273 8176303
1271 1272 8176306
1271 1272 8176309
1272 1273 8176312
1272 1272 8176315
1271 1271 8176318
1272 1271 8176321
1271 1270 8176324
1272 1272 8176327
1271 1271 8176330
1270 1271 8176333
1271 1272 8176336
1271 1272 8176339
1272 1270 8176342
1272 1272 8176345
1272 1273 8176348
1270 1273 8176351
1271 1273 8176354
1272 1272 8176357
1272 1274 8176360
1271 1272 8176363
1272 1272 8176366
1271 1274 8176369
1272 1272 8176372
1272 1270 8176375
1271 1273 8176378
1272 1275 8176381
1272 1271 8176384
1271 1271 8176387
1271 1273 8176390
1273 1272 8176393
1271 1271 8176396
1270 1272 8176399
1271 1272 8176402
1271 1272 8176405
1272 1271 8176408
1272 1274 8176411
1272 1273 8176414
1271 1270 8176417
1271 1271 8176420
1271 1272 8176423
1272 1272 8176426
1271 1272 8176429
1270 1271 8176432
1270 1271 8176435
1271 1272 8176438
1272 1271 8176441
1272 1273 8176444
1272 1272 8176447
1272 1271 8176450
1271 1272 8176453
1272 1271 8176456
1272 1274 8176459
1271 1271 8176462
1270 1270 8176465
1270 1272 8176468
1271 1272 8176471
1272 1271 8176474
1272 1273 8176477
1272 1273 8176480
1272 1271 8176483
1271 1271 8176486
1272 1273 8176489
1272 1273 8176492
1271 1270 8176495
1270 1271 8176498
1271 1273 8176501
1272 1272 8176504
1272 1270 8176507
1272 1274 8176510
1272 1274 8176513
1272 1271 8176516
1271 1272 8176519
1271 1271 8176522
1272 1271 8176525
1271 1271 8176528
1270 1271 8176531
1271 1272 8176534
1271 1271 8176537
1272 1271 8176540
1272 1273 8176543
1272 1273 8176546
1272 1272 8176549
1271 1272 8176552
1271 1271 8176555
1271 1272 8176558
1271 1271 8176561
1271 1270 8176564
1270 1272 8176567
1271 1272 8176570
1272 1271 8176573
1272 1273 8176576
1272 1274 8176579
1272 1271 8176582
1271 1271 8176585
1271 1272 8176588
1271 1273 8176591
1271 1272 8176594
1270 1271 8176597
1270 1278 8176600
1271 1272 8176603
1271 1270 8176606
1272 1273 8176609
1272 1273 8176612
1272 1270 8176615
1271 1271 8176618
1272 1272 8176621
1273 1273 8176624
1272 1271 8176627
1271 1272 8176630
1271 1273 8176633
1272 1272 8176636
1272 1271 8176639
1272 1274 8176642
1272 1272 8176645
1272 1271 8176648
1271 1272 8176651
1272 1272 8176654
1272 1273 8176657
1272 1271 8176660
1270 1272 8176663
1270 1271 8176666
1271 1273 8176669
1272 1271 8176672
1272 1272 8176675
1271 1273 8176678
1274 1271 8176681
1272 1271 8176684
1272 1271 8176687
1272 1273 8176690
1271 1272 8176693
1271 1271 8176696
1270 1273 8176699
1271 1273 8176702
1272 1271 8176705
1272 1273 8176708
1273 1273 8176711
1273 1270 8176714
1271 1271 8176717
1272 1272 8176720
1272 1273 8176723
1271 1270 8176726
1270 1272 8176729
1271 1273 8176732
1271 1271 8176735
1272 1271 8176738
1273 1273 8176741
1272 1273 8176744
1272 1270 8176747
1271 1272 8176750
1272 1272 8176753
1272 1272 8176756
1272 1271 8176759
1271 1272 8176762
1270 1271 8176765
1271 1272 8176768
1271 1271 8176771
1272 1273 8176774
1272 1272 8176777
1272 1271 8176780
1271 1272 8176783
1272 1272 8176786
1273 1273 8176789
1271 1271 8176792
1271 1271 8176795
1270 1272 8176798
1271 1273 8176801
1272 1270 8176804
1272 1273 8176807
1272 1273 8176810
1272 1271 8176813
1271 1272 8176816
1272 1272 8176819
1272 1273 8176822
1271 1270 8176825
1270 1270 8176828
1270 1272 8176831
1271 1273 8176834
1272 1270 8176837
1272 1273 8176840
1272 1273 8176843
1272 1271 8176846
1270 1271 8176849
1272 1273 8176852
1273 1272 8176855
1271 1271 8176858
1270 1271 8176861
1271 1272 8176864
1272 1272 8176867
1272 1271 8176870
1272 1274 8176873
1272 1273 8176876
1272 1270 8176879
1271 1272 8176882
1271 1271 8176885
1272 1272 8176888
1271 1271 8176891
1269 1271 8176894
1271 1274 8176897
1271 1273 8176900
1272 1272 8176903
1272 1274 8176906
1271 1272 8176909
1272 1272 8176912
1271 1271 8176915
1271 1271 8176918
1272 1274 8176921
1271 1272 8176924
1270 1271 8176927
1270 1272 8176930
1271 1273 8176933
1272 1271 8176936
1273 1273 8176939
1272 1274 8176942
1272 1271 8176945
1271 1271 8176948
1271 1272 8176951
1273 1271 8176954
1272 1270 8176957
1270 1271 8176960
1271 1273 8176963
1271 1272 8176966
1272 1270 8176969
1272 1274 8176972
1272 1272 8176975
1272 1270 8176978
1272 1272 8176981
1272 1271 8176984
1273 1272 8176987
1271 1271 8176990
1270 1272 8176993
1271 1272 8176996
1271 1273 8177000
1271 1274 8177004
1270 1271 8177007
1272 1273 8177010
1272 1275 8177013
1270 1273 8177016
1271 1272 8177019
1271 1273 8177022
1272 1274 8177025
1270 1272 8177028
1270 1272 8177031
1272 1272 8177034
1271 1272 8177037
1270 1273 8177040
1272 1272 8177043
1273 1272 8177046
1271 1272 8177049
1271 1273 8177052
1271 1273 8177055
1273 1273 8177058
1270 1273 8177061
1270 1271 8177064
1272 1271 8177067
1272 1272 8177070
1270 1273 8177073
1271 1272 8177076
1272 1272 8177079
1271 1273 8177082
1270 1273 8177085
1271 1272 8177088
1272 1275 8177091
1270 1272 8177094
1271 1270 8177097
1271 1273 8177100
1271 1272 8177103
1270 1273 8177106
1273 1273 8177109
1272 1273 8177112
1271 1273 8177115
1271 1272 8177118
1271 1273 8177121
1271 1273 8177124
1270 1271 8177127
1270 1271 8177130
1272 1272 8177133
1271 1271 8177136
1270 1273 8177139
1272 1273 8177142
1272 1274 8177145
1270 1272 8177148
1271 1273 8177151
1270 1273 8177154
1272 1272 8177157
1270 1272 8177160
1269 1271 8177163
1270 1272 8177166
1271 1271 8177169
1270 1273 8177172
1272 1273 8177175
1272 1273 8177178
1271 1273 8177181
1271 1273 8177184
1270 1271 8177187
1271 1273 8177190
1270 1272 8177193
1271 1271 8177196
1272 1272 8177199
1271 1272 8177202
1270 1273 8177205
1272 1272 8177208
1272 1273 8177211
1271 1273 8177214
1271 1271 8177217
1271 1272 8177220
1271 1274 8177223
1267 1273 8177226
1269 1271 8177229
1271 1272 8177232
1271 1273 8177235
1270 1272 8177238
1272 1273 8177241
1272 1274 8177244
1270 1272 8177247
1271 1272 8177250
1270 1272 8177253
1272 1274 8177256
1271 1272 8177259
1271 1271 8177262
1271 1272 8177265
1272 1271 8177268
1270 1273 8177271
1272 1273 8177274
1272 1272 8177277
1271 1272 8177280
1270 1272 8177283
1269 1272 8177286
1271 1273 8177289
1270 1272 8177292
1270 1272 8177295
1271 1271 8177298
1271 1272 8177301
1270 1273 8177304
1272 1272 8177307
1272 1273 8177310
1270 1272 8177313
1271 1272 8177316
1271 1272 8177319
1272 1274 8177322
1270 1272 8177325
1270 1271 8177328
1272 1272 8177331
1272 1273 8177334
1270 1272 8177337
1276 1268 8177340
1272 1271 8177343
1270 1271 8177346
1271 1271 8177349
1270 1272 8177352
1272 1274 8177355
1270 1272 8177358
1270 1271 8177361
1272 1272 8177364
1271 1271 8177367
1270 1272 8177370
1272 1273 8177373
1272 1273 8177376
1271 1272 8177379
1271 1272 8177382
1270 1273 8177385
1271 1273 8177388
1270 1271 8177391
1270 1272 8177394
1271 1271 8177397
1272 1271 8177400
1270 1273 8177403
1272 1272 8177406
1272 1273 8177409
1270 1273 8177412
1270 1272 8177415
1270 1273 8177418
1272 1273 8177421
1271 1273 8177424
1270 1271 8177427
1272 1271 8177430
1271 1272 8177433
1270 1271 8177436
1271 1271 8177439
1272 1272 8177442
1270 1273 8177445
1271 1272 8177448
1270 1272 8177451
1272 1274 8177454
1270 1272 8177457
1271 1270 8177460
1271 1272 8177463
1271 1270 8177466
1271 1272 8177469
1272 1273 8177472
1272 1273 8177475
1271 1272 8177478
1271 1272 8177481
1270 1274 8177484
1272 1274 8177487
1270 1271 8177490
1271 1271 8177493
1271 1273 8177496
1272 1272 8177499
1271 1273 8177502
1272 1274 8177505
1272 1273 8177508
1271 1272 8177511
1271 1273 8177514
1272 1272 8177517
1272 1273 8177520
1270 1273 8177523
1270 1272 8177526
1271 1272 8177529
1272 1272 8177532
1270 1273 8177535
1272 1273 8177538
1271 1273 8177541
1271 1274 8177544
1271 1271 8177547
1271 1271 8177550
1272 1273 8177553
1269 1274 8177556
1269 1271 8177559
1272 1271 8177562
1272 1273 8177565
1270 1273 8177568
1272 1272 8177571
1272 1273 8177574
1270 1273 8177577
1271 1271 8177580
1271 1272 8177583
1272 1274 8177586
1270 1271 8177589
1270 1271 8177592
1272 1272 8177595
1272 1272 8177598
1270 1272 8177601
1272 1274 8177604
1273 1273 8177607
1271 1271 8177610
1270 1272 8177613
1270 1273 8177616
1272 1273 8177619
1270 1272 8177622
1270 1271 8177625
1272 1273 8177628
1272 1272 8177631
1270 1274 8177634
1271 1272 8177637
1272 1273 8177640
1270 1273 8177643
1270 1272 8177646
1271 1272 8177649
1272 1273 8177652
1271 1273 8177655
1271 1272 8177658
1271 1271 8177661
1271 1273 8177664
1270 1273 8177667
1272 1272 8177670
1272 1273 8177673
1270 1272 8177676
1272 1271 8177679
1271 1272 8177682
1272 1273 8177685
1270 1272 8177688
1271 1271 8177691
1272 1272 8177694
1271 1272 8177697
1270 1271 8177700
1272 1272 8177703
1271 1273 8177706
1272 1271 8177709
1271 1271 8177712
1270 1272 8177715
1272 1274 8177718
1270 1271 8177721
1271 1271 8177724
1272 1272 8177727
1271 1271 8177730
1270 1272 8177733
1272 1273 8177736
1273 1271 8177739
1271 1272 8177742
1271 1271 8177745
1271 1274 8177748
1272 1272 8177751
1271 1272 8177754
1270 1272 8177757
1271 1271 8177760
1271 1271 8177763
1269 1273 8177766
1270 1273 8177769
1271 1272 8177772
1270 1272 8177775
1271 1273 8177778
1271 1273 8177781
1272 1273 8177784
1270 1273 8177787
1271 1270 8177790
1272 1272 8177793
1271 1272 8177796
1270 1273 8177799
1272 1273 8177802
1272 1273 8177805
1271 1273 8177808
1271 1272 8177811
1270 1272 8177814
1272 1274 8177817
1270 1271 8177820
1270 1271 8177823
1271 1272 8177826
1272 1272 8177829
1270 1273 8177832
1272 1273 8177835
1272 1274 8177838
1271 1273 8177841
1272 1273 8177844
1271 1273 8177847
1271 1273 8177850
1269 1271 8177853
1270 1271 8177856
1271 1271 8177859
1272 1272 8177862
1270 1273 8177865
1272 1274 8177868
1272 1273 8177871
1270 1272 8177874
1271 1273 8177877
1271 1272 8177880
1272 1274 8177883
1270 1272 8177886
1271 1271 8177889
1272 1272 8177892
1271 1272 8177895
1270 1273 8177898
1272 1273 8177901
1272 1273 8177904
1270 1273 8177907
1271 1272 8177910
1271 1272 8177913
1272 1274 8177916
1270 1271 8177919
1270 1270 8177922
1273 1271 8177925
1272 1272 8177928
1270 1273 8177931
1272 1273 8177934
1271 1273 8177937
1270 1272 8177940
1271 1272 8177943
1270 1273 8177946
1271 1273 8177949
1270 1271 8177952
1271 1272 8177955
1272 1272 8177958
1272 1272 8177961
1270 1272 8177964
1272 1273 8177967
1272 1272 8177970
1271 1272 8177973
1271 1272 8177976
1270 1272 8177979
1272 1273 8177982
1270 1272 8177985
1270 1272 8177988
1272 1272 8177991
1271 1272 8177994
1270 1273 8177997
1272 1272 8178001
1270 1271 8178004
1271 1273 8178007
1273 1273 8178010
1270 1274 8178013
1272 1270 8178016
1271 1272 8178019
1271 1273 8178022
1271 1274 8178025
1271 1273 8178028
1272 1271 8178031
1271 1271 8178033
1273 1272 8178036
1271 1274 8178039
1270 1273 8178042
1271 1273 8178045
1272 1273 8178048
1272 1272 8178051
1271 1272 8178054
1271 1274 8178057
1271 1273 8178060
1271 1273 8178063
1272 1273 8178066
1270 1272 8178069
1273 1273 8178072
1270 1272 8178075
1271 1271 8178078
1272 1271 8178081
1272 1272 8178084
1270 1273 8178087
1272 1273 8178090
1272 1272 8178093
1271 1273 8178096
1269 1273 8178099
1271 1273 8178102
1272 1274 8178105
1270 1273 8178108
1271 1272 8178111
1272 1272 8178114
1272 1273 8178117
1270 1273 8178120
1271 1272 8178123
1272 1273 8178126
1270 1273 8178129
1272 1272 8178132
1272 1272 8178135
1272 1274 8178138
1270 1272 8178141
1270 1270 8178144
1272 1274 8178147
1271 1272 8178150
1270 1272 8178153
1272 1273 8178156
1272 1273 8178159
1270 1272 8178162
1271 1272 8178165
1270 1273 8178168
1272 1274 8178171
1271 1271 8178174
1271 1272 8178177
1272 1272 8178180
1272 1271 8178183
1270 1273 8178186
1272 1273 8178189
1273 1272 8178192
1271 1272 8178195
1270 1273 8178198
1271 1273 8178201
1272 1273 8178204
1270 1273 8178207
1270 1271 8178210
1272 1271 8178213
1271 1272 8178216
1269 1273 8178219
1273 1273 8178222
1272 1273 8178225
1271 1273 8178228
1271 1272 8178231
1270 1272 8178234
1272 1274 8178237
1270 1272 8178240
1271 1270 8178243
1272 1272 8178246
1271 1272 8178249
1270 1273 8178252
1272 1272 8178255
1271 1273 8178258
1271 1274 8178261
1271 1272 8178264
1271 1273 8178267
1272 1274 8178270
1270 1271 8178273
1271 1271 8178276
1272 1272 8178279
1270 1272 8178282
1270 1273 8178285
1271 1273 8178288
1272 1274 8178291
1270 1272 8178294
1271 1273 8178297
1271 1272 8178300
1272 1272 8178303
1270 1272 8178306
1270 1270 8178309
1273 1271 8178312
1272 1271 8178315
1270 1273 8178318
1271 1273 8178321
1272 1273 8178324
1270 1273 8178327
1271 1273 8178330
1271 1271 8178333
1271 1273 8178336
1270 1272 8178339
1270 1270 8178342
1272 1271 8178345
1271 1272 8178348
1270 1274 8178351
1272 1272 8178354
1272 1273 8178357
1271 1273 8178360
1272 1271 8178363
1270 1272 8178366
1271 1274 8178369
1272 1271 8178372
1271 1270 8178375
1272 1272 8178378
1271 1273 8178381
1270 1272 8178384
1272 1273 8178387
1272 1274 8178390
1270 1271 8178393
1271 1272 8178396
1270 1273 8178399
1269 1274 8178402
1269 1272 8178405
1270 1272 8178408
1272 1272 8178411
1271 1271 8178414
1270 1273 8178417
1271 1273 8178420
1271 1272 8178423
1270 1272 8178426
1271 1272 8178429
1271 1272 8178432
1272 1273 8178435
1271 1272 8178438
1270 1272 8178441
1272 1271 8178444
1272 1272 8178447
1270 1274 8178450
1272 1272 8178453
1272 1273 8178456
1270 1273 8178459
1270 1273 8178462
1271 1272 8178465
1272 1274 8178468
1271 1273 8178471
1271 1270 8178474
1272 1271 8178477
1272 1273 8178480
1270 1272 8178483
1272 1272 8178486
1272 1274 8178489
1270 1273 8178492
1271 1272 8178495
1271 1272 8178498
1272 1274 8178501
1270 1271 8178504
1271 1271 8178507
1271 1273 8178510
1271 1271 8178513
1270 1273 8178516
1272 1273 8178519
1271 1273 8178522
1271 1272 8178525
1271 1272 8178528
1271 1273 8178531
1272 1273 8178534
1270 1272 8178537
1270 1272 8178540
1272 1271 8178543
1272 1271 8178546
1270 1273 8178549
1273 1274 8178552
1272 1273 8178555
1271 1273 8178558
1271 1272 8178561
1271 1272 8178564
1272 1274 8178567
1270 1273 8178570
1271 1270 8178573
1272 1272 8178576
1272 1273 8178579
1270 1273 8178582
1272 1272 8178585
1273 1273 8178588
1271 1274 8178591
1272 1272 8178594
1271 1273 8178597
1271 1274 8178600
1270 1272 8178603
1270 1270 8178606
1272 1272 8178609
1271 1272 8178612
1270 1273 8178615
1272 1273 8178618
1272 1274 8178621
1271 1273 8178624
1271 1272 8178627
1270 1273 8178630
1272 1273 8178633
1271 1271 8178636
1271 1271 8178639
1272 1272 8178642
1272 1272 8178645
1270 1272 8178648
1272 1274 8178651
1272 1273 8178654
1271 1272 8178657
1270 1273 8178660
1271 1272 8178663
1272 1273 8178666
1270 1273 8178669
1271 1270 8178672
1272 1271 8178675
1272 1272 8178678
1270 1274 8178681
1272 1273 8178684
1272 1273 8178687
1271 1273 8178690
1271 1272 8178693
1271 1272 8178696
1272 1274 8178699
1270 1270 8178702
1270 1270 8178705
1271 1271 8178708
1271 1272 8178711
1271 1273 8178714
1272 1272 8178717
1272 1273 8178720
1270 1272 8178723
1271 1271 8178726
1270 1273 8178729
1271 1275 8178732
1269 1272 8178735
1271 1271 8178738
1272 1272 8178741
1272 1272 8178744
1270 1273 8178747
1272 1274 8178750
1271 1273 8178753
1271 1272 8178756
1270 1273 8178759
1270 1272 8178762
1271 1272 8178765
1270 1272 8178768
1270 1272 8178771
1271 1272 8178774
1271 1271 8178777
1270 1274 8178780
1271 1272 8178783
1271 1273 8178786
1270 1275 8178789
1270 1270 8178792
1271 1271 8178795
1272 1272 8178798
1270 1272 8178801
1270 1271 8178804
1272 1271 8178807
1271 1273 8178810
1270 1273 8178813
1272 1272 8178816
1272 1273 8178819
1271 1273 8178822
1271 1272 8178825
1271 1272 8178828
1272 1275 8178831
1270 1272 8178834
1270 1270 8178837
1272 1273 8178840
1271 1271 8178843
1270 1272 8178846
1272 1272 8178849
1271 1273 8178852
1270 1272 8178855
1271 1272 8178858
1270 1273 8178861
1271 1274 8178864
1270 1272 8178867
1271 1272 8178870
1272 1273 8178873
1272 1271 8178876
1270 1273 8178879
1271 1273 8178882
1271 1273 8178885
1271 1272 8178888
1271 1273 8178891
1271 1273 8178894
1271 1273 8178897
1270 1273 8178900
1271 1271 8178903
1272 1271 8178906
1271 1272 8178909
1269 1273 8178912
1272 1273 8178915
1272 1273 8178918
1271 1273 8178921
1271 1273 8178924
1271 1272 8178927
1272 1274 8178930
1271 1272 8178933
1271 1270 8178936
1272 1272 8178939
1271 1273 8178942
1269 1272 8178945
1272 1272 8178948
1271 1273 8178951
1271 1273 8178954
1270 1271 8178957
1271 1271 8178960
1273 1274 8178963
1269 1271 8178966
1270 1271 8178969
1271 1272 8178972
1271 1271 8178975
1269 1272 8178978
1272 1273 8178981
1271 1273 8178984
1270 1272 8178987
1269 1273 8178990
1271 1273 8178993
1271 1272 8178996
1270 1272 8179000
1270 1272 8179003
1272 1271 8179006
1271 1270 8179009
1272 1272 8179012
1271 1272 8179015
1270 1272 8179018
1271 1273 8179021
1272 1272 8179024
1272 1271 8179027
1271 1271 8179029
1272 1273 8179032
1271 1271 8179035
1272 1272 8179038
1272 1273 8179041
1273 1271 8179044
1271 1272 8179047
1271 1273 8179050
1271 1273 8179053
1272 1271 8179056
1272 1271 8179059
1271 1272 8179062
1271 1272 8179065
1271 1272 8179068
1271 1272 8179071
1271 1273 8179074
1272 1273 8179077
1270 1273 8179080
1271 1272 8179083
1272 1271 8179086
1272 1272 8179089
1270 1273 8179092
1272 1273 8179095
1271 1272 8179098
1270 1273 8179101
1271 1272 8179104
1271 1272 8179107
1272 1273 8179110
1271 1273 8179113
1270 1270 8179116
1272 1272 8179119
1271 1273 8179122
1270 1272 8179125
1272 1272 8179128
1272 1274 8179131
1271 1273 8179134
1271 1272 8179137
1271 1272 8179140
1272 1274 8179143
1270 1271 8179146
1269 1272 8179149
1271 1273 8179152
1271 1272 8179155
1270 1272 8179158
1272 1272 8179161
1272 1274 8179164
1271 1273 8179167
1271 1272 8179170
1270 1273 8179173
1272 1272 8179176
1270 1272 8179179
1270 1272 8179182
1272 1271 8179185
1271 1272 8179188
1270 1273 8179191
1272 1274 8179194
1272 1273 8179197
1271 1272 8179200
1271 1272 8179203
1270 1272 8179206
1272 1273 8179209
1270 1272 8179212
1271 1271 8179215
1271 1271 8179218
1272 1272 8179221
1270 1273 8179224
1272 1274 8179227
1272 1273 8179230
1270 1274 8179233
1270 1272 8179236
1271 1272 8179239
1272 1274 8179242
1270 1272 8179245
1270 1270 8179248
1272 1272 8179251
1271 1272 8179254
1271 1273 8179257
1272 1273 8179260
1272 1274 8179263
1270 1272 8179266
1272 1272 8179269
1270 1273 8179272
1272 1273 8179275
1270 1272 8179278
1270 1271 8179281
1272 1272 8179284
1271 1272 8179287
1269 1273 8179290
1272 1274 8179293
1272 1272 8179296
1271 1272 8179299
1270 1273 8179302
1271 1275 8179305
1271 1274 8179308
1270 1272 8179311
1270 1272 8179314
1271 1274 8179317
1272 1271 8179320
1270 1273 8179323
1272 1272 8179326
1272 1273 8179329
1270 1273 8179332
1271 1272 8179335
1269 1272 8179338
1271 1273 8179341
1270 1273 8179344
1270 1271 8179347
1272 1271 8179350
1272 1273 8179353
1270 1272 8179356
1272 1272 8179359
1271 1273 8179362
1270 1274 8179365
1270 1272 8179368
1271 1272 8179371
1272 1274 8179374
1270 1272 8179377
1270 1271 8179380
1272 1273 8179383
1271 1272 8179386
1270 1272 8179389
1271 1272 8179392
1272 1274 8179395
1270 1272 8179398
1271 1272 8179401
1271 1273 8179404
1272 1274 8179407
1271 1272 8179410
1270 1272 8179413
1272 1272 8179416
1272 1272 8179419
1270 1273 8179422
1271 1274 8179425
1271 1273 8179428
1271 1272 8179431
1271 1273 8179434
1271 1273 8179437
1271 1273 8179440
1274 1271 8179443
1271 1270 8179446
1271 1270 8179449
1271 1272 8179452
1269 1272 8179455
1272 1273 8179458
1272 1273 8179461
1271 1273 8179464
1271 1272 8179467
1271 1271 8179470
1272 1274 8179473
1270 1272 8179476
1271 1270 8179479
1272 1272 8179482
1271 1272 8179485
1269 1272 8179488
1272 1272 8179491
1271 1273 8179494
1270 1273 8179497
1270 1272 8179500
1271 1273 8179503
1272 1273 8179506
1270 1271 8179509
1270 1271 8179512
1272 1272 8179515
1272 1272 8179518
1271 1273 8179521
1272 1273 8179524
1272 1274 8179527
1271 1271 8179530
1270 1272 8179533
1271 1273 8179536
1272 1273 8179539
1270 1272 8179542
1270 1272 8179545
1268 1273 8179548
1271 1271 8179551
1269 1273 8179554
1271 1273 8179557
1272 1272 8179560
1271 1273 8179563
1271 1272 8179566
1271 1271 8179569
1271 1273 8179572
1270 1273 8179575
1267 1271 8179578
1271 1271 8179581
1271 1272 8179584
1269 1273 8179587
1272 1272 8179590
1272 1273 8179593
1271 1274 8179596
1271 1271 8179599
1270 1272 8179602
1271 1273 8179605
1271 1270 8179608
1271 1270 8179611
1271 1272 8179614
1271 1272 8179617
1270 1272 8179620
1272 1273 8179623
1271 1274 8179626
1270 1272 8179629
1271 1272 8179632
1270 1272 8179635
1273 1273 8179638
1270 1271 8179641
1271 1270 8179644
1272 1273 8179647
1271 1271 8179650
1271 1273 8179653
1272 1273 8179656
1272 1272 8179659
1271 1272 8179662
1270 1273 8179665
1266 1274 8179668
1270 1273 8179671
1270 1272 8179674
1270 1272 8179677
1272 1272 8179680
1271 1272 8179683
1270 1273 8179686
1272 1271 8179689
1271 1272 8179692
1270 1272 8179695
1270 1271 8179698
1270 1271 8179701
1272 1273 8179704
1270 1272 8179707
1269 1271 8179710
1272 1271 8179713
1271 1273 8179716
1270 1272 8179719
1272 1272 8179722
1271 1273 8179725
1270 1272 8179728
1271 1272 8179731
1271 1273 8179734
1271 1274 8179737
1270 1271 8179740
1271 1270 8179743
1272 1272 8179746
1271 1271 8179749
1271 1272 8179752
1272 1273 8179755
1270 1272 8179758
1271 1272 8179761
1271 1271 8179764
1271 1273 8179767
1272 1275 8179770
1270 1272 8179773
1270 1272 8179776
1271 1271 8179779
1271 1271 8179782
1270 1273 8179785
1271 1273 8179788
1271 1272 8179791
1271 1272 8179794
1271 1272 8179797
1271 1272 8179800
1272 1273 8179803
1270 1273 8179806
1271 1270 8179809
1272 1272 8179812
1271 1272 8179815
1270 1272 8179818
1272 1273 8179821
1271 1273 8179824
1270 1274 8179827
1271 1272 8179830
1270 1272 8179833
1271 1274 8179836
1270 1272 8179839
1270 1270 8179842
1272 1272 8179845
1271 1273 8179848
1270 1273 8179851
1272 1273 8179854
1271 1274 8179857
1271 1273 8179860
1271 1272 8179863
1270 1273 8179866
1272 1273 8179869
1270 1271 8179872
1270 1271 8179875
1271 1270 8179878
1271 1271 8179881
1270 1272 8179884
1272 1272 8179887
1272 1273 8179890
1271 1272 8179893
1271 1273 8179896
1271 1272 8179899
1272 1272 8179902
1270 1272 8179905
1270 1269 8179908
1271 1270 8179911
1271 1271 8179914
1270 1273 8179917
1272 1273 8179920
1271 1272 8179923
1271 1274 8179926
1271 1272 8179929
1271 1272 8179932
1272 1273 8179935
1270 1273 8179938
1270 1271 8179941
1272 1272 8179944
1271 1272 8179947
1270 1273 8179950
1272 1273 8179953
1272 1274 8179956
1270 1273 8179959
1271 1271 8179962
1271 1272 8179965
1271 1273 8179968
1270 1272 8179971
1270 1271 8179974
1272 1272 8179977
1271 1272 8179980
1271 1272 8179983
1272 1274 8179986
1272 1272 8179989
1270 1272 8179992
1270 1273 8179995
1271 1272 8179999
1272 1272 8180002
1271 1271 8180005
1272 1272 8180008
1270 1272 8180011
1272 1271 8180014
1271 1272 8180017
1274 1272 8180020
1271 1271 8180023
1271 1272 8180026
1271 1274 8180029
1270 1272 8180031
1271 1274 8180034
1272 1272 8180037
1271 1273 8180040
1270 1272 8180043
1270 1274 8180046
1271 1272 8180049
1272 1271 8180052
1271 1272 8180055
1270 1272 8180058
1272 1272 8180061
1274 1272 8180064
1270 1273 8180067
1271 1272 8180070
1271 1271 8180073
1270 1273 8180076
1272 1273 8180079
1272 1272 8180082
1270 1273 8180085
1270 1272 8180088
1272 1272 8180091
1272 1273 8180094
1271 1272 8180097
1270 1272 8180100
1272 1271 8180103
1271 1271 8180106
1270 1274 8180109
1272 1272 8180112
1272 1273 8180115
1270 1273 8180118
1270 1272 8180121
1270 1272 8180124
1271 1276 8180127
1266 1273 8180130
1269 1270 8180133
1271 1272 8180136
1271 1272 8180139
1270 1272 8180142
1272 1272 8180145
1272 1274 8180148
1270 1273 8180151
1271 1272 8180154
1271 1272 8180157
1272 1274 8180160
1270 1272 8180163
1270 1271 8180166
1271 1273 8180169
1271 1271 8180172
1270 1271 8180175
1272 1273 8180178
1271 1273 8180181
1271 1272 8180184
1270 1272 8180187
1270 1273 8180190
1272 1274 8180193
1270 1272 8180196
1271 1272 8180199
1271 1271 8180202
1271 1272 8180205
1270 1274 8180208
1271 1273 8180211
1272 1273 8180214
1271 1272 8180217
1271 1273 8180220
1271 1273 8180223
1271 1273 8180226
1271 1273 8180229
1270 1270 8180232
1272 1271 8180235
1269 1272 8180238
1270 1272 8180241
1273 1272 8180244
1271 1274 8180247
1271 1273 8180250
1270 1272 8180253
1271 1272 8180256
1272 1274 8180259
1270 1272 8180262
1271 1270 8180265
1271 1272 8180268
1271 1273 8180271
1270 1273 8180274
1272 1273 8180277
1272 1273 8180280
1271 1272 8180283
1271 1272 8180286
1271 1274 8180289
1272 1273 8180292
1270 1271 8180295
1270 1271 8180298
1271 1271 8180301
1273 1271 8180304
1271 1272 8180307
1272 1273 8180310
1272 1273 8180313
1270 1272 8180316
1271 1273 8180319
1271 1272 8180322
1271 1273 8180325
1270 1272 8180328
1270 1271 8180331
1273 1272 8180334
1273 1272 8180337
1271 1274 8180340
1272 1274 8180343
1272 1273 8180346
1272 1274 8180349
1270 1272 8180352
1271 1272 8180355
1271 1274 8180358
1270 1273 8180361
1269 1271 8180364
1272 1272 8180367
1272 1273 8180370
1270 1273 8180373
1272 1273 8180376
1272 1274 8180379
1270 1272 8180382
1272 1271 8180385
1270 1273 8180388
1271 1273 8180391
1270 1272 8180394
1271 1271 8180397
1272 1272 8180400
1271 1272 8180403
1270 1272 8180406
1272 1274 8180409
1271 1274 8180412
1271 1272 8180415
1271 1272 8180418
1270 1272 8180421
1271 1273 8180424
1270 1271 8180427
1271 1272 8180430
1271 1272 8180433
1271 1271 8180436
1270 1274 8180439
1271 1272 8180442
1272 1273 8180445
1271 1273 8180448
1270 1272 8180451
1271 1272 8180454
1272 1273 8180457
1270 1272 8180460
1270 1272 8180463
1272 1271 8180466
1272 1272 8180469
1270 1273 8180472
1272 1272 8180475
1272 1273 8180478
1271 1273 8180481
1269 1273 8180484
1270 1272 8180487
1271 1274 8180490
1270 1272 8180493
1271 1270 8180496
1271 1272 8180499
1272 1273 8180502
1269 1272 8180505
1272 1273 8180508
1272 1274 8180511
1272 1272 8180514
1272 1272 8180517
1271 1273 8180520
1271 1275 8180523
1271 1272 8180526
1270 1271 8180529
1272 1272 8180532
1271 1271 8180535
1271 1273 8180538
1272 1273 8180541
1272 1272 8180544
1271 1271 8180547
1271 1272 8180550
1270 1273 8180553
1272 1273 8180556
1271 1273 8180559
1270 1272 8180562
1271 1272 8180565
1271 1272 8180568
1270 1273 8180571
1271 1273 8180574
1271 1272 8180577
1271 1273 8180580
1271 1273 8180583
1270 1273 8180586
1272 1273 8180589
1271 1273 8180592
1270 1270 8180595
1271 1271 8180598
1272 1272 8180601
1270 1273 8180604
1272 1272 8180607
1272 1273 8180610
1271 1273 8180613
1271 1272 8180616
1271 1272 8180619
1272 1274 8180622
1270 1271 8180625
1270 1271 8180628
1272 1272 8180631
1272 1273 8180634
1271 1273 8180637
1273 1273 8180640
1272 1274 8180643
1271 1273 8180646
1271 1271 8180649
1271 1274 8180652
1271 1273 8180655
1270 1271 8180658
1270 1271 8180661
1271 1272 8180664
1272 1272 8180667
1270 1273 8180670
1272 1273 8180673
1271 1273 8180676
1270 1272 8180679
1271 1273 8180682
1271 1272 8180685
1271 1273 8180688
1269 1272 8180691
1270 1271 8180694
1272 1271 8180697
1272 1272 8180700
1270 1273 8180703
1272 1273 8180706
1271 1272 8180709
1271 1273 8180712
1271 1272 8180715
1271 1272 8180718
1271 1273 8180721
1270 1272 8180724
1270 1271 8180727
1272 1271 8180730
1272 1273 8180733
1270 1273 8180736
1272 1273 8180739
1272 1274 8180742
1270 1272 8180745
1271 1271 8180748
1271 1273 8180751
1271 1273 8180754
1271 1271 8180757
1270 1271 8180760
1271 1272 8180763
1271 1272 8180766
1270 1272 8180769
1272 1273 8180772
1273 1272 8180775
1271 1272 8180778
1270 1272 8180781
1270 1275 8180784
1271 1273 8180787
1270 1272 8180790
1271 1272 8180793
1271 1272 8180796
1272 1272 8180799
1270 1273 8180802
1271 1273 8180805
1271 1272 8180808
1271 1273 8180811
1270 1273 8180814
1270 1273 8180817
1271 1274 8180820
1270 1273 8180823
1270 1271 8180826
1271 1272 8180829
1272 1273 8180832
1270 1272 8180835
1272 1272 8180838
1272 1273 8180841
1270 1274 8180844
1270 1272 8180847
1270 1272 8180850
1272 1274 8180853
1270 1272 8180856
1271 1271 8180859
1271 1273 8180862
1271 1272 8180865
1271 1272 8180868
1272 1274 8180871
1272 1273 8180874
1270 1272 8180877
1271 1271 8180880
1271 1273 8180883
1272 1274 8180886
1270 1271 8180889
1271 1272 8180892
1271 1272 8180895
1272 1271 8180898
1270 1273 8180901
1272 1273 8180904
1273 1273 8180907
1271 1272 8180910
1270 1272 8180913
1271 1273 8180916
1272 1273 8180919
1270 1273 8180922
1270 1271 8180925
1272 1271 8180928
1271 1272 8180931
1270 1273 8180934
1272 1272 8180937
1272 1273 8180940
1271 1273 8180943
1271 1273 8180946
1271 1272 8180949
1272 1274 8180952
1270 1272 8180955
1270 1270 8180958
1272 1272 8180961
1271 1272 8180964
1269 1273 8180967
1272 1272 8180970
1272 1273 8180973
1271 1274 8180976
1271 1271 8180979
1270 1273 8180982
1271 1274 8180985
1270 1271 8180988
1270 1271 8180991
1272 1272 8180994
1271 1271 8180997
1270 1272 8181001
1271 1271 8181004
1271 1274 8181007
1271 1273 8181010
1272 1273 8181013
1273 1271 8181016
1272 1272 8181019
1271 1271 8181022
1270 1273 8181025
1272 1273 8181027
1271 1273 8181030
1271 1271 8181033
1272 1272 8181036
1271 1272 8181039
1271 1273 8181042
1272 1273 8181045
1271 1272 8181048
1271 1271 8181051
1272 1273 8181054
1274 1272 8181057
1272 1271 8181060
1272 1272 8181063
1270 1274 8181066
1272 1273 8181069
1270 1273 8181072
1271 1273 8181075
1271 1271 8181078
1271 1273 8181081
1269 1273 8181084
1270 1272 8181087
1272 1272 8181090
1272 1273 8181093
1270 1273 8181096
1272 1272 8181099
1271 1274 8181102
1271 1273 8181105
1271 1272 8181108
1271 1272 8181111
1271 1273 8181114
1270 1271 8181117
1270 1270 8181120
1272 1271 8181123
1271 1272 8181126
1271 1273 8181129
1272 1273 8181132
1272 1274 8181135
1271 1272 8181138
1271 1271 8181141
1270 1273 8181144
1272 1274 8181147
1270 1272 8181150
1271 1271 8181153
1272 1273 8181156
1272 1272 8181159
1271 1273 8181162
1272 1274 8181165
1272 1272 8181168
1271 1272 8181171
1270 1273 8181174
1270 1272 8181177
1272 1273 8181180
1270 1272 8181183
1270 1271 8181186
1272 1272 8181189
1272 1271 8181192
1271 1272 8181195
1272 1272 8181198
1271 1272 8181201
1271 1273 8181204
1270 1272 8181207
1271 1272 8181210
1271 1272 8181213
1271 1272 8181216
1271 1273 8181219
1271 1272 8181222
1271 1273 8181225
1270 1271 8181228
1272 1272 8181231
1270 1273 8181234
1270 1275 8181237
1270 1273 8181240
1271 1273 8181243
1271 1272 8181246
1271 1273 8181249
1270 1273 8181252
1271 1273 8181255
1270 1271 8181258
1270 1271 8181261
1272 1274 8181264
1271 1272 8181267
1273 1273 8181270
1271 1273 8181273
1272 1273 8181276
1272 1272 8181279
1272 1272 8181282
1271 1274 8181285
1271 1272 8181288
1271 1271 8181291
1270 1272 8181294
1271 1275 8181297
1269 1272 8181300
1271 1273 8181303
1270 1273 8181306
1272 1272 8181309
1271 1272 8181312
1272 1273 8181315
1271 1272 8181318
1271 1271 8181321
1270 1272 8181324
1270 1271 8181327
1271 1273 8181330
1270 1272 8181333
1271 1273 8181336
1269 1273 8181339
1271 1271 8181342
1271 1273 8181345
1272 1272 8181348
1270 1272 8181351
1271 1273 8181354
1271 1271 8181357
1270 1270 8181360
1271 1273 8181363
1271 1273 8181366
1271 1274 8181369
1269 1272 8181372
1272 1273 8181375
1271 1272 8181378
1271 1271 8181381
1270 1273 8181384
1271 1273 8181387
1272 1272 8181390
1270 1272 8181393
1272 1274 8181396
1271 1273 8181399
1271 1273 8181402
1270 1273 8181405
1272 1272 8181408
1271 1272 8181411
1271 1272 8181414
1270 1273 8181417
1271 1273 8181420
1271 1272 8181423
1271 1272 8181426
1273 1274 8181429
1271 1272 8181432
1271 1275 8181435
1269 1273 8181438
1271 1271 8181441
1271 1272 8181444
1271 1273 8181447
1270 1273 8181450
1271 1271 8181453
1270 1273 8181456
1270 1272 8181459
1272 1273 8181462
1271 1274 8181465
1271 1273 8181468
1270 1272 8181471
1272 1272 8181474
1271 1273 8181477
1271 1271 8181480
1271 1272 8181483
1271 1271 8181486
1271 1273 8181489
1270 1271 8181492
1272 1275 8181495
1271 1272 8181498
1271 1272 8181501
1271 1272 8181504
1271 1273 8181507
1272 1272 8181510
1272 1272 8181513
1271 1273 8181516
1270 1273 8181519
1271 1271 8181522
1271 1272 8181525
1272 1274 8181528
1270 1271 8181531
1271 1273 8181534
1269 1273 8181537
1268 1273 8181540
1270 1273 8181543
1271 1272 8181546
1271 1273 8181549
1271 1271 8181552
1271 1272 8181555
1271 1272 8181558
1272 1273 8181561
1271 1272 8181564
1271 1273 8181567
1265 1273 8181570
1271 1272 8181573
1270 1272 8181576
1271 1272 8181579
1271 1273 8181582
1271 1272 8181585
1271 1273 8181588
1270 1270 8181591
1272 1274 8181594
1271 1272 8181597
1271 1275 8181600
1271 1273 8181603
1272 1272 8181606
1271 1273 8181609
1272 1272 8181612
1271 1273 8181615
1271 1273 8181618
1271 1272 8181621
1270 1271 8181624
1272 1274 8181627
1270 1272 8181630
1272 1273 8181633
1270 1272 8181636
1272 1273 8181639
1272 1272 8181642
1272 1272 8181645
1271 1274 8181648
1271 1272 8181651
1271 1272 8181654
1270 1272 8181657
1272 1279 8181660
1270 1272 8181663
1271 1272 8181666
1269 1273 8181669
1271 1271 8181672
1271 1272 8181675
1271 1273 8181678
1271 1272 8181681
1271 1272 8181684
1271 1273 8181687
1270 1271 8181690
1272 1273 8181693
1271 1273 8181696
1271 1273 8181699
1269 1272 8181702
1271 1271 8181705
1271 1273 8181708
1271 1271 8181711
1271 1272 8181714
1271 1273 8181717
1270 1272 8181720
1271 1271 8181723
1272 1274 8181726
1270 1273 8181729
1271 1273 8181732
1270 1273 8181735
1271 1273 8181738
1272 1272 8181741
1272 1271 8181744
1270 1273 8181747
1271 1272 8181750
1271 1271 8181753
1271 1272 8181756
1272 1274 8181759
1271 1273 8181762
1272 1273 8181765
1270 1273 8181768
1271 1272 8181771
1272 1272 8181774
1271 1272 8181777
1271 1273 8181780
1271 1272 8181783
1271 1271 8181786
1271 1272 8181789
1273 1274 8181792
1271 1273 8181795
1271 1274 8181798
1269 1272 8181801
1271 1272 8181804
1271 1273 8181807
1271 1272 8181810
1271 1272 8181813
1271 1272 8181816
1270 1272 8181819
1270 1271 8181822
1272 1273 8181825
1270 1273 8181828
1271 1273 8181831
1270 1271 8181834
1272 1272 8181837
1271 1272 8181840
1271 1272 8181843
1271 1273 8181846
1270 1273 8181849
1271 1272 8181852
1271 1271 8181855
1272 1274 8181858
1271 1272 8181861
1272 1273 8181864
1270 1273 8181867
1271 1272 8181870
1271 1272 8181873
1271 1271 8181876
1271 1273 8181879
1271 1272 8181882
1270 1271 8181885
1270 1272 8181888
1272 1273 8181891
1271 1272 8181894
1271 1273 8181897
1270 1271 8181900
1271 1271 8181903
1270 1272 8181906
1271 1272 8181909
1270 1273 8181912
1271 1272 8181915
1270 1273 8181918
1270 1271 8181921
1272 1272 8181924
1270 1272 8181927
1271 1274 8181930
1271 1273 8181933
1272 1272 8181936
1271 1272 8181939
1272 1273 8181942
1271 1273 8181945
1271 1273 8181948
1271 1273 8181951
1270 1270 8181954
1272 1274 8181957
1270 1274 8181960
1271 1273 8181963
1270 1272 8181966
1271 1272 8181969
1271 1273 8181972
1272 1273 8181975
1271 1274 8181978
1271 1272 8181981
1271 1271 8181984
1270 1271 8181987
1272 1274 8181990
1270 1272 8181993
1271 1273 8181996
1270 1272 8182000
1270 1273 8182003
1271 1269 8182006
1272 1273 8182009
1272 1271 8182012
1272 1272 8182015
1271 1273 8182018
1272 1271 8182021
1270 1273 8182024
1271 1271 8182027
1272 1272 8182030
1271 1274 8182033
1270 1271 8182035
1273 1273 8182038
1275 1271 8182041
1272 1269 8182044
1271 1272 8182047
1270 1273 8182050
1273 1271 8182053
1271 1273 8182056
1271 1272 8182059
1270 1273 8182062
1271 1273 8182065
1272 1273 8182068
1272 1273 8182071
1270 1271 8182074
1272 1273 8182077
1272 1273 8182080
1269 1273 8182083
1272 1273 8182086
1271 1273 8182089
1271 1273 8182092
1270 1271 8182095
1272 1274 8182098
1271 1273 8182101
1271 1273 8182104
1270 1273 8182107
1271 1273 8182110
1271 1272 8182113
1271 1272 8182116
1271 1273 8182119
1271 1273 8182122
1271 1271 8182125
1270 1272 8182128
1272 1274 8182131
1270 1271 8182134
1271 1273 8182137
1269 1273 8182140
1271 1272 8182143
1271 1271 8182146
1271 1272 8182149
1271 1273 8182152
1271 1272 8182155
1271 1272 8182158
1271 1271 8182161
1272 1273 8182164
1270 1273 8182167
1271 1273 8182170
1269 1272 8182173
1272 1272 8182176
1271 1273 8182179
1272 1273 8182182
1271 1273 8182185
1271 1273 8182188
1271 1272 8182191
1270 1271 8182194
1272 1273 8182197
1270 1273 8182200
1271 1273 8182203
1270 1272 8182206
1272 1272 8182209
1272 1273 8182212
1271 1272 8182215
1271 1274 8182218
1271 1273 8182221
1271 1272 8182224
1270 1271 8182227
1272 1274 8182230
1270 1272 8182233
1271 1273 8182236
1270 1273 8182239
1271 1273 8182242
1270 1271 8182245
1272 1273 8182248
1271 1273 8182251
1270 1271 8182254
1271 1272 8182257
1270 1271 8182260
1270 1274 8182263
1270 1272 8182266
1271 1273 8182269
1270 1274 8182272
1272 1271 8182275
1271 1273 8182278
1272 1273 8182281
1270 1272 8182284
1270 1273 8182287
1270 1273 8182290
1269 1271 8182293
1271 1273 8182296
1270 1273 8182299
1271 1274 8182302
1270 1272 8182305
1271 1272 8182308
1271 1273 8182311
1272 1271 8182314
1270 1272 8182317
1271 1273 8182320
1271 1273 8182323
1271 1271 8182326
1273 1273 8182329
1271 1273 8182332
1271 1273 8182335
1270 1273 8182338
1271 1273 8182341
1270 1272 8182344
1272 1272 8182347
1270 1273 8182350
1272 1272 8182353
1271 1272 8182356
1271 1271 8182359
1272 1274 8182362
1270 1272 8182365
1272 1273 8182368
1270 1273 8182371
1271 1271 8182374
1271 1271 8182377
1271 1273 8182380
1271 1273 8182383
1271 1271 8182386
1270 1271 8182389
1271 1272 8182392
1272 1274 8182395
1271 1273 8182398
1271 1274 8182401
1269 1272 8182404
1271 1271 8182407
1271 1272 8182410
1271 1272 8182413
1272 1272 8182416
1271 1271 8182419
1270 1272 8182422
1270 1272 8182425
1272 1274 8182428
1272 1274 8182431
1271 1273 8182434
1270 1272 8182437
1272 1272 8182440
1271 1271 8182443
1273 1271 8182446
1271 1272 8182449
1271 1272 8182452
1271 1272 8182455
1270 1272 8182458
1273 1274 8182461
1269 1272 8182464
1271 1272 8182467
1269 1272 8182470
1271 1273 8182473
1272 1272 8182476
1271 1272 8182479
1270 1274 8182482
1271 1272 8182485
1270 1272 8182488
1271 1273 8182491
1272 1273 8182494
1270 1271 8182497
1271 1274 8182500
1270 1272 8182503
1272 1272 8182506
1270 1271 8182509
1271 1272 8182512
1271 1273 8182515
1271 1271 8182518
1271 1274 8182521
1270 1271 8182524
1271 1272 8182527
1270 1273 8182530
1271 1274 8182533
1268 1272 8182536
1273 1271 8182539
1271 1273 8182542
1271 1272 8182545
1270 1272 8182548
1270 1274 8182551
1271 1272 8182554
1269 1270 8182557
1272 1273 8182560
1270 1273 8182563
1271 1273 8182566
1271 1272 8182569
1271 1272 8182572
1270 1272 8182575
1272 1271 8182578
1271 1274 8182581
1272 1274 8182584
1271 1270 8182587
1270 1271 8182590
1272 1273 8182593
1270 1272 8182596
1272 1274 8182599
1270 1272 8182602
1271 1272 8182605
1271 1272 8182608
1271 1273 8182611
1270 1274 8182614
1271 1271 8182617
1270 1272 8182620
1270 1272 8182623
1272 1273 8182626
1271 1272 8182629
1272 1273 8182632
1270 1273 8182635
1271 1271 8182638
1271 1273 8182641
1272 1273 8182644
1272 1272 8182647
1270 1272 8182650
1270 1272 8182653
1269 1271 8182656
1272 1273 8182659
1272 1272 8182662
1271 1274 8182665
1269 1272 8182668
1271 1273 8182671
1271 1272 8182674
1272 1272 8182677
1271 1273 8182680
1271 1272 8182683
1269 1272 8182686
1270 1271 8182689
1272 1275 8182692
1270 1273 8182695
1271 1272 8182698
1270 1274 8182701
1271 1273 8182704
1272 1273 8182707
1271 1272 8182710
1270 1273 8182713
1272 1271 8182716
1272 1272 8182719
1270 1272 8182722
1270 1274 8182725
1271 1272 8182728
1271 1274 8182731
1270 1273 8182734
1272 1272 8182737
1273 1272 8182740
1271 1272 8182743
1270 1272 8182746
1270 1271 8182749
1270 1272 8182752
1271 1272 8182755
1271 1272 8182758
1270 1273 8182761
1271 1274 8182764
1269 1271 8182767
1272 1272 8182770
1270 1273 8182773
1269 1273 8182776
1270 1273 8182779
1270 1272 8182782
1271 1274 8182785
1271 1271 8182788
1272 1273 8182791
1270 1272 8182794
1271 1272 8182797
1270 1273 8182800
1271 1272 8182803
1271 1271 8182806
1271 1272 8182809
1270 1272 8182812
1270 1273 8182815
1270 1271 8182818
1270 1272 8182821
1272 1274 8182824
1270 1271 8182827
1271 1274 8182830
1270 1272 8182833
1271 1271 8182836
1271 1272 8182839
1272 1272 8182842
1270 1274 8182845
1271 1272 8182848
1270 1272 8182851
1270 1272 8182854
1272 1272 8182857
1271 1272 8182860
1272 1274 8182863
1270 1271 8182866
1271 1271 8182869
1271 1272 8182872
1271 1272 8182875
1272 1273 8182878
1271 1272 8182881
1271 1273 8182884
1270 1271 8182887
1272 1273 8182890
1270 1273 8182893
1271 1272 8182896
1270 1271 8182899
1272 1272 8182902
1271 1273 8182905
1271 1273 8182908
1272 1273 8182911
1271 1273 8182914
1270 1272 8182917
1271 1271 8182920
1271 1273 8182923
1271 1272 8182926
1271 1273 8182929
1270 1272 8182932
1271 1272 8182935
1271 1272 8182938
1271 1273 8182941
1271 1273 8182944
1270 1271 8182947
1271 1271 8182950
1270 1271 8182953
1273 1274 8182956
1271 1272 8182959
1271 1272 8182962
1269 1272 8182965
1271 1272 8182968
1271 1272 8182971
1272 1271 8182974
1272 1272 8182977
1271 1271 8182980
1271 1272 8182983
1270 1271 8182986
1273 1273 8182989
1270 1272 8182992
1271 1273 8182995
1270 1273 8182999
1271 1273 8183002
1273 1273 8183005
1271 1272 8183008
1271 1271 8183011
1271 1273 8183014
1270 1269 8183017
1273 1270 8183020
1270 1272 8183023
1270 1270 8183026
1272 1272 8183029
1271 1272 8183032
1271 1273 8183035
1270 1271 8183038
1270 1271 8183040
1270 1272 8183043
1270 1270 8183046
1272 1273 8183049
1274 1270 8183052
1268 1272 8183055
1270 1271 8183058
1270 1272 8183061
1271 1273 8183064
1273 1270 8183067
1269 1271 8183070
1269 1270 8183073
1272 1273 8183076
1272 1273 8183079
1274 1274 8183082
1270 1271 8183085
1270 1271 8183088
1272 1273 8183091
1271 1273 8183094
1273 1276 8183097
1268 1270 8183100
1270 1270 8183103
1270 1272 8183106
1270 1272 8183109
1271 1274 8183112
1275 1269 8183115
1268 1270 8183118
1269 1271 8183121
1273 1273 8183124
1270 1275 8183127
1275 1271 8183130
1266 1270 8183133
1269 1271 8183136
1271 1273 8183139
1273 1272 8183142
1273 1275 8183145
1268 1271 8183148
1269 1270 8183151
1270 1272 8183154
1271 1274 8183157
1274 1275 8183160
1268 1270 8183163
1267 1271 8183166
1270 1272 8183169
1271 1272 8183172
1271 1276 8183175
1269 1270 8183178
1269 1270 8183181
1269 1271 8183184
1269 1271 8183187
1272 1275 8183190
1274 1270 8183193
1267 1271 8183196
1267 1272 8183199
1273 1272 8183202
1270 1272 8183205
1275 1271 8183208
1267 1270 8183211
1269 1271 8183214
1270 1272 8183217
1270 1271 8183220
1275 1277 8183223
1268 1270 8183226
1267 1271 8183229
1270 1273 8183232
1270 1271 8183235
1275 1276 8183238
1268 1268 8183241
1268 1270 8183244
1270 1271 8183247
1271 1271 8183250
1271 1273 8183253
1275 1271 8183256
1270 1269 8183259
1270 1273 8183262
1271 1272 8183265
1271 1275 8183268
1276 1270 8183271
1268 1270 8183274
1270 1272 8183277
1271 1272 8183280
1271 1272 8183283
1272 1274 8183286
1270 1271 8183289
1269 1270 8183292
1272 1273 8183295
1269 1273 8183298
1275 1275 8183301
1270 1269 8183304
1270 1271 8183307
1270 1273 8183310
1272 1272 8183313
1270 1276 8183316
1270 1270 8183319
1271 1272 8183322
1270 1272 8183325
1271 1274 8183328
1271 1275 8183331
1276 1271 8183334
1267 1271 8183337
1270 1271 8183340
1272 1273 8183343
1270 1277 8183346
1274 1271 8183349
1267 1268 8183352
1269 1271 8183355
1269 1272 8183358
1272 1274 8183361
1273 1276 8183364
1268 1271 8183367
1269 1270 8183370
1273 1272 8183373
1270 1273 8183376
1275 1276 8183379
1268 1269 8183382
1269 1269 8183385
1271 1275 8183388
1271 1273 8183391
1271 1277 8183394
1269 1270 8183397
1269 1269 8183400
1270 1270 8183403
1271 1272 8183406
1271 1276 8183409
1275 1269 8183412
1269 1270 8183415
1268 1273 8183418
1273 1273 8183421
1270 1275 8183424
1275 1272 8183427
1266 1271 8183430
1270 1270 8183433
1272 1273 8183436
1272 1272 8183439
1274 1271 8183442
1267 1270 8183445
1269 1271 8183448
1270 1271 8183451
1272 1274 8183454
1274 1277 8183457
1269 1269 8183460
1268 1269 8183463
1273 1273 8183466
1270 1273 8183469
1275 1276 8183472
1268 1269 8183475
1268 1271 8183478
1270 1272 8183481
1271 1272 8183484
1272 1277 8183487
1269 1269 8183490
1270 1271 8183493
1268 1273 8183496
1271 1269 8183499
1272 1274 8183502
1276 1269 8183505
1267 1271 8183508
1269 1273 8183511
1272 1271 8183514
1270 1273 8183517
1276 1271 8183520
1266 1270 8183523
1269 1271 8183526
1268 1270 8183529
1272 1272 8183532
1275 1275 8183535
1268 1270 8183538
1268 1271 8183541
1272 1271 8183544
1269 1273 8183547
1274 1275 8183550
1269 1270 8183553
1268 1271 8183556
1271 1276 8183559
1270 1272 8183562
1271 1276 8183565
1270 1270 8183568
1269 1270 8183571
1270 1271 8183574
1270 1274 8183577
1271 1274 8183580
1274 1267 8183583
1271 1271 8183586
1269 1273 8183589
1271 1272 8183592
1269 1275 8183595
1276 1271 8183598
1267 1271 8183601
1270 1271 8183604
1272 1275 8183607
1271 1271 8183610
1274 1270 8183613
1267 1270 8183616
1270 1272 8183619
1269 1272 8183622
1271 1273 8183625
1273 1277 8183628
1269 1269 8183631
1268 1270 8183634
1273 1274 8183637
1269 1272 8183640
1273 1275 8183643
1269 1269 8183646
1268 1269 8183649
1271 1273 8183652
1271 1273 8183655
1271 1276 8183658
1270 1270 8183661
1270 1270 8183664
1270 1272 8183667
1271 1272 8183670
1271 1275 8183673
1275 1271 8183676
1267 1271 8183679
1269 1271 8183682
1273 1272 8183685
1269 1271 8183688
1275 1271 8183691
1266 1270 8183694
1270 1271 8183697
1271 1274 8183700
1273 1271 8183703
1274 1277 8183706
1266 1272 8183709
1267 1271 8183712
1269 1271 8183715
1271 1273 8183718
1272 1277 8183721
1269 1270 8183724
1269 1271 8183727
1270 1272 8183730
1272 1272 8183733
1272 1274 8183736
1274 1271 8183739
1267 1269 8183742
1268 1272 8183745
1271 1270 8183748
1271 1273 8183751
1274 1271 8183754
1268 1272 8183757
1268 1272 8183760
1270 1272 8183763
1272 1273 8183766
1275 1276 8183769
1268 1269 8183772
1269 1269 8183775
1271 1273 8183778
1270 1272 8183781
1272 1275 8183784
1274 1269 8183787
1269 1272 8183790
1269 1271 8183793
1271 1271 8183796
1271 1276 8183799
1274 1271 8183802
1267 1270 8183805
1269 1271 8183808
1271 1273 8183811
1271 1270 8183814
1275 1277 8183817
1266 1271 8183820
1268 1271 8183823
1271 1272 8183826
1270 1272 8183829
1275 1276 8183832
1269 1269 8183835
1269 1270 8183838
1270 1273 8183841
1271 1272 8183844
1270 1275 8183847
1270 1271 8183850
1268 1270 8183853
1270 1271 8183856
1270 1274 8183859
1272 1274 8183862
1275 1267 8183865
1269 1269 8183868
1269 1273 8183871
1271 1271 8183874
1271 1275 8183877
1274 1271 8183880
1268 1271 8183883
1269 1272 8183886
1273 1273 8183889
1269 1272 8183892
1276 1270 8183895
1268 1270 8183898
1269 1272 8183901
1269 1273 8183904
1271 1272 8183907
1274 1276 8183910
1266 1269 8183913
1270 1271 8183916
1271 1272 8183919
1271 1274 8183922
1274 1275 8183925
1269 1270 8183928
1269 1271 8183931
1272 1274 8183934
1270 1272 8183937
1273 1277 8183940
1269 1268 8183943
1268 1269 8183946
1270 1273 8183949
1271 1274 8183952
1271 1275 8183955
1266 1269 8183958
1270 1271 8183961
1270 1272 8183964
1271 1272 8183967
1271 1277 8183970
1275 1271 8183973
1268 1269 8183976
1271 1272 8169576
1271 1272 8169579
1271 1273 8169582
1271 1274 8169585
1271 1273 8169588
1270 1272 8169591
1271 1272 8169594
1270 1273 8169597
1272 1273 8169600
1271 1273 8169603
1271 1273 8169606
1271 1272 8169609
1270 1272 8169612
1272 1275 8169615
1270 1272 8169618
1272 1273 8169621
1269 1273 8169624
1271 1272 8169627
1271 1272 8169630
1273 1273 8169633
1271 1274 8169636
1271 1273 8169639
1271 1271 8169642
1270 1273 8169645
1272 1273 8169648
1271 1271 8169651
1271 1273 8169654
1269 1272 8169657
1272 1271 8169660
1272 1272 8169663
1272 1273 8169666
1271 1273 8169669
1271 1272 8169672
1271 1271 8169675
1271 1272 8169678
1272 1273 8169681
1271 1273 8169684
1271 1274 8169687
1270 1272 8169690
1273 1272 8169693
1271 1273 8169696
1271 1273 8169699
1271 1272 8169702
1271 1274 8169705
1271 1273 8169708
1270 1272 8169711
1271 1274 8169714
1270 1273 8169717
1271 1272 8169720
1270 1272 8169723
1272 1272 8169726
1271 1273 8169729
1271 1272 8169732
1271 1274 8169735
1271 1273 8169738
1271 1271 8169741
1270 1272 8169744
1271 1274 8169747
1270 1272 8169750
1272 1273 8169753
1271 1273 8169756
1272 1273 8169759
1272 1272 8169762
1272 1273 8169765
1271 1273 8169768
1271 1272 8169771
1271 1272 8169774
1270 1272 8169777
1272 1274 8169780
1271 1273 8169783
1271 1274 8169786
1270 1273 8169789
1271 1272 8169792
1271 1273 8169795
1271 1273 8169798
1271 1273 8169801
1271 1272 8169804
1270 1273 8169807
1268 1272 8169810
1272 1273 8169813
1270 1274 8169816
1271 1274 8169819
1270 1272 8169822
1272 1273 8169825
1271 1272 8169828
1271 1271 8169831
1271 1272 8169834
1271 1272 8169837
1270 1270 8169840
1270 1271 8169843
1271 1273 8169846
1270 1272 8169849
1271 1273 8169852
1269 1273 8169855
1272 1272 8169858
1270 1271 8169861
1271 1272 8169864
1271 1273 8169867
1272 1272 8169870
1271 1271 8169873
1270 1271 8169876
1272 1274 8169879
1271 1272 8169882
1272 1274 8169885
1270 1273 8169888
1271 1271 8169891
1270 1272 8169894
1271 1272 8169897
1272 1272 8169900
1272 1272 8169903
1271 1271 8169906
1270 1272 8169909
1272 1273 8169912
1270 1273 8169915
1271 1274 8169918
1270 1272 8169921
1272 1272 8169924
1271 1273 8169927
1271 1272 8169930
1271 1272 8169933
1271 1272 8169936
1271 1273 8169939
1271 1272 8169942
1272 1273 8169945
1270 1274 8169948
1272 1272 8169951
1270 1272 8169954
1271 1272 8169957
1271 1272 8169960
1272 1272 8169963
1271 1273 8169966
1271 1273 8169969
1271 1271 8169972
1270 1272 8169975
1272 1275 8169978
1271 1272 8169981
1271 1273 8169984
1269 1273 8169987
1272 1272 8169990
1272 1272 8169993
1272 1272 8169996
1271 1273 8170000
1270 1273 8170003
1271 1271 8170006
1271 1273 8170009
1271 1271 8170012
1272 1273 8170015
1270 1273 8170018
1271 1272 8170021
1271 1272 8170024
1272 1271 8170027
1271 1273 8170030
1271 1273 8170033
1271 1271 8170036
1272 1274 8170039
1271 1272 8170041
1272 1271 8170044
1272 1273 8170047
1271 1273 8170050
1273 1273 8170053
1272 1273 8170056
1272 1272 8170059
1271 1273 8170062
1270 1271 8170065
1272 1273 8170068
1271 1274 8170071
1271 1270 8170074
1272 1273 8170077
1271 1272 8170080
1272 1273 8170083
1272 1272 8170086
1272 1272 8170089
1272 1274 8170092
1271 1272 8170095
1271 1274 8170098
1270 1273 8170101
1272 1272 8170104
1271 1272 8170107
1271 1273 8170110
1270 1273 8170113
1271 1273 8170116
1271 1273 8170119
1270 1272 8170122
1272 1274 8170125
1270 1273 8170128
1271 1274 8170131
1270 1272 8170134
1272 1273 8170137
1271 1272 8170140
1272 1272 8170143
1271 1273 8170146
1271 1273 8170149
1271 1272 8170152
1271 1271 8170155
1272 1275 8170158
1270 1273 8170161
1272 1272 8170164
1270 1273 8170167
1271 1272 8170170
1270 1273 8170173
1272 1271 8170176
1270 1273 8170179
1271 1273 8170182
1271 1272 8170185
1271 1272 8170188
1271 1274 8170191
1270 1275 8170194
1271 1274 8170197
1269 1272 8170200
1271 1272 8170203
1272 1272 8170206
1271 1272 8170209
1271 1274 8170212
1271 1272 8170215
1271 1273 8170218
1270 1271 8170221
1272 1273 8170224
1270 1272 8170227
1272 1273 8170230
1270 1273 8170233
1271 1272 8170236
1272 1272 8170239
1272 1273 8170242
1272 1272 8170245
1271 1273 8170248
1271 1273 8170251
1270 1270 8170254
1272 1273 8170257
1270 1272 8170260
1272 1272 8170263
1271 1272 8170266
1272 1273 8170269
1271 1272 8170272
1271 1272 8170275
1271 1274 8170278
1271 1273 8170281
1271 1271 8170284
1270 1272 8170287
1271 1273 8170290
1271 1272 8170293
1271 1273 8170296
1270 1273 8170299
1272 1272 8170302
1271 1270 8170305
1272 1273 8170308
1271 1274 8170311
1270 1272 8170314
1270 1273 8170317
1270 1271 8170320
1272 1274 8170323
1271 1272 8170326
1272 1274 8170329
1270 1273 8170332
1272 1271 8170335
1271 1273 8170338
1273 1273 8170341
1271 1272 8170344
1271 1272 8170347
1270 1272 8170350
1269 1271 8170353
1271 1273 8170356
1270 1272 8170359
1271 1273 8170362
1270 1272 8170365
1272 1272 8170368
1271 1273 8170371
1271 1272 8170374
1271 1272 8170377
1271 1273 8170380
1270 1273 8170383
1270 1272 8170386
1272 1274 8170389
1271 1273 8170392
1272 1273 8170395
1270 1272 8170398
1271 1273 8170401
1271 1271 8170404
1272 1272 8170407
1271 1273 8170410
1270 1273 8170413
1270 1272 8170416
1270 1272 8170419
1272 1274 8170422
1271 1271 8170425
1271 1273 8170428
1270 1273 8170431
1272 1272 8170434
1271 1272 8170437
1271 1273 8170440
1270 1273 8170443
1271 1272 8170446
1272 1272 8170449
1271 1272 8170452
1272 1273 8170455
1271 1273 8170458
1271 1273 8170461
1270 1272 8170464
1272 1272 8170467
1271 1273 8170470
1271 1273 8170473
1271 1273 8170476
1271 1274 8170479
1271 1273 8170482
1271 1271 8170485
1272 1273 8170488
1270 1273 8170491
1271 1272 8170494
1270 1272 8170497
1271 1273 8170500
1271 1272 8170503
1272 1272 8170506
1272 1273 8170509
1271 1273 8170512
1271 1272 8170515
1270 1271 8170518
1272 1274 8170521
1271 1272 8170524
1271 1273 8170527
1270 1273 8170530
1272 1272 8170533
1272 1272 8170536
1272 1271 8170539
1271 1273 8170542
1271 1274 8170545
1271 1273 8170548
1270 1273 8170551
1272 1273 8170554
1270 1272 8170557
1271 1273 8170560
1269 1273 8170563
1272 1272 8170566
1272 1272 8170569
1271 1273 8170572
1271 1273 8170575
1271 1272 8170578
1271 1273 8170581
1270 1271 8170584
1272 1273 8170587
1271 1273 8170590
1271 1273 8170593
1271 1272 8170596
1272 1273 8170599
1271 1274 8170602
1272 1273 8170605
1271 1273 8170608
1271 1273 8170611
1270 1272 8170614
1270 1271 8170617
1271 1274 8170620
1271 1270 8170623
1272 1272 8170626
1271 1272 8170629
1272 1272 8170632
1271 1272 8170635
1272 1272 8170638
1271 1273 8170641
