1270 1273 5266863
1270 1273 5266866
1272 1273 5266869
1270 1272 5266872
1270 1271 5266875
1272 1271 5266878
1271 1273 5266881
1270 1273 5266884
1271 1272 5266887
1272 1273 5266890
1271 1273 5266893
1271 1272 5266896
1271 1272 5266899
1272 1274 5266902
1270 1272 5266905
1270 1270 5266908
1271 1272 5266911
1271 1272 5266914
1269 1273 5266917
1272 1273 5266920
1272 1274 5266923
1270 1273 5266926
1271 1272 5266929
1271 1273 5266932
1271 1274 5266935
1270 1271 5266938
1270 1271 5266941
1271 1272 5266944
1270 1271 5266947
1270 1272 5266950
1272 1273 5266953
1271 1273 5266956
1270 1272 5266959
1271 1273 5266962
1270 1273 5266965
1272 1273 5266968
1271 1272 5266971
1270 1271 5266974
1272 1271 5266977
1272 1272 5266980
1270 1273 5266983
1271 1273 5266986
1272 1273 5266989
1271 1273 5266992
1271 1272 5266995
1271 1271 5266999
1271 1273 5267002
1270 1272 5267005
1272 1272 5267008
1271 1271 5267011
1271 1272 5267014
1272 1271 5267017
1273 1272 5267020
1271 1272 5267023
1271 1272 5267026
1271 1273 5267029
1270 1273 5267031
1271 1274 5267034
1272 1270 5267037
1271 1272 5267040
1270 1273 5267043
1270 1274 5267046
1271 1271 5267049
1271 1272 5267052
1272 1272 5267055
1271 1271 5267058
1270 1273 5267061
1272 1272 5267064
1268 1272 5267067
1270 1272 5267070
1270 1272 5267073
1269 1273 5267076
1271 1272 5267079
1271 1273 5267082
1271 1273 5267085
1271 1272 5267088
1271 1272 5267091
1270 1274 5267094
1268 1273 5267097
1270 1271 5267100
1272 1272 5267103
1272 1273 5267106
1270 1272 5267109
1272 1273 5267112
1272 1274 5267115
1270 1272 5267118
1271 1272 5267121
1270 1273 5267124
1273 1273 5267127
1271 1271 5267130
1271 1271 5267133
1271 1273 5267136
1271 1272 5267139
1270 1273 5267142
1272 1273 5267145
1272 1271 5267148
1271 1271 5267151
1270 1272 5267154
1270 1274 5267157
1272 1273 5267160
1270 1273 5267163
1271 1272 5267166
1271 1271 5267169
1272 1272 5267172
1270 1272 5267175
1272 1272 5267178
1272 1273 5267181
1271 1273 5267184
1271 1272 5267187
1270 1271 5267190
1272 1273 5267193
1270 1272 5267196
1270 1271 5267199
1272 1271 5267202
1271 1272 5267205
1270 1272 5267208
1272 1272 5267211
1272 1273 5267214
1270 1273 5267217
1270 1272 5267220
1270 1272 5267223
1272 1274 5267226
1270 1271 5267229
1270 1271 5267232
1272 1273 5267235
1271 1271 5267238
1270 1272 5267241
1271 1273 5267244
1270 1273 5267247
1270 1272 5267250
1271 1272 5267253
1271 1273 5267256
1272 1273 5267259
1270 1272 5267262
1271 1271 5267265
1271 1271 5267268
1272 1272 5267271
1270 1273 5267274
1272 1273 5267277
1272 1273 5267280
1271 1273 5267283
1271 1273 5267286
1271 1273 5267289
1272 1273 5267292
1270 1273 5267295
1270 1271 5267298
1271 1271 5267301
1271 1272 5267304
1269 1272 5267307
1271 1272 5267310
1272 1273 5267313
1271 1273 5267316
1271 1272 5267319
1271 1273 5267322
1271 1274 5267325
1270 1272 5267328
1270 1270 5267331
1272 1272 5267334
1271 1271 5267337
1270 1272 5267340
1272 1272 5267343
1272 1273 5267346
1270 1273 5267349
1270 1272 5267352
1271 1273 5267355
1272 1273 5267358
1270 1271 5267361
1270 1271 5267364
1271 1271 5267367
1272 1272 5267370
1270 1273 5267373
1272 1274 5267376
1271 1273 5267379
1271 1273 5267382
1271 1273 5267385
1270 1272 5267388
1272 1273 5267391
1270 1272 5267394
1270 1270 5267397
1272 1271 5267400
1272 1271 5267403
1270 1273 5267406
1272 1272 5267409
1272 1273 5267412
1270 1273 5267415
1271 1272 5267418
1271 1272 5267421
1272 1274 5267424
1270 1274 5267427
1270 1271 5267430
1272 1272 5267433
1271 1272 5267436
1270 1273 5267439
1272 1273 5267442
1272 1274 5267445
1270 1272 5267448
1271 1271 5267451
1270 1273 5267454
1272 1274 5267457
1269 1272 5267460
1271 1271 5267463
1271 1272 5267466
1271 1272 5267469
1269 1272 5267472
1272 1274 5267475
1271 1273 5267478
1271 1272 5267481
1270 1272 5267484
1271 1272 5267487
1271 1273 5267490
1270 1271 5267493
1270 1272 5267496
1272 1272 5267499
1272 1271 5267502
1270 1274 5267505
1272 1272 5267508
1272 1272 5267511
1270 1273 5267514
1271 1271 5267517
1270 1271 5267520
1272 1273 5267523
1270 1272 5267526
1271 1271 5267529
1272 1271 5267532
1271 1272 5267535
1270 1272 5267538
1272 1272 5267541
1271 1273 5267544
1270 1273 5267547
1271 1272 5267550
1271 1273 5267553
1272 1274 5267556
1270 1273 5267559
1271 1271 5267562
1272 1273 5267565
1271 1272 5267568
1270 1271 5267571
1272 1273 5267574
1271 1273 5267577
1270 1272 5267580
1271 1271 5267583
1270 1272 5267586
1271 1274 5267589
1270 1272 5267592
1270 1272 5267595
1271 1272 5267598
1271 1271 5267601
1270 1272 5267604
1272 1273 5267607
1272 1272 5267610
1271 1272 5267613
1271 1273 5267616
1271 1273 5267619
1271 1273 5267622
1270 1273 5267625
1270 1271 5267628
1271 1271 5267631
1272 1272 5267634
1270 1273 5267637
1272 1273 5267640
1272 1272 5267643
1271 1273 5267646
1271 1273 5267649
1271 1272 5267652
1271 1274 5267655
1270 1272 5267658
1270 1270 5267661
1271 1271 5267664
1271 1273 5267667
1269 1272 5267670
1272 1272 5267673
1272 1273 5267676
1270 1273 5267679
1271 1272 5267682
1271 1273 5267685
1272 1273 5267688
1270 1271 5267691
1270 1271 5267694
1271 1273 5267697
1271 1271 5267700
1269 1272 5267703
1272 1272 5267706
1271 1273 5267709
1271 1272 5267712
1271 1272 5267715
1271 1273 5267718
1271 1272 5267721
1269 1271 5267724
1270 1271 5267727
1273 1272 5267730
1272 1272 5267733
1271 1273 5267736
1272 1273 5267739
1272 1272 5267742
1271 1273 5267745
1271 1272 5267748
1270 1272 5267751
1271 1273 5267754
1270 1272 5267757
1272 1271 5267760
1273 1271 5267763
1272 1272 5267766
1270 1274 5267769
1272 1272 5267772
1272 1274 5267775
1271 1273 5267778
1271 1271 5267781
1271 1272 5267784
1272 1274 5267787
1268 1273 5267790
1270 1270 5267793
1272 1273 5267796
1271 1272 5267799
1270 1272 5267802
1272 1273 5267805
1272 1274 5267808
1270 1272 5267811
1271 1271 5267814
1270 1273 5267817
1270 1273 5267820
1270 1271 5267823
1271 1271 5267826
1271 1272 5267829
1272 1272 5267832
1270 1273 5267835
1272 1274 5267838
1271 1272 5267841
1270 1272 5267844
1270 1272 5267847
1271 1272 5267850
1272 1273 5267853
1270 1272 5267856
1270 1271 5267859
1272 1272 5267862
1272 1272 5267865
1270 1273 5267868
1272 1271 5267871
1272 1272 5267874
1270 1272 5267877
1271 1272 5267880
1271 1272 5267883
1272 1273 5267886
1270 1273 5267889
1270 1271 5267892
1272 1271 5267895
1271 1272 5267898
1270 1272 5267901
1272 1272 5267904
1271 1273 5267907
1270 1273 5267910
1271 1272 5267913
1270 1272 5267916
1271 1274 5267919
1270 1273 5267922
1270 1271 5267925
1272 1272 5267928
1271 1271 5267931
1270 1272 5267934
1272 1273 5267937
1271 1275 5267940
1269 1273 5267943
1271 1272 5267946
1271 1273 5267949
1272 1274 5267952
1270 1272 5267955
1271 1271 5267958
1272 1272 5267961
1272 1271 5267964
1270 1273 5267967
1272 1271 5267970
1272 1272 5267973
1271 1272 5267976
1271 1272 5267979
1271 1272 5267982
1272 1273 5267985
1270 1274 5267988
1270 1270 5267991
1272 1271 5267994
1271 1272 5267997
1270 1272 5268001
1269 1270 5268004
1271 1272 5268007
1271 1273 5268010
1271 1272 5268013
1273 1270 5268016
1272 1274 5268019
1270 1271 5268022
1272 1272 5268025
1271 1273 5268027
1270 1274 5268030
1271 1272 5268033
1272 1271 5268036
1271 1272 5268039
1270 1273 5268042
1270 1272 5268045
1272 1275 5268048
1272 1271 5268051
1272 1272 5268054
1272 1272 5268057
1271 1272 5268060
1271 1271 5268063
1271 1272 5268066
1272 1273 5268069
1270 1273 5268072
1272 1271 5268075
1270 1274 5268078
1271 1273 5268081
1270 1271 5268084
1270 1271 5268087
1271 1271 5268090
1271 1272 5268093
1270 1272 5268096
1272 1273 5268099
1271 1274 5268102
1270 1272 5268105
1271 1273 5268108
1271 1273 5268111
1271 1273 5268114
1270 1272 5268117
1270 1271 5268120
1270 1272 5268123
1271 1271 5268126
1270 1272 5268129
1272 1273 5268132
1272 1272 5268135
1271 1273 5268138
1270 1273 5268141
1270 1272 5268144
1272 1273 5268147
1270 1273 5268150
1269 1271 5268153
1272 1272 5268156
1271 1272 5268159
1270 1273 5268162
1272 1273 5268165
1272 1274 5268168
1271 1273 5268171
1271 1271 5268174
1270 1272 5268177
1271 1274 5268180
1272 1271 5268183
1271 1270 5268186
1272 1272 5268189
1272 1273 5268192
1270 1272 5268195
1272 1273 5268198
1271 1274 5268201
1270 1271 5268204
1271 1271 5268207
1270 1273 5268210
1268 1275 5268213
1269 1271 5268216
1270 1271 5268219
1271 1272 5268222
1271 1271 5268225
1270 1273 5268228
1272 1274 5268231
1272 1273 5268234
1270 1272 5268237
1270 1272 5268240
1270 1273 5268243
1273 1273 5268246
1270 1271 5268249
1270 1271 5268252
1272 1272 5268255
1272 1272 5268258
1270 1273 5268261
1272 1272 5268264
1272 1273 5268267
1270 1273 5268270
1271 1271 5268273
1271 1272 5268276
1272 1273 5268279
1270 1273 5268282
1270 1271 5268285
1272 1272 5268288
1271 1272 5268291
1270 1272 5268294
1272 1273 5268297
1271 1273 5268300
1270 1272 5268303
1271 1271 5268306
1271 1272 5268309
1271 1274 5268312
1270 1272 5268315
1270 1271 5268318
1272 1272 5268321
1271 1271 5268324
1270 1272 5268327
1271 1273 5268330
1271 1272 5268333
1270 1272 5268336
1271 1272 5268339
1271 1273 5268342
1272 1274 5268345
1270 1272 5268348
1271 1272 5268351
1271 1270 5268354
1272 1271 5268357
1270 1273 5268360
1272 1273 5268363
1272 1272 5268366
1270 1272 5268369
1271 1272 5268372
1271 1272 5268375
1271 1273 5268378
1270 1273 5268381
1270 1271 5268384
1272 1270 5268387
1271 1272 5268390
1270 1271 5268393
1272 1272 5268396
1272 1272 5268399
1270 1273 5268402
1271 1272 5268405
1270 1272 5268408
1271 1274 5268411
1270 1271 5268414
1270 1270 5268417
1271 1272 5268420
1271 1270 5268423
1271 1271 5268426
1272 1272 5268429
1272 1273 5268432
1271 1273 5268435
1271 1272 5268438
1270 1273 5268441
1271 1273 5268444
1270 1271 5268447
1270 1271 5268450
1271 1271 5268453
1272 1271 5268456
1270 1272 5268459
1272 1273 5268462
1272 1273 5268465
1271 1272 5268468
1271 1274 5268471
1270 1272 5268474
1271 1272 5268477
1270 1272 5268480
1269 1268 5268483
1271 1270 5268486
1271 1271 5268489
1269 1272 5268492
1271 1273 5268495
1272 1272 5268498
1270 1273 5268501
1271 1272 5268504
1270 1271 5268507
1271 1274 5268510
1270 1272 5268513
1270 1271 5268516
1271 1271 5268519
1271 1272 5268522
1270 1273 5268525
1272 1273 5268528
1272 1274 5268531
1271 1272 5268534
1271 1271 5268537
1271 1272 5268540
1271 1274 5268543
1269 1272 5268546
1270 1270 5268549
1271 1272 5268552
1271 1272 5268555
1270 1272 5268558
1272 1273 5268561
1271 1273 5268564
1270 1271 5268567
1271 1272 5268570
1270 1273 5268573
1271 1273 5268576
1271 1272 5268579
1271 1272 5268582
1272 1272 5268585
1271 1271 5268588
1270 1273 5268591
1272 1273 5268594
1271 1272 5268597
1271 1272 5268600
1270 1272 5268603
1271 1272 5268606
1272 1274 5268609
1270 1272 5268612
1270 1271 5268615
1272 1272 5268618
1272 1273 5268621
1270 1273 5268624
1271 1272 5268627
1272 1273 5268630
1270 1273 5268633
1269 1272 5268636
1270 1272 5268639
1271 1274 5268642
1270 1272 5268645
1271 1270 5268648
1271 1273 5268651
1272 1272 5268654
1270 1272 5268657
1272 1273 5268660
1271 1273 5268663
1271 1271 5268666
1271 1271 5268669
1270 1272 5268672
1272 1274 5268675
1270 1271 5268678
1270 1271 5268681
1272 1272 5268684
1272 1271 5268687
1270 1272 5268690
1272 1273 5268693
1268 1274 5268696
1269 1272 5268699
1270 1272 5268702
1272 1272 5268705
1272 1272 5268708
1270 1272 5268711
1270 1271 5268714
1272 1270 5268717
1272 1271 5268720
1270 1273 5268723
1268 1273 5268726
1271 1273 5268729
1270 1272 5268732
1271 1273 5268735
1271 1271 5268738
1272 1274 5268741
1270 1272 5268744
1271 1271 5268747
1272 1272 5268750
1271 1272 5268753
1271 1273 5268756
1273 1273 5268759
1273 1273 5268762
1271 1274 5268765
1271 1271 5268768
1271 1273 5268771
1272 1274 5268774
1270 1271 5268777
1271 1271 5268780
1271 1272 5268783
1271 1271 5268786
1270 1272 5268789
1272 1272 5268792
1271 1274 5268795
1271 1272 5268798
1271 1272 5268801
1270 1273 5268804
1271 1273 5268807
1269 1272 5268810
1270 1271 5268813
1271 1271 5268816
1271 1271 5268819
1270 1272 5268822
1271 1273 5268825
1271 1272 5268828
1271 1272 5268831
1271 1272 5268834
1270 1272 5268837
1272 1273 5268840
1270 1272 5268843
1271 1270 5268846
1271 1270 5268849
1272 1272 5268852
1269 1273 5268855
1272 1272 5268858
1272 1273 5268861
1271 1273 5268864
1271 1272 5268867
1271 1272 5268870
1271 1274 5268873
1270 1272 5268876
1271 1270 5268879
1272 1272 5268882
1272 1272 5268885
1270 1272 5268888
1272 1273 5268891
1272 1274 5268894
1270 1272 5268897
1271 1271 5268900
1270 1272 5268903
1271 1273 5268906
1270 1272 5268909
1270 1271 5268912
1272 1272 5268915
1271 1272 5268918
1270 1273 5268921
1272 1273 5268924
1271 1272 5268927
1271 1272 5268930
1270 1272 5268933
1269 1273 5268936
1271 1273 5268939
1270 1272 5268942
1271 1272 5268945
1271 1272 5268948
1271 1271 5268951
1270 1274 5268954
1271 1272 5268957
1272 1272 5268960
1270 1272 5268963
1270 1272 5268966
1271 1272 5268969
1272 1273 5268972
1270 1273 5268975
1270 1271 5268978
1272 1272 5268981
1271 1273 5268984
1270 1272 5268987
1272 1273 5268990
1271 1274 5268993
1270 1272 5268996
1271 1272 5269000
1270 1273 5269003
1271 1273 5269006
1270 1271 5269009
1272 1271 5269012
1271 1273 5269015
1270 1272 5269018
1271 1272 5269021
1271 1272 5269024
1271 1272 5269027
1271 1271 5269029
1272 1272 5269032
1270 1273 5269035
1271 1273 5269038
1271 1272 5269041
1272 1272 5269044
1271 1271 5269047
1271 1273 5269050
1271 1274 5269053
1270 1270 5269056
1271 1270 5269059
1271 1271 5269062
1270 1273 5269065
1271 1273 5269068
1270 1272 5269071
1271 1273 5269074
1272 1273 5269077
1270 1271 5269080
1270 1271 5269083
1271 1274 5269086
1270 1272 5269089
1269 1273 5269092
1272 1274 5269095
1271 1273 5269098
1270 1272 5269101
1270 1273 5269104
1270 1272 5269107
1272 1273 5269110
1270 1272 5269113
1270 1272 5269116
1271 1272 5269119
1272 1272 5269122
1270 1273 5269125
1272 1274 5269128
1272 1273 5269131
1270 1274 5269134
1270 1272 5269137
1271 1272 5269140
1271 1274 5269143
1270 1274 5269146
1269 1271 5269149
1272 1271 5269152
1271 1273 5269155
1270 1273 5269158
1272 1272 5269161
1272 1274 5269164
1270 1272 5269167
1270 1271 5269170
1270 1273 5269173
1271 1273 5269176
1270 1272 5269179
1270 1271 5269182
1271 1273 5269185
1271 1272 5269188
1270 1272 5269191
1272 1274 5269194
1272 1273 5269197
1270 1272 5269200
1271 1272 5269203
1270 1273 5269206
1271 1274 5269209
1270 1272 5269212
1270 1272 5269215
1272 1272 5269218
1272 1271 5269221
1270 1274 5269224
1272 1273 5269227
1272 1272 5269230
1270 1272 5269233
1271 1272 5269236
1271 1272 5269239
1272 1273 5269242
1270 1272 5269245
1271 1271 5269248
1272 1271 5269251
1271 1273 5269254
1269 1272 5269257
1272 1272 5269260
1271 1274 5269263
1270 1272 5269266
1270 1272 5269269
1271 1272 5269272
1272 1274 5269275
1270 1273 5269278
1270 1271 5269281
1272 1272 5269284
1271 1272 5269287
1270 1272 5269290
1271 1272 5269293
1271 1273 5269296
1271 1272 5269299
1271 1271 5269302
1271 1273 5269305
1271 1274 5269308
1270 1272 5269311
1270 1272 5269314
1272 1272 5269317
1271 1271 5269320
1271 1272 5269323
1271 1273 5269326
1270 1273 5269329
1270 1273 5269332
1269 1272 5269335
1270 1273 5269338
1271 1273 5269341
1270 1272 5269344
1271 1271 5269347
1272 1270 5269350
1271 1271 5269353
1269 1272 5269356
1272 1274 5269359
1272 1273 5269362
1271 1274 5269365
1271 1272 5269368
1271 1272 5269371
1272 1273 5269374
1270 1273 5269377
1270 1271 5269380
1272 1271 5269383
1272 1272 5269386
1270 1272 5269389
1272 1272 5269392
1272 1273 5269395
1270 1273 5269398
1270 1271 5269401
1271 1273 5269404
1271 1274 5269407
1270 1271 5269410
1270 1271 5269413
1271 1272 5269416
1272 1271 5269419
1270 1272 5269422
1272 1273 5269425
1272 1274 5269428
1271 1272 5269431
1271 1272 5269434
1270 1273 5269437
1271 1273 5269440
1270 1272 5269443
1270 1271 5269446
1267 1272 5269449
1270 1271 5269452
1269 1272 5269455
1271 1273 5269458
1272 1272 5269461
1270 1272 5269464
1271 1273 5269467
1270 1271 5269470
1271 1273 5269473
1270 1272 5269476
1269 1271 5269479
1272 1271 5269482
1271 1272 5269485
1270 1273 5269488
1272 1272 5269491
1272 1273 5269494
1271 1273 5269497
1272 1272 5269500
1271 1272 5269503
1272 1274 5269506
1270 1272 5269509
1270 1270 5269512
1272 1272 5269515
1271 1273 5269518
1270 1273 5269521
1272 1273 5269524
1272 1273 5269527
1270 1272 5269530
1271 1271 5269533
1271 1273 5269536
1272 1274 5269539
1270 1272 5269542
1271 1272 5269545
1272 1273 5269548
1272 1272 5269551
1270 1272 5269554
1272 1274 5269557
1271 1272 5269560
1270 1272 5269563
1270 1272 5269566
1270 1272 5269569
1272 1273 5269572
1270 1272 5269575
1270 1271 5269578
1271 1272 5269581
1271 1272 5269584
1270 1274 5269587
1272 1272 5269590
1272 1272 5269593
1270 1273 5269596
1271 1272 5269599
1272 1272 5269602
1271 1273 5269605
1270 1273 5269608
1270 1271 5269611
1272 1272 5269614
1271 1273 5269617
1270 1272 5269620
1272 1272 5269623
1271 1273 5269626
1271 1273 5269629
1271 1272 5269632
1271 1273 5269635
1272 1274 5269638
1270 1272 5269641
1270 1271 5269644
1271 1273 5269647
1271 1272 5269650
1270 1272 5269653
1272 1273 5269656
1271 1275 5269659
1269 1273 5269662
1271 1272 5269665
1271 1273 5269668
1272 1274 5269671
1271 1272 5269674
1271 1272 5269677
1272 1272 5269680
1271 1271 5269683
1270 1273 5269686
1271 1273 5269689
1271 1272 5269692
1271 1273 5269695
1270 1273 5269698
1271 1273 5269701
1272 1272 5269704
1270 1273 5269707
1270 1271 5269710
1272 1271 5269713
1271 1272 5269716
1269 1273 5269719
1271 1272 5269722
1272 1272 5269725
1270 1273 5269728
1271 1273 5269731
1271 1272 5269734
1272 1275 5269737
1270 1272 5269740
1270 1270 5269743
1272 1272 5269746
1271 1272 5269749
1270 1272 5269752
1272 1273 5269755
1272 1273 5269758
1271 1274 5269761
1271 1271 5269764
1271 1273 5269767
1272 1274 5269770
1270 1271 5269773
1270 1271 5269776
1271 1272 5269779
1269 1272 5269782
1270 1273 5269785
1271 1273 5269788
1271 1273 5269791
1271 1272 5269794
1271 1272 5269797
1271 1273 5269800
1272 1273 5269803
1270 1272 5269806
1270 1272 5269809
1273 1270 5269812
1272 1272 5269815
1271 1273 5269818
1272 1274 5269821
1272 1273 5269824
1271 1274 5269827
1271 1273 5269830
1271 1271 5269833
1271 1273 5269836
1270 1272 5269839
1269 1272 5269842
1271 1272 5269845
1271 1272 5269848
1270 1274 5269851
1272 1272 5269854
1271 1274 5269857
1271 1273 5269860
1270 1272 5269863
1270 1272 5269866
1272 1273 5269869
1268 1273 5269872
1270 1271 5269875
1271 1272 5269878
1271 1273 5269881
1269 1272 5269884
1272 1273 5269887
1271 1273 5269890
1270 1272 5269893
1271 1272 5269896
1270 1272 5269899
1272 1273 5269902
1269 1271 5269905
1270 1271 5269908
1271 1272 5269911
1271 1271 5269914
1269 1272 5269917
1272 1273 5269920
1272 1272 5269923
1271 1272 5269926
1270 1273 5269929
1271 1272 5269932
1271 1273 5269935
1271 1272 5269938
1271 1272 5269941
1272 1272 5269944
1272 1271 5269947
1270 1274 5269950
1271 1272 5269953
1271 1273 5269956
1270 1273 5269959
1270 1272 5269962
1271 1272 5269965
1272 1274 5269968
1270 1273 5269971
1270 1270 5269974
1271 1272 5269977
1271 1273 5269980
1270 1272 5269983
1272 1273 5269986
1272 1274 5269989
1270 1272 5269992
1271 1271 5269995
1271 1272 5269999
1272 1273 5270002
1270 1271 5270005
1272 1271 5270008
1271 1273 5270011
1271 1272 5270014
1272 1270 5270017
1273 1272 5270020
1270 1271 5270023
1270 1271 5270026
1271 1274 5270029
1269 1273 5270031
1271 1274 5270034
1271 1271 5270037
1271 1273 5270040
1270 1272 5270043
1271 1273 5270046
1270 1272 5270049
1271 1272 5270052
1273 1272 5270055
1272 1272 5270058
1270 1274 5270061
1272 1272 5270064
1271 1271 5270067
1272 1273 5270070
1271 1272 5270073
1271 1272 5270076
1272 1273 5270079
1271 1271 5270082
1271 1272 5270085
1270 1271 5270088
1270 1273 5270091
1272 1273 5270094
1270 1272 5270097
1271 1271 5270100
1271 1271 5270103
1271 1271 5270106
1270 1273 5270109
1271 1274 5270112
1270 1273 5270115
1270 1272 5270118
1270 1272 5270121
1270 1273 5270124
1272 1273 5270127
1270 1273 5270130
1270 1271 5270133
1271 1271 5270136
1272 1272 5270139
1270 1274 5270142
1272 1273 5270145
1272 1272 5270148
1271 1273 5270151
1271 1272 5270154
1271 1272 5270157
1272 1274 5270160
1271 1272 5270163
1271 1270 5270166
1272 1272 5270169
1271 1272 5270172
1269 1272 5270175
1272 1272 5270178
1272 1273 5270181
1270 1273 5270184
1271 1271 5270187
1271 1274 5270190
1272 1273 5270193
1270 1271 5270196
1271 1272 5270199
1271 1272 5270202
1272 1272 5270205
1270 1272 5270208
1272 1273 5270211
1272 1273 5270214
1271 1273 5270217
1271 1273 5270220
1271 1273 5270223
1272 1272 5270226
1270 1272 5270229
1271 1271 5270232
1271 1271 5270235
1271 1271 5270238
1270 1274 5270241
1272 1273 5270244
1272 1272 5270247
1271 1273 5270250
1271 1272 5270253
1271 1272 5270256
1271 1273 5270259
1270 1272 5270262
1270 1271 5270265
1271 1272 5270268
1271 1272 5270271
1270 1273 5270274
1271 1272 5270277
1272 1273 5270280
1270 1273 5270283
1271 1271 5270286
1270 1272 5270289
1271 1273 5270292
1270 1271 5270295
1270 1270 5270298
1272 1273 5270301
1271 1273 5270304
1270 1272 5270307
1272 1274 5270310
1272 1273 5270313
1270 1271 5270316
1271 1272 5270319
1270 1273 5270322
1272 1273 5270325
1270 1271 5270328
1270 1271 5270331
1271 1272 5270334
1271 1271 5270337
1270 1274 5270340
1272 1273 5270343
1271 1273 5270346
1270 1273 5270349
1270 1273 5270352
1270 1272 5270355
1272 1274 5270358
1270 1272 5270361
1270 1272 5270364
1271 1271 5270367
1272 1272 5270370
1270 1273 5270373
1272 1272 5270376
1272 1273 5270379
1271 1273 5270382
1272 1272 5270385
1271 1272 5270388
1272 1274 5270391
1269 1273 5270394
1270 1270 5270397
1272 1272 5270400
1273 1272 5270403
1270 1271 5270406
1272 1273 5270409
1272 1273 5270412
1269 1273 5270415
1271 1272 5270418
1271 1272 5270421
1271 1274 5270424
1270 1272 5270427
1270 1271 5270430
1272 1273 5270433
1272 1271 5270436
1270 1272 5270439
1271 1273 5270442
1271 1272 5270445
1270 1272 5270448
1270 1272 5270451
1271 1273 5270454
1271 1273 5270457
1271 1272 5270460
1270 1272 5270463
1271 1271 5270466
1272 1272 5270469
1270 1273 5270472
1270 1274 5270475
1271 1273 5270478
1271 1273 5270481
1270 1273 5270484
1271 1272 5270487
1272 1274 5270490
1270 1273 5270493
1271 1270 5270496
1272 1271 5270499
1271 1272 5270502
1268 1273 5270505
1271 1274 5270508
1272 1274 5270511
1271 1274 5270514
1270 1272 5270517
1271 1273 5270520
1272 1274 5270523
1270 1271 5270526
1270 1271 5270529
1271 1272 5270532
1272 1271 5270535
1270 1272 5270538
1272 1272 5270541
1271 1274 5270544
1271 1272 5270547
1271 1273 5270550
1271 1273 5270553
1272 1272 5270556
1270 1272 5270559
1270 1272 5270562
1267 1272 5270565
1270 1272 5270568
1270 1273 5270571
1272 1273 5270574
1272 1272 5270577
1271 1273 5270580
1271 1272 5270583
1271 1271 5270586
1272 1273 5270589
1270 1272 5270592
1270 1271 5270595
1272 1271 5270598
1272 1273 5270601
1270 1273 5270604
1272 1272 5270607
1272 1273 5270610
1271 1274 5270613
1271 1272 5270616
1271 1273 5270619
1271 1274 5270622
1270 1272 5270625
1270 1270 5270628
1272 1272 5270631
1272 1272 5270634
1271 1273 5270637
1272 1273 5270640
1271 1274 5270643
1271 1272 5270646
1271 1272 5270649
1271 1273 5270652
1271 1273 5270655
1270 1271 5270658
1271 1271 5270661
1271 1272 5270664
1272 1272 5270667
1270 1272 5270670
1272 1273 5270673
1272 1273 5270676
1271 1272 5270679
1271 1272 5270682
1270 1273 5270685
1272 1273 5270688
1271 1273 5270691
1271 1272 5270694
1272 1272 5270697
1272 1272 5270700
1270 1273 5270703
1272 1272 5270706
1272 1273 5270709
1270 1273 5270712
1271 1272 5270715
1270 1272 5270718
1272 1273 5270721
1270 1273 5270724
1270 1271 5270727
1272 1272 5270730
1272 1273 5270733
1270 1272 5270736
1273 1272 5270739
1272 1273 5270742
1271 1273 5270745
1271 1272 5270748
1271 1273 5270751
1271 1274 5270754
1270 1272 5270757
1270 1271 5270760
1272 1273 5270763
1272 1271 5270766
1270 1272 5270769
1271 1273 5270772
1272 1273 5270775
1270 1271 5270778
1271 1272 5270781
1271 1273 5270784
1272 1274 5270787
1271 1272 5270790
1271 1272 5270793
1272 1271 5270796
1272 1271 5270799
1270 1273 5270802
1272 1273 5270805
1272 1273 5270808
1271 1272 5270811
1270 1272 5270814
1270 1272 5270817
1272 1271 5270820
1271 1273 5270823
1270 1271 5270826
1272 1271 5270829
1272 1272 5270832
1270 1274 5270835
1272 1273 5270838
1272 1274 5270841
1271 1273 5270844
1271 1272 5270847
1271 1272 5270850
1272 1274 5270853
1270 1272 5270856
1270 1270 5270859
1272 1272 5270862
1271 1272 5270865
1272 1272 5270868
1273 1273 5270871
1272 1274 5270874
1270 1273 5270877
1271 1272 5270880
1271 1274 5270883
1272 1273 5270886
1271 1271 5270889
1270 1271 5270892
1271 1272 5270895
1271 1271 5270898
1270 1271 5270901
1272 1273 5270904
1272 1273 5270907
1270 1272 5270910
1271 1273 5270913
1271 1272 5270916
1272 1273 5270919
1270 1272 5270922
1270 1272 5270925
1272 1273 5270928
1273 1272 5270931
1270 1273 5270934
1273 1273 5270937
1272 1274 5270940
1270 1274 5270943
1271 1272 5270946
1271 1272 5270949
1272 1273 5270952
1270 1273 5270955
1270 1271 5270958
1271 1271 5270961
1271 1272 5270964
1270 1273 5270967
1272 1272 5270970
1272 1274 5270973
1271 1273 5270976
1271 1271 5270979
1271 1272 5270982
1271 1273 5270985
1269 1272 5270988
1271 1270 5270991
1271 1272 5270994
1271 1272 5270997
1270 1272 5271001
1271 1272 5271004
1271 1274 5271007
1271 1273 5271010
1271 1272 5271013
1272 1270 5271016
1272 1272 5271019
1271 1270 5271022
1272 1273 5271025
1271 1274 5271027
1271 1273 5271030
1272 1273 5271033
1272 1271 5271036
1271 1271 5271039
1270 1273 5271042
1271 1273 5271045
1272 1273 5271048
1272 1271 5271051
1272 1273 5271054
1273 1273 5271057
1271 1272 5271060
1272 1272 5271063
1270 1273 5271066
1273 1272 5271069
1270 1273 5271072
1270 1272 5271075
1270 1272 5271078
1272 1274 5271081
1270 1272 5271084
1270 1271 5271087
1271 1272 5271090
1271 1273 5271093
1270 1273 5271096
1272 1272 5271099
1271 1273 5271102
1271 1273 5271105
1272 1271 5271108
1272 1272 5271111
1272 1274 5271114
1270 1273 5271117
1271 1271 5271120
1272 1272 5271123
1272 1273 5271126
1271 1272 5271129
1271 1273 5271132
1272 1273 5271135
1269 1272 5271138
1271 1271 5271141
1270 1273 5271144
1271 1273 5271147
1270 1272 5271150
1270 1271 5271153
1272 1272 5271156
1271 1271 5271159
1270 1273 5271162
1272 1273 5271165
1268 1274 5271168
1270 1272 5271171
1271 1272 5271174
1271 1273 5271177
1271 1273 5271180
1270 1272 5271183
1270 1271 5271186
1271 1271 5271189
1272 1272 5271192
1269 1273 5271195
1271 1273 5271198
1272 1273 5271201
1271 1273 5271204
1271 1273 5271207
1271 1272 5271210
1273 1274 5271213
1270 1273 5271216
1270 1271 5271219
1272 1272 5271222
1272 1273 5271225
1270 1273 5271228
1271 1272 5271231
1272 1273 5271234
1270 1273 5271237
1271 1272 5271240
1271 1273 5271243
1272 1274 5271246
1271 1271 5271249
1270 1270 5271252
1271 1272 5271255
1271 1272 5271258
1269 1272 5271261
1272 1273 5271264
1272 1274 5271267
1271 1273 5271270
1271 1272 5271273
1271 1274 5271276
1272 1273 5271279
1270 1271 5271282
1270 1271 5271285
1271 1272 5271288
1271 1272 5271291
1270 1273 5271294
1272 1273 5271297
1272 1273 5271300
1270 1272 5271303
1271 1273 5271306
1271 1272 5271309
1271 1273 5271312
1270 1272 5271315
1270 1271 5271318
1271 1272 5271321
1271 1272 5271324
1270 1274 5271327
1272 1273 5271330
1272 1273 5271333
1271 1273 5271336
1271 1271 5271339
1270 1272 5271342
1271 1274 5271345
1270 1271 5271348
1272 1271 5271351
1273 1272 5271354
1272 1273 5271357
1270 1273 5271360
1272 1272 5271363
1272 1273 5271366
1270 1273 5271369
1271 1271 5271372
1270 1273 5271375
1272 1275 5271378
1269 1272 5271381
1270 1272 5271384
1272 1273 5271387
1271 1272 5271390
1270 1272 5271393
1272 1274 5271396
1271 1273 5271399
1271 1272 5271402
1271 1272 5271405
1270 1271 5271408
1270 1272 5271411
1270 1271 5271414
1270 1271 5271417
1271 1272 5271420
1271 1271 5271423
1270 1274 5271426
1272 1273 5271429
1272 1272 5271432
1271 1272 5271435
1270 1272 5271438
1270 1272 5271441
1272 1273 5271444
1270 1273 5271447
1270 1271 5271450
1272 1272 5271453
1271 1273 5271456
1270 1273 5271459
1272 1272 5271462
1272 1273 5271465
1271 1273 5271468
1271 1272 5271471
1271 1272 5271474
1272 1274 5271477
1270 1272 5271480
1271 1270 5271483
1272 1273 5271486
1271 1272 5271489
1270 1271 5271492
1272 1272 5271495
1272 1273 5271498
1270 1273 5271501
1271 1271 5271504
1271 1272 5271507
1271 1274 5271510
1270 1271 5271513
1271 1272 5271516
1271 1272 5271519
1271 1271 5271522
1270 1273 5271525
1272 1273 5271528
1270 1273 5271531
1270 1273 5271534
1270 1272 5271537
1270 1272 5271540
1272 1273 5271543
1270 1272 5271546
1271 1272 5271549
1272 1271 5271552
1271 1272 5271555
1270 1273 5271558
1274 1272 5271561
1272 1272 5271564
1271 1273 5271567
1271 1273 5271570
1271 1272 5271573
1272 1274 5271576
1271 1272 5271579
1270 1270 5271582
1271 1271 5271585
1271 1272 5271588
1267 1273 5271591
1271 1272 5271594
1272 1273 5271597
1271 1273 5271600
1271 1271 5271603
1270 1273 5271606
1272 1274 5271609
1270 1271 5271612
1270 1271 5271615
1271 1272 5271618
1273 1270 5271621
1270 1272 5271624
1272 1273 5271627
1272 1274 5271630
1270 1272 5271633
1271 1273 5271636
1271 1273 5271639
1271 1274 5271642
1271 1272 5271645
1270 1271 5271648
1273 1271 5271651
1272 1271 5271654
1270 1273 5271657
1271 1273 5271660
1272 1272 5271663
1271 1273 5271666
1271 1272 5271669
1271 1272 5271672
1272 1273 5271675
1270 1272 5271678
1269 1271 5271681
1271 1272 5271684
1271 1271 5271687
1270 1273 5271690
1272 1273 5271693
1272 1273 5271696
1271 1273 5271699
1271 1271 5271702
1270 1272 5271705
1271 1274 5271708
1266 1273 5271711
1269 1271 5271714
1271 1272 5271717
1271 1273 5271720
1270 1271 5271723
1272 1273 5271726
1272 1273 5271729
1271 1272 5271732
1271 1272 5271735
1271 1273 5271738
1270 1274 5271741
1270 1272 5271744
1271 1271 5271747
1271 1272 5271750
1271 1272 5271753
1270 1272 5271756
1272 1273 5271759
1272 1272 5271762
1271 1272 5271765
1271 1272 5271768
1271 1272 5271771
1272 1273 5271774
1270 1272 5271777
1270 1272 5271780
1272 1271 5271783
1272 1272 5271786
1269 1273 5271789
1272 1272 5271792
1272 1273 5271795
1270 1273 5271798
1270 1272 5271801
1271 1272 5271804
1272 1274 5271807
1270 1273 5271810
1270 1271 5271813
1271 1271 5271816
1272 1273 5271819
1270 1272 5271822
1272 1272 5271825
1272 1273 5271828
1271 1272 5271831
1271 1271 5271834
1271 1273 5271837
1272 1274 5271840
1271 1272 5271843
1270 1271 5271846
1272 1272 5271849
1272 1270 5271852
1270 1272 5271855
1271 1273 5271858
1272 1273 5271861
1271 1272 5271864
1272 1272 5271867
1271 1273 5271870
1272 1273 5271873
1270 1272 5271876
1270 1272 5271879
1272 1271 5271882
1272 1272 5271885
1270 1273 5271888
1272 1273 5271891
1272 1273 5271894
1271 1273 5271897
1271 1273 5271900
1271 1273 5271903
1272 1274 5271906
1270 1273 5271909
1270 1271 5271912
1272 1271 5271915
1271 1272 5271918
1271 1274 5271921
1272 1273 5271924
1272 1273 5271927
1271 1274 5271930
1271 1273 5271933
1270 1272 5271936
1271 1274 5271939
1271 1273 5271942
1270 1271 5271945
1272 1272 5271948
1271 1272 5271951
1270 1273 5271954
1272 1272 5271957
1272 1273 5271960
1270 1273 5271963
1271 1272 5271966
1270 1273 5271969
1272 1273 5271972
1270 1271 5271975
1270 1271 5271978
1271 1272 5271981
1271 1272 5271984
1270 1272 5271987
1272 1273 5271990
1272 1273 5271993
1271 1272 5271996
1271 1273 5272000
1270 1273 5272003
1271 1272 5272006
1270 1271 5272009
1272 1272 5272012
1270 1272 5272015
1270 1272 5272018
1272 1273 5272021
1272 1272 5272024
1272 1271 5272027
1271 1273 5272029
1272 1273 5272032
1270 1272 5272035
1271 1274 5272038
1271 1273 5272041
1272 1271 5272044
1270 1272 5272047
1271 1274 5272050
1271 1273 5272053
1271 1271 5272056
1271 1272 5272059
1272 1272 5272062
1271 1272 5272065
1271 1273 5272068
1270 1273 5272071
1270 1273 5272074
1272 1273 5272077
1270 1272 5272080
1270 1272 5272083
1271 1271 5272086
1272 1272 5272089
1269 1272 5272092
1272 1272 5272095
1271 1273 5272098
1270 1273 5272101
1271 1272 5272104
1272 1273 5257704
1270 1271 5257707
1270 1271 5257710
1271 1272 5257713
1271 1272 5257716
1269 1273 5257719
1271 1274 5257722
1272 1273 5257725
1271 1272 5257728
1271 1273 5257731
1271 1272 5257734
1271 1273 5257737
1270 1272 5257740
1270 1272 5257743
1271 1271 5257746
1271 1272 5257749
1270 1273 5257752
1272 1273 5257755
1272 1272 5257758
1271 1273 5257761
1270 1271 5257764
1271 1272 5257767
1272 1273 5257770
1270 1273 5257773
1269 1271 5257776
1272 1271 5257779
1271 1272 5257782
1270 1273 5257785
1272 1272 5257788
1272 1275 5257791
1270 1273 5257794
1271 1271 5257797
1270 1273 5257800
1271 1273 5257803
1270 1270 5257806
1270 1270 5257809
1271 1272 5257812
1271 1271 5257815
1270 1272 5257818
1272 1274 5257821
1271 1273 5257824
1270 1272 5257827
1271 1272 5257830
1270 1273 5257833
1271 1274 5257836
1270 1271 5257839
1270 1271 5257842
1271 1272 5257845
1272 1271 5257848
1270 1273 5257851
1271 1272 5257854
1272 1272 5257857
1271 1273 5257860
1271 1273 5257863
1271 1272 5257866
1272 1274 5257869
1270 1273 5257872
1271 1271 5257875
1271 1271 5257878
1272 1273 5257881
1270 1273 5257884
1272 1272 5257887
1272 1273 5257890
1270 1273 5257893
1270 1273 5257896
1270 1272 5257899
1272 1274 5257902
1270 1272 5257905
1271 1271 5257908
1272 1273 5257911
1272 1273 5257914
1270 1272 5257917
1271 1273 5257920
1271 1273 5257923
1271 1272 5257926
1272 1272 5257929
1271 1273 5257932
1272 1274 5257935
1270 1272 5257938
1270 1271 5257941
1272 1273 5257944
1272 1271 5257947
1270 1273 5257950
1272 1273 5257953
1270 1273 5257956
1270 1272 5257959
1271 1272 5257962
1270 1273 5257965
1272 1272 5257968
1270 1272 5257971
1271 1272 5257974
1272 1271 5257977
1271 1272 5257980
1270 1273 5257983
1273 1271 5257986
1272 1272 5257989
1270 1273 5257992
1270 1273 5257995
1270 1271 5257999
1271 1272 5258002
1270 1272 5258005
1271 1271 5258008
1272 1272 5258011
1272 1273 5258014
1271 1270 5258017
1273 1271 5258020
1271 1272 5258023
1271 1272 5258026
1271 1272 5258029
1270 1272 5258031
1271 1275 5258034
1271 1271 5258037
1271 1273 5258040
1270 1273 5258043
1271 1273 5258046
1271 1271 5258049
1272 1272 5258052
1271 1272 5258055
1272 1272 5258058
1271 1273 5258061
1272 1273 5258064
1271 1272 5258067
1272 1271 5258070
1271 1272 5258073
1270 1273 5258076
1272 1273 5258079
1272 1273 5258082
1271 1273 5258085
1271 1273 5258088
1271 1273 5258091
1272 1275 5258094
1270 1272 5258097
1270 1271 5258100
1272 1272 5258103
1273 1271 5258106
1270 1272 5258109
1272 1273 5258112
1272 1274 5258115
1270 1273 5258118
1271 1272 5258121
1270 1273 5258124
1272 1273 5258127
1270 1272 5258130
1270 1272 5258133
1271 1271 5258136
1272 1271 5258139
1271 1273 5258142
1272 1273 5258145
1272 1273 5258148
1270 1272 5258151
1271 1273 5258154
1271 1272 5258157
1272 1273 5258160
1270 1273 5258163
1270 1271 5258166
1272 1272 5258169
1272 1272 5258172
1270 1273 5258175
1272 1273 5258178
1272 1273 5258181
1271 1273 5258184
1270 1273 5258187
1271 1272 5258190
1272 1274 5258193
1270 1270 5258196
1271 1270 5258199
1272 1270 5258202
1271 1273 5258205
1269 1273 5258208
1271 1272 5258211
1272 1274 5258214
1270 1272 5258217
1271 1271 5258220
1270 1272 5258223
1272 1277 5258226
1268 1273 5258229
1270 1271 5258232
1271 1273 5258235
1271 1273 5258238
1270 1272 5258241
1272 1274 5258244
1272 1273 5258247
1271 1272 5258250
1271 1272 5258253
1271 1273 5258256
1271 1274 5258259
1270 1272 5258262
1270 1271 5258265
1272 1272 5258268
1271 1272 5258271
1270 1274 5258274
1272 1272 5258277
1272 1272 5258280
1271 1273 5258283
1270 1272 5258286
1270 1273 5258289
1272 1273 5258292
1270 1272 5258295
1270 1271 5258298
1272 1272 5258301
1272 1273 5258304
1270 1273 5258307
1272 1272 5258310
1272 1273 5258313
1270 1273 5258316
1270 1272 5258319
1271 1272 5258322
1272 1274 5258325
1270 1273 5258328
1271 1270 5258331
1272 1272 5258334
1271 1272 5258337
1270 1271 5258340
1271 1273 5258343
1271 1274 5258346
1271 1272 5258349
1271 1272 5258352
1271 1273 5258355
1272 1274 5258358
1270 1271 5258361
1270 1272 5258364
1272 1272 5258367
1272 1271 5258370
1271 1273 5258373
1272 1273 5258376
1272 1272 5258379
1271 1272 5258382
1271 1273 5258385
1270 1273 5258388
1272 1273 5258391
1270 1272 5258394
1270 1272 5258397
1272 1271 5258400
1272 1272 5258403
1270 1273 5258406
1274 1272 5258409
1272 1273 5258412
1271 1273 5258415
1271 1272 5258418
1270 1272 5258421
1272 1274 5258424
1271 1272 5258427
1270 1270 5258430
1272 1272 5258433
1271 1272 5258436
1272 1271 5258439
1273 1272 5258442
1272 1273 5258445
1270 1273 5258448
1271 1272 5258451
1271 1273 5258454
1272 1274 5258457
1270 1271 5258460
1271 1271 5258463
1271 1272 5258466
1271 1271 5258469
1270 1272 5258472
1272 1272 5258475
1272 1273 5258478
1271 1272 5258481
1271 1273 5258484
1271 1273 5258487
1271 1272 5258490
1270 1271 5258493
1270 1271 5258496
1269 1272 5258499
1271 1271 5258502
1270 1273 5258505
1272 1273 5258508
1271 1273 5258511
1271 1273 5258514
1270 1273 5258517
1271 1272 5258520
1272 1274 5258523
1270 1273 5258526
1267 1272 5258529
1270 1272 5258532
1271 1272 5258535
1270 1273 5258538
1272 1273 5258541
1272 1273 5258544
1270 1273 5258547
1270 1271 5258550
1271 1272 5258553
1271 1274 5258556
1270 1273 5258559
1270 1271 5258562
1272 1272 5258565
1272 1272 5258568
1270 1272 5258571
1272 1273 5258574
1272 1274 5258577
1271 1272 5258580
1271 1272 5258583
1271 1273 5258586
1272 1274 5258589
1270 1272 5258592
1271 1271 5258595
1272 1272 5258598
1272 1272 5258601
1271 1271 5258604
1272 1274 5258607
1270 1271 5258610
1271 1273 5258613
1270 1273 5258616
1271 1273 5258619
1271 1271 5258622
1271 1272 5258625
1270 1273 5258628
1270 1272 5258631
1271 1272 5258634
1270 1272 5258637
1272 1273 5258640
1270 1271 5258643
1272 1273 5258646
1270 1272 5258649
1273 1272 5258652
1272 1272 5258655
1272 1273 5258658
1271 1273 5258661
1271 1272 5258664
1271 1273 5258667
1270 1272 5258670
1272 1273 5258673
1270 1273 5258676
1272 1272 5258679
1270 1271 5258682
1272 1271 5258685
1271 1272 5258688
1271 1272 5258691
1271 1273 5258694
1271 1273 5258697
1271 1272 5258700
1271 1271 5258703
1272 1274 5258706
1270 1273 5258709
1272 1273 5258712
1270 1273 5258715
1272 1272 5258718
1272 1273 5258721
1271 1272 5258724
1271 1274 5258727
1271 1272 5258730
1271 1271 5258733
1270 1272 5258736
1271 1272 5258739
1270 1272 5258742
1271 1273 5258745
1270 1272 5258748
1271 1272 5258751
1271 1272 5258754
1271 1274 5258757
1270 1272 5258760
1271 1271 5258763
1271 1272 5258766
1270 1271 5258769
1271 1273 5258772
1270 1272 5258775
1271 1273 5258778
1269 1272 5258781
1272 1272 5258784
1271 1273 5258787
1272 1272 5258790
1270 1272 5258793
1271 1272 5258796
1270 1272 5258799
1270 1271 5258802
1272 1274 5258805
1270 1272 5258808
1271 1274 5258811
1270 1272 5258814
1272 1273 5258817
1272 1273 5258820
1272 1271 5258823
1271 1272 5258826
1271 1272 5258829
1270 1272 5258832
1270 1270 5258835
1272 1274 5258838
1270 1273 5258841
1272 1273 5258844
1269 1273 5258847
1272 1273 5258850
1272 1271 5258853
1271 1272 5258856
1271 1274 5258859
1271 1272 5258862
1271 1271 5258865
1271 1272 5258868
1272 1275 5258871
1270 1272 5258874
1271 1274 5258877
1270 1273 5258880
1271 1272 5258883
1272 1272 5258886
1271 1273 5258889
1271 1272 5258892
1271 1272 5258895
1271 1272 5258898
1270 1272 5258901
1272 1273 5258904
1270 1273 5258907
1272 1274 5258910
1270 1271 5258913
1271 1272 5258916
1271 1272 5258919
1273 1271 5258922
1271 1272 5258925
1271 1272 5258928
1271 1273 5258931
1270 1271 5258934
1272 1274 5258937
1271 1273 5258940
1271 1272 5258943
1270 1273 5258946
1271 1272 5258949
1268 1274 5258952
1271 1272 5258955
1271 1273 5258958
1271 1273 5258961
1271 1272 5258964
1271 1272 5258967
1272 1275 5258970
1270 1272 5258973
1272 1273 5258976
1269 1273 5258979
1267 1273 5258982
1270 1272 5258985
1271 1272 5258988
1270 1274 5258991
1271 1272 5258994
1271 1272 5258997
1271 1273 5259001
1271 1271 5259004
1271 1274 5259007
1271 1273 5259010
1271 1273 5259013
1271 1270 5259016
1274 1272 5259019
1271 1274 5259022
1272 1272 5259025
1271 1271 5259028
1272 1273 5259031
1271 1271 5259034
1273 1273 5259036
1270 1274 5259039
1271 1273 5259042
1270 1274 5259045
1272 1271 5259048
1271 1274 5259051
1271 1273 5259054
1272 1272 5259057
1271 1273 5259060
1272 1270 5259063
1272 1272 5259066
1270 1272 5259069
1271 1273 5259072
1271 1272 5259075
1272 1272 5259078
1270 1273 5259081
1272 1272 5259084
1272 1272 5259087
1271 1273 5259090
1271 1272 5259093
1270 1272 5259096
1271 1272 5259099
1271 1273 5259102
1270 1271 5259105
1272 1274 5259108
1270 1273 5259111
1271 1274 5259114
1270 1272 5259117
1271 1273 5259120
1271 1272 5259123
1272 1272 5259126
1271 1273 5259129
1271 1273 5259132
1272 1272 5259135
1271 1271 5259138
1273 1274 5259141
1271 1272 5259144
1271 1273 5259147
1270 1273 5259150
1271 1272 5259153
1271 1271 5259156
1272 1272 5259159
1270 1273 5259162
1271 1272 5259165
1271 1272 5259168
1271 1272 5259171
1272 1274 5259174
1271 1272 5259177
1271 1274 5259180
1270 1272 5259183
1273 1271 5259186
1271 1273 5259189
1271 1273 5259192
1270 1273 5259195
1271 1272 5259198
1271 1273 5259201
1271 1271 5259204
1272 1273 5259207
1271 1273 5259210
1271 1273 5259213
1270 1271 5259216
1271 1273 5259219
1271 1272 5259222
1272 1272 5259225
1271 1273 5259228
1271 1273 5259231
1271 1272 5259234
1271 1271 5259237
1272 1274 5259240
1270 1272 5259243
1271 1273 5259246
1270 1273 5259249
1271 1272 5259252
1271 1272 5259255
1271 1272 5259258
1271 1273 5259261
1271 1273 5259264
1271 1271 5259267
1270 1272 5259270
1272 1274 5259273
1270 1271 5259276
1271 1273 5259279
1269 1273 5259282
1271 1271 5259285
1271 1272 5259288
1271 1272 5259291
1271 1273 5259294
1271 1271 5259297
1271 1273 5259300
1270 1272 5259303
1272 1272 5259306
1271 1272 5259309
1271 1274 5259312
1271 1271 5259315
1271 1271 5259318
1271 1272 5259321
1271 1273 5259324
1271 1272 5259327
1271 1273 5259330
1270 1273 5259333
1270 1270 5259336
1272 1273 5259339
1270 1272 5259342
1269 1274 5259345
1269 1272 5259348
1272 1272 5259351
1270 1273 5259354
1272 1273 5259357
1271 1273 5259360
1271 1273 5259363
1271 1271 5259366
1270 1271 5259369
1272 1274 5259372
1266 1273 5259375
1270 1273 5259378
1270 1273 5259381
1271 1272 5259384
1270 1272 5259387
1271 1272 5259390
1270 1273 5259393
1270 1271 5259396
1270 1272 5259399
1270 1271 5259402
1271 1273 5259405
1271 1272 5259408
1272 1273 5259411
1269 1273 5259414
1272 1271 5259417
1271 1272 5259420
1271 1273 5259423
1271 1272 5259426
1270 1271 5259429
1270 1272 5259432
1270 1271 5259435
1271 1272 5259438
1270 1272 5259441
1271 1274 5259444
1270 1272 5259447
1272 1272 5259450
1271 1273 5259453
1272 1271 5259456
1271 1272 5259459
1270 1272 5259462
1270 1273 5259465
1270 1272 5259468
1272 1273 5259471
1271 1273 5259474
1272 1273 5259477
1269 1271 5259480
1272 1272 5259483
1271 1272 5259486
1271 1271 5259489
1271 1273 5259492
1270 1274 5259495
1270 1272 5259498
1269 1272 5259501
1272 1274 5259504
1271 1272 5259507
1272 1273 5259510
1270 1273 5259513
1271 1271 5259516
1271 1271 5259519
1271 1271 5259522
1271 1272 5259525
1272 1272 5259528
1271 1272 5259531
1270 1272 5259534
1272 1274 5259537
1270 1272 5259540
1271 1274 5259543
1270 1272 5259546
1272 1271 5259549
1271 1273 5259552
1271 1272 5259555
1270 1273 5259558
1271 1272 5259561
1270 1273 5259564
1271 1272 5259567
1272 1273 5259570
1270 1273 5259573
1271 1273 5259576
1270 1271 5259579
1271 1272 5259582
1271 1273 5259585
1273 1272 5259588
1272 1273 5259591
1271 1273 5259594
1271 1273 5259597
1271 1271 5259600
1272 1274 5259603
1270 1273 5259606
1271 1272 5259609
1270 1272 5259612
1271 1273 5259615
1271 1271 5259618
1271 1271 5259621
1271 1273 5259624
1271 1273 5259627
1271 1271 5259630
1270 1273 5259633
1271 1273 5259636
1271 1271 5259639
1271 1273 5259642
1269 1272 5259645
1272 1273 5259648
1272 1272 5259651
1271 1272 5259654
1271 1272 5259657
1270 1272 5259660
1271 1273 5259663
1270 1272 5259666
1271 1273 5259669
1270 1272 5259672
1270 1273 5259675
1270 1272 5259678
1271 1272 5259681
1271 1273 5259684
1271 1272 5259687
1270 1272 5259690
1271 1273 5259693
1272 1273 5264102
1272 1272 5264105
1271 1274 5264108
1272 1271 5264111
1271 1272 5264114
1272 1271 5264117
1271 1272 5264120
1271 1273 5264123
1272 1270 5264126
1270 1272 5264129
1271 1273 5264132
1271 1271 5264135
1270 1272 5264137
1270 1272 5264140
1271 1272 5264143
1272 1273 5264146
1272 1271 5264149
1272 1273 5264152
1271 1270 5264155
1271 1273 5264158
1271 1272 5264161
1271 1272 5264164
1272 1271 5264167
1272 1272 5264170
1271 1270 5264173
1270 1271 5264176
1272 1273 5264179
1271 1272 5264182
1271 1272 5264185
1271 1271 5264188
1270 1272 5264191
1271 1271 5264194
1271 1272 5264197
1269 1271 5264200
1270 1272 5264203
1270 1271 5264206
1269 1270 5264209
1272 1272 5264212
1271 1271 5264215
1272 1273 5264218
1271 1270 5264221
1270 1272 5264224
1271 1271 5264227
1272 1273 5264230
1271 1270 5264233
1272 1270 5264236
1271 1270 5264239
1271 1271 5264242
1272 1271 5264245
1270 1272 5264248
1271 1271 5264251
1272 1268 5264254
1270 1272 5264257
1268 1273 5264260
1270 1273 5264263
1272 1271 5264266
1271 1272 5264269
1272 1272 5264272
1271 1271 5264275
1272 1273 5264278
1271 1271 5264281
1273 1272 5264284
1271 1270 5264287
1269 1273 5264290
1271 1270 5264293
1272 1270 5264296
1273 1271 5264299
1272 1272 5264302
1271 1270 5264305
1271 1271 5264308
1272 1274 5264311
1271 1270 5264314
1271 1272 5264317
1270 1270 5264320
1269 1272 5264323
1271 1271 5264326
1271 1272 5264329
1271 1273 5264332
1270 1269 5264335
1271 1270 5264338
1271 1272 5264341
1272 1272 5264344
1271 1271 5264347
1272 1272 5264350
1271 1270 5264353
1271 1272 5264356
1271 1271 5264359
1271 1273 5264362
1272 1270 5264365
1271 1271 5264368
1270 1272 5264371
1269 1273 5264374
1271 1270 5264377
1271 1271 5264380
1272 1273 5264383
1271 1269 5264386
1270 1273 5264389
1271 1272 5264392
1271 1272 5264395
1272 1271 5264398
1271 1273 5264401
1271 1270 5264404
1271 1271 5264407
1272 1273 5264410
1273 1270 5264413
1269 1274 5264416
1269 1268 5264419
1270 1272 5264422
1271 1271 5264425
1271 1272 5264428
1272 1272 5264431
1271 1270 5264434
1271 1271 5264437
1271 1272 5264440
1272 1272 5264443
1272 1270 5264446
1272 1273 5264449
1271 1270 5264452
1273 1272 5264455
1269 1271 5264458
1269 1272 5264461
1272 1270 5264464
1271 1271 5264467
1271 1272 5264470
1271 1270 5264473
1273 1272 5264476
1271 1270 5264479
1272 1273 5264482
1271 1270 5264485
1270 1272 5264488
1271 1272 5264491
1271 1272 5264494
1275 1273 5264497
1267 1270 5264500
1271 1271 5264503
1270 1271 5264506
1271 1272 5264509
1271 1272 5264512
1272 1272 5264515
1271 1270 5264518
1270 1273 5264521
1271 1271 5264524
1271 1272 5264527
1271 1271 5264530
1272 1271 5264533
1271 1270 5264536
1270 1273 5264539
1271 1270 5264542
1272 1269 5264545
1272 1273 5264548
1271 1271 5264551
1270 1271 5264554
1271 1271 5264557
1271 1272 5264560
1271 1270 5264563
1271 1270 5264566
1271 1271 5264569
1270 1272 5264572
1272 1273 5264575
1275 1271 5264578
1268 1272 5264581
1269 1269 5264584
1269 1271 5264587
1271 1272 5264590
1269 1273 5264593
1271 1270 5264596
1271 1271 5264599
1271 1272 5264602
1271 1271 5264605
1272 1272 5264608
1271 1272 5264611
1271 1272 5264614
1270 1269 5264617
1274 1275 5264620
1270 1266 5264623
1272 1268 5264626
1271 1270 5264629
1271 1271 5264632
1271 1272 5264635
1270 1270 5264638
1271 1273 5264641
1270 1271 5264644
1272 1272 5264647
1271 1270 5264650
1270 1272 5264653
1271 1271 5264656
1271 1271 5264659
1270 1275 5264662
1270 1269 5264665
1272 1271 5264668
1270 1272 5264671
1272 1272 5264674
1271 1270 5264677
1271 1272 5264680
1271 1270 5264683
1271 1272 5264686
1271 1271 5264689
1271 1273 5264692
1272 1271 5264695
1271 1271 5264698
1275 1272 5264701
1267 1270 5264704
1272 1270 5264707
1271 1272 5264710
1270 1272 5264713
1271 1270 5264716
1270 1272 5264719
1270 1271 5264722
1271 1273 5264725
1272 1270 5264728
1271 1272 5264731
1271 1271 5264734
1271 1270 5264737
1272 1273 5264740
1268 1276 5264743
1270 1269 5264746
1272 1269 5264749
1270 1272 5264752
1270 1272 5264755
1271 1271 5264758
1272 1271 5264761
1271 1272 5264764
1271 1270 5264767
1270 1271 5264770
1273 1273 5264773
1272 1270 5264776
1271 1272 5264779
1274 1270 5264782
1267 1272 5264785
1270 1270 5264788
1272 1274 5264791
1271 1272 5264794
1271 1270 5264797
1271 1271 5264800
1272 1271 5264803
1273 1272 5264806
1271 1270 5264809
1272 1272 5264812
1271 1270 5264815
1270 1271 5264818
1271 1273 5264821
1270 1276 5264824
1271 1267 5264827
1272 1270 5264830
1273 1272 5264833
1269 1269 5264836
1272 1271 5264839
1271 1271 5264842
1271 1272 5264845
1271 1269 5264848
1270 1272 5264851
1272 1272 5264854
1271 1271 5264857
1271 1270 5264860
1270 1271 5264863
1266 1272 5264866
1268 1270 5264869
1272 1271 5264872
1271 1272 5264875
1271 1271 5264878
1271 1270 5264881
1270 1273 5264884
1270 1271 5264887
1271 1272 5264890
1271 1271 5264893
1271 1272 5264896
1272 1270 5264899
1271 1271 5264902
1270 1276 5264905
1270 1268 5264908
1271 1271 5264911
1272 1269 5264914
1271 1272 5264917
1270 1271 5264920
1270 1272 5264923
1272 1271 5264926
1272 1271 5264929
1271 1271 5264932
1271 1272 5264935
1272 1272 5264938
1271 1271 5264941
1275 1273 5264944
1268 1273 5264947
1268 1270 5264950
1271 1272 5264953
1271 1273 5264956
1273 1271 5264959
1271 1272 5264962
1272 1271 5264965
1271 1272 5264968
1272 1272 5264971
1271 1272 5264974
1272 1272 5264977
1271 1269 5264980
1270 1272 5264983
1275 1270 5264986
1267 1271 5264989
1272 1270 5264992
1272 1274 5264995
1270 1270 5265000
1271 1273 5265003
1271 1272 5265006
1271 1273 5265009
1269 1272 5265012
1271 1271 5265015
1271 1271 5265018
1272 1272 5265021
1271 1273 5265024
1271 1275 5265027
1269 1269 5265030
1269 1270 5265033
1271 1273 5265036
1271 1272 5265039
1271 1272 5265042
1269 1271 5265045
1272 1271 5265048
1271 1271 5265051
1270 1272 5265054
1270 1272 5265057
1270 1271 5265060
1270 1273 5265063
1270 1270 5265066
1275 1276 5265069
1267 1271 5265072
1268 1274 5265075
1269 1272 5265078
1272 1272 5265081
1271 1273 5265084
1271 1272 5265087
1271 1272 5265090
1271 1273 5265093
1271 1272 5265096
1270 1270 5265099
1271 1273 5265102
1270 1270 5265105
1271 1272 5265108
1273 1271 5265111
1268 1271 5265114
1269 1271 5265117
1271 1272 5265120
1271 1273 5265123
1270 1272 5265126
1271 1271 5265129
1270 1271 5265132
1271 1274 5265135
1270 1272 5265138
1272 1272 5265141
1269 1272 5265144
1271 1272 5265147
1271 1275 5265150
1275 1270 5265153
1268 1270 5265156
1271 1271 5265159
1270 1271 5265162
1270 1273 5265165
1271 1273 5265168
1270 1272 5265171
1271 1274 5265174
1269 1272 5265177
1271 1271 5265180
1271 1273 5265183
1271 1272 5265186
1270 1271 5265189
1271 1275 5265192
1269 1269 5265195
1269 1269 5265198
1272 1274 5265201
1271 1273 5265204
1270 1272 5265207
1270 1272 5265210
1271 1273 5265213
1270 1272 5265216
1271 1270 5265219
1270 1271 5265222
1271 1272 5265225
1271 1271 5265228
1270 1271 5265231
1276 1277 5265234
1268 1270 5265237
1269 1272 5265240
1270 1272 5265243
1270 1271 5265246
1270 1271 5265249
1271 1271 5265252
1269 1273 5265255
1270 1271 5265258
1270 1271 5265261
1270 1271 5265264
1271 1273 5265267
1270 1272 5265270
1271 1274 5265273
1274 1270 5265276
1268 1270 5265279
1269 1271 5265282
1270 1272 5265285
1271 1273 5265288
1271 1271 5265291
1270 1272 5265294
1270 1272 5265297
1271 1272 5265300
1269 1272 5265303
1271 1273 5265306
1269 1271 5265309
1271 1271 5265312
1270 1272 5265315
1273 1271 5265318
1266 1271 5265321
1268 1272 5265324
1270 1273 5265327
1270 1270 5265330
1271 1273 5265333
1271 1273 5265336
1271 1272 5265339
1269 1271 5265342
1270 1272 5265345
1273 1270 5265348
1271 1271 5265351
1270 1273 5265354
1270 1272 5265357
1273 1271 5265360
1267 1270 5265363
1270 1275 5265366
1271 1272 5265369
1271 1272 5265372
1269 1272 5265375
1273 1272 5265378
1271 1272 5265381
1271 1272 5265384
1270 1274 5265387
1270 1272 5265390
1271 1272 5265393
1270 1272 5265396
1271 1273 5265399
1275 1271 5265402
1268 1272 5265405
1270 1272 5265408
1270 1270 5265411
1270 1272 5265414
1271 1272 5265417
1270 1272 5265420
1271 1272 5265423
1270 1272 5265426
1269 1270 5265429
1271 1273 5265432
1270 1272 5265435
1269 1273 5265438
1269 1275 5265441
1275 1270 5265444
1267 1270 5265447
1271 1272 5265450
1270 1272 5265453
1270 1273 5265456
1270 1271 5265459
1270 1271 5265462
1271 1273 5265465
1270 1273 5265468
1271 1273 5265471
1270 1272 5265474
1271 1272 5265477
1270 1272 5265480
1271 1275 5265483
1275 1269 5265486
1269 1269 5265489
1270 1270 5265492
1269 1272 5265495
1272 1274 5265498
1270 1272 5265501
1270 1273 5265504
1269 1272 5265507
1271 1271 5265510
1270 1271 5265513
1271 1272 5265516
1270 1271 5265519
1270 1272 5265522
1270 1275 5265525
1269 1269 5265528
1270 1271 5265531
1269 1272 5265534
1272 1274 5265537
1270 1272 5265540
1271 1271 5265543
1271 1273 5265546
1271 1271 5265549
1271 1272 5265552
1270 1272 5265555
1270 1272 5265558
1269 1270 5265561
1271 1273 5265564
1270 1275 5265567
1270 1270 5265570
1269 1270 5265573
1272 1273 5265576
1271 1271 5265579
1271 1270 5265582
1270 1273 5265585
1270 1271 5265588
1270 1271 5265591
1270 1271 5265594
1271 1274 5265597
1270 1272 5265600
1271 1273 5265603
1269 1272 5265606
1271 1275 5265609
1268 1268 5265612
1269 1272 5265615
1272 1273 5265618
1270 1271 5265621
1270 1272 5265624
1270 1272 5265627
1271 1274 5265630
1270 1272 5265633
1270 1274 5265636
1269 1272 5265639
1271 1271 5265642
1271 1272 5265645
1271 1273 5265648
1272 1276 5265651
1267 1270 5265654
1268 1272 5265657
1268 1270 5265660
1272 1273 5265663
1270 1273 5265666
1270 1272 5265669
1269 1271 5265672
1271 1271 5265675
1270 1274 5265678
1270 1272 5265681
1270 1272 5265684
1270 1273 5265687
1270 1272 5265690
1273 1270 5265693
1268 1273 5265696
1268 1271 5265699
1271 1273 5265702
1270 1272 5265705
1270 1273 5265708
1270 1272 5265711
1271 1272 5265714
1270 1273 5265717
1271 1272 5265720
1270 1271 5265723
1270 1272 5265726
1271 1273 5265729
1270 1271 5265732
1275 1272 5265735
1266 1270 5265738
1271 1273 5265741
1271 1271 5265744
1271 1272 5265747
1270 1273 5265750
1271 1271 5265753
1270 1272 5265756
1269 1270 5265759
1271 1272 5265762
1269 1272 5265765
1270 1274 5265768
1269 1272 5265771
1272 1275 5265774
1274 1269 5265777
1269 1270 5265780
1270 1271 5265783
1270 1273 5265786
1271 1272 5265789
1270 1270 5265792
1271 1273 5265795
1270 1272 5265798
1270 1273 5265801
1269 1272 5265804
1271 1272 5265807
1271 1272 5265810
1271 1271 5265813
1271 1276 5265816
1270 1269 5265819
1269 1269 5265822
1270 1272 5265825
1272 1273 5265828
1269 1271 5265831
1271 1273 5265834
1269 1272 5265837
1271 1271 5265840
1271 1271 5265843
1272 1273 5265846
1270 1272 5265849
1271 1271 5265852
1271 1272 5265855
1273 1276 5265858
1268 1270 5265861
1268 1272 5265864
1272 1272 5265867
1269 1271 5265870
1272 1272 5265873
1271 1272 5265876
1270 1272 5265879
1270 1271 5265882
1270 1272 5265885
1270 1272 5265888
1269 1271 5265891
1272 1273 5265894
1270 1272 5265897
1274 1272 5265900
1266 1270 5265903
1269 1272 5265906
1271 1273 5265909
1272 1271 5265912
1270 1272 5265915
1271 1272 5265918
1270 1271 5265921
1270 1271 5265924
1271 1273 5265927
1270 1273 5265930
1271 1272 5265933
1270 1272 5265936
1272 1272 5265939
1275 1269 5265942
1268 1269 5265945
1271 1274 5265948
1267 1272 5265951
1269 1271 5265954
1269 1271 5265957
1271 1273 5265960
1270 1271 5265963
1271 1273 5265966
1270 1272 5265969
1271 1270 5265972
1270 1272 5265975
1271 1272 5265978
1270 1275 5265981
1270 1268 5265984
1269 1270 5265987
1269 1271 5265990
1272 1274 5265993
1271 1272 5265996
1271 1274 5266000
1270 1270 5266003
1272 1272 5266006
1270 1270 5266009
1272 1270 5266012
1271 1269 5266015
1271 1272 5266018
1269 1273 5266021
1271 1273 5266024
1269 1271 5266027
1270 1271 5266030
1273 1270 5266033
1271 1272 5266036
1269 1271 5266038
1271 1272 5266041
1269 1273 5266044
1271 1270 5266047
1271 1273 5266050
1270 1272 5266053
1272 1270 5266056
1270 1273 5266059
1270 1270 5266062
1274 1270 5266065
1267 1273 5266068
1269 1271 5266071
1270 1272 5266074
1272 1272 5266077
1272 1273 5266080
1271 1271 5266083
1270 1272 5266086
1271 1273 5266089
1270 1271 5266092
1270 1272 5266095
1269 1271 5266098
1271 1273 5266101
1270 1272 5266104
1275 1273 5266107
1266 1271 5266110
1270 1273 5266113
1271 1272 5266116
1270 1271 5266119
1270 1272 5266122
1271 1272 5266125
1270 1272 5266128
1269 1271 5266131
1271 1272 5266134
1270 1272 5266137
1271 1273 5266140
1270 1271 5266143
1271 1275 5266146
1269 1270 5266149
1270 1269 5266152
1270 1271 5266155
1270 1273 5266158
1271 1272 5266161
1270 1271 5266164
1271 1273 5266167
1270 1273 5266170
1271 1273 5266173
1270 1272 5266176
1271 1272 5266179
1271 1271 5266182
1271 1271 5266185
1271 1277 5266188
1268 1269 5266191
1269 1271 5266194
1271 1271 5266197
1271 1273 5266200
1270 1273 5266203
1271 1273 5266206
1269 1273 5266209
1271 1272 5266212
1271 1272 5266215
1271 1272 5266218
1270 1272 5266221
1270 1271 5266224
1270 1272 5266227
1273 1272 5266230
1268 1272 5266233
1268 1271 5266236
1271 1275 5266239
1270 1272 5266242
1272 1270 5266245
1271 1272 5266248
1271 1273 5266251
1269 1273 5266254
1270 1271 5266257
1270 1273 5266260
1270 1272 5266263
1271 1273 5266266
1270 1276 5266269
1275 1269 5266272
1267 1269 5266275
1272 1272 5266278
1269 1274 5266281
1270 1273 5266284
1270 1272 5266287
1271 1273 5266290
1270 1272 5266293
1270 1270 5266296
1271 1274 5266299
1270 1272 5266302
1271 1272 5266305
1269 1272 5266308
1271 1274 5266311
1270 1268 5266314
1270 1270 5266317
1272 1273 5266320
1271 1272 5266323
1270 1271 5266326
1270 1272 5266329
1271 1273 5266332
1270 1271 5266335
1271 1272 5266338
1269 1271 5266341
1270 1271 5266344
1270 1271 5266347
1271 1272 5266350
1273 1272 5266353
1268 1271 5266356
1269 1273 5266359
1269 1272 5266362
1272 1273 5266365
1270 1272 5266368
1271 1273 5266371
1270 1272 5266374
1272 1271 5266377
1270 1273 5266380
1272 1272 5266383
1270 1271 5266386
1270 1273 5266389
1270 1273 5266392
1273 1267 5266395
1270 1271 5266398
1270 1272 5266401
1271 1272 5266404
1270 1272 5266407
1272 1272 5266410
1271 1273 5266413
1271 1271 5266416
1271 1274 5266419
1270 1272 5266422
1270 1271 5266425
1270 1271 5266428
1271 1274 5266431
1270 1274 5266434
1270 1270 5266437
1268 1272 5266440
1271 1272 5266443
1271 1271 5266446
1271 1273 5266449
1271 1273 5266452
1270 1271 5266455
1271 1272 5266458
1270 1272 5266461
1270 1273 5266464
1270 1272 5266467
1271 1274 5266470
1270 1273 5266473
1274 1271 5266476
1269 1272 5266479
1271 1272 5266482
1271 1272 5266485
1271 1272 5266488
1270 1272 5266491
1270 1271 5266494
1272 1273 5266497
1270 1272 5266500
1271 1274 5266503
1270 1272 5266506
1272 1272 5266509
1271 1272 5266512
1271 1271 5266515
1269 1272 5266518
1269 1272 5266521
1271 1272 5266524
1270 1271 5266527
1271 1274 5266530
1271 1273 5266533
1272 1272 5266536
1270 1272 5266539
1271 1272 5266542
1270 1271 5266545
1271 1272 5266548
1270 1273 5266551
1271 1271 5266554
1271 1270 5266557
1269 1270 5266560
1271 1273 5266563
1270 1272 5266566
1271 1274 5266569
1270 1272 5266572
1271 1271 5266575
1271 1272 5266578
1270 1273 5266581
1271 1271 5266584
1271 1271 5266587
1270 1271 5266590
1270 1271 5266593
1272 1273 5266596
1270 1272 5266599
1271 1273 5266602
1269 1271 5266605
1271 1271 5266608
1271 1272 5266611
1273 1272 5266614
1272 1273 5266617
1271 1273 5266620
1270 1273 5266623
1270 1271 5266626
1272 1273 5266629
1270 1273 5266632
1271 1273 5266635
1270 1271 5266638
1270 1272 5266641
1271 1272 5266644
1271 1272 5266647
1271 1273 5266650
1271 1272 5266653
1271 1271 5266656
1270 1271 5266659
1272 1274 5266662
1270 1272 5266665
1271 1273 5266668
1270 1272 5266671
1271 1272 5266674
1271 1272 5266677
1271 1272 5266680
1270 1273 5266683
1271 1272 5266686
1271 1272 5266689
1270 1272 5266692
1272 1273 5266695
1271 1272 5266698
1271 1274 5266701
1269 1272 5266704
1271 1271 5266707
1271 1272 5266710
1271 1273 5266713
1270 1272 5266716
1271 1272 5266719
1270 1272 5266722
1270 1270 5266725
1272 1272 5266728
1270 1272 5266731
1271 1273 5266734
1269 1272 5266737
1271 1271 5266740
1271 1273 5266743
1271 1272 5266746
1271 1273 5266749
1271 1273 5266752
1270 1271 5266755
1270 1271 5266758
1271 1273 5266761
1270 1272 5266764
1271 1273 5266767
1270 1272 5266770
1271 1273 5266773
1271 1272 5266776
1271 1272 5266779
1271 1273 5266782
1270 1271 5266785
1270 1271 5266788
1270 1272 5266791
1271 1273 5266794
1271 1272 5266797
1271 1273 5266800
1270 1273 5266803
1272 1273 5266806
1271 1272 5266809
1271 1273 5266812
1271 1272 5266815
1271 1272 5266818
1271 1272 5266821
1270 1273 5266824
1272 1273 5266827
1271 1272 5266830
1271 1274 5266833
1270 1272 5266836
1272 1272 5266839
1271 1272 5266842
1272 1272 5266845
1271 1272 5266848
1271 1272 5266851
1271 1274 5266854
1268 1272 5266857
1272 1273 5266860
