1271 1273 2464290
1271 1272 2464293
1271 1272 2464296
1273 1273 2464299
1271 1272 2464302
1269 1272 2464305
1271 1273 2464308
1272 1273 2464311
1272 1273 2464314
1270 1272 2464317
1270 1272 2464320
1271 1273 2464323
1269 1272 2464326
1270 1273 2464329
1270 1270 2464332
1270 1271 2464335
1269 1273 2464338
1272 1273 2464341
1272 1274 2464344
1272 1272 2464347
1269 1270 2464350
1269 1271 2464353
1272 1273 2464356
1270 1272 2464359
1272 1270 2464362
1269 1271 2464365
1270 1272 2464368
1270 1273 2464371
1272 1272 2464374
1274 1276 2464377
1269 1272 2464380
1269 1271 2464383
1270 1272 2464386
1272 1274 2464389
1270 1275 2464392
1267 1269 2464395
1271 1271 2464398
1270 1272 2464401
1271 1272 2464404
1272 1276 2464407
1275 1271 2464410
1266 1270 2464413
1269 1270 2464416
1270 1273 2464419
1272 1274 2464422
1273 1275 2464425
1267 1270 2464428
1270 1270 2464431
1272 1273 2464434
1270 1272 2464437
1275 1277 2464440
1269 1270 2464443
1268 1270 2464446
1269 1271 2464449
1271 1273 2464452
1273 1276 2464455
1274 1270 2464458
1268 1269 2464461
1270 1271 2464464
1273 1272 2464467
1270 1276 2464470
1275 1272 2464473
1268 1271 2464476
1268 1271 2464479
1270 1272 2464482
1270 1272 2464485
1275 1277 2464488
1268 1269 2464491
1269 1269 2464494
1270 1272 2464497
1272 1272 2464500
1271 1276 2464503
1270 1269 2464506
1269 1271 2464509
1269 1274 2464512
1271 1271 2464515
1271 1276 2464518
1276 1272 2464521
1267 1270 2464524
1269 1269 2464527
1270 1273 2464530
1271 1274 2464533
1273 1272 2464536
1267 1271 2464539
1269 1272 2464542
1272 1273 2464545
1270 1272 2464548
1275 1276 2464551
1270 1270 2464554
1269 1270 2464557
1269 1270 2464560
1272 1271 2464563
1274 1275 2464566
1267 1270 2464569
1270 1271 2464572
1271 1273 2464575
1272 1272 2464578
1271 1276 2464581
1275 1270 2464584
1269 1272 2464587
1268 1271 2464590
1271 1271 2464593
1273 1274 2464596
1275 1269 2464599
1267 1271 2464602
1270 1271 2464605
1273 1273 2464608
1270 1273 2464611
1275 1275 2464614
1269 1270 2464617
1270 1271 2464620
1267 1272 2464623
1271 1271 2464626
1275 1275 2464629
1270 1270 2464632
1268 1270 2464635
1271 1273 2464638
1272 1273 2464641
1271 1275 2464644
1275 1269 2464647
1269 1271 2464650
1271 1274 2464653
1272 1272 2464656
1271 1275 2464659
1276 1270 2464662
1268 1270 2464665
1268 1271 2464668
1272 1273 2464671
1271 1272 2464674
1275 1272 2464677
1268 1270 2464680
1269 1272 2464683
1272 1274 2464686
1271 1273 2464689
1273 1276 2464692
1270 1269 2464695
1269 1270 2464698
1269 1273 2464701
1271 1273 2464704
1273 1277 2464707
1268 1271 2464710
1269 1270 2464713
1270 1273 2464716
1274 1273 2464719
1270 1276 2464722
1274 1269 2464725
1268 1269 2464728
1269 1271 2464731
1269 1271 2464734
1273 1276 2464737
1275 1272 2464740
1267 1273 2464743
1268 1271 2464746
1272 1273 2464749
1271 1274 2464752
1273 1276 2464755
1268 1268 2464758
1269 1271 2464761
1269 1271 2464764
1271 1273 2464767
1275 1277 2464770
1268 1270 2464773
1269 1271 2464776
1270 1273 2464779
1271 1273 2464782
1272 1277 2464785
1275 1270 2464788
1268 1271 2464791
1269 1270 2464794
1272 1271 2464797
1270 1276 2464800
1276 1272 2464803
1268 1271 2464806
1269 1271 2464809
1271 1272 2464812
1270 1273 2464815
1276 1277 2464818
1266 1272 2464821
1268 1270 2464824
1271 1273 2464827
1273 1272 2464830
1273 1277 2464833
1269 1269 2464836
1269 1271 2464839
1270 1272 2464842
1270 1273 2464845
1271 1276 2464848
1275 1272 2464851
1268 1270 2464854
1269 1270 2464857
1273 1272 2464860
1271 1275 2464863
1272 1270 2464866
1268 1270 2464869
1269 1272 2464872
1269 1272 2464875
1271 1272 2464878
1275 1272 2464881
1268 1273 2464884
1268 1270 2464887
1271 1273 2464890
1271 1271 2464893
1274 1275 2464896
1267 1268 2464899
1270 1271 2464902
1270 1272 2464905
1271 1272 2464908
1272 1276 2464911
1269 1271 2464914
1269 1270 2464917
1269 1273 2464920
1271 1271 2464923
1273 1275 2464926
1277 1270 2464929
1268 1271 2464932
1270 1272 2464935
1271 1273 2464938
1272 1276 2464941
1274 1271 2464944
1267 1270 2464947
1270 1272 2464950
1271 1273 2464953
1270 1271 2464956
1275 1275 2464959
1270 1269 2464962
1268 1272 2464965
1271 1274 2464968
1273 1274 2464971
1274 1277 2464974
1268 1269 2464977
1269 1270 2464980
1270 1274 2464983
1270 1272 2464986
1271 1274 2464989
1276 1270 2464992
1270 1271 2464995
1268 1273 2464999
1273 1273 2465002
1271 1276 2465005
1275 1269 2465008
1269 1270 2465011
1269 1271 2465014
1269 1274 2465017
1271 1274 2465020
1275 1276 2465023
1268 1271 2465026
1269 1271 2465028
1273 1274 2465031
1269 1272 2465034
1274 1276 2465037
1269 1269 2465040
1270 1269 2465043
1269 1274 2465046
1272 1274 2465049
1275 1277 2465052
1269 1269 2465055
1270 1270 2465058
1270 1271 2465061
1270 1274 2465064
1271 1277 2465067
1268 1269 2465070
1269 1271 2465073
1270 1276 2465076
1270 1271 2465079
1271 1274 2465082
1276 1271 2465085
1268 1271 2465088
1268 1272 2465091
1274 1274 2465094
1272 1276 2465097
1275 1270 2465100
1267 1270 2465103
1268 1271 2465106
1271 1273 2465109
1271 1273 2465112
1274 1270 2465115
1268 1271 2465118
1270 1270 2465121
1270 1273 2465124
1272 1273 2465127
1275 1276 2465130
1267 1270 2465133
1269 1271 2465136
1271 1274 2465139
1272 1272 2465142
1274 1277 2465145
1268 1269 2465148
1270 1269 2465151
1270 1272 2465154
1271 1274 2465157
1276 1275 2465160
1269 1270 2465163
1268 1271 2465166
1270 1270 2465169
1270 1272 2465172
1273 1277 2465175
1274 1270 2465178
1269 1268 2465181
1270 1273 2465184
1273 1271 2465187
1270 1274 2465190
1276 1271 2465193
1268 1272 2465196
1268 1272 2465199
1272 1274 2465202
1271 1276 2465205
1276 1273 2465208
1266 1269 2465211
1268 1270 2465214
1271 1272 2465217
1272 1272 2465220
1274 1272 2465223
1268 1271 2465226
1269 1272 2465229
1272 1273 2465232
1270 1272 2465235
1274 1276 2465238
1270 1270 2465241
1268 1270 2465244
1271 1272 2465247
1272 1271 2465250
1275 1275 2465253
1268 1270 2465256
1267 1271 2465259
1269 1271 2465262
1271 1273 2465265
1270 1277 2465268
1268 1270 2465271
1270 1272 2465274
1269 1273 2465277
1271 1270 2465280
1272 1275 2465283
1274 1271 2465286
1266 1271 2465289
1269 1272 2465292
1273 1273 2465295
1270 1276 2465298
1275 1270 2465301
1267 1270 2465304
1270 1273 2465307
1269 1271 2465310
1271 1272 2465313
1276 1271 2465316
1268 1270 2465319
1268 1271 2465322
1272 1271 2465325
1272 1275 2465328
1274 1277 2465331
1266 1272 2465334
1268 1272 2465337
1272 1275 2465340
1271 1271 2465343
1273 1276 2465346
1269 1269 2465349
1270 1270 2465352
1268 1272 2465355
1273 1274 2465358
1272 1277 2465361
1269 1270 2465364
1269 1271 2465367
1270 1272 2465370
1271 1272 2465373
1270 1275 2465376
1274 1267 2465379
1270 1270 2465382
1271 1272 2465385
1272 1273 2465388
1272 1276 2465391
1275 1272 2465394
1267 1271 2465397
1269 1270 2465400
1271 1273 2465403
1272 1276 2465406
1274 1270 2465409
1267 1269 2465412
1270 1270 2465415
1271 1272 2465418
1270 1274 2465421
1276 1272 2465424
1269 1272 2465427
1269 1271 2465430
1272 1273 2465433
1270 1272 2465436
1275 1278 2465439
1268 1268 2465442
1268 1269 2465445
1271 1272 2465448
1272 1272 2465451
1273 1276 2465454
1269 1271 2465457
1269 1271 2465460
1269 1271 2465463
1270 1273 2465466
1271 1276 2465469
1270 1271 2465472
1269 1271 2465475
1269 1273 2465478
1272 1272 2465481
1272 1274 2465484
1274 1272 2465487
1269 1271 2465490
1270 1272 2465493
1272 1274 2465496
1271 1276 2465499
1275 1270 2465502
1268 1272 2465505
1268 1271 2465508
1269 1271 2465511
1272 1272 2465514
1276 1271 2465517
1266 1271 2465520
1270 1270 2465523
1272 1273 2465526
1270 1272 2465529
1275 1275 2465532
1269 1269 2465535
1269 1272 2465538
1269 1273 2465541
1272 1270 2465544
1274 1276 2465547
1269 1269 2465550
1268 1270 2465553
1271 1273 2465556
1271 1273 2465559
1270 1275 2465562
1275 1270 2465565
1267 1272 2465568
1269 1274 2465571
1271 1272 2465574
1271 1275 2465577
1275 1270 2465580
1268 1269 2465583
1268 1271 2465586
1271 1272 2465589
1273 1274 2465592
1275 1276 2465595
1268 1271 2465598
1269 1272 2465601
1273 1274 2465604
1271 1272 2465607
1274 1275 2465610
1269 1268 2465613
1270 1270 2465616
1268 1272 2465619
1273 1272 2465622
1273 1276 2465625
1268 1270 2465628
1269 1271 2465631
1269 1272 2465634
1273 1274 2465637
1270 1275 2465640
1275 1268 2465643
1268 1271 2465646
1269 1271 2465649
1273 1272 2465652
1273 1272 2465655
1276 1271 2465658
1268 1272 2465661
1269 1270 2465664
1271 1273 2465667
1272 1275 2465670
1274 1275 2465673
1269 1268 2465676
1270 1270 2465679
1269 1274 2465682
1270 1273 2465685
1275 1277 2465688
1269 1270 2465691
1268 1270 2465694
1270 1272 2465697
1270 1274 2465700
1273 1276 2465703
1274 1269 2465706
1268 1269 2465709
1267 1273 2465712
1272 1272 2465715
1270 1276 2465718
1276 1272 2465721
1269 1271 2465724
1269 1272 2465727
1270 1273 2465730
1272 1272 2465733
1275 1270 2465736
1267 1272 2465739
1266 1270 2465742
1273 1273 2465745
1271 1272 2465748
1273 1277 2465751
1269 1269 2465754
1270 1271 2465757
1270 1274 2465760
1271 1272 2465763
1271 1277 2465766
1268 1271 2465769
1268 1268 2465772
1269 1269 2465775
1271 1271 2465778
1272 1275 2465781
1274 1270 2465784
1268 1271 2465787
1269 1273 2465790
1272 1272 2465793
1271 1271 2465796
1274 1271 2465799
1268 1271 2465802
1268 1270 2465805
1270 1271 2465808
1272 1273 2465811
1275 1275 2465814
1268 1270 2465817
1270 1271 2465820
1272 1273 2465823
1270 1271 2465826
1273 1277 2465829
1268 1269 2465832
1270 1271 2465835
1268 1271 2465838
1270 1272 2465841
1272 1275 2465844
1276 1268 2465847
1268 1271 2465850
1270 1273 2465853
1273 1272 2465856
1270 1275 2465859
1275 1271 2465862
1267 1270 2465865
1270 1272 2465868
1270 1273 2465871
1271 1271 2465874
1274 1270 2465877
1267 1272 2465880
1268 1271 2465883
1272 1272 2465886
1271 1274 2465889
1274 1277 2465892
1268 1269 2465895
1269 1271 2465898
1271 1275 2465901
1271 1272 2465904
1269 1275 2465907
1269 1269 2465910
1269 1269 2465913
1269 1271 2465916
1271 1273 2465919
1272 1276 2465922
1275 1271 2465925
1267 1270 2465928
1269 1274 2465931
1273 1272 2465934
1269 1273 2465937
1275 1270 2465940
1269 1268 2465943
1270 1269 2465946
1269 1274 2465949
1272 1272 2465952
1276 1276 2465955
1271 1272 2470364
1271 1272 2470367
1270 1273 2470370
1271 1272 2470373
1272 1270 2470376
1272 1271 2470379
1271 1272 2470382
1271 1272 2470385
1270 1271 2470388
1271 1271 2470391
1269 1271 2470393
1271 1273 2470396
1271 1272 2470399
1270 1273 2470402
1271 1272 2470405
1271 1270 2470408
1273 1273 2470411
1272 1273 2470414
1271 1270 2470417
1270 1271 2470420
1272 1272 2470423
1273 1273 2470426
1271 1272 2470429
1270 1272 2470432
1271 1273 2470435
1271 1271 2470438
1272 1271 2470441
1272 1274 2470444
1272 1272 2470447
1271 1271 2470450
1272 1272 2470453
1272 1271 2470456
1272 1272 2470459
1272 1271 2470462
1271 1272 2470465
1271 1271 2470468
1271 1272 2470471
1272 1271 2470474
1272 1272 2470477
1272 1273 2470480
1273 1271 2470483
1272 1272 2470486
1273 1272 2470489
1273 1274 2470492
1272 1272 2470495
1271 1271 2470498
1270 1273 2470501
1272 1273 2470504
1272 1271 2470507
1271 1272 2470510
1272 1273 2470513
1271 1271 2470516
1272 1271 2470519
1272 1272 2470522
1272 1274 2470525
1271 1270 2470528
1270 1271 2470531
1270 1273 2470534
1271 1272 2470537
1272 1271 2470540
1272 1274 2470543
1272 1273 2470546
1272 1270 2470549
1271 1272 2470552
1271 1273 2470555
1272 1273 2470558
1271 1271 2470561
1270 1272 2470564
1271 1272 2470567
1271 1272 2470570
1272 1271 2470573
1272 1273 2470576
1273 1272 2470579
1272 1270 2470582
1271 1272 2470585
1272 1272 2470588
1273 1273 2470591
1272 1272 2470594
1270 1271 2470597
1271 1272 2470600
1271 1272 2470603
1272 1271 2470606
1272 1273 2470609
1272 1273 2470612
1272 1272 2470615
1272 1272 2470618
1271 1272 2470621
1272 1273 2470624
1271 1270 2470627
1270 1271 2470630
1271 1272 2470633
1272 1272 2470636
1271 1270 2470639
1272 1273 2470642
1273 1273 2470645
1272 1271 2470648
1272 1271 2470651
1272 1272 2470654
1272 1272 2470657
1271 1270 2470660
1270 1272 2470663
1270 1272 2470666
1271 1272 2470669
1272 1270 2470672
1272 1273 2470675
1273 1273 2470678
1272 1271 2470681
1271 1273 2470684
1272 1272 2470687
1272 1272 2470690
1272 1271 2470693
1270 1271 2470696
1271 1272 2470699
1271 1272 2470702
1272 1271 2470705
1272 1273 2470708
1272 1273 2470711
1271 1272 2470714
1271 1272 2470717
1272 1271 2470720
1271 1272 2470723
1271 1272 2470726
1271 1271 2470729
1270 1272 2470732
1271 1273 2470735
1272 1271 2470738
1272 1273 2470741
1272 1274 2470744
1273 1271 2470747
1271 1271 2470750
1271 1272 2470753
1272 1274 2470756
1271 1271 2470759
1271 1270 2470762
1271 1273 2470765
1271 1273 2470768
1272 1270 2470771
1272 1274 2470774
1272 1273 2470777
1272 1270 2470780
1271 1272 2470783
1273 1272 2470786
1274 1273 2470789
1271 1272 2470792
1271 1272 2470795
1271 1273 2470798
1271 1272 2470801
1272 1271 2470804
1272 1274 2470807
1272 1272 2470810
1272 1271 2470813
1273 1272 2470816
1273 1270 2470819
1273 1272 2470822
1271 1271 2470825
1271 1271 2470828
1270 1272 2470831
1272 1273 2470834
1272 1272 2470837
1272 1272 2470840
1272 1273 2470843
1270 1271 2470846
1272 1272 2470849
1272 1272 2470852
1272 1274 2470855
1272 1271 2470858
1271 1271 2470861
1271 1272 2470864
1272 1273 2470867
1272 1270 2470870
1272 1274 2470873
1269 1274 2470876
1271 1272 2470879
1271 1272 2470882
1272 1272 2470885
1272 1273 2470888
1272 1271 2470891
1271 1271 2470894
1270 1273 2470897
1272 1271 2470900
1271 1271 2470903
1268 1274 2470906
1271 1274 2470909
1270 1270 2470912
1272 1272 2470915
1272 1273 2470918
1272 1273 2470921
1271 1271 2470924
1270 1272 2470927
1271 1272 2470930
1272 1272 2470933
1271 1271 2470936
1272 1273 2470939
1272 1272 2470942
1272 1272 2470945
1271 1272 2470948
1272 1272 2470951
1273 1272 2470954
1271 1272 2470957
1270 1271 2470960
1270 1272 2470963
1270 1273 2470966
1271 1271 2470969
1273 1273 2470972
1272 1273 2470975
1272 1273 2470978
1272 1272 2470981
1271 1272 2470984
1273 1273 2470987
1272 1270 2470990
1271 1271 2470993
1271 1273 2470996
1271 1272 2471000
1272 1275 2471004
1270 1272 2471007
1272 1273 2471010
1272 1273 2471013
1270 1273 2471016
1271 1271 2471019
1271 1272 2471022
1272 1274 2471025
1270 1273 2471028
1271 1270 2471031
1272 1271 2471034
1271 1272 2471037
1267 1273 2471040
1273 1273 2471043
1272 1274 2471046
1271 1272 2471049
1271 1272 2471052
1270 1273 2471055
1272 1273 2471058
1271 1272 2471061
1271 1270 2471064
1272 1273 2471067
1271 1272 2471070
1271 1273 2471073
1272 1274 2471076
1271 1273 2471079
1271 1272 2471082
1271 1272 2471085
1270 1273 2471088
1271 1273 2471091
1270 1272 2471094
1270 1271 2471097
1272 1272 2471100
1271 1272 2471103
1270 1273 2471106
1272 1273 2471109
1271 1272 2471112
1271 1272 2471115
1271 1274 2471118
1271 1273 2471121
1273 1274 2471124
1271 1273 2471127
1270 1272 2471130
1272 1272 2471133
1272 1273 2471136
1270 1272 2471139
1272 1272 2471142
1271 1273 2471145
1271 1273 2471148
1271 1272 2471151
1271 1272 2471154
1272 1274 2471157
1270 1273 2471160
1271 1270 2471163
1272 1273 2471166
1271 1272 2471169
1270 1272 2471172
1272 1273 2471175
1271 1273 2471178
1270 1273 2471181
1271 1272 2471184
1270 1273 2471187
1271 1274 2471190
1270 1272 2471193
1270 1272 2471196
1272 1272 2471199
1271 1271 2471202
1269 1273 2471205
1271 1273 2471208
1272 1273 2471211
1271 1272 2471214
1271 1272 2471217
1271 1273 2471220
1271 1273 2471223
1270 1273 2471226
1270 1271 2471229
1272 1271 2471232
1271 1272 2471235
1269 1273 2471238
1271 1272 2471241
1271 1272 2471244
1271 1273 2471247
1270 1272 2471250
1271 1272 2471253
1272 1274 2471256
1270 1272 2471259
1271 1270 2471262
1272 1272 2471265
1271 1272 2471268
1267 1273 2471271
1272 1272 2471274
1272 1273 2471277
1270 1273 2471280
1271 1271 2471283
1271 1273 2471286
1271 1274 2471289
1270 1271 2471292
1271 1271 2471295
1271 1272 2471298
1268 1271 2471301
1269 1272 2471304
1272 1273 2471307
1271 1273 2471310
1270 1273 2471313
1271 1272 2471316
1271 1273 2471319
1271 1273 2471322
1270 1272 2471325
1270 1271 2471328
1271 1272 2471331
1271 1272 2471334
1270 1273 2471337
1272 1273 2471340
1271 1273 2471343
1270 1272 2471346
1270 1273 2471349
1270 1271 2471352
1272 1273 2471355
1271 1273 2471358
1271 1271 2471361
1272 1271 2471364
1272 1272 2471367
1270 1274 2471370
1272 1272 2471373
1272 1273 2471376
1270 1274 2471379
1271 1271 2471382
1270 1272 2471385
1272 1274 2471388
1271 1273 2471391
1271 1271 2471394
1272 1272 2471397
1271 1273 2471400
1271 1273 2471403
1272 1273 2471406
1271 1274 2471409
1270 1272 2471412
1271 1272 2471415
1271 1273 2471418
1272 1274 2471421
1270 1271 2471424
1270 1270 2471427
1272 1272 2471430
1272 1273 2471433
1270 1272 2471436
1271 1274 2471439
1272 1273 2471442
1270 1271 2471445
1271 1272 2471448
1270 1270 2471451
1272 1273 2471454
1270 1271 2471457
1270 1271 2471460
1272 1272 2471463
1271 1272 2471466
1270 1273 2471469
1271 1272 2471472
1272 1272 2471475
1270 1273 2471478
1271 1271 2471481
1271 1271 2471484
1272 1273 2471487
1270 1273 2471490
1270 1271 2471493
1272 1271 2471496
1271 1273 2471499
1270 1273 2471502
1272 1272 2471505
1272 1273 2471508
1270 1272 2471511
1271 1271 2471514
1270 1272 2471517
1271 1274 2471520
1270 1272 2471523
1270 1270 2471526
1272 1273 2471529
1271 1272 2471532
1270 1272 2471535
1271 1272 2471538
1271 1274 2471541
1270 1272 2471544
1271 1271 2471547
1271 1273 2471550
1271 1273 2471553
1269 1272 2471556
1270 1272 2471559
1271 1272 2471562
1271 1271 2471565
1270 1273 2471568
1271 1274 2471571
1271 1273 2471574
1271 1273 2471577
1270 1273 2471580
1271 1273 2471583
1272 1272 2471586
1271 1273 2471589
1270 1271 2471592
1272 1271 2471595
1271 1272 2471598
1269 1273 2471601
1272 1272 2471604
1272 1273 2471607
1270 1273 2471610
1271 1272 2471613
1271 1271 2471616
1272 1274 2471619
1271 1272 2471622
1271 1270 2471625
1272 1272 2471628
1271 1272 2471631
1269 1273 2471634
1272 1273 2471637
1271 1273 2471640
1270 1274 2471643
1271 1271 2471646
1271 1274 2471649
1272 1274 2471652
1270 1272 2471655
1270 1270 2471658
1272 1272 2471661
1271 1269 2471664
1270 1272 2471667
1272 1273 2471670
1272 1273 2471673
1271 1272 2471676
1272 1272 2471679
1271 1274 2471682
1272 1273 2471685
1270 1272 2471688
1270 1271 2471691
1270 1272 2471694
1271 1272 2471697
1271 1273 2471700
1272 1274 2471703
1272 1273 2471706
1271 1272 2471709
1270 1274 2471712
1270 1271 2471715
1272 1273 2471718
1270 1272 2471721
1270 1271 2471724
1271 1271 2471727
1272 1272 2471730
1270 1273 2471733
1272 1272 2471736
1272 1273 2471739
1270 1273 2471742
1271 1272 2471745
1271 1272 2471748
1271 1274 2471751
1270 1272 2471754
1270 1270 2471757
1272 1272 2471760
1272 1272 2471763
1270 1274 2471766
1271 1273 2471769
1271 1274 2471772
1271 1272 2471775
1271 1272 2471778
1270 1272 2471781
1272 1273 2471784
1270 1272 2471787
1270 1271 2471790
1272 1273 2471793
1271 1272 2471796
1270 1273 2471799
1272 1273 2471802
1271 1273 2471805
1271 1272 2471808
1271 1273 2471811
1270 1273 2471814
1271 1273 2471817
1270 1273 2471820
1270 1272 2471823
1272 1272 2471826
1271 1271 2471829
1270 1274 2471832
1272 1272 2471835
1272 1272 2471838
1271 1273 2471841
1270 1271 2471844
1270 1271 2471847
1272 1273 2471850
1270 1272 2471853
1271 1271 2471856
1272 1271 2471859
1272 1273 2471862
1269 1272 2471865
1272 1272 2471868
1272 1273 2471871
1271 1274 2471874
1270 1272 2471877
1271 1272 2471880
1271 1275 2471883
1269 1272 2471886
1271 1271 2471889
1271 1273 2471892
1271 1271 2471895
1270 1273 2471898
1273 1273 2471901
1272 1273 2471904
1270 1273 2471907
1271 1272 2471910
1270 1273 2471913
1272 1274 2471916
1270 1271 2471919
1270 1272 2471922
1271 1272 2471925
1271 1271 2471928
1270 1273 2471931
1272 1273 2471934
1271 1273 2471937
1270 1272 2471940
1270 1272 2471943
1271 1273 2471946
1272 1273 2471949
1271 1272 2471952
1271 1271 2471955
1271 1271 2471958
1273 1271 2471961
1270 1273 2471964
1271 1273 2471967
1272 1273 2471970
1270 1273 2471973
1271 1273 2471976
1271 1272 2471979
1272 1274 2471982
1270 1273 2471985
1271 1271 2471988
1272 1271 2471991
1272 1272 2471994
1270 1272 2471997
1272 1272 2472001
1271 1272 2472004
1272 1273 2472007
1273 1273 2472010
1271 1274 2472013
1271 1272 2472016
1272 1271 2472019
1271 1272 2472022
1271 1275 2472025
1271 1270 2472028
1272 1271 2472031
1271 1271 2472033
1272 1272 2472036
1271 1272 2472039
1270 1273 2472042
1270 1274 2472045
1271 1272 2472048
1272 1271 2472051
1271 1273 2472054
1271 1272 2472057
1270 1273 2472060
1272 1273 2472063
1272 1273 2472066
1270 1272 2472069
1273 1274 2472072
1270 1273 2472075
1271 1271 2472078
1272 1271 2472081
1271 1272 2472084
1270 1273 2472087
1272 1272 2472090
1272 1273 2472093
1270 1273 2472096
1270 1272 2472099
1271 1273 2472102
1272 1274 2472105
1270 1272 2472108
1270 1270 2472111
1271 1273 2472114
1271 1271 2472117
1271 1272 2472120
1271 1273 2472123
1272 1273 2472126
1270 1272 2472129
1271 1271 2472132
1271 1273 2472135
1272 1273 2472138
1271 1272 2472141
1270 1270 2472144
1271 1270 2472147
1272 1271 2472150
1271 1272 2472153
1271 1274 2472156
1272 1274 2472159
1270 1273 2472162
1271 1274 2472165
1271 1272 2472168
1271 1273 2472171
1270 1272 2472174
1270 1274 2472177
1270 1272 2472180
1272 1272 2472183
1270 1273 2472186
1272 1273 2472189
1272 1273 2472192
1270 1274 2472195
1271 1272 2472198
1271 1271 2472201
1272 1273 2472204
1270 1273 2472207
1270 1271 2472210
1272 1272 2472213
1271 1273 2472216
1270 1273 2472219
1272 1272 2472222
1272 1274 2472225
1270 1273 2472228
1271 1271 2472231
1271 1272 2472234
1271 1274 2472237
1270 1272 2472240
1271 1270 2472243
1271 1272 2472246
1271 1272 2472249
1270 1272 2472252
1272 1273 2472255
1272 1273 2472258
1270 1271 2472261
1271 1272 2472264
1270 1272 2472267
1271 1273 2472270
1271 1271 2472273
1270 1272 2472276
1271 1272 2472279
1272 1271 2472282
1270 1274 2472285
1272 1273 2472288
1272 1272 2472291
1270 1273 2472294
1270 1272 2472297
1271 1273 2472300
1272 1273 2472303
1270 1272 2472306
1271 1272 2472309
1272 1271 2472312
1271 1272 2472315
1270 1272 2472318
1272 1271 2472321
1272 1273 2472324
1271 1273 2472327
1270 1271 2472330
1272 1273 2472333
1271 1274 2472336
1270 1273 2472339
1270 1270 2472342
1271 1272 2472345
1271 1272 2472348
1269 1272 2472351
1271 1273 2472354
1271 1273 2472357
1272 1272 2472360
1272 1272 2472363
1271 1273 2472366
1272 1274 2472369
1270 1271 2472372
1271 1272 2472375
1274 1273 2472378
1270 1271 2472381
1270 1272 2472384
1272 1273 2472387
1270 1273 2472390
1270 1272 2472393
1271 1272 2472396
1270 1273 2472399
1271 1273 2472402
1270 1272 2472405
1270 1271 2472408
1271 1271 2472411
1272 1272 2472414
1269 1273 2472417
1274 1273 2472420
1272 1273 2472423
1272 1273 2472426
1271 1273 2472429
1271 1272 2472432
1272 1274 2472435
1271 1273 2472438
1271 1270 2472441
1272 1272 2472444
1271 1272 2472447
1270 1271 2472450
1271 1272 2472453
1272 1272 2472456
1270 1273 2472459
1271 1272 2472462
1271 1272 2472465
1272 1274 2472468
1270 1272 2472471
1270 1271 2472474
1271 1272 2472477
1271 1271 2472480
1270 1272 2472483
1272 1273 2472486
1271 1274 2472489
1271 1273 2472492
1271 1272 2472495
1271 1273 2472498
1272 1273 2472501
1271 1271 2472504
1270 1272 2472507
1271 1272 2472510
1270 1272 2472513
1270 1272 2472516
1272 1273 2472519
1272 1273 2472522
1270 1272 2472525
1271 1273 2472528
1270 1272 2472531
1271 1273 2472534
1270 1272 2472537
1270 1271 2472540
1271 1272 2472543
1272 1271 2472546
1269 1273 2472549
1272 1273 2472552
1271 1273 2472555
1271 1273 2472558
1270 1271 2472561
1270 1272 2472564
1272 1273 2472567
1270 1272 2472570
1270 1271 2472573
1270 1271 2472576
1271 1272 2472579
1270 1273 2472582
1272 1272 2472585
1271 1273 2472588
1270 1272 2472591
1271 1271 2472594
1270 1273 2472597
1272 1272 2472600
1270 1272 2472603
1271 1271 2472606
1272 1272 2472609
1271 1272 2472612
1270 1272 2472615
1272 1274 2472618
1272 1273 2472621
1271 1272 2472624
1271 1273 2472627
1270 1275 2472630
1271 1274 2472633
1270 1272 2472636
1270 1272 2472639
1271 1272 2472642
1272 1272 2472645
1270 1273 2472648
1272 1272 2472651
1272 1272 2472654
1270 1272 2472657
1270 1272 2472660
1270 1272 2472663
1272 1273 2472666
1270 1273 2472669
1270 1271 2472672
1272 1272 2472675
1271 1273 2472678
1270 1273 2472681
1272 1272 2472684
1272 1273 2472687
1271 1273 2472690
1271 1271 2472693
1271 1271 2472696
1272 1274 2472699
1270 1272 2472702
1270 1270 2472705
1271 1273 2472708
1271 1272 2472711
1269 1272 2472714
1272 1273 2472717
1272 1273 2472720
1271 1273 2472723
1271 1271 2472726
1271 1273 2472729
1272 1274 2472732
1271 1272 2472735
1271 1272 2472738
1271 1272 2472741
1271 1271 2472744
1270 1273 2472747
1272 1273 2472750
1270 1273 2472753
1271 1273 2472756
1270 1272 2472759
1270 1273 2472762
1271 1273 2472765
1270 1273 2472768
1271 1272 2472771
1272 1272 2472774
1271 1271 2472777
1269 1273 2472780
1273 1274 2472783
1273 1273 2472786
1271 1273 2472789
1271 1273 2472792
1271 1273 2472795
1272 1274 2472798
1270 1273 2472801
1270 1270 2472804
1272 1272 2472807
1271 1272 2472810
1272 1273 2472813
1274 1273 2472816
1272 1274 2472819
1270 1273 2472822
1271 1272 2472825
1271 1273 2472828
1272 1274 2472831
1270 1272 2472834
1271 1270 2472837
1271 1272 2472840
1271 1273 2472843
1270 1273 2472846
1273 1273 2472849
1272 1273 2472852
1271 1273 2472855
1271 1272 2472858
1271 1274 2472861
1272 1272 2472864
1270 1271 2472867
1270 1271 2472870
1271 1271 2472873
1272 1271 2472876
1271 1273 2472879
1272 1274 2472882
1272 1273 2472885
1271 1273 2472888
1271 1273 2472891
1271 1272 2472894
1272 1273 2472897
1270 1273 2472900
1271 1271 2472903
1271 1272 2472906
1272 1272 2472909
1270 1273 2472912
1272 1273 2472915
1272 1273 2472918
1271 1273 2472921
1271 1271 2472924
1271 1272 2472927
1272 1273 2472930
1270 1272 2472933
1270 1270 2472936
1271 1272 2472939
1272 1273 2472942
1270 1273 2472945
1272 1273 2472948
1272 1274 2472951
1270 1272 2472954
1270 1272 2472957
1271 1273 2472960
1271 1273 2472963
1269 1271 2472966
1270 1271 2472969
1271 1272 2472972
1271 1272 2472975
1270 1272 2472978
1272 1273 2472981
1271 1273 2472984
1271 1272 2472987
1271 1272 2472990
1271 1273 2472993
1272 1273 2472996
1271 1272 2473000
1271 1273 2473003
1272 1272 2473006
1270 1270 2473009
1272 1273 2473012
1270 1272 2473015
1270 1272 2473018
1271 1273 2473021
1272 1270 2473024
1271 1270 2473027
1271 1271 2473029
1272 1273 2473032
1269 1273 2473035
1271 1272 2473038
1271 1274 2473041
1272 1270 2473044
1270 1272 2473047
1271 1273 2473050
1271 1274 2473053
1271 1271 2473056
1272 1271 2473059
1272 1272 2473062
1270 1273 2473065
1272 1273 2473068
1271 1273 2473071
1271 1272 2473074
1272 1272 2473077
1270 1272 2473080
1270 1271 2473083
1272 1271 2473086
1272 1271 2473089
1270 1273 2473092
1272 1273 2473095
1272 1272 2473098
1271 1273 2473101
1271 1272 2473104
1270 1272 2473107
1271 1273 2473110
1270 1272 2473113
1270 1271 2473116
1271 1271 2473119
1272 1272 2473122
1270 1273 2473125
1272 1272 2473128
1273 1273 2473131
1271 1273 2473134
1271 1271 2473137
1270 1272 2473140
1271 1274 2473143
1271 1271 2473146
1271 1270 2473149
1271 1271 2473152
1271 1272 2473155
1270 1271 2473158
1272 1273 2473161
1272 1274 2473164
1270 1272 2473167
1270 1272 2473170
1270 1272 2473173
1273 1274 2473176
1270 1272 2473179
1271 1272 2473182
1272 1273 2473185
1272 1272 2473188
1270 1273 2473191
1272 1273 2473194
1272 1272 2473197
1271 1272 2473200
1270 1274 2473203
1272 1273 2473206
1273 1273 2473209
1271 1272 2473212
1271 1272 2473215
1272 1272 2473218
1272 1272 2473221
1270 1274 2473224
1272 1272 2473227
1272 1273 2473230
1271 1273 2473233
1270 1272 2473236
1271 1273 2473239
1272 1274 2473242
1270 1273 2473245
1270 1271 2473248
1273 1272 2473251
1271 1272 2473254
1269 1272 2473257
1272 1272 2473260
1272 1274 2473263
1270 1272 2473266
1271 1272 2473269
1271 1273 2473272
1272 1274 2473275
1270 1272 2473278
1270 1271 2473281
1272 1273 2473284
1271 1272 2473287
1270 1272 2473290
1272 1273 2473293
1272 1273 2473296
1271 1272 2473299
1271 1272 2473302
1270 1273 2473305
1272 1274 2473308
1271 1271 2473311
1269 1272 2473314
1271 1271 2473317
1272 1271 2473320
1271 1273 2473323
1272 1275 2473326
1271 1273 2473329
1270 1272 2473332
1271 1273 2473335
1271 1273 2473338
1272 1274 2473341
1270 1272 2473344
1269 1270 2473347
1271 1271 2473350
1272 1272 2473353
1270 1271 2473356
1271 1271 2473359
1270 1271 2473362
1270 1272 2473365
1270 1272 2473368
1271 1273 2473371
1272 1273 2473374
1270 1270 2473377
1270 1270 2473380
1272 1272 2473383
1271 1273 2473386
1270 1271 2473389
1271 1271 2473392
1271 1274 2473395
1271 1272 2473398
1271 1272 2473401
1271 1273 2473404
1270 1272 2473407
1269 1270 2473410
1271 1271 2473413
1271 1273 2473416
1272 1270 2473419
1269 1271 2473422
1271 1273 2473425
1272 1273 2473428
1271 1273 2473431
1271 1273 2473434
1270 1272 2473437
1271 1272 2473440
1270 1272 2473443
1270 1271 2473446
1271 1272 2473449
1270 1270 2473452
1270 1273 2473455
1271 1273 2473458
1272 1273 2473461
1271 1274 2473464
1269 1271 2473467
1270 1271 2473470
1271 1273 2473473
1270 1273 2473476
1270 1272 2473479
1272 1270 2473482
1271 1271 2473485
1269 1273 2473488
1272 1272 2473491
1272 1274 2473494
1271 1272 2473497
1270 1271 2473500
1270 1272 2473503
1271 1274 2473506
1269 1271 2473509
1270 1271 2473512
1270 1271 2473515
1271 1272 2473518
1270 1272 2473521
1272 1273 2473524
1272 1274 2473527
1270 1271 2473530
1270 1271 2473533
1270 1273 2473536
1272 1272 2473539
1270 1271 2473542
1270 1270 2473545
1271 1271 2473548
1271 1271 2473551
1270 1273 2473554
1272 1274 2473557
1272 1272 2473560
1270 1272 2473563
1270 1272 2473566
1271 1271 2473569
1272 1272 2473572
1271 1271 2473575
1269 1271 2473578
1271 1271 2473581
1272 1272 2473584
1270 1274 2473587
1272 1272 2473590
1270 1273 2473593
1270 1273 2473596
1270 1271 2473599
1271 1271 2473602
1272 1273 2473605
1269 1272 2473608
1269 1269 2473611
1271 1272 2473614
1271 1273 2473617
1270 1272 2473620
1272 1272 2473623
1272 1273 2473626
1270 1273 2473629
1271 1272 2473632
1272 1273 2473635
1273 1274 2473638
1269 1271 2473641
1270 1271 2473644
1271 1273 2473647
1271 1272 2473650
1270 1273 2473653
1271 1273 2473656
1271 1272 2473659
1271 1272 2473662
1271 1273 2473665
1271 1274 2473668
1271 1273 2473671
1270 1271 2473674
1270 1271 2473677
1272 1271 2473680
1271 1271 2473683
1267 1274 2473686
1270 1272 2473689
1272 1273 2473692
1271 1272 2473695
1271 1273 2473698
1271 1272 2473701
1271 1273 2473704
1270 1272 2473707
1270 1271 2473710
1272 1271 2473713
1271 1271 2473716
1269 1272 2473719
1271 1272 2473722
1272 1273 2473725
1270 1273 2473728
1271 1273 2473731
1270 1271 2473734
1272 1274 2473737
1270 1272 2473740
1271 1271 2473743
1272 1272 2473746
1270 1272 2473749
1270 1273 2473752
1272 1273 2473755
1272 1274 2473758
1271 1273 2473761
1272 1272 2473764
1270 1273 2473767
1272 1273 2473770
1271 1272 2473773
1271 1272 2473776
1272 1273 2473779
1271 1271 2473782
1270 1272 2473785
1272 1273 2473788
1272 1274 2473791
1271 1273 2473794
1271 1273 2473797
1270 1272 2473800
1271 1273 2473803
1271 1272 2473806
1271 1273 2473809
1271 1271 2473812
1271 1272 2473815
1269 1273 2473818
1272 1273 2473821
1272 1273 2473824
1271 1274 2473827
1270 1272 2473830
1271 1272 2473833
1272 1274 2473836
1270 1273 2473839
1270 1270 2473842
1271 1271 2473845
1271 1272 2473848
1270 1273 2473851
1272 1272 2473854
1273 1274 2473857
1274 1269 2473860
1271 1270 2473863
1270 1272 2473866
1271 1273 2473869
1270 1273 2473872
1271 1270 2473875
1271 1272 2473878
1270 1272 2473881
1270 1272 2473884
1272 1273 2473887
1272 1272 2473890
1271 1272 2473893
1271 1273 2473896
1271 1273 2473899
1271 1274 2473902
1270 1271 2473905
1270 1271 2473908
1271 1272 2473911
1271 1272 2473914
1271 1274 2473917
1272 1274 2473920
1271 1272 2473923
1270 1272 2473926
1271 1273 2473929
1271 1272 2473932
1273 1274 2473935
1270 1272 2473938
1270 1271 2473941
1271 1272 2473944
1272 1272 2473947
1270 1273 2473950
1273 1271 2473953
1271 1273 2473956
1269 1273 2473959
1271 1272 2473962
1271 1273 2473965
1272 1273 2473968
1270 1272 2473971
1270 1270 2473974
1272 1273 2473977
1272 1273 2473980
1270 1271 2473983
1270 1273 2473986
1271 1273 2473989
1269 1274 2473992
1271 1272 2473995
1271 1273 2473999
1271 1273 2474002
1270 1270 2474005
1272 1273 2474008
1272 1273 2474011
1272 1272 2474014
1271 1270 2474017
1272 1273 2474020
1270 1271 2474023
1271 1270 2474026
1272 1273 2474029
1270 1272 2474031
1270 1273 2474034
1271 1271 2474037
1271 1273 2474040
1270 1272 2474043
1272 1272 2474046
1270 1271 2474049
1270 1270 2474052
1271 1271 2474055
1271 1272 2474058
1271 1273 2474061
1272 1271 2474064
1271 1271 2474067
1272 1273 2474070
1271 1271 2474073
1271 1272 2474076
1270 1273 2474079
1271 1274 2474082
1271 1272 2474085
1271 1272 2474088
1271 1273 2474091
1271 1273 2474094
1269 1272 2474097
1271 1273 2474100
1272 1272 2474103
1272 1272 2474106
1269 1273 2474109
1271 1272 2474112
1271 1273 2474115
1271 1273 2474118
1271 1273 2474121
1270 1273 2474124
1271 1273 2474127
1270 1272 2474130
1270 1271 2474133
1271 1272 2474136
1272 1271 2474139
1269 1273 2474142
1271 1272 2474145
1272 1273 2474148
1271 1274 2474151
1271 1273 2474154
1270 1272 2474157
1271 1274 2474160
1270 1272 2474163
1270 1270 2474166
1272 1273 2474169
1270 1270 2474172
1270 1271 2474175
1272 1272 2474178
1272 1274 2474181
1271 1274 2474184
1269 1272 2474187
1270 1274 2474190
1272 1274 2474193
1270 1272 2474196
1271 1272 2474199
1271 1272 2474202
1272 1272 2474205
1270 1273 2474208
1273 1274 2474211
1272 1274 2474214
1270 1272 2474217
1270 1272 2474220
1270 1272 2474223
1272 1273 2474226
1270 1272 2474229
1270 1271 2474232
1272 1271 2474235
1271 1272 2474238
1270 1273 2474241
1272 1274 2474244
1273 1272 2474247
1270 1273 2474250
1270 1272 2474253
1271 1272 2474256
1272 1274 2474259
1270 1272 2474262
1269 1270 2474265
1271 1271 2474268
1271 1272 2474271
1270 1273 2474274
1273 1272 2474277
1271 1274 2474280
1270 1272 2474283
1271 1272 2474286
1271 1273 2474289
1272 1275 2474292
1269 1272 2474295
1271 1270 2474298
1272 1272 2474301
1272 1273 2474304
1271 1272 2474307
1272 1273 2474310
1271 1273 2474313
1270 1272 2474316
1271 1272 2474319
1271 1274 2474322
1272 1272 2474325
1270 1272 2474328
1270 1271 2474331
1271 1272 2474334
1272 1273 2474337
1272 1272 2474340
1272 1273 2474343
1271 1273 2474346
1271 1273 2474349
1271 1274 2474352
1273 1272 2474355
1270 1273 2474358
1269 1272 2474361
1270 1272 2474364
1272 1271 2474367
1275 1271 2474370
1268 1273 2474373
1272 1271 2474376
1271 1273 2474379
1271 1273 2474382
1274 1275 2474385
1268 1271 2474388
1271 1273 2474391
1270 1273 2474394
1270 1272 2474397
1275 1275 2474400
1270 1271 2474403
1269 1271 2474406
1273 1274 2474409
1272 1273 2474412
1270 1276 2474415
1270 1270 2474418
1269 1271 2474421
1271 1274 2474424
1271 1273 2474427
1271 1274 2474430
1276 1270 2474433
1270 1270 2474436
1269 1273 2474439
1272 1274 2474442
1272 1277 2474445
1275 1271 2474448
1268 1272 2474451
1269 1274 2474454
1274 1275 2474457
1270 1272 2474460
1274 1270 2474463
1269 1271 2474466
1271 1271 2474469
1270 1273 2474472
1273 1275 2474475
1276 1277 2474478
1269 1271 2474481
1269 1271 2474484
1272 1274 2474487
1272 1274 2474490
1274 1277 2474493
1269 1268 2474496
1271 1270 2474499
1271 1274 2474502
1271 1273 2474505
1271 1275 2474508
1276 1271 2474511
1267 1271 2474514
1269 1274 2474517
1272 1272 2474520
1271 1274 2474523
1274 1276 2474526
1267 1270 2474529
1270 1271 2474532
1272 1273 2474535
1270 1274 2474538
1274 1277 2474541
1271 1272 2474544
1271 1272 2474547
1271 1272 2474550
1271 1275 2474553
1273 1277 2474556
1275 1270 2474559
1267 1270 2474562
1270 1272 2474565
1272 1274 2474568
1272 1273 2474571
1276 1278 2474574
1270 1271 2474577
1269 1271 2474580
1272 1275 2474583
1272 1273 2474586
1271 1276 2474589
1275 1270 2474592
1269 1270 2474595
1271 1272 2474598
1272 1272 2474601
1271 1277 2474604
1276 1273 2474607
1269 1272 2474610
1269 1273 2474613
1271 1273 2474616
1272 1272 2474619
1275 1278 2474622
1268 1270 2474625
1269 1269 2474628
1274 1273 2474631
1271 1272 2474634
1270 1278 2474637
1269 1270 2474640
1270 1272 2474643
1270 1273 2474646
1271 1273 2474649
1272 1276 2474652
1276 1272 2474655
1266 1272 2474658
1268 1271 2474661
1274 1274 2474664
1272 1273 2474667
1274 1276 2474670
1268 1272 2474673
1271 1273 2474676
1272 1273 2474679
1271 1273 2474682
1273 1278 2474685
1273 1272 2474688
1270 1271 2474691
1271 1271 2474694
1273 1274 2474697
1273 1275 2474700
1275 1272 2474703
1270 1273 2474706
1270 1274 2474709
1273 1273 2474712
1271 1272 2474715
1275 1275 2474718
1269 1272 2474721
1269 1271 2474724
1271 1272 2474727
1272 1272 2474730
1276 1276 2474733
1268 1271 2474736
1271 1271 2474739
1271 1273 2474742
1272 1274 2474745
1272 1275 2474748
1276 1272 2474751
1269 1272 2474754
1269 1274 2474757
1272 1271 2474760
1272 1271 2474763
1277 1271 2474766
1268 1271 2474769
1271 1272 2474772
1272 1274 2474775
1272 1273 2474778
1276 1276 2474781
1268 1270 2474784
1270 1273 2474787
1270 1274 2474790
1272 1272 2474793
1272 1275 2474796
1276 1269 2474799
1268 1271 2474802
1271 1275 2474805
1273 1272 2474808
1272 1274 2474811
1276 1271 2474814
1268 1272 2474817
1271 1273 2474820
1270 1272 2474823
1272 1274 2474826
1276 1276 2474829
1271 1269 2474832
1269 1272 2474835
1272 1276 2474838
1271 1273 2474841
1271 1275 2474844
1278 1272 2474847
1269 1271 2474850
1271 1274 2474853
1272 1273 2474856
1273 1275 2474859
1276 1270 2474862
1268 1272 2474865
1269 1273 2474868
1270 1274 2474871
1273 1274 2474874
1275 1277 2474877
1270 1271 2474880
1269 1270 2474883
1273 1276 2474886
1271 1273 2474889
1271 1276 2474892
1269 1270 2474895
1270 1273 2474898
1269 1274 2474901
1271 1272 2474904
1272 1276 2474907
1275 1270 2474910
1270 1272 2474913
1269 1273 2474916
1272 1274 2474919
1271 1272 2474922
1275 1276 2474925
1269 1270 2474928
1270 1270 2474931
1272 1274 2474934
1271 1272 2474937
1270 1277 2474940
1271 1269 2474943
1271 1272 2474946
1269 1272 2474949
1271 1273 2474952
1271 1277 2474955
1276 1271 2474958
1268 1271 2474961
1270 1271 2474964
1271 1275 2474967
1272 1273 2474970
1275 1275 2474973
1267 1271 2474976
1271 1273 2474979
1272 1274 2474982
1271 1274 2474985
1274 1277 2474988
1270 1270 2474991
1270 1271 2474994
1272 1272 2474997
1271 1274 2475001
1272 1276 2475004
1277 1272 2475007
1270 1270 2475010
1270 1273 2475013
1273 1272 2475016
1272 1278 2475019
1272 1271 2475022
1268 1270 2475025
1269 1272 2475028
1271 1273 2475031
1273 1277 2475034
1276 1270 2475037
1269 1272 2475040
1270 1271 2475043
1271 1273 2475045
1272 1273 2475048
1276 1272 2475051
1270 1272 2475054
1272 1272 2475057
1272 1274 2475060
1272 1272 2475063
1276 1278 2475066
1269 1271 2475069
1271 1270 2475072
1273 1275 2475075
1271 1271 2475078
1278 1277 2475081
1270 1270 2475084
1271 1272 2475087
1272 1275 2475090
1273 1272 2475093
1276 1278 2475096
1269 1270 2475099
1270 1271 2475102
1269 1273 2475105
1273 1274 2475108
1274 1276 2475111
1269 1269 2475114
1269 1271 2475117
1270 1272 2475120
1271 1272 2475123
1272 1275 2475126
1271 1272 2475129
1270 1270 2475132
1271 1273 2475135
1270 1273 2475138
1273 1277 2475141
1275 1269 2475144
1272 1271 2475147
1270 1275 2475150
1273 1272 2475153
1271 1276 2475156
1276 1272 2475159
1270 1272 2475162
1270 1273 2475165
1273 1275 2475168
1270 1276 2475171
1276 1270 2475174
1268 1270 2475177
1270 1272 2475180
1271 1274 2475183
1272 1272 2475186
1276 1272 2475189
1268 1270 2475192
1271 1272 2475195
1269 1273 2475198
1272 1277 2475201
1273 1273 2475204
1268 1272 2475207
1269 1272 2475210
1273 1273 2475213
1271 1273 2475216
1275 1277 2475219
1268 1271 2475222
1269 1270 2475225
1273 1275 2475228
1270 1271 2475231
1276 1277 2475234
1268 1270 2475237
1270 1271 2475240
1272 1274 2475243
1273 1272 2475246
1275 1278 2475249
1269 1269 2475252
1269 1270 2475255
1270 1272 2475258
1273 1275 2475261
1271 1277 2475264
1271 1271 2475267
1269 1272 2475270
1271 1272 2475273
1272 1273 2475276
1273 1276 2475279
1275 1270 2475282
1270 1270 2475285
1270 1272 2475288
1271 1272 2475291
1273 1277 2475294
1276 1271 2475297
1268 1273 2475300
1268 1274 2475303
1273 1272 2475306
1271 1274 2475309
1276 1272 2475312
1269 1271 2475315
1270 1272 2475318
1270 1273 2475321
1271 1273 2475324
1276 1278 2475327
1269 1271 2475330
1270 1272 2475333
1271 1274 2475336
1273 1274 2475339
1270 1275 2475342
1276 1270 2475345
1268 1272 2475348
1269 1272 2475351
1272 1273 2475354
1271 1270 2475357
1277 1277 2475360
1268 1270 2475363
1270 1271 2475366
1269 1274 2475369
1272 1273 2475372
1272 1271 2475375
1276 1272 2475378
1268 1273 2475381
1268 1272 2475384
1271 1274 2475387
1271 1273 2475390
1272 1278 2475393
1272 1270 2475396
1271 1272 2475399
1269 1273 2475402
1271 1272 2475405
1272 1273 2475408
1276 1277 2475411
1269 1271 2475414
1270 1271 2475417
1272 1273 2475420
1270 1272 2475423
1273 1277 2475426
1275 1272 2475429
1269 1272 2475432
1268 1273 2475435
1273 1272 2475438
1271 1273 2475441
1276 1275 2475444
1269 1270 2475447
1269 1271 2475450
1272 1274 2475453
1270 1270 2475456
1272 1277 2475459
1275 1272 2475462
1268 1271 2475465
1268 1273 2475468
1272 1272 2475471
1270 1273 2475474
1276 1271 2475477
1268 1272 2475480
1269 1272 2475483
1271 1272 2475486
1271 1273 2475489
1276 1279 2475492
1269 1270 2475495
1270 1272 2475498
1271 1274 2475501
1271 1272 2475504
1275 1277 2475507
1270 1270 2475510
1270 1272 2475513
1270 1274 2475516
1272 1273 2475519
1270 1276 2475522
1270 1271 2475525
1270 1270 2475528
1270 1273 2475531
1270 1274 2475534
1272 1275 2475537
1269 1270 2475540
1271 1272 2475543
1270 1274 2475546
1270 1273 2475549
1272 1277 2475552
1275 1271 2475555
1269 1272 2475558
1269 1275 2475561
1272 1274 2475564
1269 1276 2475567
1277 1271 2475570
1268 1271 2475573
1270 1273 2475576
1273 1274 2475579
1272 1278 2475582
1276 1271 2475585
1267 1269 2475588
1270 1273 2475591
1271 1275 2475594
1273 1274 2475597
1274 1272 2475600
1269 1271 2475603
1270 1272 2475606
1271 1272 2475609
1272 1276 2475612
1274 1277 2475615
1268 1271 2475618
1269 1272 2475621
1274 1275 2475624
1270 1272 2475627
1275 1277 2475630
1268 1271 2475633
1270 1271 2475636
1273 1274 2475639
1272 1273 2475642
1275 1277 2475645
1269 1269 2475648
1269 1271 2475651
1269 1273 2475654
1273 1275 2475657
1271 1277 2475660
1269 1272 2475663
1268 1271 2475666
1270 1271 2475669
1272 1274 2475672
1273 1276 2475675
1267 1270 2475678
1270 1272 2475681
1270 1273 2475684
1271 1271 2475687
1273 1277 2475690
1276 1272 2475693
1269 1272 2475696
1268 1273 2475699
1273 1273 2475702
1271 1276 2475705
1276 1270 2475708
1268 1271 2475711
1269 1272 2475714
1272 1273 2475717
1271 1274 2475720
1277 1272 2475723
1268 1272 2475726
1271 1272 2475729
1270 1274 2475732
1273 1273 2475735
1276 1271 2475738
1269 1272 2475741
1269 1273 2475744
1271 1273 2475747
1272 1273 2475750
1274 1276 2475753
1269 1273 2475756
1269 1271 2475759
1273 1275 2475762
1271 1274 2475765
1276 1276 2475768
1270 1270 2475771
1270 1271 2475774
1273 1275 2475777
1273 1272 2475780
1275 1277 2475783
1269 1270 2475786
1271 1272 2475789
1270 1274 2475792
1273 1275 2475795
1270 1276 2475798
1270 1269 2475801
1269 1271 2475804
1270 1271 2475807
1271 1273 2475810
1272 1275 2475813
1269 1270 2475816
1270 1269 2475819
1272 1274 2475822
1271 1274 2475825
1272 1276 2475828
1275 1268 2475831
1271 1271 2475834
1270 1274 2475837
1273 1272 2475840
1271 1276 2475843
1276 1271 2475846
1268 1270 2475849
1269 1272 2475852
1273 1276 2475855
1271 1275 2475858
1276 1271 2475861
1266 1271 2475864
1269 1271 2475867
1271 1273 2475870
1273 1273 2475873
1276 1272 2475876
1268 1271 2475879
1269 1272 2475882
1270 1273 2475885
1273 1274 2475888
1274 1276 2475891
1268 1272 2475894
1269 1271 2475897
1272 1272 2475900
1272 1273 2475903
1276 1278 2475906
1269 1270 2475909
1269 1271 2475912
1273 1274 2475915
1270 1271 2475918
1276 1277 2475921
1268 1270 2475924
1270 1271 2475927
1270 1273 2475930
1273 1273 2475933
1276 1277 2475936
1269 1270 2475939
1269 1271 2475942
1270 1273 2475945
1271 1273 2475948
1271 1275 2475951
1273 1272 2475954
1270 1271 2475957
1272 1272 2475960
1270 1273 2475963
1273 1277 2475966
1275 1270 2475969
1271 1271 2475972
1270 1275 2475975
1271 1272 2475978
1272 1275 2475981
1275 1270 2475984
1269 1275 2475987
1268 1274 2475990
1273 1273 2475993
1270 1276 2475996
1276 1271 2476000
1269 1270 2476003
1270 1274 2476006
1274 1272 2476009
1271 1272 2476012
1276 1273 2476015
1269 1272 2476018
1269 1272 2476021
1272 1270 2476024
1274 1273 2476027
1275 1277 2476030
1268 1270 2476033
1270 1271 2476036
1272 1272 2476039
1270 1272 2476042
1276 1278 2476044
1269 1272 2476047
1270 1270 2476050
1270 1275 2476053
1272 1272 2476056
1271 1277 2476059
1276 1271 2476062
1269 1272 2476065
1268 1274 2476068
1273 1271 2476071
1272 1272 2476074
1273 1277 2476077
1268 1271 2476080
1270 1272 2476083
1273 1272 2476086
1270 1273 2476089
1273 1275 2476092
1271 1270 2476095
1270 1271 2476098
1272 1271 2476101
1272 1274 2476104
1273 1274 2476107
1275 1272 2476110
1267 1270 2476113
1270 1273 2476116
1271 1274 2476119
1273 1274 2476122
1271 1278 2476125
1270 1270 2476128
1270 1270 2476131
1271 1272 2476134
1272 1274 2476137
1269 1277 2476140
1275 1270 2476143
1267 1270 2476146
1270 1273 2476149
1271 1273 2476152
1272 1273 2476155
1274 1277 2476158
1270 1269 2476161
1269 1270 2476164
1273 1275 2476167
1272 1273 2476170
1272 1276 2476173
1276 1271 2476176
1267 1271 2476179
1270 1274 2476182
1271 1273 2476185
1271 1275 2476188
1274 1272 2476191
1268 1271 2476194
1269 1272 2476197
1269 1273 2476200
1271 1275 2476203
1276 1278 2476206
1269 1270 2476209
1269 1270 2476212
1273 1276 2476215
1271 1273 2476218
1272 1277 2476221
1269 1270 2476224
1270 1271 2476227
1272 1272 2476230
1273 1273 2476233
1273 1278 2476236
1277 1270 2476239
1270 1270 2476242
1270 1272 2476245
1272 1274 2476248
1272 1275 2476251
1276 1272 2476254
1267 1271 2476257
1270 1274 2476260
1273 1272 2476263
1271 1275 2476266
1276 1272 2476269
1268 1271 2476272
1269 1272 2476275
1272 1273 2476278
1272 1275 2476281
1276 1271 2476284
1268 1272 2476287
1268 1271 2476290
1272 1273 2476293
1273 1273 2476296
1275 1273 2476299
1268 1272 2476302
1269 1271 2476305
1270 1273 2476308
1271 1272 2476311
1276 1277 2476314
1267 1271 2476317
1269 1273 2476320
1271 1272 2476323
1271 1272 2476326
1275 1278 2476329
1270 1270 2476332
1270 1271 2476335
1273 1275 2476338
1271 1271 2476341
1275 1275 2476344
1270 1271 2476347
1268 1270 2476350
1273 1274 2476353
1272 1273 2476356
1272 1277 2476359
1270 1270 2476362
1270 1270 2476365
1270 1273 2476368
1271 1273 2476371
1272 1274 2476374
1270 1270 2476377
1271 1274 2476380
1269 1273 2476383
1272 1274 2476386
1272 1277 2476389
1276 1271 2476392
1269 1270 2476395
1271 1275 2476398
1271 1272 2476401
1272 1275 2476404
1276 1272 2476407
1268 1271 2476410
1270 1274 2476413
1273 1273 2476416
1271 1277 2476419
1274 1271 2476422
1268 1271 2476425
1269 1272 2476428
1272 1273 2476431
1271 1272 2476434
1275 1271 2476437
1267 1271 2476440
1267 1270 2476443
1271 1273 2476446
1272 1274 2476449
1276 1275 2476452
1267 1271 2476455
1270 1272 2476458
1271 1272 2476461
1272 1273 2476464
1275 1277 2476467
1267 1272 2476470
1269 1271 2476473
1272 1273 2476476
1271 1274 2476479
1274 1277 2476482
1270 1270 2476485
1268 1272 2476488
1272 1274 2476491
1272 1271 2476494
1275 1277 2476497
1269 1270 2476500
1269 1270 2476503
1270 1272 2476506
1271 1273 2476509
1272 1277 2476512
1270 1270 2476515
1271 1272 2476518
1270 1273 2476521
1271 1271 2476524
1272 1276 2476527
1277 1271 2476530
1269 1271 2476533
1270 1273 2476536
1272 1273 2476539
1270 1272 2476542
1277 1271 2476545
1267 1271 2476548
1270 1273 2476551
1270 1272 2476554
1273 1273 2476557
1275 1277 2476560
1269 1271 2476563
1269 1271 2476566
1273 1274 2476569
1271 1273 2476572
1276 1276 2476575
1271 1272 2476578
1269 1272 2476581
1270 1272 2476584
1272 1273 2476587
1272 1276 2476590
1266 1271 2476593
1272 1271 2476596
1271 1274 2476599
1271 1273 2476602
1272 1276 2476605
1275 1270 2476608
1269 1273 2476611
1269 1272 2476614
1273 1273 2476617
1269 1272 2476620
1276 1271 2476623
1268 1271 2476626
1270 1271 2476629
1270 1274 2476632
1273 1273 2476635
1275 1276 2476638
1266 1271 2476641
1270 1272 2476644
1272 1273 2476647
1271 1274 2476650
1275 1277 2476653
1270 1269 2476656
1269 1271 2476659
1271 1274 2476662
1272 1273 2476665
1272 1275 2476668
1271 1270 2476671
1269 1269 2476674
1271 1273 2476677
1270 1273 2476680
1272 1277 2476683
1275 1271 2476686
1269 1271 2476689
1269 1274 2476692
1273 1273 2476695
1271 1272 2476698
1276 1272 2476701
1268 1270 2476704
1268 1270 2476707
1272 1274 2476710
1271 1273 2476713
1275 1276 2476716
1266 1271 2476719
1269 1272 2476722
1272 1273 2476725
1272 1272 2476728
1275 1278 2476731
1269 1270 2476734
1269 1270 2476737
1270 1273 2476740
1273 1274 2476743
1271 1275 2476746
1270 1271 2476749
1268 1271 2476752
1271 1271 2476755
1271 1272 2476758
1273 1277 2476761
1275 1271 2476764
1268 1270 2476767
1269 1272 2476770
1271 1274 2476773
1272 1274 2476776
1274 1271 2476779
1269 1273 2476782
1269 1272 2476785
1272 1272 2476788
1272 1275 2476791
1276 1277 2476794
1270 1270 2476797
1269 1271 2476800
1271 1272 2476803
1271 1271 2476806
1272 1277 2476809
1275 1269 2476812
1271 1272 2476815
1269 1272 2476818
1272 1273 2476821
1271 1272 2476824
1277 1270 2476827
1268 1271 2476830
1269 1271 2476833
1271 1273 2476836
1272 1272 2476839
1275 1278 2476842
1266 1272 2476845
1269 1272 2476848
1271 1274 2476851
1271 1272 2476854
1276 1276 2476857
1270 1270 2476860
1269 1273 2476863
1271 1274 2476866
1272 1272 2476869
1270 1275 2476872
1271 1271 2476875
1270 1271 2476878
1270 1274 2476881
1270 1274 2476884
1273 1275 2476887
1276 1271 2476890
1268 1272 2476893
1269 1274 2476896
1272 1272 2476899
1270 1276 2476902
1275 1271 2476905
1269 1272 2476908
1269 1272 2476911
1271 1275 2476914
1271 1272 2476917
1276 1276 2476920
1268 1271 2476923
1270 1271 2476926
1271 1272 2476929
1271 1274 2476932
1275 1277 2476935
1268 1269 2476938
1270 1272 2476941
1271 1274 2476944
1272 1272 2476947
1270 1277 2476950
1271 1270 2476953
1269 1271 2476956
1271 1272 2476959
1272 1274 2476962
1273 1277 2476965
1275 1270 2476968
1268 1271 2476971
1271 1275 2476974
1272 1271 2476977
1271 1274 2476980
1273 1272 2476983
1269 1270 2476986
1270 1271 2476989
1271 1273 2476992
1272 1274 2476995
1274 1275 2476999
1268 1272 2477002
1270 1272 2477005
1274 1272 2477008
1271 1270 2477011
1274 1276 2477014
1272 1270 2477017
1272 1272 2477020
1271 1274 2477023
1272 1273 2477026
1271 1275 2477029
1271 1272 2477032
1273 1271 2477035
1271 1272 2477038
1270 1272 2477040
1273 1274 2477043
1275 1272 2477046
1273 1270 2477049
1272 1272 2477052
1270 1273 2477055
1273 1273 2477058
1274 1274 2477061
1270 1272 2477064
1270 1272 2477067
1271 1273 2477070
1271 1272 2477073
1275 1271 2477076
1271 1271 2477079
1272 1272 2477082
1272 1273 2477085
1270 1272 2477088
1273 1275 2477091
1272 1272 2477094
1271 1271 2477097
1270 1271 2477100
1272 1274 2477103
1270 1274 2477106
1271 1273 2477109
1270 1272 2477112
1271 1273 2477115
1271 1272 2477118
1272 1273 2477121
1270 1273 2477124
1271 1272 2477127
1271 1272 2477130
1270 1272 2477133
1271 1274 2477136
1271 1272 2477139
1271 1273 2477142
1270 1273 2477145
1272 1272 2477148
1271 1273 2477151
1272 1273 2477154
1270 1272 2477157
1271 1272 2477160
1271 1273 2477163
1270 1272 2477166
1273 1273 2477169
1271 1272 2477172
1271 1274 2477175
1270 1273 2477178
1271 1272 2477181
1272 1274 2477184
1271 1271 2477187
1270 1272 2477190
1271 1272 2477193
1271 1271 2477196
1271 1271 2477199
1272 1273 2477202
1271 1272 2477205
1271 1273 2477208
1270 1272 2477211
1272 1273 2477214
1271 1271 2477217
1271 1272 2477220
1270 1273 2477223
1271 1275 2477226
1271 1273 2477229
1271 1271 2477232
1272 1274 2477235
1270 1273 2477238
1272 1273 2477241
1270 1274 2477244
1272 1272 2477247
1271 1272 2477250
1272 1272 2477253
1270 1272 2477256
1271 1272 2477259
1270 1271 2477262
1270 1272 2477265
1272 1273 2477268
1270 1272 2477271
1271 1274 2477274
1270 1273 2477277
1272 1271 2477280
1270 1272 2477283
1271 1272 2477286
1271 1273 2477289
1271 1272 2477292
1271 1272 2477295
1270 1272 2477298
1272 1273 2477301
1271 1274 2477304
1271 1273 2477307
1271 1272 2477310
1271 1272 2477313
1271 1272 2477316
1272 1272 2477319
1271 1273 2477322
1272 1273 2477325
1271 1273 2477328
1271 1271 2477331
1272 1275 2477334
1270 1272 2477337
1272 1273 2477340
1270 1272 2477343
1272 1272 2477346
1271 1273 2477349
1272 1272 2477352
1271 1275 2477355
1271 1273 2477358
1271 1272 2477361
1270 1273 2477364
1272 1274 2477367
1271 1272 2477370
1271 1273 2477373
1270 1272 2477376
1270 1272 2477379
1270 1272 2477382
1271 1273 2477385
1271 1273 2477388
1271 1272 2477391
1271 1273 2477394
1270 1272 2477397
1272 1273 2477400
1271 1272 2477403
1271 1274 2477406
1271 1271 2477409
1272 1271 2477412
1271 1272 2477415
1272 1273 2477418
1271 1272 2477421
1271 1272 2477424
1270 1273 2477427
1271 1271 2477430
1272 1273 2477433
1270 1273 2477436
1270 1273 2477439
1269 1272 2477442
1272 1272 2477445
1272 1272 2477448
1271 1272 2477451
1271 1273 2477454
1272 1273 2477457
1271 1271 2477460
1271 1272 2477463
1272 1274 2477466
1271 1273 2477469
1272 1273 2477472
1271 1273 2477475
1272 1273 2477478
1272 1272 2477481
1272 1272 2477484
1271 1274 2477487
1271 1272 2477490
1271 1272 2477493
1271 1272 2477496
1272 1274 2477499
1271 1272 2477502
1272 1273 2477505
1270 1273 2477508
1272 1273 2477511
1271 1272 2477514
1272 1273 2477517
1271 1273 2477520
1271 1272 2477523
1272 1272 2477526
1270 1272 2477529
1273 1274 2477532
1271 1272 2477535
1271 1274 2477538
1270 1273 2477541
1272 1272 2477544
1271 1273 2477547
1271 1272 2477550
1270 1272 2477553
1271 1278 2477556
1270 1272 2477559
1271 1272 2477562
1272 1273 2477565
1270 1273 2477568
1272 1274 2477571
1270 1272 2477574
1272 1273 2477577
1271 1272 2477580
1272 1271 2477583
1271 1273 2477586
1271 1272 2477589
1271 1272 2477592
1271 1271 2477595
1272 1274 2477598
1270 1273 2477601
1271 1273 2477604
1270 1274 2477607
1271 1272 2477610
1272 1271 2477613
1271 1272 2477616
1270 1273 2477619
1270 1272 2477622
1271 1272 2477625
1270 1272 2477628
1271 1274 2477631
1271 1272 2477634
1272 1274 2477637
1269 1272 2477640
1272 1271 2477643
1272 1272 2477646
1272 1273 2477649
1271 1272 2477652
1271 1272 2477655
1271 1272 2477658
1270 1273 2477661
1272 1273 2477664
1271 1273 2477667
1271 1274 2477670
1270 1271 2477673
1272 1272 2477676
1271 1272 2477679
1272 1272 2477682
1271 1273 2477685
1271 1273 2477688
1271 1273 2477691
1270 1271 2477694
1272 1274 2477697
1270 1273 2477700
1271 1273 2477703
1271 1272 2477706
1271 1273 2477709
1268 1272 2477712
1270 1272 2477715
1270 1273 2477718
1271 1272 2477721
1270 1272 2477724
1271 1272 2477727
1272 1274 2477730
1270 1272 2477733
1271 1273 2477736
1270 1273 2477739
1269 1273 2477742
1271 1272 2477745
1271 1273 2477748
1271 1273 2477751
1271 1272 2477754
1271 1275 2477757
1270 1271 2477760
1272 1273 2477763
1271 1272 2477766
1271 1274 2477769
1271 1273 2477772
1273 1272 2477775
1272 1273 2477778
1272 1273 2477781
1271 1273 2477784
1271 1272 2477787
1271 1273 2477790
1270 1271 2477793
1271 1273 2477796
1270 1273 2477799
1271 1274 2477802
1270 1272 2477805
1272 1272 2477808
1272 1273 2477811
1272 1273 2477814
1271 1273 2477817
1271 1273 2477820
1271 1271 2477823
1271 1272 2477826
1272 1274 2477829
1271 1272 2477832
1272 1272 2477835
1269 1273 2477838
1271 1273 2477841
1272 1273 2477844
1271 1272 2477847
1271 1274 2477850
1271 1272 2477853
1271 1271 2477856
1270 1271 2477859
1272 1274 2477862
1270 1272 2477865
1271 1274 2477868
1269 1273 2477871
1271 1272 2477874
1271 1272 2477877
1271 1273 2477880
1271 1272 2477883
1271 1271 2477886
1270 1273 2477889
1270 1271 2477892
1271 1273 2477895
1270 1272 2477898
1271 1274 2477901
1269 1272 2477904
1271 1272 2477907
1271 1273 2477910
1271 1272 2477913
1271 1272 2477916
1270 1273 2477919
1271 1271 2477922
1271 1271 2477925
1272 1273 2477928
1270 1273 2477931
1272 1273 2477934
1270 1272 2477937
1271 1273 2477940
1271 1272 2477943
1271 1272 2477946
1270 1273 2477949
1271 1274 2477952
1270 1272 2477955
1271 1269 2477958
1272 1275 2477961
1271 1273 2477964
1272 1273 2477967
1270 1274 2477970
1272 1272 2477973
1271 1272 2477976
1271 1273 2477979
1270 1273 2477982
1271 1272 2477985
1271 1272 2477988
1271 1271 2477991
1272 1274 2477994
1270 1273 2477997
1271 1273 2478001
1272 1272 2478004
1271 1271 2478007
1272 1273 2478010
1270 1272 2478013
1271 1272 2478016
1271 1273 2478019
1272 1272 2478022
1272 1273 2478025
1272 1272 2478028
1272 1273 2478031
1271 1273 2478034
1272 1272 2478036
1271 1272 2478039
1271 1272 2478042
1272 1272 2478045
1273 1272 2478048
1270 1273 2478051
1272 1272 2478054
1270 1272 2478057
1271 1272 2478060
1272 1273 2478063
1271 1273 2478066
1271 1271 2478069
1271 1272 2478072
1272 1272 2478075
1272 1272 2478078
1271 1273 2478081
1272 1272 2478084
1272 1273 2478087
1270 1273 2478090
1271 1274 2478093
1269 1271 2478096
1271 1272 2478099
1271 1273 2478102
1270 1272 2478105
1270 1272 2478108
1271 1272 2478111
1271 1272 2478114
1270 1271 2478117
1272 1274 2478120
1271 1273 2478123
1271 1272 2478126
1270 1272 2478129
1272 1272 2478132
1273 1272 2478135
1273 1272 2478138
1271 1273 2478141
1272 1273 2478144
1271 1272 2478147
1271 1272 2478150
1272 1274 2478153
1270 1272 2478156
1271 1273 2478159
1269 1272 2478162
1270 1272 2478165
1271 1271 2478168
1272 1272 2478171
1271 1274 2478174
1271 1272 2478177
1270 1272 2478180
1270 1272 2478183
1272 1273 2478186
1271 1272 2478189
1271 1274 2478192
1268 1273 2478195
1271 1271 2478198
1271 1272 2478201
1271 1272 2478204
1271 1272 2478207
1271 1273 2478210
1271 1273 2478213
1270 1271 2478216
1272 1273 2478219
1270 1273 2478222
1271 1273 2478225
1269 1272 2478228
1271 1272 2478231
1271 1272 2478234
1272 1271 2478237
1271 1273 2478240
1271 1278 2478243
1270 1271 2478246
1270 1271 2478249
1271 1274 2478252
1270 1272 2478255
1271 1273 2478258
1270 1273 2478261
1271 1273 2478264
1272 1272 2478267
1271 1272 2478270
1271 1274 2478273
1271 1271 2478276
1271 1272 2478279
1270 1272 2478282
1272 1273 2478285
1271 1271 2478288
1271 1272 2478291
1269 1273 2478294
1271 1272 2478297
1271 1272 2478300
1272 1273 2478303
1271 1272 2478306
1271 1272 2478309
1271 1273 2478312
1270 1272 2478315
1271 1273 2478318
1270 1272 2478321
1276 1273 2478324
1269 1272 2478327
1271 1271 2478330
1271 1273 2478333
1271 1271 2478336
1271 1272 2478339
1271 1272 2478342
1270 1273 2478345
1270 1272 2478348
1272 1274 2478351
1271 1274 2478354
1272 1274 2478357
1270 1272 2478360
1272 1273 2478363
1271 1272 2478366
1271 1274 2463966
1272 1272 2463969
1271 1272 2463972
1270 1273 2463975
1272 1273 2463978
1271 1273 2463981
1272 1273 2463984
1269 1275 2463987
1269 1272 2463990
1272 1272 2463993
1272 1273 2463996
1272 1273 2464000
1271 1271 2464003
1271 1272 2464006
1271 1272 2464009
1271 1271 2464012
1273 1274 2464015
1269 1272 2464018
1273 1271 2464021
1271 1273 2464024
1272 1271 2464027
1273 1274 2464030
1272 1272 2464033
1272 1273 2464036
1272 1273 2464039
1271 1272 2464041
1271 1272 2464044
1270 1273 2464047
1270 1271 2464050
1272 1271 2464053
1270 1273 2464056
1272 1272 2464059
1272 1272 2464062
1271 1273 2464065
1271 1272 2464068
1271 1274 2464071
1271 1271 2464074
1273 1272 2464077
1271 1274 2464080
1271 1272 2464083
1271 1273 2464086
1272 1272 2464089
1273 1274 2464092
1271 1273 2464095
1271 1274 2464098
1270 1272 2464101
1271 1272 2464104
1271 1273 2464107
1272 1271 2464110
1271 1272 2464113
1270 1272 2464116
1271 1272 2464119
1270 1272 2464122
1273 1274 2464125
1271 1273 2464128
1271 1272 2464131
1270 1272 2464134
1271 1272 2464137
1272 1274 2464140
1272 1272 2464143
1270 1273 2464146
1271 1272 2464149
1271 1272 2464152
1271 1273 2464155
1272 1274 2464158
1271 1272 2464161
1271 1272 2464164
1270 1273 2464167
1268 1273 2464170
1271 1272 2464173
1270 1272 2464176
1270 1273 2464179
1271 1271 2464182
1270 1272 2464185
1272 1272 2464188
1271 1273 2464191
1270 1271 2464194
1271 1274 2464197
1271 1271 2464200
1272 1272 2464203
1271 1272 2464206
1271 1272 2464209
1270 1272 2464212
1272 1272 2464215
1271 1273 2464218
1271 1271 2464221
1271 1273 2464224
1270 1272 2464227
1271 1273 2464230
1270 1272 2464233
1272 1272 2464236
1271 1272 2464239
1272 1271 2464242
1271 1273 2464245
1271 1273 2464248
1272 1271 2464251
1270 1271 2464254
1272 1274 2464257
1271 1272 2464260
1272 1273 2464263
1271 1273 2464266
1272 1272 2464269
1271 1272 2464272
1271 1272 2464275
1271 1274 2464278
1271 1272 2464281
1272 1270 2464284
1271 1272 2464287
