1271 1271 1397293
1272 1273 1397296
1272 1271 1397299
1271 1271 1397302
1271 1273 1397305
1273 1273 1397308
1271 1270 1397311
1270 1271 1397314
1271 1273 1397317
1271 1272 1397320
1271 1270 1397323
1273 1274 1397326
1272 1273 1397329
1272 1270 1397332
1271 1272 1397335
1271 1273 1397338
1272 1272 1397341
1271 1271 1397344
1271 1272 1397347
1271 1273 1397350
1272 1272 1397353
1272 1271 1397356
1272 1274 1397359
1273 1272 1397362
1272 1272 1397365
1271 1272 1397368
1272 1271 1397371
1272 1273 1397374
1270 1271 1397377
1270 1271 1397380
1270 1272 1397383
1271 1273 1397386
1272 1272 1397389
1272 1273 1397392
1273 1273 1397395
1271 1271 1397398
1271 1271 1397401
1271 1272 1397404
1274 1273 1397407
1272 1271 1397410
1271 1271 1397413
1271 1273 1397416
1271 1273 1397419
1272 1270 1397422
1272 1274 1397425
1272 1273 1397428
1272 1270 1397431
1271 1272 1397434
1269 1272 1397437
1272 1274 1397440
1271 1271 1397443
1270 1271 1397446
1271 1273 1397449
1271 1272 1397452
1272 1271 1397455
1272 1274 1397458
1272 1272 1397461
1272 1270 1397464
1273 1272 1397467
1272 1273 1397470
1273 1273 1397473
1272 1271 1397476
1271 1270 1397479
1271 1273 1397482
1272 1273 1397485
1272 1272 1397488
1272 1273 1397491
1272 1273 1397494
1272 1271 1397497
1271 1273 1397500
1272 1272 1397503
1272 1273 1397506
1272 1272 1397509
1270 1271 1397512
1270 1272 1397515
1271 1273 1397518
1272 1270 1397521
1272 1273 1397524
1272 1274 1397527
1272 1271 1397530
1272 1271 1397533
1271 1272 1397536
1272 1273 1397539
1271 1270 1397542
1270 1271 1397545
1271 1273 1397548
1272 1272 1397551
1272 1271 1397554
1271 1273 1397557
1272 1272 1397560
1272 1270 1397563
1271 1271 1397566
1272 1272 1397569
1273 1273 1397572
1271 1271 1397575
1271 1272 1397578
1271 1271 1397581
1271 1272 1397584
1272 1271 1397587
1272 1273 1397590
1272 1273 1397593
1272 1271 1397596
1272 1272 1397599
1271 1272 1397602
1272 1273 1397605
1271 1272 1397608
1271 1271 1397611
1270 1272 1397614
1271 1273 1397617
1271 1272 1397620
1272 1273 1397623
1272 1273 1397626
1272 1272 1397629
1271 1272 1397632
1272 1272 1397635
1272 1273 1397638
1271 1271 1397641
1271 1270 1397644
1270 1272 1397647
1270 1272 1397650
1271 1270 1397653
1271 1272 1397656
1272 1273 1397659
1271 1271 1397662
1272 1271 1397665
1272 1273 1397668
1273 1273 1397671
1271 1270 1397674
1270 1271 1397677
1271 1271 1397680
1272 1271 1397683
1272 1270 1397686
1272 1274 1397689
1272 1273 1397692
1272 1271 1397695
1271 1273 1397698
1271 1272 1397701
1272 1272 1397704
1271 1271 1397707
1270 1272 1397710
1270 1272 1397713
1271 1272 1397716
1272 1271 1397719
1272 1273 1397722
1272 1273 1397725
1272 1272 1397728
1271 1272 1397731
1271 1271 1397734
1271 1273 1397737
1271 1271 1397740
1270 1271 1397743
1271 1272 1397746
1271 1273 1397749
1271 1271 1397752
1272 1273 1397755
1272 1274 1397758
1272 1271 1397761
1271 1270 1397764
1271 1272 1397767
1271 1273 1397770
1271 1272 1397773
1271 1271 1397776
1271 1273 1397779
1272 1273 1397782
1272 1271 1397785
1272 1274 1397788
1272 1273 1397791
1272 1270 1397794
1271 1271 1397797
1271 1272 1397800
1272 1273 1397803
1271 1270 1397806
1271 1271 1397809
1271 1273 1397812
1272 1272 1397815
1272 1272 1397818
1271 1273 1397821
1271 1272 1397824
1271 1270 1397827
1270 1272 1397830
1271 1272 1397833
1272 1273 1397836
1271 1271 1397839
1270 1272 1397842
1271 1272 1397845
1272 1272 1397848
1272 1271 1397851
1272 1272 1397854
1272 1273 1397857
1271 1271 1397860
1271 1271 1397863
1271 1271 1397866
1272 1273 1397869
1271 1271 1397872
1270 1270 1397875
1271 1273 1397878
1271 1273 1397881
1272 1270 1397884
1271 1273 1397887
1270 1273 1397890
1271 1271 1397893
1272 1271 1397896
1272 1272 1397899
1273 1273 1397902
1272 1270 1397905
1270 1271 1397908
1270 1273 1397911
1272 1271 1397914
1271 1271 1397917
1274 1274 1397920
1272 1274 1397923
1273 1271 1397926
1272 1273 1397929
1272 1273 1397932
1272 1273 1397935
1271 1271 1397938
1270 1272 1397941
1270 1271 1397944
1271 1272 1397947
1272 1271 1397950
1272 1273 1397953
1272 1272 1397956
1271 1271 1397959
1270 1272 1397962
1271 1272 1397965
1272 1273 1397968
1271 1272 1397971
1270 1270 1397974
1270 1272 1397977
1271 1273 1397980
1272 1271 1397983
1272 1272 1397986
1272 1273 1397989
1271 1272 1397992
1271 1272 1397995
1272 1273 1398000
1271 1271 1398003
1271 1272 1398006
1271 1273 1398009
1270 1272 1398012
1270 1272 1398015
1271 1273 1398018
1272 1274 1398021
1270 1272 1398024
1271 1271 1398027
1271 1272 1398030
1271 1271 1398033
1270 1272 1398036
1271 1273 1398039
1271 1274 1398042
1270 1272 1398045
1272 1272 1398048
1270 1274 1398051
1272 1273 1398054
1270 1272 1398057
1270 1271 1398060
1272 1271 1398063
1271 1271 1398066
1270 1273 1398069
1272 1274 1398072
1271 1273 1398075
1270 1273 1398078
1271 1273 1398081
1271 1273 1398084
1272 1273 1398087
1270 1273 1398090
1270 1270 1398093
1271 1271 1398096
1271 1272 1398099
1270 1272 1398102
1272 1272 1398105
1272 1274 1398108
1270 1273 1398111
1271 1272 1398114
1270 1272 1398117
1272 1274 1398120
1270 1272 1398123
1270 1271 1398126
1272 1272 1398129
1271 1271 1398132
1269 1271 1398135
1271 1272 1398138
1271 1273 1398141
1270 1273 1398144
1271 1271 1398147
1271 1273 1398150
1271 1273 1398153
1270 1271 1398156
1270 1271 1398159
1271 1270 1398162
1271 1271 1398165
1269 1272 1398168
1271 1273 1398171
1271 1274 1398174
1270 1272 1398177
1271 1273 1398180
1270 1272 1398183
1271 1272 1398186
1270 1273 1398189
1270 1270 1398192
1272 1271 1398195
1272 1272 1398198
1270 1273 1398201
1272 1273 1398204
1272 1272 1398207
1270 1273 1398210
1270 1271 1398213
1271 1272 1398216
1272 1274 1398219
1270 1274 1398222
1268 1271 1398225
1271 1271 1398228
1272 1272 1398231
1270 1272 1398234
1272 1272 1398237
1272 1274 1398240
1270 1272 1398243
1271 1271 1398246
1270 1273 1398249
1271 1273 1398252
1269 1271 1398255
1270 1270 1398258
1272 1272 1398261
1272 1273 1398264
1270 1272 1398267
1272 1274 1398270
1272 1272 1398273
1271 1271 1398276
1270 1272 1398279
1270 1273 1398282
1271 1273 1398285
1271 1272 1398288
1270 1271 1398291
1272 1272 1398294
1272 1272 1398297
1270 1274 1398300
1272 1273 1398303
1272 1272 1398306
1270 1273 1398309
1271 1272 1398312
1271 1272 1398315
1272 1273 1398318
1270 1272 1398321
1271 1271 1398324
1272 1272 1398327
1272 1273 1398330
1270 1273 1398333
1272 1272 1398336
1272 1273 1398339
1271 1273 1398342
1270 1271 1398345
1270 1272 1398348
1272 1274 1398351
1270 1272 1398354
1270 1270 1398357
1272 1273 1398360
1271 1272 1398363
1270 1271 1398366
1271 1273 1398369
1272 1273 1398372
1270 1273 1398375
1271 1271 1398378
1271 1273 1398381
1272 1274 1398384
1270 1272 1398387
1271 1271 1398390
1271 1272 1398393
1272 1271 1398396
1270 1273 1398399
1272 1273 1398402
1271 1274 1398405
1271 1272 1398408
1270 1273 1398411
1270 1273 1398414
1272 1273 1398417
1271 1272 1398420
1271 1272 1398423
1271 1271 1398426
1271 1272 1398429
1270 1273 1398432
1271 1273 1398435
1271 1273 1398438
1270 1272 1398441
1270 1273 1398444
1270 1271 1398447
1272 1274 1398450
1270 1273 1398453
1269 1270 1398456
1271 1271 1398459
1271 1272 1398462
1266 1274 1398465
1271 1273 1398468
1271 1273 1398471
1270 1273 1398474
1271 1271 1398477
1271 1273 1398480
1271 1274 1398483
1270 1271 1398486
1270 1271 1398489
1271 1272 1398492
1270 1272 1398495
1270 1272 1398498
1272 1272 1398501
1271 1273 1398504
1270 1272 1398507
1271 1272 1398510
1270 1273 1398513
1272 1273 1398516
1270 1272 1398519
1270 1272 1398522
1271 1271 1398525
1271 1271 1398528
1270 1273 1398531
1272 1273 1398534
1272 1273 1398537
1270 1272 1398540
1270 1273 1398543
1270 1272 1398546
1271 1272 1398549
1270 1272 1398552
1270 1270 1398555
1271 1271 1398558
1272 1272 1398561
1270 1273 1398564
1272 1272 1398567
1272 1272 1398570
1270 1273 1398573
1271 1271 1398576
1271 1272 1398579
1271 1274 1398582
1269 1271 1398585
1271 1270 1398588
1271 1272 1398591
1271 1272 1398594
1270 1273 1398597
1272 1273 1398600
1271 1273 1398603
1270 1272 1398606
1271 1271 1398609
1270 1273 1398612
1271 1273 1398615
1271 1272 1398618
1271 1271 1398621
1272 1272 1398624
1271 1272 1398627
1271 1272 1398630
1272 1273 1398633
1272 1273 1398636
1270 1272 1398639
1271 1272 1398642
1270 1271 1398645
1272 1272 1398648
1270 1271 1398651
1270 1271 1398654
1271 1271 1398657
1271 1271 1398660
1270 1273 1398663
1272 1273 1398666
1272 1273 1398669
1270 1273 1398672
1271 1272 1398675
1269 1272 1398678
1271 1272 1398681
1269 1272 1398684
1270 1271 1398687
1271 1271 1398690
1271 1273 1398693
1270 1272 1398696
1272 1272 1398699
1272 1273 1398702
1270 1273 1398705
1271 1273 1398708
1271 1273 1398711
1271 1274 1398714
1270 1272 1398717
1271 1270 1398720
1272 1272 1398723
1272 1272 1398726
1270 1272 1398729
1272 1273 1398732
1271 1273 1398735
1270 1272 1398738
1271 1272 1398741
1271 1273 1398744
1271 1274 1398747
1271 1272 1398750
1270 1272 1398753
1272 1272 1398756
1271 1271 1398759
1270 1273 1398762
1272 1273 1398765
1272 1273 1398768
1271 1272 1398771
1272 1272 1398774
1271 1273 1398777
1272 1273 1398780
1270 1272 1398783
1271 1271 1398786
1272 1271 1398789
1271 1272 1398792
1271 1273 1398795
1273 1272 1398798
1272 1272 1398801
1271 1273 1398804
1271 1273 1398807
1271 1272 1398810
1272 1274 1398813
1270 1272 1398816
1271 1270 1398819
1272 1272 1398822
1271 1272 1398825
1270 1272 1398828
1273 1272 1398831
1272 1274 1398834
1270 1273 1398837
1271 1271 1398840
1271 1273 1398843
1272 1274 1398846
1270 1271 1398849
1270 1271 1398852
1271 1272 1398855
1273 1271 1398858
1271 1272 1398861
1272 1273 1398864
1272 1274 1398867
1271 1271 1398870
1271 1272 1398873
1271 1273 1398876
1272 1273 1398879
1270 1272 1398882
1270 1272 1398885
1272 1272 1398888
1272 1271 1398891
1270 1273 1398894
1272 1273 1398897
1272 1273 1398900
1270 1273 1398903
1271 1273 1398906
1271 1271 1398909
1272 1273 1398912
1270 1273 1398915
1270 1270 1398918
1272 1271 1398921
1272 1272 1398924
1270 1273 1398927
1271 1272 1398930
1272 1273 1398933
1271 1273 1398936
1271 1272 1398939
1270 1272 1398942
1271 1274 1398945
1269 1272 1398948
1270 1271 1398951
1272 1272 1398954
1272 1272 1398957
1270 1272 1398960
1272 1273 1398963
1272 1274 1398966
1270 1272 1398969
1271 1271 1398972
1271 1273 1398975
1271 1273 1398978
1270 1271 1398981
1270 1271 1398984
1271 1272 1398987
1271 1271 1398990
1270 1273 1398993
1272 1274 1398996
1271 1272 1399000
1271 1271 1399003
1272 1272 1399006
1270 1272 1399009
1271 1271 1399012
1272 1270 1399015
1273 1272 1399018
1271 1272 1399021
1271 1272 1399024
1271 1274 1399027
1270 1272 1399029
1271 1274 1399032
1272 1272 1399035
1270 1273 1399038
1270 1273 1399041
1271 1273 1399044
1270 1272 1399047
1272 1272 1399050
1271 1271 1399053
1271 1272 1399056
1270 1272 1399059
1273 1272 1399062
1271 1272 1399065
1271 1273 1399068
1271 1272 1399071
1269 1273 1399074
1272 1274 1399077
1272 1274 1399080
1270 1272 1399083
1271 1273 1399086
1270 1272 1399089
1272 1273 1399092
1270 1273 1399095
1270 1271 1399098
1271 1271 1399101
1271 1271 1399104
1270 1273 1399107
1272 1273 1399110
1271 1273 1399113
1270 1273 1399116
1270 1272 1399119
1270 1272 1399122
1271 1274 1399125
1269 1273 1399128
1269 1271 1399131
1271 1272 1399134
1271 1271 1399137
1270 1273 1399140
1272 1273 1399143
1272 1274 1399146
1270 1273 1399149
1271 1271 1399152
1271 1273 1399155
1271 1274 1399158
1270 1271 1399161
1270 1271 1399164
1272 1272 1399167
1271 1272 1399170
1270 1272 1399173
1272 1274 1399176
1272 1273 1399179
1270 1271 1399182
1271 1273 1399185
1271 1273 1399188
1272 1273 1399191
1271 1272 1399194
1270 1271 1399197
1272 1273 1399200
1272 1272 1399203
1270 1273 1399206
1272 1273 1399209
1271 1272 1399212
1270 1273 1399215
1270 1273 1399218
1270 1272 1399221
1272 1273 1399224
1270 1273 1399227
1271 1271 1399230
1271 1271 1399233
1271 1273 1399236
1269 1273 1399239
1272 1272 1399242
1272 1274 1399245
1271 1273 1399248
1271 1272 1399251
1271 1272 1399254
1272 1274 1399257
1270 1272 1399260
1271 1270 1399263
1272 1273 1399266
1272 1272 1399269
1270 1272 1399272
1272 1273 1399275
1271 1273 1399278
1270 1273 1399281
1271 1272 1399284
1270 1273 1399287
1271 1274 1399290
1270 1271 1399293
1270 1272 1399296
1271 1273 1399299
1271 1271 1399302
1270 1273 1399305
1271 1273 1399308
1274 1273 1399311
1271 1272 1399314
1271 1273 1399317
1271 1273 1399320
1272 1273 1399323
1270 1271 1399326
1271 1272 1399329
1272 1271 1399332
1272 1272 1399335
1270 1274 1399338
1269 1273 1399341
1271 1273 1399344
1271 1273 1399347
1271 1273 1399350
1271 1272 1399353
1272 1274 1399356
1271 1272 1399359
1270 1271 1399362
1272 1272 1399365
1271 1272 1399368
1268 1274 1399371
1272 1273 1399374
1272 1274 1399377
1271 1273 1399380
1271 1272 1399383
1271 1272 1399386
1272 1274 1399389
1270 1271 1399392
1270 1271 1399395
1271 1271 1399398
1270 1273 1399401
1271 1273 1399404
1272 1273 1399407
1272 1273 1399410
1271 1273 1399413
1271 1273 1399416
1271 1273 1399419
1272 1273 1399422
1270 1272 1399425
1271 1271 1399428
1272 1272 1399431
1271 1271 1399434
1270 1273 1399437
1272 1273 1399440
1272 1273 1399443
1271 1272 1399446
1271 1273 1399449
1271 1272 1399452
1272 1273 1399455
1270 1273 1399458
1270 1271 1399461
1271 1271 1399464
1272 1271 1399467
1270 1273 1399470
1272 1272 1399473
1272 1272 1399476
1270 1273 1399479
1270 1271 1399482
1271 1272 1399485
1271 1274 1399488
1270 1271 1399491
1271 1271 1399494
1272 1272 1399497
1271 1273 1399500
1271 1273 1399503
1272 1273 1399506
1272 1274 1399509
1271 1272 1399512
1271 1272 1399515
1270 1273 1399518
1272 1274 1399521
1270 1272 1399524
1270 1271 1399527
1271 1273 1399530
1272 1273 1399533
1270 1273 1399536
1272 1274 1399539
1272 1273 1399542
1270 1272 1399545
1270 1273 1399548
1270 1273 1399551
1271 1273 1399554
1270 1271 1399557
1270 1272 1399560
1272 1272 1399563
1271 1271 1399566
1270 1273 1399569
1272 1273 1399572
1272 1273 1399575
1270 1273 1399578
1270 1274 1399581
1270 1272 1399584
1271 1274 1399587
1270 1273 1399590
1271 1272 1399593
1271 1271 1399596
1272 1273 1399599
1270 1273 1399602
1272 1273 1399605
1272 1274 1399608
1271 1271 1399611
1271 1271 1399614
1271 1272 1399617
1272 1275 1399620
1270 1272 1399623
1271 1270 1399626
1272 1273 1399629
1271 1271 1399632
1270 1272 1399635
1272 1273 1399638
1271 1274 1399641
1269 1273 1399644
1270 1271 1399647
1270 1273 1399650
1271 1274 1399653
1271 1271 1399656
1270 1272 1399659
1272 1271 1399662
1271 1271 1399665
1270 1273 1399668
1272 1272 1399671
1272 1272 1399674
1270 1272 1399677
1271 1272 1399680
1270 1273 1399683
1272 1272 1399686
1270 1273 1399689
1270 1271 1399692
1272 1271 1399695
1271 1272 1399698
1269 1273 1399701
1272 1272 1399704
1272 1273 1399707
1270 1273 1399710
1271 1273 1399713
1271 1272 1399716
1272 1274 1399719
1270 1272 1399722
1270 1270 1399725
1271 1272 1399728
1272 1272 1399731
1269 1272 1399734
1272 1273 1399737
1272 1274 1399740
1271 1273 1399743
1271 1272 1399746
1271 1274 1399749
1272 1274 1399752
1270 1271 1399755
1271 1271 1399758
1271 1272 1399761
1271 1272 1399764
1271 1272 1399767
1272 1273 1399770
1271 1273 1399773
1271 1272 1399776
1271 1273 1399779
1270 1273 1399782
1272 1273 1399785
1270 1272 1399788
1270 1272 1399791
1268 1272 1399794
1270 1271 1399797
1269 1273 1399800
1271 1273 1399803
1271 1272 1399806
1271 1273 1399809
1271 1272 1399812
1271 1272 1399815
1271 1273 1399818
1270 1272 1399821
1268 1271 1399824
1271 1271 1399827
1271 1272 1399830
1269 1273 1399833
1271 1272 1399836
1272 1273 1399839
1271 1273 1399842
1271 1271 1399845
1270 1272 1399848
1272 1274 1399851
1268 1272 1399854
1270 1270 1399857
1272 1272 1399860
1271 1272 1399863
1270 1272 1399866
1272 1273 1399869
1272 1273 1399872
1271 1272 1399875
1271 1272 1399878
1271 1273 1399881
1271 1272 1399884
1270 1271 1399887
1270 1271 1399890
1272 1272 1399893
1271 1271 1399896
1270 1273 1399899
1272 1273 1399902
1272 1272 1399905
1270 1273 1399908
1270 1273 1399911
1270 1273 1399914
1271 1273 1399917
1270 1272 1399920
1270 1272 1399923
1272 1272 1399926
1272 1272 1399929
1270 1273 1399932
1272 1272 1399935
1272 1272 1399938
1270 1273 1399941
1270 1272 1399944
1271 1272 1399947
1272 1273 1399950
1271 1273 1399953
1270 1271 1399956
1272 1271 1399959
1271 1273 1399962
1270 1272 1399965
1272 1273 1399968
1272 1273 1399971
1270 1273 1399974
1270 1272 1399977
1271 1273 1399980
1272 1274 1399983
1270 1272 1399986
1270 1271 1399989
1272 1273 1399992
1272 1271 1399995
1270 1272 1399999
1272 1273 1400002
1272 1272 1400005
1271 1271 1400008
1273 1273 1400011
1271 1273 1400014
1271 1274 1400017
1271 1272 1400020
1272 1273 1400023
1272 1271 1400026
1272 1271 1400028
1273 1273 1400031
1270 1271 1400034
1270 1272 1400037
1271 1272 1400040
1273 1271 1400043
1271 1273 1400046
1270 1273 1400049
1271 1274 1400052
1271 1271 1400055
1271 1271 1400058
1271 1272 1400061
1270 1274 1400064
1270 1273 1400067
1271 1272 1400070
1271 1273 1400073
1272 1273 1400076
1270 1271 1400079
1270 1272 1400082
1271 1272 1400085
1271 1272 1400088
1270 1273 1400091
1272 1273 1400094
1271 1273 1400097
1271 1272 1400100
1271 1272 1400103
1271 1273 1400106
1272 1274 1400109
1271 1273 1400112
1271 1271 1400115
1272 1271 1400118
1271 1272 1400121
1270 1273 1400124
1272 1272 1400127
1272 1272 1400130
1271 1273 1400133
1271 1272 1400136
1271 1272 1400139
1272 1275 1400142
1270 1272 1400145
1271 1270 1400148
1271 1272 1400151
1271 1272 1400154
1270 1273 1400157
1273 1273 1400160
1272 1274 1400163
1271 1273 1400166
1271 1271 1400169
1271 1273 1400172
1272 1274 1400175
1270 1271 1400178
1270 1271 1400181
1271 1272 1400184
1271 1272 1400187
1270 1273 1400190
1271 1273 1400193
1271 1274 1400196
1270 1272 1400199
1271 1272 1400202
1271 1273 1400205
1271 1272 1400208
1270 1272 1400211
1271 1271 1400214
1273 1271 1400217
1272 1272 1400220
1270 1273 1400223
1272 1273 1400226
1272 1272 1400229
1271 1273 1400232
1271 1273 1400235
1271 1272 1400238
1272 1273 1400241
1270 1272 1400244
1270 1270 1400247
1272 1271 1400250
1272 1272 1400253
1270 1273 1400256
1272 1272 1400259
1271 1273 1400262
1271 1273 1400265
1271 1272 1400268
1271 1273 1400271
1271 1274 1400274
1269 1273 1400277
1271 1271 1400280
1272 1272 1400283
1272 1273 1400286
1271 1272 1400289
1272 1272 1400292
1272 1274 1400295
1271 1272 1400298
1271 1272 1400301
1270 1273 1400304
1272 1274 1400307
1270 1272 1400310
1271 1271 1400313
1271 1273 1400316
1272 1272 1400319
1270 1273 1400322
1272 1274 1400325
1272 1272 1400328
1271 1272 1400331
1270 1273 1400334
1270 1272 1400337
1272 1273 1400340
1271 1273 1400343
1270 1271 1400346
1271 1271 1400349
1271 1271 1400352
1270 1274 1400355
1271 1272 1400358
1272 1272 1400361
1270 1273 1400364
1270 1272 1400367
1270 1271 1400370
1272 1273 1400373
1270 1273 1400376
1271 1271 1400379
1271 1271 1400382
1271 1273 1400385
1270 1272 1400388
1272 1272 1400391
1272 1274 1400394
1270 1270 1400397
1271 1271 1400400
1271 1272 1400403
1272 1274 1400406
1270 1272 1400409
1270 1270 1400412
1272 1273 1400415
1271 1272 1400418
1270 1272 1400421
1271 1273 1400424
1271 1272 1400427
1271 1272 1400430
1271 1272 1400433
1270 1273 1400436
1272 1274 1400439
1270 1272 1400442
1270 1272 1400445
1272 1271 1400448
1271 1271 1400451
1270 1273 1400454
1271 1275 1400457
1272 1273 1400460
1271 1272 1400463
1271 1273 1400466
1271 1272 1400469
1272 1272 1400472
1271 1273 1400475
1270 1271 1400478
1272 1272 1400481
1271 1272 1400484
1269 1272 1400487
1272 1272 1400490
1272 1273 1400493
1271 1272 1400496
1271 1273 1400499
1271 1272 1400502
1272 1274 1400505
1270 1272 1400508
1270 1270 1400511
1272 1272 1400514
1271 1272 1400517
1270 1272 1400520
1272 1272 1400523
1272 1274 1400526
1270 1273 1400529
1271 1272 1400532
1271 1274 1400535
1272 1273 1400538
1270 1272 1400541
1271 1271 1400544
1271 1272 1400547
1272 1272 1400550
1270 1272 1400553
1272 1273 1400556
1272 1273 1400559
1271 1272 1400562
1271 1273 1400565
1271 1272 1400568
1272 1272 1400571
1270 1272 1400574
1270 1271 1400577
1271 1272 1400580
1271 1272 1400583
1270 1273 1400586
1271 1274 1400589
1272 1273 1400592
1271 1273 1400595
1271 1272 1400598
1272 1272 1400601
1272 1273 1400604
1271 1272 1400607
1271 1270 1400610
1272 1271 1400613
1272 1272 1400616
1270 1273 1400619
1271 1272 1400622
1272 1274 1400625
1271 1273 1400628
1271 1271 1400631
1270 1272 1400634
1271 1274 1400637
1269 1272 1400640
1270 1271 1400643
1272 1272 1400646
1271 1273 1400649
1270 1273 1400652
1272 1274 1400655
1272 1274 1400658
1271 1272 1400661
1271 1272 1400664
1270 1273 1400667
1273 1273 1400670
1271 1272 1400673
1271 1272 1400676
1272 1273 1400679
1272 1271 1400682
1271 1273 1400685
1272 1274 1400688
1272 1272 1400691
1271 1272 1400694
1271 1273 1400697
1267 1274 1400700
1270 1273 1400703
1270 1272 1400706
1270 1272 1400709
1272 1271 1400712
1272 1272 1400715
1270 1273 1400718
1272 1272 1400721
1272 1272 1400724
1271 1273 1400727
1270 1272 1400730
1271 1272 1400733
1272 1274 1400736
1271 1273 1400739
1271 1271 1400742
1271 1273 1400745
1271 1273 1400748
1270 1272 1400751
1272 1273 1400754
1272 1273 1400757
1271 1273 1400760
1271 1272 1400763
1271 1273 1400766
1272 1273 1400769
1271 1272 1400772
1271 1271 1400775
1271 1272 1400778
1271 1272 1400781
1270 1273 1400784
1272 1273 1400787
1272 1273 1400790
1271 1272 1400793
1271 1272 1400796
1271 1273 1400799
1272 1274 1400802
1270 1272 1400805
1271 1272 1400808
1271 1271 1400811
1271 1271 1400814
1270 1273 1400817
1272 1272 1400820
1272 1273 1400823
1271 1273 1400826
1270 1273 1400829
1271 1273 1400832
1272 1273 1400835
1270 1273 1400838
1270 1271 1400841
1272 1271 1400844
1272 1272 1400847
1270 1271 1400850
1272 1271 1400853
1272 1272 1400856
1271 1273 1400859
1271 1272 1400862
1271 1273 1400865
1272 1275 1400868
1270 1272 1400871
1270 1271 1400874
1272 1272 1400877
1271 1273 1400880
1269 1273 1400883
1272 1273 1400886
1272 1274 1400889
1271 1273 1400892
1272 1272 1400895
1271 1274 1400898
1272 1273 1400901
1270 1272 1400904
1270 1271 1400907
1272 1272 1400910
1272 1272 1400913
1270 1272 1400916
1272 1273 1400919
1271 1273 1400922
1271 1272 1400925
1271 1273 1400928
1270 1273 1400931
1272 1272 1400934
1270 1272 1400937
1270 1271 1400940
1272 1271 1400943
1272 1271 1400946
1270 1273 1400949
1272 1274 1400952
1272 1273 1400955
1271 1274 1400958
1271 1272 1400961
1270 1271 1400964
1272 1273 1400967
1270 1273 1400970
1271 1270 1400973
1272 1271 1400976
1271 1271 1400979
1269 1273 1400982
1272 1272 1400985
1272 1274 1400988
1271 1273 1400991
1271 1272 1400994
1271 1272 1400997
1272 1272 1401001
1269 1272 1401004
1272 1273 1401007
1272 1273 1401010
1270 1275 1401013
1271 1270 1401016
1273 1272 1401019
1271 1273 1401022
1271 1273 1401025
1274 1271 1401028
1271 1272 1401031
1271 1270 1401033
1273 1270 1401036
1271 1271 1401039
1270 1273 1401042
1270 1272 1401045
1272 1273 1401048
1271 1272 1401051
1271 1271 1401054
1271 1272 1401057
1270 1274 1401060
1270 1273 1401063
1271 1272 1401066
1271 1272 1401069
1272 1274 1401072
1270 1271 1401075
1271 1271 1401078
1271 1273 1401081
1271 1271 1401084
1270 1273 1401087
1271 1273 1401090
1273 1273 1401093
1271 1272 1401096
1271 1272 1401099
1271 1273 1401102
1272 1273 1401105
1270 1272 1401108
1271 1272 1401111
1271 1271 1401114
1272 1271 1401117
1270 1273 1401120
1273 1275 1401123
1273 1273 1401126
1272 1274 1401129
1272 1273 1401132
1271 1273 1401135
1272 1274 1401138
1270 1273 1401141
1271 1271 1401144
1272 1272 1401147
1271 1273 1401150
1269 1273 1401153
1271 1273 1401156
1272 1274 1401159
1271 1273 1401162
1271 1272 1401165
1271 1272 1401168
1271 1274 1401171
1270 1271 1401174
1270 1271 1401177
1271 1273 1401180
1271 1272 1401183
1269 1272 1401186
1272 1272 1401189
1272 1273 1401192
1271 1273 1401195
1271 1272 1401198
1271 1274 1401201
1272 1273 1401204
1270 1272 1401207
1270 1271 1401210
1271 1271 1401213
1272 1271 1401216
1270 1272 1401219
1271 1273 1401222
1272 1273 1401225
1271 1272 1401228
1270 1273 1401231
1271 1272 1401234
1272 1273 1401237
1270 1272 1401240
1271 1271 1401243
1272 1272 1401246
1271 1272 1401249
1271 1274 1401252
1272 1273 1401255
1272 1273 1401258
1271 1273 1401261
1271 1272 1401264
1271 1272 1401267
1271 1274 1401270
1269 1273 1401273
1270 1271 1401276
1272 1272 1401279
1271 1272 1401282
1270 1274 1401285
1272 1273 1401288
1272 1274 1401291
1271 1272 1401294
1271 1271 1401297
1270 1272 1401300
1271 1275 1401303
1270 1272 1401306
1270 1271 1401309
1271 1272 1401312
1272 1272 1401315
1270 1273 1401318
1272 1274 1401321
1272 1272 1401324
1271 1272 1401327
1271 1272 1401330
1270 1272 1401333
1272 1273 1401336
1270 1272 1401339
1271 1271 1401342
1272 1272 1401345
1272 1272 1401348
1270 1274 1401351
1272 1272 1401354
1271 1272 1401357
1271 1273 1401360
1271 1272 1401363
1270 1272 1401366
1271 1272 1401369
1270 1272 1401372
1270 1271 1401375
1272 1271 1401378
1272 1273 1401381
1270 1273 1401384
1272 1272 1401387
1272 1274 1401390
1270 1272 1401393
1270 1272 1401396
1271 1272 1401399
1272 1273 1401402
1270 1273 1401405
1271 1271 1401408
1272 1273 1401411
1271 1271 1401414
1270 1272 1401417
1271 1273 1401420
1272 1274 1401423
1270 1272 1401426
1271 1272 1401429
1271 1273 1401432
1271 1274 1401435
1270 1271 1401438
1271 1272 1401441
1271 1271 1401444
1271 1271 1401447
1270 1274 1401450
1271 1273 1401453
1271 1273 1401456
1270 1272 1401459
1271 1273 1401462
1271 1273 1401465
1273 1273 1401468
1271 1273 1401471
1270 1272 1401474
1272 1271 1401477
1271 1273 1401480
1270 1273 1401483
1271 1273 1401486
1272 1272 1401489
1271 1273 1401492
1271 1272 1401495
1271 1272 1401498
1272 1274 1401501
1270 1272 1401504
1271 1270 1401507
1271 1272 1401510
1271 1272 1401513
1271 1272 1401516
1273 1273 1401519
1272 1274 1401522
1271 1273 1401525
1271 1271 1401528
1271 1273 1401531
1271 1274 1401534
1271 1271 1401537
1270 1271 1401540
1271 1272 1401543
1271 1271 1401546
1270 1273 1401549
1271 1273 1401552
1271 1274 1401555
1271 1272 1401558
1271 1273 1401561
1271 1272 1401564
1271 1273 1401567
1270 1272 1401570
1271 1271 1401573
1269 1273 1401576
1272 1272 1401579
1269 1273 1401582
1272 1273 1401585
1272 1273 1401588
1271 1273 1401591
1270 1273 1401594
1270 1272 1401597
1272 1273 1401600
1270 1273 1401603
1269 1271 1401606
1271 1272 1401609
1271 1272 1401612
1270 1274 1401615
1272 1273 1401618
1272 1273 1401621
1270 1273 1401624
1270 1271 1401627
1271 1272 1401630
1271 1273 1401633
1270 1272 1401636
1271 1271 1401639
1272 1272 1401642
1272 1273 1401645
1270 1273 1401648
1272 1273 1401651
1272 1274 1401654
1270 1272 1401657
1271 1271 1401660
1270 1273 1401663
1272 1274 1401666
1270 1272 1401669
1270 1271 1401672
1271 1272 1401675
1272 1272 1401678
1270 1273 1401681
1272 1274 1401684
1272 1273 1401687
1271 1272 1401690
1271 1272 1401693
1270 1272 1401696
1272 1273 1401699
1270 1272 1401702
1270 1272 1401705
1272 1272 1401708
1272 1271 1401711
1271 1273 1401714
1271 1273 1401717
1272 1272 1401720
1271 1273 1401723
1270 1270 1401726
1270 1271 1401729
1271 1273 1401732
1270 1273 1401735
1270 1271 1401738
1272 1272 1401741
1271 1273 1401744
1270 1272 1401747
1272 1272 1401750
1272 1273 1401753
1270 1274 1401756
1270 1272 1401759
1271 1273 1401762
1272 1274 1401765
1270 1272 1401768
1270 1271 1401771
1272 1273 1401774
1271 1272 1401777
1270 1271 1401780
1272 1273 1401783
1271 1273 1401786
1269 1273 1401789
1271 1272 1401792
1270 1273 1401795
1272 1273 1401798
1270 1272 1401801
1271 1272 1401804
1271 1272 1401807
1272 1271 1401810
1270 1273 1401813
1271 1273 1401816
1272 1273 1401819
1271 1272 1401822
1271 1272 1401825
1270 1273 1401828
1272 1273 1401831
1270 1273 1401834
1270 1271 1401837
1272 1271 1401840
1272 1272 1401843
1270 1273 1401846
1271 1273 1401849
1271 1272 1401852
1270 1273 1401855
1271 1273 1401858
1270 1272 1401861
1272 1274 1401864
1270 1272 1401867
1270 1271 1401870
1271 1271 1401873
1271 1273 1401876
1271 1272 1401879
1272 1272 1401882
1272 1273 1401885
1270 1273 1401888
1271 1271 1401891
1271 1273 1401894
1272 1274 1401897
1270 1271 1401900
1270 1271 1401903
1272 1272 1401906
1270 1273 1401909
1270 1273 1401912
1272 1271 1401915
1272 1274 1401918
1271 1272 1401921
1271 1272 1401924
1271 1273 1401927
1272 1273 1401930
1271 1272 1401933
1270 1271 1401936
1271 1271 1401939
1272 1271 1401942
1270 1273 1401945
1271 1273 1401948
1272 1272 1401951
1271 1272 1401954
1271 1273 1401957
1271 1271 1401960
1272 1273 1401963
1270 1272 1401966
1272 1270 1401969
1271 1271 1401972
1272 1272 1401975
1270 1273 1401978
1272 1272 1401981
1272 1273 1401984
1271 1273 1401987
1271 1271 1401990
1271 1273 1401993
1272 1274 1401996
1267 1273 1402000
1270 1272 1402003
1271 1272 1402006
1270 1272 1402009
1272 1271 1402012
1271 1272 1402015
1270 1274 1402018
1271 1272 1402021
1272 1271 1402024
1271 1272 1402027
1270 1272 1402029
1272 1272 1402032
1270 1272 1402035
1271 1274 1402038
1271 1273 1402041
1273 1272 1402044
1271 1273 1402047
1270 1273 1402050
1271 1273 1402053
1270 1272 1402056
1273 1273 1402059
1273 1272 1402062
1271 1273 1402065
1272 1274 1402068
1271 1272 1402071
1271 1273 1402074
1272 1274 1402077
1271 1271 1402080
1270 1271 1402083
1272 1272 1402086
1271 1272 1402089
1270 1272 1402092
1272 1273 1402095
1272 1274 1402098
1271 1273 1402101
1271 1273 1402104
1271 1273 1402107
1271 1273 1402110
1270 1271 1402113
1270 1271 1402116
1272 1271 1402119
1272 1271 1402122
1270 1273 1402125
1271 1274 1402128
1272 1273 1402131
1270 1272 1402134
1271 1273 1402137
1271 1271 1402140
1272 1272 1402143
1269 1272 1402146
1270 1271 1402149
1271 1271 1402152
1272 1272 1402155
1270 1273 1402158
1272 1273 1402161
1272 1272 1402164
1271 1273 1402167
1270 1272 1402170
1271 1271 1402173
1272 1274 1402176
1270 1272 1402179
1271 1270 1402182
1271 1272 1402185
1272 1272 1402188
1270 1273 1402191
1272 1273 1402194
1272 1274 1402197
1271 1272 1402200
1271 1272 1402203
1271 1273 1402206
1272 1274 1402209
1271 1272 1402212
1271 1271 1402215
1272 1273 1402218
1272 1272 1402221
1270 1273 1402224
1272 1274 1402227
1271 1273 1402230
1271 1272 1402233
1271 1272 1402236
1270 1270 1402239
1272 1272 1402242
1270 1271 1402245
1270 1271 1402248
1272 1272 1402251
1272 1272 1402254
1270 1273 1402257
1271 1272 1402260
1272 1273 1402263
1271 1273 1402266
1270 1271 1402269
1271 1272 1402272
1272 1273 1402275
1270 1272 1402278
1270 1271 1402281
1272 1272 1402284
1272 1273 1402287
1270 1272 1402290
1272 1272 1402293
1272 1274 1402296
1270 1273 1402299
1272 1272 1402302
1271 1272 1402305
1272 1274 1402308
1270 1273 1402311
1271 1271 1402314
1272 1273 1402317
1272 1272 1402320
1270 1272 1402323
1272 1273 1402326
1272 1275 1402329
1270 1273 1402332
1271 1272 1402335
1271 1273 1402338
1272 1274 1402341
1270 1272 1402344
1271 1272 1402347
1272 1272 1402350
1271 1271 1402353
1270 1273 1402356
1272 1273 1402359
1271 1273 1402362
1271 1272 1402365
1271 1273 1402368
1271 1273 1402371
1272 1273 1402374
1270 1273 1402377
1270 1271 1402380
1272 1271 1402383
1272 1272 1402386
1270 1273 1402389
1272 1273 1402392
1272 1273 1402395
1271 1273 1402398
1271 1272 1402401
1271 1272 1402404
1272 1274 1402407
1271 1272 1402410
1271 1270 1402413
1272 1272 1402416
1271 1272 1402419
1270 1272 1402422
1273 1272 1402425
1271 1273 1402428
1270 1274 1402431
1271 1271 1402434
1271 1273 1402437
1273 1274 1402440
1270 1271 1402443
1271 1271 1402446
1272 1272 1402449
1271 1271 1402452
1270 1272 1402455
1271 1272 1402458
1272 1273 1402461
1271 1272 1402464
1271 1272 1402467
1271 1273 1402470
1272 1273 1402473
1270 1272 1402476
1270 1271 1402479
1271 1271 1402482
1271 1271 1402485
1270 1273 1402488
1272 1273 1402491
1272 1272 1402494
1271 1272 1402497
1271 1273 1402500
1271 1271 1402503
1272 1273 1402506
1270 1272 1402509
1270 1271 1402512
1272 1272 1402515
1272 1272 1402518
1270 1273 1402521
1272 1272 1402524
1272 1273 1402527
1270 1273 1402530
1271 1271 1402533
1271 1272 1402536
1272 1274 1402539
1270 1273 1402542
1270 1271 1402545
1272 1272 1402548
1272 1272 1402551
1271 1273 1402554
1272 1272 1402557
1272 1274 1402560
1270 1272 1402563
1270 1272 1402566
1271 1273 1402569
1272 1273 1402572
1270 1272 1402575
1270 1271 1402578
1272 1272 1402581
1272 1272 1402584
1270 1272 1402587
1272 1274 1402590
1272 1272 1402593
1271 1272 1402596
1271 1272 1402599
1271 1273 1402602
1272 1273 1402605
1271 1272 1402608
1270 1272 1402611
1271 1272 1402614
1272 1271 1402617
1270 1274 1402620
1272 1272 1402623
1272 1273 1402626
1270 1273 1402629
1270 1273 1402632
1271 1273 1402635
1271 1273 1402638
1269 1273 1402641
1271 1272 1402644
1271 1272 1402647
1272 1273 1402650
1270 1273 1402653
1272 1273 1402656
1272 1273 1402659
1270 1271 1402662
1272 1271 1402665
1271 1272 1402668
1271 1274 1402671
1270 1273 1402674
1271 1271 1402677
1272 1273 1402680
1272 1272 1402683
1270 1272 1402686
1272 1273 1402689
1272 1273 1402692
1270 1272 1402695
1271 1271 1402698
1270 1273 1402701
1271 1273 1402704
1270 1271 1402707
1270 1272 1402710
1271 1271 1402713
1272 1271 1402716
1270 1272 1402719
1272 1273 1402722
1271 1272 1402725
1271 1272 1402728
1271 1272 1402731
1271 1273 1402734
1272 1274 1402737
1271 1274 1402740
1270 1271 1402743
1272 1271 1402746
1271 1272 1402749
1270 1273 1402752
1272 1273 1402755
1272 1272 1402758
1271 1273 1402761
1271 1272 1402764
1271 1272 1402767
1272 1274 1402770
1270 1272 1402773
1270 1270 1402776
1272 1272 1402779
1271 1272 1402782
1270 1272 1402785
1272 1273 1402788
1272 1274 1402791
1270 1273 1402794
1271 1271 1402797
1272 1273 1402800
1271 1274 1402803
1270 1271 1402806
1270 1271 1402809
1271 1272 1402812
1271 1271 1402815
1271 1272 1402818
1272 1273 1402821
1272 1274 1402824
1270 1272 1402827
1271 1273 1402830
1271 1272 1402833
1272 1272 1402836
1270 1272 1402839
1270 1271 1402842
1273 1271 1402845
1272 1271 1402848
1270 1273 1402851
1272 1273 1402854
1272 1273 1402857
1270 1274 1402860
1271 1272 1402863
1270 1271 1402866
1272 1273 1402869
1270 1272 1402872
1271 1270 1402875
1271 1272 1402878
1273 1272 1402881
1270 1273 1402884
1272 1272 1402887
1272 1273 1402890
1271 1273 1402893
1271 1271 1402896
1271 1273 1402899
1271 1274 1402902
1271 1271 1402905
1270 1270 1402908
1271 1271 1402911
1271 1273 1402914
1269 1272 1402917
1272 1273 1402920
1272 1274 1402923
1270 1272 1402926
1271 1272 1402929
1271 1273 1402932
1271 1272 1402935
1269 1271 1402938
1270 1271 1402941
1271 1272 1402944
1271 1272 1402947
1270 1273 1402950
1272 1274 1402953
1272 1272 1402956
1271 1272 1402959
1270 1273 1402962
1270 1273 1402965
1272 1273 1402968
1271 1273 1402971
1271 1272 1402974
1272 1272 1402977
1272 1272 1402980
1270 1274 1402983
1272 1272 1402986
1272 1273 1402989
1270 1272 1402992
1271 1273 1402995
1270 1273 1402999
1272 1273 1403002
1271 1272 1403005
1272 1272 1403008
1271 1272 1403011
1271 1273 1403014
1272 1270 1403017
1273 1272 1403020
1270 1272 1403023
1271 1272 1403026
1272 1273 1403029
1270 1273 1403031
1271 1275 1403034
1271 1271 1403037
1272 1273 1403040
1270 1274 1403043
1271 1273 1403046
1271 1271 1403049
1271 1272 1403052
1272 1272 1403055
1272 1272 1403058
1271 1273 1403061
1272 1273 1403064
1271 1272 1403067
1272 1272 1403070
1272 1273 1403073
1270 1272 1403076
1272 1272 1403079
1272 1274 1403082
1270 1273 1403085
1271 1271 1403088
1271 1272 1403091
1272 1274 1403094
1270 1272 1403097
1270 1271 1403100
1271 1272 1403103
1271 1271 1403106
1270 1272 1403109
1271 1273 1403112
1272 1273 1403115
1271 1272 1403118
1271 1272 1403121
1271 1273 1403124
1272 1274 1403127
1270 1272 1403130
1271 1271 1403133
1271 1271 1403136
1272 1272 1403139
1270 1273 1403142
1272 1275 1403145
1271 1273 1403148
1271 1273 1403151
1271 1273 1403154
1271 1273 1403157
1272 1273 1403160
1270 1273 1403163
1270 1271 1403166
1272 1271 1403169
1271 1272 1403172
1270 1275 1403175
1271 1273 1403178
1272 1273 1403181
1271 1273 1403184
1270 1272 1403187
1271 1272 1403190
1272 1274 1403193
1270 1271 1403196
1271 1270 1403199
1271 1272 1403202
1271 1273 1403205
1270 1274 1403208
1272 1273 1403211
1272 1274 1403214
1271 1273 1403217
1271 1272 1403220
1271 1274 1403223
1271 1273 1403226
1270 1272 1403229
1270 1271 1403232
1271 1273 1403235
1272 1272 1403238
1270 1273 1403241
1272 1274 1403244
1272 1274 1403247
1271 1272 1403250
1271 1274 1403253
1270 1272 1403256
1271 1273 1403259
1270 1272 1403262
1270 1272 1403265
1271 1272 1403268
1272 1271 1403271
1270 1272 1403274
1272 1273 1403277
1272 1273 1403280
1270 1273 1403283
1271 1272 1403286
1270 1271 1403289
1272 1274 1403292
1269 1272 1403295
1270 1271 1403298
1271 1272 1403301
1272 1272 1403304
1270 1273 1403307
1273 1273 1403310
1271 1275 1403313
1270 1272 1403316
1271 1271 1403319
1271 1272 1403322
1272 1273 1403325
1270 1272 1403328
1271 1271 1403331
1272 1272 1403334
1272 1272 1403337
1270 1273 1403340
1272 1274 1403343
1272 1273 1403346
1271 1272 1403349
1271 1272 1403352
1270 1273 1403355
1272 1273 1403358
1270 1271 1403361
1271 1272 1403364
1272 1272 1403367
1272 1272 1403370
1270 1274 1403373
1271 1273 1403376
1272 1272 1403379
1270 1273 1403382
1271 1273 1403385
1271 1272 1403388
1272 1273 1403391
1271 1273 1403394
1271 1271 1403397
1272 1272 1403400
1271 1273 1403403
1270 1273 1403406
1272 1272 1403409
1272 1273 1403412
1270 1273 1403415
1271 1272 1403418
1270 1272 1403421
1272 1274 1403424
1270 1273 1403427
1271 1270 1403430
1271 1272 1403433
1271 1272 1403436
1271 1270 1403439
1272 1273 1403442
1271 1272 1403445
1270 1273 1403448
1270 1272 1403451
1271 1272 1403454
1270 1273 1403457
1271 1272 1403460
1271 1274 1403463
1271 1273 1403466
1271 1271 1403469
1270 1271 1403472
1271 1273 1403475
1271 1273 1403478
1273 1274 1403481
1271 1273 1403484
1272 1273 1403487
1271 1272 1403490
1272 1273 1403493
1271 1274 1403496
1270 1271 1403499
1271 1271 1403502
1270 1272 1403505
1274 1275 1403508
1272 1273 1403511
1272 1274 1403514
1271 1273 1403517
1272 1272 1403520
1271 1273 1403523
1272 1273 1403526
1271 1272 1403529
1272 1272 1403532
1271 1273 1403535
1269 1271 1403538
1272 1273 1403541
1271 1273 1403544
1271 1273 1403547
1270 1272 1403550
1272 1272 1403553
1272 1273 1403556
1272 1271 1403559
1270 1272 1403562
1271 1273 1403565
1270 1272 1403568
1270 1271 1403571
1271 1274 1403574
1270 1273 1403577
1272 1273 1403580
1270 1273 1403583
1272 1273 1403586
1271 1272 1403589
1272 1272 1403592
1271 1273 1403595
1271 1271 1403598
1270 1271 1403601
1271 1271 1403604
1272 1275 1403607
1270 1272 1403610
1271 1273 1403613
1270 1274 1403616
1271 1272 1403619
1271 1272 1403622
1271 1272 1403625
1271 1273 1403628
1271 1272 1403631
1270 1272 1403634
1271 1272 1403637
1272 1273 1403640
1270 1272 1403643
1271 1275 1403646
1270 1272 1403649
1272 1271 1403652
1271 1273 1403655
1271 1274 1403658
1271 1273 1403661
1272 1272 1403664
1271 1273 1403667
1270 1272 1403670
1272 1274 1403673
1270 1274 1403676
1271 1273 1403679
1270 1272 1403682
1272 1272 1403685
1271 1271 1403688
1272 1271 1403691
1271 1272 1403694
1271 1273 1403697
1271 1272 1403700
1270 1270 1403703
1272 1275 1403706
1270 1273 1403709
1272 1272 1403712
1270 1272 1403715
1271 1273 1403718
1271 1272 1403721
1272 1272 1403724
1271 1273 1403727
1271 1273 1403730
1271 1272 1403733
1270 1273 1403736
1272 1273 1403739
1271 1271 1403742
1271 1273 1403745
1270 1274 1403748
1271 1271 1403751
1271 1272 1403754
1272 1272 1403757
1271 1273 1403760
1271 1272 1403763
1271 1273 1403766
1270 1272 1403769
1272 1272 1403772
1271 1273 1403775
1270 1274 1403778
1269 1272 1403781
1272 1271 1403784
1271 1273 1403787
1271 1273 1403790
1271 1272 1403793
1271 1273 1403796
1270 1272 1403799
1270 1271 1403802
1271 1274 1403805
1270 1272 1403808
1271 1273 1403811
1270 1272 1403814
1272 1273 1403817
1271 1273 1403820
1271 1272 1403823
1271 1274 1403826
1271 1272 1403829
1270 1271 1403832
1270 1271 1403835
1272 1274 1403838
1270 1272 1403841
1271 1272 1403844
1269 1273 1403847
1271 1272 1403850
1271 1272 1403853
1272 1274 1403856
1271 1273 1403859
1271 1271 1403862
1270 1272 1403865
1270 1272 1403868
1271 1273 1403871
1270 1272 1403874
1271 1274 1403877
1269 1273 1403880
1271 1271 1403883
1271 1273 1403886
1272 1273 1403889
1271 1272 1403892
1271 1272 1403895
1271 1273 1403898
1270 1273 1403901
1273 1274 1403904
1271 1273 1403907
1272 1274 1403910
1270 1272 1403913
1272 1273 1403916
1271 1273 1403919
1271 1271 1403922
1271 1272 1403925
1270 1273 1403928
1273 1272 1403931
1272 1272 1403934
1273 1275 1403937
1271 1273 1403940
1272 1272 1403943
1270 1273 1403946
1272 1273 1403949
1272 1272 1403952
1271 1272 1403955
1270 1273 1403958
1272 1271 1403961
1271 1271 1403964
1270 1272 1403967
1272 1274 1403970
1270 1272 1403973
1271 1274 1403976
1271 1275 1403979
1271 1271 1403982
1271 1272 1403985
1271 1272 1403988
1271 1272 1403991
1271 1272 1403994
1271 1272 1403997
1270 1273 1404001
1271 1272 1404004
1271 1274 1404007
1271 1273 1404010
1271 1272 1404013
1272 1270 1404016
1273 1272 1404019
1273 1273 1404022
1271 1272 1404025
1271 1271 1404028
1272 1273 1404031
1272 1271 1404034
1272 1273 1404036
1271 1275 1404039
1271 1271 1404042
1270 1273 1404045
1270 1272 1404048
1271 1273 1404051
1272 1272 1404054
1272 1273 1404057
1271 1275 1404060
1273 1271 1404063
1272 1272 1404066
1270 1273 1404069
1271 1271 1404072
1272 1272 1404075
1272 1272 1404078
1270 1272 1404081
1271 1272 1404084
1271 1272 1404087
1272 1273 1404090
1271 1273 1404093
1271 1273 1404096
1271 1273 1404099
1273 1273 1404102
1269 1271 1404105
1272 1273 1404108
1270 1272 1404111
1271 1273 1404114
1270 1273 1404117
1272 1272 1404120
1271 1272 1404123
1271 1272 1404126
1271 1273 1404129
1271 1272 1404132
1271 1272 1404135
1270 1271 1404138
1271 1273 1404141
1272 1273 1404144
1271 1273 1404147
1269 1274 1404150
1272 1272 1404153
1271 1271 1404156
1272 1273 1404159
1271 1273 1404162
1271 1271 1404165
1271 1272 1404168
1270 1271 1404171
1273 1273 1404174
1270 1272 1404177
1272 1275 1404180
1270 1275 1404183
1273 1271 1404186
1271 1273 1404189
1271 1272 1404192
1271 1272 1404195
1271 1273 1404198
1271 1273 1404201
1270 1271 1404204
1272 1274 1404207
1271 1273 1404210
1272 1273 1404213
1270 1272 1404216
1272 1273 1404219
1271 1272 1404222
1272 1274 1404225
1271 1273 1404228
1270 1273 1404231
1271 1272 1404234
1271 1271 1404237
1272 1274 1404240
1271 1273 1404243
1272 1273 1404246
1270 1273 1404249
1271 1272 1404252
1271 1271 1404255
1271 1273 1404258
1270 1271 1404261
1270 1271 1404264
1272 1272 1404267
1270 1272 1404270
1271 1274 1404273
1271 1272 1404276
1272 1274 1404279
1269 1272 1404282
1272 1271 1404285
1271 1272 1404288
1271 1273 1404291
1270 1273 1404294
1271 1272 1404297
1271 1273 1404300
1270 1272 1404303
1272 1275 1404306
1273 1273 1404309
1271 1273 1404312
1270 1272 1404315
1272 1272 1404318
1271 1273 1404321
1272 1272 1404324
1271 1273 1404327
1271 1272 1404330
1270 1272 1404333
1270 1271 1404336
1272 1274 1404339
1270 1272 1404342
1271 1272 1404345
1270 1274 1404348
1272 1273 1404351
1272 1272 1404354
1272 1272 1404357
1270 1273 1404360
1271 1272 1389960
1270 1272 1389963
1272 1273 1389966
1270 1272 1389969
1272 1274 1389972
1270 1272 1389975
1271 1271 1389978
1271 1272 1389981
1271 1271 1389984
1272 1272 1389987
1271 1272 1389990
1271 1273 1389993
1270 1272 1389996
1272 1273 1390000
1271 1272 1390003
1271 1270 1390006
1271 1272 1390009
1270 1272 1390012
1272 1275 1390015
1270 1271 1390018
1273 1271 1390021
1271 1274 1390024
1272 1271 1390027
1271 1272 1390030
1271 1273 1390033
1272 1272 1390036
1271 1271 1390039
1271 1272 1390041
1271 1270 1390044
1272 1272 1390047
1271 1271 1390050
1272 1273 1390053
1269 1274 1390056
1272 1271 1390059
1272 1274 1390062
1271 1272 1390065
1271 1271 1390068
1271 1274 1390071
1271 1271 1390074
1272 1272 1390077
1272 1273 1390080
1271 1273 1390083
1271 1273 1390086
1272 1272 1390089
1272 1274 1390092
1270 1273 1390095
1272 1273 1390098
1270 1272 1390101
1271 1272 1390104
1271 1272 1390107
1272 1272 1390110
1271 1273 1390113
1271 1273 1390116
1271 1272 1390119
1271 1273 1390122
1272 1274 1390125
1270 1271 1390128
1271 1274 1390131
1269 1272 1390134
1272 1272 1390137
1271 1272 1390140
1271 1272 1390143
1271 1273 1390146
1270 1272 1390149
1271 1272 1390152
1270 1271 1390155
1272 1273 1390158
1270 1273 1390161
1271 1273 1390164
1269 1272 1390167
1271 1272 1390170
1271 1273 1390173
1272 1273 1390176
1271 1272 1390179
1271 1273 1390182
1271 1272 1390185
1270 1271 1390188
1271 1273 1390191
1270 1273 1390194
1272 1272 1390197
1270 1272 1390200
1271 1273 1390203
1271 1273 1390206
1271 1271 1390209
1271 1273 1390212
1270 1273 1390215
1271 1271 1390218
1270 1271 1390221
1271 1274 1390224
1271 1272 1390227
1272 1273 1390230
1270 1273 1390233
1271 1272 1390236
1271 1271 1390239
1271 1273 1390242
1271 1273 1390245
1271 1272 1390248
1271 1272 1390251
1270 1272 1390254
1274 1273 1390257
1272 1272 1390260
1271 1273 1390263
1270 1273 1390266
1272 1272 1390269
1271 1273 1390272
1271 1273 1390275
1271 1273 1390278
1270 1272 1390281
1270 1273 1390284
1271 1272 1390287
1272 1274 1390290
1270 1273 1390293
1271 1274 1390296
1270 1271 1390299
1272 1272 1390302
1271 1273 1390305
1271 1271 1390308
1270 1273 1390311
1271 1272 1390314
1272 1274 1390317
1271 1272 1390320
1273 1275 1390323
1270 1273 1390326
1272 1274 1390329
1271 1273 1390332
1272 1273 1390335
1271 1272 1390338
1272 1272 1390341
1271 1274 1390344
1271 1272 1390347
1271 1271 1390350
1270 1272 1390353
1272 1274 1390356
1271 1273 1390359
1271 1273 1390362
1270 1273 1390365
1272 1271 1390368
1272 1272 1390371
1271 1272 1390374
1271 1273 1390377
1271 1272 1390380
1271 1272 1390383
1270 1272 1390386
1272 1273 1390389
1271 1272 1390392
1272 1275 1390395
1270 1272 1390398
1272 1271 1390401
1271 1273 1390404
1271 1272 1390407
1271 1272 1390410
1271 1272 1390413
1271 1273 1390416
1270 1272 1390419
1272 1273 1390422
1271 1274 1390425
1271 1273 1390428
1270 1272 1390431
1272 1273 1390434
1271 1273 1390437
1271 1272 1390440
1271 1272 1390443
1271 1273 1390446
1271 1272 1390449
1270 1272 1390452
1272 1274 1390455
1270 1273 1390458
1271 1273 1390461
1270 1273 1390464
1272 1271 1390467
1271 1271 1390470
1271 1272 1390473
1271 1274 1390476
1270 1270 1390479
1271 1272 1390482
1270 1272 1390485
1271 1274 1390488
1271 1272 1390491
1271 1274 1390494
1270 1271 1390497
1271 1271 1390500
1271 1271 1390503
1271 1272 1390506
1271 1273 1390509
1270 1272 1390512
1271 1273 1390515
1270 1271 1390518
1272 1272 1390521
1270 1272 1390524
1271 1273 1390527
1270 1272 1390530
1271 1272 1390533
1271 1273 1390536
1272 1273 1390539
1271 1273 1390542
1271 1273 1390545
1271 1272 1390548
1270 1271 1390551
1272 1274 1390554
1270 1272 1390557
1271 1273 1390560
1270 1272 1390563
1272 1273 1390566
1271 1272 1390569
1272 1272 1390572
1270 1274 1390575
1271 1272 1390578
1271 1271 1390581
1269 1272 1390584
1271 1273 1390587
1270 1272 1390590
1271 1273 1390593
1270 1273 1390596
1272 1272 1390599
1271 1272 1390602
1271 1273 1390605
1271 1273 1390608
1271 1271 1390611
1271 1272 1390614
1270 1272 1390617
1272 1273 1390620
1271 1272 1390623
1271 1274 1390626
1270 1273 1390629
1272 1272 1390632
1272 1273 1390635
1272 1272 1390638
1271 1272 1390641
1271 1273 1390644
1271 1272 1390647
1270 1271 1390650
1272 1273 1390653
1271 1273 1390656
1271 1274 1390659
1269 1273 1390662
1271 1273 1390665
1271 1272 1390668
1271 1271 1390671
1271 1273 1390674
1271 1272 1390677
1271 1272 1390680
1270 1271 1390683
1272 1274 1390686
1270 1273 1390689
1271 1273 1390692
1270 1274 1390695
1272 1272 1390698
1271 1271 1390701
1271 1272 1390704
1271 1273 1390707
1271 1272 1390710
1271 1272 1390713
1271 1272 1390716
1272 1274 1390719
1271 1273 1390722
1271 1274 1390725
1270 1273 1390728
1272 1272 1390731
1271 1272 1390734
1271 1273 1390737
1268 1272 1390740
1271 1272 1390743
1270 1272 1390746
1270 1272 1390749
1272 1273 1390752
1270 1273 1390755
1271 1274 1390758
1269 1271 1390761
1271 1272 1390764
1271 1272 1390767
1270 1273 1390770
1271 1274 1390773
1271 1273 1390776
1271 1273 1390779
1271 1271 1390782
1272 1274 1390785
1271 1273 1390788
1271 1273 1390791
1270 1272 1390794
1272 1272 1390797
1271 1271 1390800
1271 1271 1390803
1271 1273 1390806
1271 1272 1390809
1271 1271 1390812
1270 1272 1390815
1272 1274 1390818
1270 1271 1390821
1272 1273 1390824
1270 1273 1390827
1267 1273 1390830
1270 1272 1390833
1271 1272 1390836
1270 1273 1390839
1271 1272 1390842
1270 1273 1390845
1270 1272 1390848
1272 1273 1390851
1271 1272 1390854
1271 1273 1390857
1270 1272 1390860
1271 1271 1390863
1272 1272 1390866
1271 1273 1390869
1272 1272 1390872
1271 1273 1390875
1271 1273 1390878
1270 1271 1390881
1272 1273 1390884
1270 1272 1390887
1271 1273 1390890
1270 1271 1390893
1272 1272 1390896
1271 1273 1390899
1271 1273 1390902
1270 1273 1390905
1271 1273 1390908
1271 1272 1390911
1271 1271 1390914
1272 1273 1390917
1270 1272 1390920
1271 1272 1390923
1270 1273 1390926
1271 1273 1390929
1271 1273 1390932
1272 1273 1390935
1271 1273 1390938
1271 1272 1390941
1271 1271 1390944
1270 1272 1390947
1272 1274 1390950
1270 1272 1390953
1272 1273 1390956
1270 1273 1390959
1272 1272 1390962
1271 1272 1390965
1271 1273 1390968
1270 1272 1390971
1271 1272 1390974
1270 1273 1390977
1270 1271 1390980
1272 1273 1390983
1270 1272 1390986
1271 1275 1390989
1270 1273 1390992
1272 1271 1390995
1271 1273 1390999
1271 1272 1391002
1271 1272 1391005
1273 1273 1391008
1271 1269 1391011
1272 1271 1391014
1272 1271 1391017
1272 1273 1391020
1271 1273 1391023
1273 1271 1391026
1271 1274 1391029
1272 1272 1391032
1273 1271 1391035
1272 1274 1391038
1270 1271 1391040
1272 1271 1391043
1270 1273 1391046
1272 1271 1391049
1272 1273 1391052
1270 1273 1391055
1273 1272 1391058
1271 1274 1391061
1271 1271 1391064
1270 1273 1391067
1271 1273 1391070
1272 1271 1391073
1272 1272 1391076
1271 1272 1391079
1272 1273 1391082
1272 1272 1391085
1270 1274 1391088
1271 1273 1391091
1271 1272 1391094
1271 1273 1391097
1270 1270 1391100
1274 1273 1391103
1272 1272 1391106
1271 1274 1391109
1270 1273 1391112
1272 1272 1391115
1271 1273 1391118
1272 1272 1391121
1271 1273 1391124
1271 1272 1391127
1271 1272 1391130
1270 1271 1391133
1272 1273 1391136
1270 1273 1391139
1272 1273 1391142
1270 1272 1391145
1271 1273 1391148
1271 1272 1391151
1272 1271 1391154
1271 1273 1391157
1270 1272 1391160
1271 1272 1391163
1271 1271 1391166
1272 1275 1391169
1271 1273 1391172
1271 1273 1391175
1270 1273 1391178
1271 1273 1391181
1271 1271 1391184
1272 1272 1391187
1271 1273 1391190
1270 1272 1391193
1270 1271 1391196
1270 1272 1391199
1272 1274 1391202
1271 1273 1391205
1271 1274 1391208
1270 1273 1391211
1271 1271 1391214
1271 1272 1391217
1271 1273 1391220
1269 1273 1391223
1271 1272 1391226
1270 1273 1391229
1271 1273 1391232
1272 1273 1391235
1271 1273 1391238
1272 1274 1391241
1270 1272 1391244
1272 1272 1391247
1271 1273 1391250
1272 1271 1391253
1271 1272 1391256
1271 1272 1391259
1271 1272 1391262
1270 1271 1391265
1272 1275 1391268
1271 1274 1391271
1271 1273 1391274
1269 1272 1391277
1271 1272 1391280
1273 1271 1391283
1272 1272 1391286
1271 1273 1391289
1271 1273 1391292
1271 1271 1391295
1270 1273 1391298
1272 1274 1391301
1270 1272 1391304
1272 1273 1391307
1270 1273 1391310
1271 1273 1391313
1271 1273 1391316
1272 1273 1391319
1271 1274 1391322
1271 1272 1391325
1271 1272 1391328
1270 1272 1391331
1272 1273 1391334
1270 1272 1391337
1272 1274 1391340
1272 1274 1391343
1273 1273 1391346
1273 1274 1391349
1272 1273 1391352
1271 1272 1391355
1271 1273 1391358
1272 1273 1391361
1270 1271 1391364
1272 1274 1391367
1270 1273 1391370
1270 1274 1391373
1270 1272 1391376
1272 1273 1391379
1271 1273 1391382
1272 1272 1391385
1271 1273 1391388
1271 1273 1391391
1271 1271 1391394
1270 1272 1391397
1272 1274 1391400
1270 1273 1391403
1271 1273 1391406
1270 1273 1391409
1272 1273 1391412
1271 1272 1391415
1272 1272 1391418
1271 1273 1391421
1271 1272 1391424
1272 1271 1391427
1270 1272 1391430
1272 1274 1391433
1270 1272 1391436
1271 1274 1391439
1270 1273 1391442
1272 1273 1391445
1271 1272 1391448
1271 1273 1391451
1271 1273 1391454
1271 1272 1391457
1271 1272 1391460
1271 1273 1391463
1271 1274 1391466
1271 1273 1391469
1272 1274 1391472
1270 1273 1391475
1272 1271 1391478
1272 1273 1391481
1272 1272 1391484
1270 1273 1391487
1271 1272 1391490
1271 1271 1391493
1270 1271 1391496
1272 1273 1391499
1271 1273 1391502
1271 1273 1391505
1270 1272 1391508
1272 1274 1391511
1271 1272 1391514
1272 1272 1391517
1271 1273 1391520
1271 1275 1391523
1270 1273 1391526
1271 1272 1391529
1272 1275 1391532
1271 1273 1391535
1271 1273 1391538
1270 1274 1391541
1271 1273 1391544
1271 1271 1391547
1271 1272 1391550
1270 1273 1391553
1272 1272 1391556
1271 1272 1391559
1270 1272 1391562
1272 1274 1391565
1271 1272 1391568
1272 1275 1391571
1270 1273 1391574
1271 1272 1391577
1271 1272 1391580
1271 1272 1391583
1269 1273 1391586
1271 1272 1391589
1271 1272 1391592
1270 1273 1391595
1271 1273 1391598
1270 1273 1391601
1271 1274 1391604
1269 1271 1391607
1271 1272 1391610
1271 1273 1391613
1272 1272 1391616
1271 1272 1391619
1271 1273 1391622
1271 1273 1391625
1270 1271 1391628
1272 1274 1391631
1270 1273 1391634
1271 1273 1391637
1270 1272 1391640
1272 1273 1391643
1273 1272 1391646
1272 1272 1391649
1271 1273 1391652
1271 1273 1391655
1270 1271 1391658
1270 1272 1391661
1272 1274 1391664
1270 1272 1391667
1271 1273 1391670
1270 1272 1391673
1273 1272 1391676
1273 1273 1391679
1272 1273 1391682
1271 1274 1391685
1271 1273 1391688
1272 1272 1391691
1271 1273 1391694
1272 1273 1391697
1271 1272 1391700
1271 1274 1391703
1272 1273 1391706
1272 1271 1391709
1272 1273 1391712
1272 1273 1391715
1271 1272 1391718
1271 1273 1391721
1271 1273 1391724
1270 1271 1391727
1272 1273 1391730
1270 1273 1391733
1271 1272 1391736
1270 1271 1391739
1272 1271 1391742
1271 1273 1391745
1271 1272 1391748
1271 1273 1391751
1271 1273 1391754
1271 1272 1391757
1271 1271 1391760
1271 1274 1391763
1270 1272 1391766
1271 1272 1391769
1270 1273 1391772
1272 1273 1391775
1271 1272 1391778
1272 1272 1391781
1271 1273 1391784
1271 1272 1391787
1271 1272 1391790
1270 1272 1391793
1272 1274 1391796
1271 1272 1391799
1272 1273 1391802
1270 1273 1391805
1272 1273 1391808
1271 1272 1391811
1272 1272 1391814
1271 1272 1391817
1271 1272 1391820
1271 1273 1391823
1270 1271 1391826
1272 1273 1391829
1270 1273 1391832
1271 1274 1391835
1270 1273 1391838
1272 1272 1391841
1271 1272 1391844
1272 1271 1391847
1271 1272 1391850
1271 1273 1391853
1270 1271 1391856
1270 1271 1391859
1273 1274 1391862
1270 1273 1391865
1271 1274 1391868
1270 1272 1391871
1272 1273 1391874
1271 1272 1391877
1271 1272 1391880
1271 1273 1391883
1271 1273 1391886
1270 1272 1391889
1271 1271 1391892
1272 1274 1391895
1270 1273 1391898
1272 1273 1391901
1270 1274 1391904
1272 1272 1391907
1271 1272 1391910
1272 1272 1391913
1271 1273 1391916
1270 1272 1391919
1271 1272 1391922
1270 1272 1391925
1272 1274 1391928
1271 1272 1391931
1271 1274 1391934
1270 1273 1391937
1271 1272 1391940
1271 1273 1391943
1271 1273 1391946
1271 1272 1391949
1272 1272 1396358
1271 1273 1396361
1272 1273 1396364
1272 1272 1396367
1272 1274 1396370
1272 1272 1396373
1271 1272 1396376
1273 1272 1396379
1271 1273 1396382
1267 1274 1396385
1271 1270 1396388
1271 1272 1396391
1273 1275 1396394
1272 1272 1396397
1272 1273 1396399
1272 1274 1396402
1271 1272 1396405
1272 1273 1396408
1272 1272 1396411
1273 1273 1396414
1272 1270 1396417
1275 1273 1396420
1269 1272 1396423
1270 1271 1396426
1272 1271 1396429
1273 1273 1396432
1273 1272 1396435
1271 1271 1396438
1273 1273 1396441
1271 1273 1396444
1272 1273 1396447
1272 1270 1396450
1271 1274 1396453
1272 1273 1396456
1276 1272 1396459
1270 1277 1396462
1270 1269 1396465
1273 1272 1396468
1270 1271 1396471
1273 1272 1396474
1272 1271 1396477
1272 1273 1396480
1272 1272 1396483
1271 1273 1396486
1271 1272 1396489
1272 1274 1396492
1273 1271 1396495
1272 1272 1396498
1270 1277 1396501
1270 1269 1396504
1276 1272 1396507
1272 1272 1396510
1272 1273 1396513
1272 1271 1396516
1271 1273 1396519
1272 1274 1396522
1272 1273 1396525
1272 1271 1396528
1272 1272 1396531
1272 1272 1396534
1271 1271 1396537
1271 1278 1396540
1270 1269 1396543
1274 1273 1396546
1272 1271 1396549
1270 1273 1396552
1273 1272 1396555
1271 1272 1396558
1272 1272 1396561
1272 1272 1396564
1272 1271 1396567
1271 1271 1396570
1272 1273 1396573
1272 1272 1396576
1270 1277 1396579
1271 1269 1396582
1273 1272 1396585
1272 1273 1396588
1271 1272 1396591
1273 1272 1396594
1273 1272 1396597
1272 1272 1396600
1271 1272 1396603
1273 1274 1396606
1272 1272 1396609
1272 1274 1396612
1276 1270 1396615
1268 1276 1396618
1269 1270 1396621
1273 1274 1396624
1272 1271 1396627
1271 1272 1396630
1272 1273 1396633
1271 1272 1396636
1273 1273 1396639
1271 1272 1396642
1272 1272 1396645
1272 1270 1396648
1271 1273 1396651
1275 1275 1396654
1268 1273 1396657
1271 1271 1396660
1272 1273 1396663
1273 1272 1396666
1272 1272 1396669
1272 1274 1396672
1272 1271 1396675
1272 1273 1396678
1272 1271 1396681
1271 1272 1396684
1272 1272 1396687
1272 1273 1396690
1276 1272 1396693
1269 1272 1396696
1270 1270 1396699
1271 1273 1396702
1273 1273 1396705
1271 1271 1396708
1272 1274 1396711
1272 1273 1396714
1271 1273 1396717
1272 1272 1396720
1272 1274 1396723
1273 1272 1396726
1272 1272 1396729
1269 1276 1396732
1271 1268 1396735
1274 1271 1396738
1271 1272 1396741
1273 1273 1396744
1273 1271 1396747
1271 1273 1396750
1272 1274 1396753
1273 1273 1396756
1273 1271 1396759
1272 1273 1396762
1272 1272 1396765
1276 1271 1396768
1271 1277 1396771
1270 1269 1396774
1274 1273 1396777
1271 1270 1396780
1271 1272 1396783
1272 1273 1396786
1272 1272 1396789
1272 1272 1396792
1272 1272 1396795
1271 1271 1396798
1271 1271 1396801
1273 1273 1396804
1277 1272 1396807
1268 1271 1396810
1271 1269 1396813
1272 1275 1396816
1271 1272 1396819
1272 1273 1396822
1273 1272 1396825
1271 1271 1396828
1272 1271 1396831
1270 1272 1396834
1272 1273 1396837
1272 1271 1396840
1272 1273 1396843
1270 1276 1396846
1269 1270 1396849
1273 1272 1396852
1272 1274 1396855
1272 1270 1396858
1271 1272 1396861
1272 1272 1396864
1272 1271 1396867
1272 1273 1396870
1271 1272 1396873
1272 1274 1396876
1272 1270 1396879
1275 1278 1396882
1268 1272 1396885
1271 1271 1396888
1273 1272 1396891
1273 1272 1396894
1272 1271 1396897
1272 1271 1396900
1273 1274 1396903
1272 1271 1396906
1272 1272 1396909
1271 1271 1396912
1271 1273 1396915
1275 1271 1396918
1268 1277 1396921
1270 1270 1396924
1273 1272 1396927
1271 1270 1396930
1271 1271 1396933
1273 1273 1396936
1272 1270 1396939
1273 1274 1396942
1272 1271 1396945
1271 1272 1396948
1271 1272 1396951
1274 1273 1396954
1272 1274 1396957
1271 1269 1396960
1272 1270 1396963
1271 1272 1396966
1274 1273 1396969
1272 1273 1396972
1272 1274 1396975
1272 1270 1396978
1271 1273 1396981
1271 1273 1396984
1272 1273 1396987
1272 1271 1396990
1276 1273 1396993
1268 1272 1396996
1270 1272 1397000
1273 1272 1397003
1272 1275 1397006
1273 1271 1397009
1269 1273 1397012
1271 1276 1397015
1272 1273 1397018
1272 1273 1397021
1270 1272 1397024
1272 1274 1397027
1271 1272 1397030
1271 1277 1397033
1272 1269 1397036
1273 1272 1397039
1272 1271 1397042
1270 1272 1397045
1273 1272 1397048
1272 1272 1397051
1271 1273 1397054
1272 1272 1397057
1271 1273 1397060
1272 1273 1397063
1272 1272 1397066
1271 1274 1397069
1271 1269 1397072
1270 1272 1397074
1272 1272 1397077
1271 1273 1397080
1270 1274 1397083
1271 1272 1397086
1271 1272 1397089
1272 1271 1397092
1272 1272 1397095
1272 1271 1397098
1271 1271 1397101
1272 1276 1397104
1271 1270 1397107
1273 1272 1397110
1271 1271 1397113
1271 1274 1397116
1272 1272 1397119
1272 1272 1397122
1272 1272 1397125
1271 1272 1397128
1271 1271 1397131
1270 1271 1397134
1272 1273 1397137
1275 1274 1397140
1271 1272 1397143
1271 1270 1397146
1270 1273 1397149
1271 1271 1397152
1271 1274 1397155
1272 1270 1397158
1272 1271 1397161
1271 1272 1397164
1272 1270 1397167
1273 1272 1397170
1271 1271 1397173
1274 1273 1397176
1270 1272 1397179
1270 1273 1397182
1271 1273 1397185
1272 1272 1397188
1272 1271 1397191
1271 1272 1397194
1271 1272 1397197
1271 1272 1397200
1272 1273 1397203
1271 1271 1397206
1272 1273 1397209
1275 1270 1397212
1271 1276 1397215
1272 1271 1397218
1271 1272 1397221
1271 1271 1397224
1272 1274 1397227
1272 1272 1397230
1271 1271 1397233
1272 1274 1397236
1272 1271 1397239
1273 1273 1397242
1272 1272 1397245
1271 1272 1397248
1273 1272 1397251
1271 1272 1397254
1271 1272 1397257
1272 1272 1397260
1271 1271 1397263
1271 1272 1397266
1273 1273 1397269
1271 1270 1397272
1272 1274 1397275
1272 1270 1397278
1270 1272 1397281
1271 1272 1397284
1272 1274 1397287
1272 1272 1397290
