1272 1272 5219253
1272 1274 5219256
1270 1272 5219259
1270 1270 5219262
1272 1272 5219265
1271 1271 5219268
1270 1272 5219271
1273 1273 5219274
1272 1276 5219277
1270 1273 5219280
1271 1272 5219283
1271 1274 5219286
1272 1274 5219289
1270 1272 5219292
1271 1272 5219295
1271 1272 5219298
1272 1271 5219301
1270 1273 5219304
1271 1270 5219307
1272 1271 5219310
1270 1272 5219313
1270 1272 5219316
1270 1272 5219319
1271 1272 5219322
1270 1273 5219325
1270 1271 5219328
1272 1271 5219331
1272 1272 5219334
1270 1273 5219337
1272 1272 5219340
1272 1272 5219343
1271 1273 5219346
1271 1273 5219349
1271 1272 5219352
1271 1274 5219355
1271 1272 5219358
1270 1270 5219361
1271 1272 5219364
1271 1272 5219367
1270 1272 5219370
1272 1272 5219373
1271 1273 5219376
1270 1273 5219379
1271 1271 5219382
1270 1273 5219385
1272 1274 5219388
1270 1271 5219391
1270 1271 5219394
1272 1272 5219397
1272 1272 5219400
1270 1273 5219403
1271 1274 5219406
1271 1273 5219409
1270 1272 5219412
1271 1273 5219415
1271 1273 5219418
1272 1273 5219421
1270 1272 5219424
1271 1271 5219427
1270 1272 5219430
1270 1271 5219433
1270 1273 5219436
1272 1273 5219439
1271 1272 5219442
1271 1273 5219445
1271 1273 5219448
1271 1271 5219451
1272 1273 5219454
1270 1272 5219457
1270 1270 5219460
1271 1270 5219463
1271 1272 5219466
1270 1273 5219469
1272 1273 5219472
1272 1273 5219475
1271 1273 5219478
1271 1271 5219481
1270 1272 5219484
1272 1274 5219487
1269 1272 5219490
1270 1271 5219493
1271 1272 5219496
1271 1272 5219499
1270 1273 5219502
1272 1273 5219505
1272 1274 5219508
1270 1272 5219511
1270 1272 5219514
1270 1273 5219517
1271 1274 5219520
1270 1272 5219523
1271 1271 5219526
1272 1272 5219529
1272 1272 5219532
1270 1273 5219535
1272 1274 5219538
1272 1272 5219541
1270 1272 5219544
1270 1272 5219547
1271 1273 5219550
1271 1273 5219553
1271 1271 5219556
1270 1271 5219559
1272 1272 5219562
1271 1272 5219565
1270 1274 5219568
1272 1272 5219571
1272 1272 5219574
1271 1273 5219577
1270 1272 5219580
1271 1272 5219583
1272 1274 5219586
1270 1273 5219589
1271 1271 5219592
1272 1272 5219595
1271 1272 5219598
1270 1272 5219601
1272 1272 5219604
1272 1273 5219607
1271 1273 5219610
1271 1272 5219613
1271 1272 5219616
1272 1274 5219619
1270 1272 5219622
1271 1270 5219625
1272 1273 5219628
1272 1271 5219631
1270 1272 5219634
1272 1273 5219637
1271 1273 5219640
1271 1272 5219643
1271 1271 5219646
1271 1273 5219649
1272 1274 5219652
1270 1272 5219655
1270 1271 5219658
1271 1271 5219661
1271 1271 5219664
1270 1273 5219667
1272 1274 5219670
1272 1273 5219673
1271 1272 5219676
1271 1273 5219679
1271 1273 5219682
1272 1273 5219685
1270 1272 5219688
1270 1270 5219691
1272 1271 5219694
1271 1272 5219697
1270 1270 5219700
1273 1271 5219703
1272 1272 5219706
1271 1273 5219709
1271 1273 5219712
1271 1272 5219715
1271 1274 5219718
1269 1272 5219721
1271 1270 5219724
1271 1272 5219727
1271 1271 5219730
1269 1272 5219733
1271 1272 5219736
1271 1273 5219739
1270 1272 5219742
1271 1271 5219745
1270 1274 5219748
1272 1272 5219751
1271 1271 5219754
1270 1271 5219757
1271 1273 5219760
1271 1272 5219763
1270 1272 5219766
1272 1274 5219769
1272 1274 5219772
1271 1272 5219775
1271 1274 5219778
1270 1272 5219781
1272 1272 5219784
1269 1272 5219787
1270 1270 5219790
1272 1270 5219793
1272 1271 5219796
1270 1273 5219799
1272 1273 5219802
1273 1273 5219805
1270 1273 5219808
1271 1272 5219811
1270 1272 5219814
1272 1274 5219817
1270 1272 5219820
1270 1271 5219823
1272 1272 5219826
1271 1272 5219829
1270 1274 5219832
1272 1272 5219835
1271 1273 5219838
1270 1272 5219841
1270 1271 5219844
1270 1272 5219847
1271 1273 5219850
1270 1272 5219853
1271 1270 5219856
1272 1272 5219859
1271 1272 5219862
1270 1272 5219865
1272 1274 5219868
1271 1273 5219871
1270 1271 5219874
1270 1272 5219877
1270 1273 5219880
1271 1274 5219883
1270 1271 5219886
1270 1271 5219889
1272 1272 5219892
1271 1271 5219895
1270 1273 5219898
1272 1273 5219901
1271 1272 5219904
1270 1272 5219907
1271 1272 5219910
1270 1272 5219913
1272 1272 5219916
1271 1272 5219919
1271 1271 5219922
1272 1271 5219925
1272 1272 5219928
1270 1273 5219931
1271 1272 5219934
1271 1273 5219937
1270 1273 5219940
1270 1273 5219943
1270 1272 5219946
1271 1274 5219949
1270 1272 5219952
1271 1271 5219955
1272 1273 5219958
1272 1273 5219961
1270 1271 5219964
1272 1273 5219967
1272 1273 5219970
1273 1271 5219973
1272 1272 5219976
1271 1273 5219979
1271 1274 5219982
1270 1271 5219985
1271 1271 5219988
1272 1272 5219991
1272 1270 5219994
1270 1273 5219997
1271 1272 5220001
1271 1272 5220004
1272 1273 5220007
1273 1273 5220010
1271 1275 5220013
1271 1270 5220016
1272 1272 5220019
1271 1273 5220022
1272 1273 5220025
1271 1271 5220028
1271 1273 5220031
1273 1271 5220033
1274 1271 5220036
1272 1272 5220039
1271 1274 5220042
1270 1272 5220045
1273 1273 5220048
1272 1272 5220051
1271 1271 5220054
1271 1272 5220057
1270 1273 5220060
1271 1273 5220063
1274 1271 5220066
1269 1272 5220069
1272 1274 5220072
1270 1271 5220075
1270 1271 5220078
1271 1272 5220081
1271 1271 5220084
1270 1272 5220087
1271 1273 5220090
1272 1272 5220093
1270 1272 5220096
1271 1271 5220099
1270 1273 5220102
1272 1273 5220105
1270 1272 5220108
1270 1272 5220111
1271 1271 5220114
1271 1272 5220117
1270 1273 5220120
1272 1273 5220123
1271 1272 5220126
1271 1273 5220129
1270 1273 5220132
1271 1272 5220135
1272 1273 5220138
1270 1273 5220141
1271 1271 5220144
1272 1272 5220147
1271 1272 5220150
1270 1272 5220153
1272 1272 5220156
1271 1273 5220159
1270 1273 5220162
1271 1272 5220165
1271 1273 5220168
1272 1274 5220171
1270 1271 5220174
1271 1271 5220177
1272 1273 5220180
1272 1272 5220183
1270 1273 5220186
1272 1273 5220189
1272 1273 5220192
1271 1273 5220195
1271 1272 5220198
1270 1273 5220201
1272 1273 5220204
1270 1272 5220207
1270 1271 5220210
1272 1272 5220213
1271 1272 5220216
1271 1272 5220219
1272 1273 5220222
1271 1273 5220225
1270 1272 5220228
1271 1273 5220231
1271 1272 5220234
1272 1273 5220237
1270 1272 5220240
1270 1271 5220243
1272 1271 5220246
1271 1272 5220249
1270 1274 5220252
1272 1273 5220255
1272 1273 5220258
1271 1273 5220261
1270 1272 5220264
1271 1272 5220267
1271 1273 5220270
1270 1272 5220273
1271 1271 5220276
1272 1272 5220279
1271 1273 5220282
1269 1273 5220285
1272 1272 5220288
1272 1274 5220291
1271 1272 5220294
1271 1271 5220297
1271 1273 5220300
1271 1273 5220303
1269 1271 5220306
1270 1270 5220309
1272 1272 5220312
1271 1272 5220315
1270 1272 5220318
1271 1274 5220321
1271 1272 5220324
1272 1271 5220327
1271 1273 5220330
1270 1273 5220333
1272 1273 5220336
1271 1272 5220339
1270 1271 5220342
1272 1273 5220345
1272 1271 5220348
1270 1273 5220351
1271 1272 5220354
1272 1273 5220357
1271 1272 5220360
1270 1274 5220363
1269 1272 5220366
1271 1273 5220369
1270 1273 5220372
1271 1272 5220375
1271 1271 5220378
1271 1273 5220381
1270 1273 5220384
1272 1272 5220387
1271 1273 5220390
1271 1273 5220393
1270 1273 5220396
1271 1271 5220399
1271 1274 5220402
1270 1272 5220405
1271 1271 5220408
1272 1273 5220411
1272 1272 5220414
1270 1272 5220417
1272 1273 5220420
1272 1273 5220423
1271 1272 5220426
1271 1272 5220429
1271 1273 5220432
1272 1274 5220435
1270 1272 5220438
1270 1271 5220441
1272 1272 5220444
1271 1272 5220447
1270 1272 5220450
1272 1273 5220453
1272 1273 5220456
1271 1272 5220459
1272 1273 5220462
1271 1273 5220465
1272 1273 5220468
1270 1272 5220471
1271 1271 5220474
1272 1271 5220477
1272 1272 5220480
1270 1273 5220483
1274 1272 5220486
1272 1273 5220489
1271 1273 5220492
1271 1273 5220495
1271 1271 5220498
1272 1273 5220501
1270 1273 5220504
1270 1270 5220507
1272 1271 5220510
1271 1272 5220513
1270 1272 5220516
1272 1272 5220519
1272 1273 5220522
1270 1273 5220525
1271 1271 5220528
1271 1273 5220531
1272 1274 5220534
1270 1271 5220537
1270 1270 5220540
1271 1272 5220543
1271 1273 5220546
1269 1273 5220549
1272 1273 5220552
1272 1274 5220555
1271 1272 5220558
1271 1272 5220561
1270 1273 5220564
1271 1273 5220567
1270 1271 5220570
1270 1272 5220573
1271 1271 5220576
1272 1272 5220579
1270 1272 5220582
1272 1273 5220585
1272 1272 5220588
1271 1273 5220591
1270 1273 5220594
1270 1271 5220597
1272 1273 5220600
1270 1273 5220603
1270 1270 5220606
1271 1271 5220609
1272 1271 5220612
1270 1273 5220615
1272 1273 5220618
1272 1273 5220621
1271 1274 5220624
1271 1271 5220627
1271 1272 5220630
1271 1274 5220633
1270 1271 5220636
1270 1271 5220639
1271 1271 5220642
1272 1273 5220645
1270 1272 5220648
1272 1272 5220651
1271 1273 5220654
1270 1272 5220657
1271 1272 5220660
1271 1273 5220663
1272 1273 5220666
1270 1272 5220669
1270 1271 5220672
1272 1272 5220675
1272 1272 5220678
1270 1272 5220681
1272 1274 5220684
1271 1273 5220687
1271 1272 5220690
1271 1272 5220693
1271 1273 5220696
1272 1273 5220699
1270 1272 5220702
1271 1272 5220705
1272 1272 5220708
1272 1272 5220711
1270 1273 5220714
1271 1272 5220717
1271 1272 5220720
1270 1273 5220723
1271 1272 5220726
1270 1272 5220729
1271 1273 5220732
1269 1273 5220735
1270 1271 5220738
1271 1272 5220741
1272 1273 5220744
1270 1273 5220747
1272 1272 5220750
1272 1273 5220753
1270 1274 5220756
1269 1272 5220759
1270 1273 5220762
1272 1275 5220765
1270 1272 5220768
1271 1270 5220771
1272 1272 5220774
1271 1272 5220777
1270 1272 5220780
1271 1273 5220783
1272 1274 5220786
1270 1273 5220789
1271 1272 5220792
1271 1273 5220795
1272 1274 5220798
1270 1272 5220801
1271 1272 5220804
1271 1271 5220807
1272 1272 5220810
1270 1273 5220813
1272 1274 5220816
1271 1273 5220819
1271 1272 5220822
1271 1273 5220825
1271 1273 5220828
1272 1273 5220831
1270 1273 5220834
1271 1271 5220837
1272 1271 5220840
1271 1272 5220843
1270 1275 5220846
1271 1273 5220849
1272 1273 5220852
1271 1273 5220855
1271 1273 5220858
1271 1272 5220861
1272 1275 5220864
1270 1272 5220867
1271 1271 5220870
1272 1272 5220873
1271 1273 5220876
1269 1273 5220879
1272 1272 5220882
1272 1273 5220885
1270 1273 5220888
1271 1271 5220891
1270 1273 5220894
1271 1273 5220897
1270 1271 5220900
1270 1271 5220903
1271 1272 5220906
1272 1271 5220909
1270 1272 5220912
1272 1273 5220915
1272 1273 5220918
1270 1272 5220921
1271 1273 5220924
1270 1272 5220927
1271 1273 5220930
1270 1272 5220933
1271 1271 5220936
1272 1272 5220939
1272 1271 5220942
1270 1274 5220945
1272 1274 5220948
1272 1273 5220951
1271 1274 5220954
1271 1272 5220957
1271 1271 5220960
1272 1273 5220963
1270 1273 5220966
1270 1271 5220969
1271 1272 5220972
1272 1273 5220975
1271 1274 5220978
1272 1273 5220981
1272 1274 5220984
1271 1273 5220987
1271 1271 5220990
1271 1272 5220993
1272 1274 5220996
1270 1272 5221000
1271 1272 5221003
1272 1273 5221006
1270 1271 5221009
1272 1271 5221012
1271 1272 5221015
1271 1273 5221018
1272 1271 5221021
1271 1272 5221024
1271 1272 5221027
1272 1272 5221029
1273 1273 5221032
1270 1274 5221035
1271 1274 5221038
1271 1273 5221041
1273 1272 5221044
1271 1273 5221047
1271 1272 5221050
1271 1273 5221053
1271 1271 5221056
1273 1270 5221059
1273 1272 5221062
1270 1272 5221065
1271 1273 5221068
1271 1272 5221071
1271 1273 5221074
1272 1274 5221077
1269 1272 5221080
1270 1270 5221083
1271 1272 5221086
1268 1272 5221089
1269 1272 5221092
1271 1273 5221095
1272 1273 5221098
1270 1272 5221101
1271 1272 5221104
1271 1273 5221107
1272 1272 5221110
1270 1271 5221113
1270 1271 5221116
1270 1272 5221119
1271 1272 5221122
1270 1272 5221125
1272 1273 5221128
1272 1272 5221131
1271 1273 5221134
1270 1273 5221137
1270 1272 5221140
1272 1273 5221143
1270 1272 5221146
1270 1270 5221149
1271 1272 5221152
1272 1272 5221155
1270 1274 5221158
1272 1272 5221161
1272 1273 5221164
1271 1273 5221167
1270 1271 5221170
1271 1272 5221173
1271 1274 5221176
1270 1271 5221179
1270 1270 5221182
1272 1271 5221185
1272 1272 5221188
1270 1272 5221191
1272 1273 5221194
1271 1274 5221197
1270 1272 5221200
1271 1271 5221203
1270 1273 5221206
1272 1273 5221209
1270 1272 5221212
1271 1271 5221215
1272 1273 5221218
1272 1272 5221221
1270 1273 5221224
1272 1273 5221227
1272 1272 5221230
1271 1272 5221233
1271 1273 5221236
1270 1273 5221239
1272 1272 5221242
1271 1271 5221245
1270 1272 5221248
1272 1272 5221251
1271 1272 5221254
1270 1274 5221257
1271 1273 5221260
1272 1273 5221263
1271 1273 5221266
1271 1272 5221269
1271 1272 5221272
1271 1274 5221275
1270 1272 5221278
1270 1270 5221281
1272 1271 5221284
1272 1273 5221287
1270 1272 5221290
1272 1273 5221293
1272 1273 5221296
1270 1272 5221299
1271 1271 5221302
1270 1272 5221305
1272 1274 5221308
1270 1272 5221311
1270 1270 5221314
1272 1272 5221317
1271 1272 5221320
1270 1272 5221323
1271 1273 5221326
1272 1272 5221329
1271 1272 5221332
1271 1272 5221335
1270 1273 5221338
1271 1273 5221341
1270 1271 5221344
1271 1272 5221347
1271 1271 5221350
1272 1271 5221353
1270 1273 5221356
1271 1272 5221359
1270 1272 5221362
1270 1272 5221365
1271 1272 5221368
1270 1273 5221371
1272 1273 5221374
1270 1272 5221377
1270 1271 5221380
1271 1271 5221383
1272 1272 5221386
1270 1273 5221389
1271 1273 5221392
1272 1273 5221395
1271 1273 5221398
1271 1272 5221401
1271 1272 5221404
1272 1275 5221407
1270 1272 5221410
1271 1270 5221413
1271 1271 5221416
1271 1272 5221419
1270 1272 5221422
1273 1272 5221425
1272 1273 5221428
1271 1273 5221431
1271 1271 5221434
1271 1273 5221437
1272 1273 5221440
1270 1271 5221443
1271 1271 5221446
1272 1272 5221449
1271 1272 5221452
1270 1272 5221455
1272 1274 5221458
1272 1273 5221461
1270 1272 5221464
1271 1273 5221467
1270 1273 5221470
1271 1272 5221473
1270 1272 5221476
1270 1271 5221479
1271 1272 5221482
1271 1271 5221485
1270 1273 5221488
1272 1273 5221491
1272 1273 5221494
1271 1274 5221497
1271 1272 5221500
1270 1272 5221503
1272 1273 5221506
1270 1272 5221509
1271 1270 5221512
1272 1271 5221515
1271 1272 5221518
1270 1273 5221521
1272 1272 5221524
1272 1273 5221527
1271 1273 5221530
1270 1271 5221533
1271 1273 5221536
1271 1274 5221539
1272 1271 5221542
1271 1271 5221545
1272 1272 5221548
1271 1273 5221551
1270 1272 5221554
1272 1273 5221557
1272 1273 5221560
1271 1272 5221563
1270 1271 5221566
1270 1273 5221569
1269 1275 5221572
1270 1271 5221575
1270 1272 5221578
1272 1273 5221581
1272 1272 5221584
1270 1273 5221587
1272 1273 5221590
1271 1272 5221593
1270 1273 5221596
1271 1272 5221599
1273 1274 5221602
1273 1274 5221605
1271 1272 5221608
1271 1272 5221611
1272 1271 5221614
1272 1272 5221617
1270 1274 5221620
1272 1272 5221623
1272 1273 5221626
1270 1273 5221629
1271 1272 5221632
1271 1272 5221635
1272 1273 5221638
1270 1272 5221641
1270 1271 5221644
1271 1271 5221647
1271 1272 5221650
1270 1272 5221653
1272 1272 5221656
1272 1273 5221659
1269 1273 5221662
1270 1271 5221665
1271 1272 5221668
1271 1274 5221671
1270 1272 5221674
1271 1271 5221677
1272 1273 5221680
1271 1271 5221683
1270 1272 5221686
1271 1273 5221689
1271 1274 5221692
1271 1272 5221695
1271 1272 5221698
1270 1273 5221701
1272 1273 5221704
1270 1272 5221707
1270 1272 5221710
1271 1271 5221713
1271 1271 5221716
1270 1273 5221719
1272 1273 5221722
1271 1272 5221725
1270 1273 5221728
1270 1273 5221731
1271 1273 5221734
1272 1273 5221737
1270 1272 5221740
1270 1271 5221743
1271 1271 5221746
1271 1272 5221749
1270 1273 5221752
1272 1272 5221755
1272 1273 5221758
1271 1273 5221761
1270 1272 5221764
1271 1272 5221767
1272 1274 5221770
1270 1272 5221773
1271 1270 5221776
1271 1272 5221779
1271 1271 5221782
1271 1272 5221785
1272 1273 5221788
1271 1274 5221791
1270 1273 5221794
1272 1272 5221797
1271 1274 5221800
1272 1273 5221803
1270 1271 5221806
1270 1271 5221809
1271 1271 5221812
1270 1271 5221815
1270 1272 5221818
1272 1273 5221821
1271 1273 5221824
1270 1272 5221827
1270 1273 5221830
1270 1272 5221833
1271 1273 5221836
1269 1272 5221839
1269 1273 5221842
1271 1272 5221845
1272 1272 5221848
1270 1274 5221851
1272 1273 5221854
1272 1272 5221857
1271 1273 5221860
1270 1272 5221863
1271 1271 5221866
1271 1274 5221869
1270 1272 5221872
1270 1271 5221875
1272 1271 5221878
1271 1272 5221881
1270 1273 5221884
1271 1272 5221887
1272 1273 5221890
1270 1272 5221893
1271 1271 5221896
1271 1273 5221899
1271 1274 5221902
1270 1272 5221905
1270 1271 5221908
1271 1272 5221911
1271 1271 5221914
1269 1272 5221917
1271 1275 5221920
1272 1273 5221923
1271 1272 5221926
1270 1272 5221929
1270 1273 5221932
1272 1273 5221935
1270 1272 5221938
1271 1271 5221941
1271 1272 5221944
1272 1272 5221947
1270 1274 5221950
1272 1272 5221953
1271 1272 5221956
1270 1273 5221959
1270 1272 5221962
1270 1273 5221965
1272 1272 5221968
1270 1272 5221971
1270 1271 5221974
1271 1271 5221977
1271 1273 5221980
1269 1273 5221983
1272 1272 5221986
1272 1273 5221989
1270 1273 5221992
1270 1272 5221995
1270 1272 5221999
1271 1273 5222002
1270 1271 5222005
1271 1272 5222008
1271 1273 5222011
1271 1272 5222014
1271 1270 5222017
1273 1271 5222020
1270 1272 5222023
1270 1271 5222026
1271 1272 5222029
1271 1273 5222031
1271 1274 5222034
1272 1271 5222037
1271 1273 5222040
1270 1273 5222043
1271 1273 5222046
1271 1271 5222049
1271 1272 5222052
1270 1272 5222055
1271 1272 5222058
1270 1273 5222061
1272 1272 5222064
1271 1271 5222067
1272 1272 5222070
1271 1272 5222073
1270 1272 5222076
1272 1272 5222079
1271 1273 5222082
1271 1271 5222085
1271 1271 5222088
1270 1272 5222091
1272 1274 5222094
1270 1271 5222097
1270 1272 5222100
1272 1272 5222103
1271 1271 5222106
1270 1273 5222109
1272 1273 5222112
1273 1271 5222115
1271 1272 5222118
1271 1272 5222121
1270 1273 5222124
1271 1272 5222127
1270 1272 5222130
1271 1271 5222133
1272 1270 5222136
1272 1272 5222139
1270 1273 5222142
1272 1274 5222145
1272 1273 5222148
1271 1273 5222151
1271 1273 5222154
1271 1272 5222157
1272 1274 5222160
1270 1273 5222163
1271 1270 5222166
1271 1271 5222169
1272 1272 5222172
1265 1274 5222175
1271 1273 5222178
1271 1273 5222181
1271 1274 5222184
1270 1271 5222187
1271 1273 5222190
1271 1274 5222193
1269 1271 5222196
1270 1270 5222199
1271 1272 5222202
1272 1272 5222205
1270 1272 5222208
1272 1273 5222211
1272 1274 5222214
1271 1271 5222217
1271 1272 5222220
1271 1273 5222223
1272 1273 5222226
1270 1272 5222229
1270 1271 5222232
1271 1273 5222235
1271 1271 5222238
1270 1272 5222241
1272 1274 5222244
1272 1272 5222247
1271 1273 5222250
1271 1273 5222253
1270 1272 5222256
1272 1273 5222259
1270 1272 5222262
1271 1271 5222265
1272 1271 5222268
1272 1272 5222271
1270 1273 5222274
1272 1273 5222277
1271 1273 5222280
1270 1274 5222283
1271 1272 5222286
1271 1272 5222289
1272 1273 5222292
1270 1272 5222295
1270 1271 5222298
1272 1272 5222301
1271 1272 5222304
1271 1273 5222307
1272 1272 5222310
1272 1274 5222313
1270 1272 5222316
1271 1272 5222319
1271 1273 5222322
1271 1274 5222325
1271 1272 5222328
1271 1271 5222331
1272 1272 5222334
1271 1272 5222337
1270 1272 5222340
1272 1273 5222343
1272 1273 5222346
1271 1272 5222349
1271 1273 5222352
1270 1273 5222355
1272 1273 5222358
1271 1271 5222361
1270 1272 5222364
1272 1272 5222367
1272 1271 5222370
1270 1273 5222373
1272 1272 5222376
1272 1272 5222379
1270 1273 5222382
1271 1272 5222385
1271 1272 5222388
1271 1273 5222391
1270 1273 5222394
1271 1270 5222397
1271 1271 5222400
1272 1273 5222403
1271 1272 5222406
1272 1272 5222409
1272 1273 5222412
1270 1275 5222415
1270 1272 5222418
1271 1273 5222421
1272 1274 5222424
1270 1272 5222427
1270 1271 5222430
1272 1272 5222433
1271 1271 5222436
1270 1273 5222439
1271 1273 5222442
1271 1271 5222445
1271 1272 5222448
1271 1271 5222451
1270 1273 5222454
1271 1273 5222457
1270 1272 5222460
1270 1272 5222463
1271 1272 5222466
1270 1272 5206578
1271 1273 5206581
1271 1272 5206584
1271 1273 5206587
1272 1273 5206590
1272 1274 5206593
1270 1272 5206596
1271 1273 5206599
1270 1272 5206602
1272 1273 5206605
1270 1272 5206608
1270 1273 5206611
1270 1273 5206614
1272 1272 5206617
1269 1273 5206620
1272 1273 5206623
1272 1273 5206626
1271 1274 5206629
1271 1272 5206632
1271 1271 5206635
1272 1273 5206638
1269 1273 5206641
1271 1271 5206644
1273 1272 5206647
1271 1273 5206650
1270 1273 5206653
1273 1272 5206656
1272 1274 5206659
1270 1272 5206662
1271 1271 5206665
1271 1272 5206668
1272 1273 5206671
1270 1272 5206674
1271 1271 5206677
1272 1272 5206680
1272 1273 5206683
1270 1272 5206686
1272 1275 5206689
1271 1273 5206692
1271 1271 5206695
1270 1271 5206698
1270 1273 5206701
1272 1273 5206704
1270 1272 5206707
1271 1272 5206710
1272 1272 5206713
1271 1271 5206716
1270 1273 5206719
1272 1272 5206722
1272 1272 5206725
1271 1273 5206728
1271 1272 5206731
1271 1271 5206734
1272 1273 5206737
1270 1272 5206740
1271 1272 5206743
1272 1272 5206746
1272 1273 5206749
1270 1273 5206752
1272 1272 5206755
1272 1273 5206758
1270 1273 5206761
1270 1272 5206764
1271 1272 5206767
1272 1274 5206770
1270 1273 5206773
1270 1270 5206776
1272 1273 5206779
1271 1272 5206782
1270 1272 5206785
1272 1273 5206788
1271 1273 5206791
1270 1272 5206794
1271 1271 5206797
1271 1273 5206800
1272 1274 5206803
1270 1271 5206806
1271 1271 5206809
1271 1272 5206812
1272 1270 5206815
1270 1273 5206818
1272 1273 5206821
1271 1273 5206824
1270 1272 5206827
1271 1272 5206830
1270 1273 5206833
1272 1273 5206836
1270 1273 5206839
1271 1271 5206842
1272 1271 5206845
1272 1272 5206848
1270 1273 5206851
1272 1272 5206854
1272 1273 5206857
1271 1274 5206860
1271 1273 5206863
1270 1272 5206866
1272 1274 5206869
1270 1272 5206872
1271 1270 5206875
1273 1272 5206878
1271 1272 5206881
1267 1273 5206884
1271 1273 5206887
1272 1273 5206890
1271 1273 5206893
1272 1271 5206896
1271 1272 5206899
1272 1274 5206902
1270 1271 5206905
1271 1271 5206908
1271 1272 5206911
1269 1272 5206914
1270 1272 5206917
1272 1273 5206920
1271 1274 5206923
1271 1272 5206926
1271 1273 5206929
1271 1273 5206932
1272 1273 5206935
1270 1272 5206938
1270 1271 5206941
1272 1272 5206944
1272 1272 5206947
1271 1273 5206950
1272 1274 5206953
1272 1273 5206956
1271 1273 5206959
1271 1273 5206962
1271 1272 5206965
1272 1273 5206968
1270 1272 5206971
1270 1271 5206974
1272 1271 5206977
1271 1272 5206980
1270 1273 5206983
1272 1273 5206986
1272 1273 5206989
1270 1273 5206992
1271 1271 5206995
1271 1272 5206999
1272 1273 5207002
1271 1271 5207005
1272 1272 5207008
1271 1272 5207011
1271 1273 5207014
1272 1271 5207017
1273 1272 5207020
1270 1272 5207023
1271 1271 5207026
1272 1273 5207029
1270 1273 5207031
1271 1274 5207034
1272 1271 5207037
1271 1272 5207040
1270 1273 5207043
1271 1273 5207046
1271 1271 5207049
1271 1272 5207052
1271 1271 5207055
1272 1271 5207058
1270 1273 5207061
1272 1272 5207064
1271 1271 5207067
1272 1271 5207070
1271 1272 5207073
1270 1273 5207076
1272 1272 5207079
1271 1273 5207082
1270 1272 5207085
1271 1272 5207088
1270 1273 5207091
1272 1273 5207094
1271 1272 5207097
1271 1271 5207100
1272 1273 5207103
1272 1272 5207106
1270 1272 5207109
1273 1273 5207112
1272 1273 5207115
1271 1272 5207118
1271 1273 5207121
1271 1272 5207124
1273 1273 5207127
1270 1273 5207130
1271 1272 5207133
1272 1272 5207136
1271 1272 5207139
1270 1274 5207142
1272 1272 5207145
1272 1273 5207148
1270 1274 5207151
1271 1274 5207154
1270 1273 5207157
1272 1274 5207160
1269 1273 5207163
1270 1272 5207166
1272 1272 5207169
1272 1273 5207172
1270 1273 5207175
1272 1272 5207178
1272 1274 5207181
1270 1272 5207184
1270 1271 5207187
1270 1272 5207190
1272 1274 5207193
1270 1272 5207196
1270 1271 5207199
1272 1273 5207202
1271 1272 5207205
1270 1272 5207208
1272 1274 5207211
1271 1275 5207214
1270 1273 5207217
1271 1272 5207220
1271 1273 5207223
1271 1274 5207226
1271 1272 5207229
1270 1273 5207232
1272 1272 5207235
1272 1272 5207238
1270 1273 5207241
1271 1273 5207244
1271 1273 5207247
1271 1272 5207250
1271 1272 5207253
1270 1273 5207256
1272 1273 5207259
1270 1273 5207262
1271 1271 5207265
1272 1271 5207268
1272 1273 5207271
1270 1273 5207274
1272 1273 5207277
1271 1273 5207280
1270 1273 5207283
1270 1272 5207286
1271 1272 5207289
1272 1275 5207292
1269 1272 5207295
1270 1270 5207298
1271 1272 5207301
1271 1272 5207304
1269 1272 5207307
1272 1272 5207310
1271 1274 5207313
1270 1273 5207316
1271 1272 5207319
1271 1273 5207322
1272 1273 5207325
1270 1271 5207328
1270 1272 5207331
1271 1272 5207334
1271 1272 5207337
1271 1273 5207340
1272 1274 5207343
1272 1274 5207346
1271 1272 5207349
1272 1273 5207352
1270 1273 5207355
1272 1272 5207358
1270 1272 5207361
1270 1271 5207364
1272 1271 5207367
1272 1272 5207370
1270 1273 5207373
1272 1273 5207376
1272 1273 5207379
1271 1273 5207382
1271 1273 5207385
1270 1272 5207388
1271 1273 5207391
1270 1272 5207394
1270 1272 5207397
1271 1271 5207400
1272 1272 5207403
1270 1274 5207406
1272 1272 5207409
1272 1273 5207412
1271 1274 5207415
1271 1271 5207418
1270 1273 5207421
1271 1274 5207424
1272 1271 5207427
1271 1270 5207430
1271 1272 5207433
1271 1273 5207436
1270 1272 5207439
1272 1273 5207442
1272 1274 5207445
1270 1271 5207448
1271 1272 5207451
1270 1273 5207454
1273 1272 5207457
1271 1271 5207460
1270 1271 5207463
1272 1273 5207466
1272 1271 5207469
1270 1273 5207472
1272 1273 5207475
1272 1272 5207478
1270 1273 5207481
1271 1273 5207484
1270 1273 5207487
1272 1273 5207490
1271 1272 5207493
1270 1272 5207496
1272 1272 5207499
1271 1272 5207502
1270 1273 5207505
1272 1272 5207508
1271 1273 5207511
1270 1273 5207514
1270 1272 5207517
1271 1272 5207520
1272 1273 5207523
1270 1274 5207526
1270 1271 5207529
1271 1271 5207532
1272 1272 5207535
1270 1272 5207538
1272 1272 5207541
1271 1274 5207544
1270 1273 5207547
1271 1272 5207550
1271 1273 5207553
1272 1274 5207556
1270 1272 5207559
1271 1271 5207562
1271 1273 5207565
1271 1271 5207568
1270 1273 5207571
1271 1273 5207574
1272 1274 5207577
1271 1272 5207580
1271 1272 5207583
1271 1274 5207586
1272 1274 5207589
1270 1272 5207592
1271 1272 5207595
1272 1272 5207598
1271 1271 5207601
1270 1273 5207604
1272 1273 5207607
1272 1272 5207610
1271 1272 5207613
1271 1273 5207616
1271 1273 5207619
1272 1273 5207622
1270 1272 5207625
1270 1270 5207628
1272 1271 5207631
1271 1272 5207634
1270 1272 5207637
1272 1272 5207640
1272 1274 5207643
1271 1274 5207646
1271 1273 5207649
1271 1272 5207652
1272 1275 5207655
1270 1272 5207658
1270 1270 5207661
1272 1272 5207664
1271 1273 5207667
1269 1272 5207670
1272 1274 5207673
1271 1274 5207676
1271 1273 5207679
1271 1272 5207682
1271 1273 5207685
1271 1273 5207688
1270 1272 5207691
1270 1272 5207694
1271 1274 5207697
1271 1273 5207700
1270 1273 5207703
1272 1274 5207706
1272 1273 5207709
1271 1272 5207712
1271 1273 5207715
1271 1272 5207718
1272 1273 5207721
1270 1273 5207724
1270 1270 5207727
1271 1271 5207730
1271 1272 5207733
1270 1273 5207736
1272 1273 5207739
1272 1272 5207742
1271 1274 5207745
1271 1272 5207748
1270 1271 5207751
1272 1274 5207754
1270 1275 5207757
1270 1272 5207760
1272 1272 5207763
1272 1273 5207766
1271 1274 5207769
1273 1273 5207772
1272 1274 5207775
1269 1273 5207778
1271 1272 5207781
1271 1273 5207784
1272 1274 5207787
1269 1272 5207790
1271 1271 5207793
1272 1272 5207796
1271 1272 5207799
1270 1272 5207802
1272 1274 5207805
1271 1273 5207808
1271 1272 5207811
1271 1272 5207814
1271 1274 5207817
1271 1274 5207820
1270 1272 5207823
1271 1272 5207826
1272 1272 5207829
1271 1272 5207832
1270 1274 5207835
1272 1273 5207838
1272 1272 5207841
1271 1273 5207844
1271 1272 5207847
1271 1273 5207850
1272 1273 5207853
1271 1272 5207856
1270 1271 5207859
1271 1272 5207862
1271 1273 5207865
1270 1273 5207868
1272 1272 5207871
1272 1274 5207874
1270 1273 5207877
1271 1271 5207880
1271 1271 5207883
1272 1274 5207886
1270 1273 5207889
1270 1270 5207892
1273 1272 5207895
1271 1273 5207898
1270 1272 5207901
1272 1273 5207904
1271 1273 5207907
1272 1272 5207910
1271 1271 5207913
1270 1272 5207916
1272 1274 5207919
1270 1271 5207922
1270 1271 5207925
1272 1272 5207928
1271 1271 5207931
1270 1273 5207934
1271 1273 5207937
1269 1274 5207940
1270 1273 5207943
1271 1273 5207946
1271 1273 5207949
1272 1272 5207952
1271 1272 5207955
1271 1272 5207958
1272 1271 5207961
1271 1272 5207964
1269 1274 5207967
1273 1274 5207970
1272 1274 5207973
1271 1273 5207976
1271 1273 5207979
1271 1272 5207982
1272 1274 5207985
1270 1273 5207988
1270 1270 5207991
1272 1272 5207994
1271 1272 5207997
1270 1272 5208001
1272 1271 5208004
1272 1273 5208007
1271 1274 5208010
1272 1272 5208013
1273 1270 5208016
1272 1273 5208019
1271 1271 5208022
1272 1272 5208025
1272 1273 5208027
1270 1274 5208030
1271 1271 5208033
1272 1271 5208036
1271 1272 5208039
1271 1272 5208042
1271 1273 5208045
1272 1274 5208048
1272 1271 5208051
1272 1272 5208054
1272 1273 5208057
1270 1273 5208060
1272 1272 5208063
1271 1273 5208066
1272 1274 5208069
1270 1273 5208072
1271 1272 5208075
1271 1273 5208078
1272 1273 5208081
1270 1272 5208084
1270 1272 5208087
1271 1272 5208090
1271 1272 5208093
1270 1273 5208096
1272 1273 5208099
1272 1273 5208102
1271 1273 5208105
1271 1273 5208108
1270 1272 5208111
1272 1273 5208114
1270 1272 5208117
1271 1271 5208120
1272 1272 5208123
1272 1272 5208126
1271 1273 5208129
1272 1273 5208132
1272 1273 5208135
1271 1273 5208138
1271 1272 5208141
1271 1272 5208144
1272 1274 5208147
1271 1272 5208150
1271 1271 5208153
1272 1272 5208156
1272 1273 5208159
1271 1273 5208162
1273 1273 5208165
1272 1274 5208168
1271 1272 5208171
1271 1272 5208174
1271 1273 5208177
1272 1274 5208180
1270 1272 5208183
1270 1271 5208186
1272 1272 5208189
1271 1272 5208192
1270 1272 5208195
1272 1274 5208198
1272 1272 5208201
1271 1272 5208204
1271 1273 5208207
1271 1273 5208210
1272 1273 5208213
1270 1272 5208216
1271 1271 5208219
1272 1272 5208222
1272 1272 5208225
1270 1273 5208228
1272 1273 5208231
1272 1273 5208234
1271 1273 5208237
1271 1273 5208240
1271 1273 5208243
1272 1273 5208246
1270 1273 5208249
1270 1271 5208252
1271 1271 5208255
1271 1273 5208258
1270 1272 5208261
1272 1272 5208264
1271 1274 5208267
1271 1271 5208270
1271 1271 5208273
1270 1272 5208276
1271 1274 5208279
1270 1272 5208282
1270 1270 5208285
1272 1273 5208288
1271 1272 5208291
1270 1272 5208294
1271 1273 5208297
1271 1273 5208300
1271 1273 5208303
1271 1272 5208306
1270 1273 5208309
1272 1274 5208312
1271 1271 5208315
1271 1272 5208318
1271 1272 5208321
1272 1271 5208324
1270 1272 5208327
1272 1274 5208330
1271 1273 5208333
1270 1272 5208336
1271 1272 5208339
1271 1274 5208342
1271 1273 5208345
1270 1273 5208348
1271 1271 5208351
1272 1271 5208354
1272 1272 5208357
1270 1273 5208360
1273 1272 5208363
1272 1273 5208366
1270 1274 5208369
1271 1273 5208372
1271 1272 5208375
1272 1274 5208378
1271 1272 5208381
1271 1271 5208384
1271 1273 5208387
1271 1273 5208390
1270 1273 5208393
1272 1272 5208396
1272 1273 5208399
1271 1273 5208402
1271 1272 5208405
1271 1273 5208408
1272 1274 5208411
1270 1271 5208414
1270 1271 5208417
1271 1272 5208420
1271 1272 5208423
1270 1272 5208426
1272 1273 5208429
1272 1273 5208432
1271 1272 5208435
1271 1273 5208438
1271 1273 5208441
1272 1272 5208444
1271 1272 5208447
1270 1272 5208450
1272 1272 5208453
1271 1272 5208456
1270 1273 5208459
1271 1273 5208462
1272 1273 5208465
1271 1273 5208468
1271 1272 5208471
1271 1272 5208474
1272 1273 5208477
1269 1273 5208480
1268 1272 5208483
1271 1271 5208486
1272 1272 5208489
1270 1274 5208492
1272 1272 5208495
1272 1273 5208498
1270 1273 5208501
1270 1271 5208504
1271 1273 5208507
1271 1274 5208510
1272 1271 5208513
1270 1270 5208516
1272 1272 5208519
1271 1273 5208522
1270 1273 5208525
1272 1273 5208528
1272 1273 5208531
1271 1272 5208534
1271 1272 5208537
1270 1273 5208540
1273 1272 5208543
1270 1271 5208546
1271 1271 5208549
1271 1273 5208552
1271 1271 5208555
1270 1273 5208558
1272 1274 5208561
1272 1272 5208564
1271 1272 5208567
1267 1273 5214464
1269 1271 5214467
1271 1272 5214470
1272 1274 5214473
1272 1271 5214476
1272 1273 5214479
1270 1274 5214482
1272 1273 5214485
1272 1271 5214488
1272 1274 5214491
1271 1271 5214494
1272 1272 5214497
1271 1277 5214500
1270 1272 5214503
1272 1270 5214506
1272 1272 5214509
1273 1273 5214512
1272 1272 5214515
1271 1272 5214518
1271 1273 5214520
1271 1272 5214523
1272 1272 5214526
1271 1273 5214529
1272 1273 5214532
1276 1273 5214535
1268 1275 5214538
1269 1270 5214541
1272 1274 5214544
1271 1272 5214547
1272 1271 5214550
1272 1275 5214553
1273 1273 5214556
1272 1272 5214559
1271 1273 5214562
1272 1271 5214565
1273 1273 5214568
1273 1272 5214571
1275 1271 5214574
1268 1270 5214577
1271 1272 5214580
1272 1273 5214583
1272 1273 5214586
1273 1273 5214589
1272 1272 5214592
1271 1271 5214595
1272 1273 5214598
1274 1273 5214601
1273 1272 5214604
1271 1272 5214607
1271 1273 5214610
1271 1276 5214613
1271 1268 5214616
1274 1272 5214619
1273 1275 5214622
1272 1270 5214625
1272 1271 5214628
1273 1274 5214631
1273 1273 5214634
1271 1271 5214637
1271 1271 5214640
1271 1273 5214643
1272 1272 5214646
1276 1271 5214649
1269 1274 5214652
1271 1271 5214655
1273 1271 5214658
1272 1273 5214661
1271 1272 5214664
1273 1273 5214667
1272 1272 5214670
1271 1271 5214673
1271 1273 5214676
1271 1273 5214679
1272 1272 5214682
1272 1273 5214685
1271 1276 5214688
1271 1268 5214691
1271 1270 5214694
1274 1272 5214697
1273 1273 5214700
1272 1272 5214703
1271 1271 5214706
1271 1273 5214709
1272 1274 5214712
1272 1270 5214715
1272 1274 5214718
1272 1274 5214721
1276 1271 5214724
1268 1271 5214727
1270 1272 5214730
1274 1274 5214733
1272 1272 5214736
1271 1272 5214739
1271 1273 5214742
1271 1272 5214745
1271 1271 5214748
1272 1274 5214751
1273 1273 5214754
1272 1271 5214757
1272 1272 5214760
1272 1276 5214763
1272 1270 5214766
1272 1269 5214769
1272 1273 5214772
1271 1273 5214775
1271 1272 5214778
1271 1272 5214781
1272 1273 5214784
1272 1273 5214787
1272 1271 5214790
1272 1273 5214793
1272 1273 5214796
1277 1273 5214799
1268 1271 5214802
1270 1270 5214805
1271 1273 5214808
1271 1274 5214811
1272 1269 5214814
1273 1273 5214817
1272 1273 5214820
1273 1272 5214823
1272 1273 5214826
1272 1272 5214829
1272 1274 5214832
1272 1271 5214835
1270 1275 5214838
1269 1271 5214841
1274 1270 5214844
1273 1270 5214847
1271 1272 5214850
1273 1274 5214853
1272 1272 5214856
1271 1271 5214859
1272 1273 5214862
1273 1273 5214865
1271 1270 5214868
1271 1272 5214871
1276 1276 5214874
1269 1270 5214877
1273 1270 5214880
1272 1275 5214883
1272 1274 5214886
1272 1271 5214889
1272 1273 5214892
1272 1272 5214895
1273 1273 5214898
1272 1272 5214901
1272 1270 5214904
1271 1272 5214907
1276 1272 5214910
1268 1275 5214913
1270 1272 5214916
1273 1274 5214919
1272 1272 5214922
1272 1271 5214925
1272 1272 5214928
1272 1273 5214931
1273 1270 5214934
1272 1271 5214937
1271 1272 5214940
1272 1273 5214943
1272 1271 5214946
1271 1276 5214949
1271 1272 5214952
1272 1269 5214955
1271 1271 5214958
1272 1273 5214961
1272 1274 5214964
1272 1271 5214967
1271 1271 5214970
1270 1274 5214973
1272 1273 5214976
1272 1270 5214979
1272 1274 5214982
1276 1273 5214985
1269 1271 5214988
1269 1271 5214991
1270 1272 5214994
1274 1273 5214999
1271 1272 5215002
1272 1273 5215005
1271 1273 5215008
1273 1274 5215011
1271 1273 5215014
1271 1272 5215017
1271 1274 5215020
1270 1276 5215023
1270 1268 5215026
1271 1270 5215029
1271 1272 5215032
1271 1273 5215035
1272 1273 5215038
1272 1274 5215041
1272 1274 5215044
1271 1272 5215047
1271 1273 5215050
1272 1274 5215053
1270 1272 5215056
1271 1271 5215059
1276 1272 5215062
1268 1272 5215065
1269 1273 5215068
1274 1275 5215071
1271 1274 5215074
1271 1272 5215077
1271 1272 5215080
1270 1273 5215083
1271 1274 5215086
1271 1272 5215089
1271 1271 5215092
1272 1272 5215095
1272 1275 5215098
1270 1271 5215101
1271 1273 5215104
1273 1274 5215107
1271 1274 5215110
1270 1273 5215113
1271 1273 5215116
1272 1273 5215119
1270 1273 5215122
1271 1273 5215125
1272 1272 5215128
1272 1273 5215131
1271 1274 5215134
1276 1272 5215137
1269 1272 5215140
1269 1274 5215143
1270 1273 5215146
1271 1272 5215149
1272 1274 5215152
1270 1273 5215155
1271 1271 5215158
1272 1273 5215161
1272 1272 5215164
1270 1272 5215167
1272 1273 5215170
1271 1277 5215173
1268 1270 5215176
1269 1270 5215179
1270 1273 5215182
1272 1275 5215185
1271 1271 5215188
1271 1272 5215191
1273 1273 5215194
1272 1271 5215197
1270 1272 5215200
1271 1273 5215203
1273 1272 5215206
1271 1272 5215209
1275 1277 5215212
1269 1271 5215215
1270 1274 5215218
1272 1271 5215221
1270 1272 5215224
1272 1272 5215227
1272 1272 5215230
1270 1273 5215233
1269 1274 5215236
1272 1273 5215239
1270 1273 5215242
1271 1273 5215245
1271 1272 5215248
1276 1274 5215251
1267 1271 5215254
1268 1270 5215257
1272 1273 5215260
1273 1273 5215263
1269 1272 5215266
1272 1272 5215269
1271 1273 5215272
1271 1273 5215275
1271 1272 5215278
1271 1273 5215281
1271 1274 5215284
1270 1272 5215287
1274 1271 5215290
1269 1272 5215293
1269 1273 5215296
1271 1273 5215299
1273 1273 5215302
1272 1274 5215305
1271 1273 5215308
1271 1272 5215311
1271 1274 5215314
1272 1273 5215317
1270 1272 5215320
1271 1272 5215323
1271 1271 5215326
1275 1271 5215329
1267 1272 5215332
1270 1274 5215335
1273 1274 5215338
1271 1273 5215341
1271 1274 5215344
1271 1272 5215347
1272 1273 5215350
1270 1272 5215353
1271 1272 5215356
1272 1272 5215359
1272 1272 5215362
1270 1273 5215365
1276 1273 5215368
1268 1272 5215371
1269 1273 5215374
1271 1273 5215377
1272 1273 5215380
1272 1274 5215383
1270 1273 5215386
1271 1271 5215389
1272 1272 5215392
1272 1273 5215395
1270 1273 5215398
1272 1272 5215401
1272 1274 5215404
1275 1276 5215407
1269 1269 5215410
1269 1273 5215413
1271 1271 5215416
1270 1271 5215419
1273 1274 5215422
1271 1273 5215425
1271 1273 5215428
1270 1273 5215431
1271 1273 5215434
1271 1272 5215437
1271 1272 5215440
1271 1274 5215443
1271 1278 5215446
1269 1270 5215449
1269 1270 5215452
1271 1275 5215455
1271 1274 5215458
1272 1274 5215461
1270 1273 5215464
1272 1272 5215467
1271 1272 5215470
1271 1273 5215473
1270 1271 5215476
1271 1271 5215479
1271 1272 5215482
1271 1272 5215485
1275 1273 5215488
1267 1271 5215491
1269 1274 5215494
1271 1274 5215497
1272 1271 5215500
1270 1273 5215503
1272 1275 5215506
1269 1273 5215509
1271 1272 5215512
1271 1273 5215515
1271 1272 5215518
1272 1273 5215521
1270 1274 5215524
1272 1276 5215527
1270 1269 5215530
1270 1271 5215533
1270 1273 5215536
1272 1273 5215539
1271 1272 5215542
1272 1273 5215545
1271 1273 5215548
1270 1271 5215551
1272 1275 5215554
1271 1273 5215557
1272 1272 5215560
1270 1273 5215563
1271 1272 5215566
1275 1272 5215569
1269 1271 5215572
1270 1273 5215575
1271 1273 5215578
1272 1273 5215581
1271 1272 5215584
1272 1275 5215587
1271 1272 5215590
1272 1274 5215593
1270 1273 5215596
1272 1272 5215599
1272 1272 5215602
1273 1273 5215605
1271 1277 5215608
1276 1268 5215611
1270 1271 5215614
1271 1271 5215617
1272 1273 5215620
1272 1273 5215623
1271 1273 5215626
1270 1273 5215629
1273 1272 5215632
1272 1273 5215635
1272 1272 5215638
1271 1273 5215641
1271 1273 5215644
1271 1273 5215647
1271 1275 5215650
1270 1272 5215653
1269 1273 5215656
1273 1273 5215659
1270 1271 5215662
1272 1272 5215665
1271 1273 5215668
1272 1272 5215671
1271 1274 5215674
1271 1273 5215677
1271 1271 5215680
1270 1271 5215683
1271 1274 5215686
1271 1272 5215689
1276 1272 5215692
1267 1273 5215695
1270 1274 5215698
1272 1273 5215701
1271 1273 5215704
1270 1273 5215707
1272 1271 5215710
1271 1272 5215713
1271 1272 5215716
1273 1273 5215719
1271 1272 5215722
1272 1274 5215725
1270 1273 5215728
1272 1275 5215731
1271 1270 5215734
1271 1272 5215737
1271 1272 5215740
1272 1274 5215743
1271 1273 5215746
1270 1271 5215749
1272 1273 5215752
1271 1273 5215755
1271 1274 5215758
1270 1272 5215761
1272 1273 5215764
1272 1273 5215767
1272 1271 5215770
1274 1272 5215773
1268 1272 5215776
1268 1272 5215779
1270 1272 5215782
1272 1275 5215785
1270 1273 5215788
1272 1273 5215791
1271 1274 5215794
1273 1273 5215797
1271 1271 5215800
1271 1272 5215803
1271 1274 5215806
1268 1273 5215809
1270 1275 5215812
1270 1269 5215815
1271 1273 5215818
1270 1271 5215821
1273 1275 5215824
1271 1273 5215827
1272 1271 5215830
1271 1273 5215833
1272 1273 5215836
1269 1274 5215839
1270 1273 5215842
1271 1273 5215845
1271 1272 5215848
1273 1274 5215851
1274 1273 5215854
1268 1273 5215857
1268 1272 5215860
1273 1273 5215863
1272 1273 5215866
1273 1273 5215869
1272 1274 5215872
1272 1273 5215875
1272 1273 5215878
1270 1271 5215881
1273 1274 5215884
1270 1273 5215887
1272 1273 5215890
1270 1276 5215893
1270 1270 5215896
1269 1273 5215899
1273 1272 5215902
1271 1273 5215905
1272 1273 5215908
1272 1272 5215911
1271 1272 5215914
1272 1275 5215917
1271 1271 5215920
1272 1274 5215923
1270 1273 5215926
1272 1272 5215929
1272 1276 5215932
1272 1269 5215935
1270 1271 5215938
1271 1272 5215941
1272 1273 5215944
1271 1273 5215947
1272 1273 5215950
1271 1272 5215953
1272 1274 5215956
1269 1273 5215959
1273 1272 5215962
1272 1273 5215965
1271 1273 5215968
1271 1276 5215971
1275 1269 5215974
1269 1271 5215977
1271 1270 5215980
1272 1273 5215983
1271 1274 5215986
1271 1274 5215989
1269 1272 5215992
1272 1272 5215995
1272 1273 5215999
1271 1272 5216002
1272 1273 5216005
1274 1274 5216008
1271 1273 5216011
1277 1269 5216014
1270 1270 5216017
1273 1273 5216020
1271 1274 5216023
1273 1272 5216026
1271 1275 5216029
1272 1273 5216032
1272 1271 5216035
1271 1274 5216038
1270 1271 5216040
1273 1272 5216043
1270 1274 5216046
1272 1274 5216049
1271 1270 5216052
1270 1271 5216055
1272 1272 5216058
1272 1275 5216061
1272 1272 5216064
1271 1274 5216067
1271 1273 5216070
1272 1272 5216073
1272 1273 5216076
1271 1269 5216079
1273 1272 5216082
1272 1273 5216085
1270 1277 5216088
1271 1270 5216091
1270 1270 5216094
1272 1274 5216097
1271 1272 5216100
1272 1273 5216103
1270 1273 5216106
1272 1275 5216109
1269 1272 5216112
1272 1272 5216115
1272 1273 5216118
1272 1273 5216121
1272 1273 5216124
1275 1273 5216127
1267 1272 5216130
1269 1271 5216133
1272 1274 5216136
1271 1272 5216139
1272 1273 5216142
1271 1272 5216145
1272 1273 5216148
1271 1273 5216151
1272 1272 5216154
1271 1274 5216157
1270 1272 5216160
1270 1274 5216163
1275 1270 5216166
1269 1272 5216169
1271 1273 5216172
1271 1272 5216175
1270 1273 5216178
1272 1273 5216181
1272 1272 5216184
1272 1274 5216187
1271 1273 5216190
1271 1272 5216193
1271 1273 5216196
1270 1272 5216199
1272 1278 5216202
1269 1270 5216205
1270 1273 5216208
1272 1273 5216211
1272 1271 5216214
1271 1273 5216217
1272 1273 5216220
1271 1272 5216223
1271 1273 5216226
1271 1272 5216229
1271 1271 5216232
1272 1273 5216235
1271 1273 5216238
1276 1272 5216241
1267 1271 5216244
1271 1274 5216247
1272 1273 5216250
1271 1272 5216253
1271 1273 5216256
1272 1273 5216259
1271 1272 5216262
1271 1271 5216265
1272 1274 5216268
1270 1273 5216271
1272 1273 5216274
1275 1277 5216277
1269 1269 5216280
1269 1271 5216283
1273 1272 5216286
1270 1272 5216289
1270 1272 5216292
1271 1272 5216295
1270 1272 5216298
1272 1274 5216301
1271 1272 5216304
1271 1275 5216307
1270 1273 5216310
1272 1275 5216313
1276 1269 5216316
1270 1271 5216319
1272 1273 5216322
1271 1271 5216325
1271 1273 5216328
1271 1272 5216331
1272 1273 5216334
1271 1273 5216337
1272 1274 5216340
1270 1272 5216343
1272 1273 5216346
1271 1273 5216349
1274 1272 5216352
1268 1273 5216355
1269 1273 5216358
1271 1274 5216361
1271 1272 5216364
1273 1274 5216367
1271 1273 5216370
1272 1273 5216373
1270 1273 5216376
1272 1272 5216379
1272 1273 5216382
1273 1272 5216385
1271 1276 5216388
1271 1270 5216391
1270 1271 5216394
1270 1272 5216397
1273 1274 5216400
1271 1272 5216403
1272 1273 5216406
1270 1273 5216409
1272 1272 5216412
1272 1272 5216415
1272 1273 5216418
1271 1273 5216421
1271 1272 5216424
1274 1273 5216427
1268 1272 5216430
1271 1273 5216433
1271 1272 5216436
1272 1273 5216439
1270 1273 5216442
1271 1272 5216445
1271 1273 5216448
1271 1273 5216451
1270 1272 5216454
1271 1273 5216457
1271 1273 5216460
1271 1275 5216463
1273 1273 5216466
1270 1272 5216469
1272 1273 5216472
1270 1272 5216475
1271 1272 5216478
1271 1273 5216481
1271 1271 5216484
1271 1273 5216487
1271 1273 5216490
1270 1271 5216493
1271 1271 5216496
1272 1274 5216499
1275 1272 5216502
1271 1273 5216505
1269 1273 5216508
1272 1273 5216511
1271 1273 5216514
1272 1272 5216517
1271 1274 5216520
1271 1271 5216523
1271 1272 5216526
1270 1272 5216529
1272 1274 5216532
1270 1272 5216535
1272 1276 5216538
1271 1273 5216541
1272 1272 5216544
1271 1272 5216547
1271 1273 5216550
1270 1272 5216553
1271 1272 5216556
1271 1273 5216559
1270 1272 5216562
1272 1273 5216565
1272 1272 5216568
1271 1274 5216571
1270 1272 5216574
1273 1273 5216577
1271 1273 5216580
1271 1271 5216583
1271 1272 5216586
1271 1273 5216589
1270 1271 5216592
1271 1270 5216595
1272 1274 5216598
1270 1273 5216601
1271 1273 5216604
1270 1272 5216607
1271 1273 5216610
1271 1273 5216613
1273 1271 5216616
1270 1273 5216619
1271 1271 5216622
1271 1271 5216625
1271 1271 5216628
1272 1274 5216631
1271 1272 5216634
1272 1273 5216637
1270 1274 5216640
1271 1272 5216643
1271 1272 5216646
1271 1272 5216649
1270 1274 5216652
1271 1271 5216655
1271 1271 5216658
1270 1272 5216661
1272 1274 5216664
1271 1272 5216667
1271 1274 5216670
1270 1272 5216673
1272 1271 5216676
1271 1273 5216679
1271 1272 5216682
1271 1272 5216685
1271 1272 5216688
1271 1273 5216691
1270 1272 5216694
1272 1273 5216697
1270 1273 5216700
1271 1273 5216703
1270 1271 5216706
1272 1272 5216709
1271 1272 5216712
1273 1272 5216715
1271 1273 5216718
1271 1273 5216721
1271 1273 5216724
1270 1271 5216727
1271 1275 5216730
1271 1272 5216733
1271 1272 5216736
1270 1272 5216739
1271 1273 5216742
1270 1272 5216745
1271 1271 5216748
1271 1274 5216751
1271 1273 5216754
1272 1271 5216757
1271 1272 5216760
1272 1274 5216763
1270 1271 5216766
1271 1274 5216769
1270 1272 5216772
1272 1272 5216775
1271 1272 5216778
1271 1272 5216781
1271 1273 5216784
1271 1272 5216787
1271 1273 5216790
1270 1272 5216793
1272 1273 5216796
1271 1273 5216799
1271 1274 5216802
1269 1273 5216805
1272 1272 5216808
1272 1273 5216811
1271 1273 5216814
1271 1273 5216817
1271 1273 5216820
1270 1272 5216823
1270 1271 5216826
1272 1273 5216829
1270 1272 5216832
1272 1274 5216835
1270 1272 5216838
1272 1272 5216841
1271 1273 5216844
1272 1272 5216847
1271 1273 5216850
1271 1272 5216853
1271 1271 5216856
1270 1272 5216859
1272 1274 5216862
1270 1273 5216865
1271 1273 5216868
1269 1272 5216871
1271 1273 5216874
1271 1272 5216877
1272 1272 5216880
1271 1274 5216883
1271 1271 5216886
1271 1272 5216889
1270 1272 5216892
1269 1274 5216895
1270 1272 5216898
1271 1274 5216901
1270 1273 5216904
1271 1271 5216907
1271 1273 5216910
1272 1273 5216913
1270 1272 5216916
1270 1272 5216919
1270 1272 5216922
1271 1270 5216925
1272 1272 5216928
1270 1272 5216931
1271 1273 5216934
1269 1272 5216937
1271 1272 5216940
1271 1273 5216943
1271 1271 5216946
1270 1272 5216949
1270 1272 5216952
1269 1272 5216955
1270 1272 5216958
1272 1274 5216961
1270 1273 5216964
1271 1273 5216967
1270 1272 5216970
1271 1273 5216973
1271 1272 5216976
1272 1272 5216979
1271 1273 5216982
1271 1273 5216985
1270 1272 5216988
1271 1271 5216991
1272 1274 5216994
1270 1272 5216997
1272 1272 5217001
1272 1273 5217004
1271 1271 5217007
1272 1273 5217010
1270 1272 5217013
1271 1272 5217016
1271 1272 5217019
1272 1271 5217022
1272 1273 5217025
1272 1272 5217028
1272 1272 5217031
1271 1274 5217034
1271 1272 5217036
1271 1271 5217039
1271 1273 5217042
1271 1271 5217045
1273 1271 5217048
1270 1273 5217051
1272 1272 5217054
1271 1273 5217057
1271 1271 5217060
1272 1273 5217063
1270 1273 5217066
1271 1270 5217069
1273 1273 5217072
1271 1274 5217075
1272 1272 5217078
1272 1273 5217081
1272 1273 5217084
1272 1274 5217087
1270 1272 5217090
1271 1274 5217093
1269 1272 5217096
1272 1272 5217099
1271 1273 5217102
1271 1274 5217105
1271 1273 5217108
1272 1272 5217111
1271 1273 5217114
1271 1272 5217117
1272 1274 5217120
1270 1273 5217123
1271 1273 5217126
1270 1271 5217129
1271 1272 5217132
1271 1273 5217135
1273 1272 5217138
1271 1273 5217141
1272 1273 5217144
1271 1272 5217147
1271 1271 5217150
1273 1275 5217153
1271 1272 5217156
1271 1273 5217159
1270 1272 5217162
1271 1273 5217165
1271 1273 5217168
1271 1272 5217171
1271 1273 5217174
1271 1273 5217177
1271 1272 5217180
1270 1272 5217183
1272 1273 5217186
1270 1271 5217189
1271 1273 5217192
1269 1273 5217195
1271 1272 5217198
1271 1272 5217201
1271 1273 5217204
1271 1273 5217207
1271 1272 5217210
1270 1273 5217213
1270 1272 5217216
1272 1273 5217219
1271 1272 5217222
1271 1274 5217225
1269 1272 5217228
1272 1271 5217231
1271 1272 5217234
1271 1273 5217237
1271 1272 5217240
1271 1273 5217243
1270 1272 5217246
1270 1270 5217249
1272 1273 5217252
1271 1272 5217255
1271 1273 5217258
1270 1272 5217261
1271 1272 5217264
1271 1273 5217267
1272 1272 5217270
1271 1273 5217273
1272 1273 5217276
1270 1271 5217279
1270 1271 5217282
1272 1273 5217285
1270 1273 5217288
1271 1274 5217291
1270 1272 5217294
1272 1273 5217297
1271 1272 5217300
1272 1273 5217303
1271 1274 5217306
1271 1271 5217309
1270 1271 5217312
1270 1272 5217315
1270 1274 5217318
1270 1272 5217321
1271 1273 5217324
1269 1272 5217327
1272 1271 5217330
1270 1273 5217333
1271 1273 5217336
1271 1272 5217339
1271 1272 5217342
1270 1272 5217345
1271 1271 5217348
1273 1273 5217351
1271 1273 5217354
1272 1274 5217357
1270 1272 5217360
1273 1272 5217363
1272 1273 5217366
1272 1271 5217369
1270 1273 5217372
1271 1272 5217375
1272 1272 5217378
1272 1271 5217381
1273 1274 5217384
1271 1273 5217387
1272 1273 5217390
1270 1272 5217393
1271 1272 5217396
1271 1271 5217399
1272 1272 5217402
1271 1273 5217405
1267 1273 5217408
1270 1272 5217411
1269 1271 5217414
1271 1274 5217417
1271 1272 5217420
1271 1273 5217423
1270 1273 5217426
1272 1271 5217429
1271 1271 5217432
1272 1273 5217435
1271 1272 5217438
1271 1271 5217441
1271 1272 5217444
1270 1272 5217447
1272 1273 5217450
1271 1273 5217453
1271 1274 5217456
1270 1272 5217459
1271 1271 5217462
1271 1272 5217465
1271 1272 5217468
1271 1273 5217471
1271 1272 5217474
1271 1273 5217477
1271 1271 5217480
1272 1273 5217483
1270 1273 5217486
1271 1273 5217489
1270 1272 5217492
1271 1273 5217495
1271 1273 5217498
1271 1271 5217501
1271 1272 5217504
1271 1273 5217507
1271 1272 5217510
1270 1271 5217513
1272 1275 5217516
1270 1272 5217519
1272 1272 5217522
1269 1272 5217525
1272 1272 5217528
1271 1272 5217531
1272 1272 5217534
1271 1273 5217537
1271 1272 5217540
1271 1272 5217543
1270 1273 5217546
1272 1273 5217549
1271 1272 5217552
1271 1274 5217555
1270 1272 5217558
1271 1272 5217561
1271 1273 5217564
1272 1273 5217567
1270 1273 5217570
1271 1272 5217573
1271 1273 5217576
1270 1271 5217579
1272 1273 5217582
1270 1273 5217585
1271 1272 5217588
1271 1272 5217591
1272 1272 5217594
1271 1273 5217597
1272 1273 5217600
1271 1273 5217603
1271 1273 5217606
1271 1272 5217609
1271 1272 5217612
1272 1274 5217615
1270 1273 5217618
1271 1273 5217621
1270 1272 5217624
1271 1273 5217627
1272 1272 5217630
1271 1272 5217633
1271 1274 5217636
1270 1272 5217639
1271 1271 5217642
1270 1272 5217645
1271 1273 5217648
1270 1272 5217651
1272 1273 5217654
1270 1273 5217657
1271 1272 5217660
1271 1272 5217663
1271 1273 5217666
1270 1272 5217669
1271 1272 5217672
1271 1273 5217675
1270 1271 5217678
1272 1273 5217681
1271 1272 5217684
1271 1273 5217687
1269 1272 5217690
1272 1271 5217693
1272 1273 5217696
1271 1272 5217699
1271 1273 5217702
1271 1273 5217705
1270 1270 5217708
1270 1271 5217711
1272 1273 5217714
1271 1273 5217717
1272 1273 5217720
1270 1273 5217723
1272 1273 5217726
1270 1272 5217729
1272 1272 5217732
1270 1273 5217735
1270 1272 5217738
1270 1271 5217741
1270 1271 5217744
1272 1274 5217747
1271 1273 5217750
1271 1273 5217753
1270 1274 5217756
1271 1272 5217759
1272 1272 5217762
1271 1272 5217765
1270 1271 5217768
1270 1271 5217771
1270 1271 5217774
1270 1272 5217777
1272 1273 5217780
1270 1272 5217783
1271 1274 5217786
1270 1272 5217789
1272 1271 5217792
1271 1273 5217795
1271 1273 5217798
1271 1272 5217801
1271 1273 5217804
1271 1272 5217807
1271 1272 5217810
1273 1273 5217813
1271 1274 5217816
1271 1273 5217819
1270 1272 5217822
1272 1272 5217825
1271 1273 5217828
1271 1272 5217831
1271 1272 5217834
1271 1272 5217837
1270 1273 5217840
1271 1271 5217843
1272 1274 5217846
1271 1272 5217849
1271 1272 5217852
1269 1273 5217855
1271 1272 5217858
1271 1272 5217861
1272 1272 5217864
1271 1273 5217867
1270 1273 5217870
1271 1272 5217873
1271 1272 5217876
1272 1274 5217879
1271 1272 5217882
1272 1274 5217885
1270 1273 5217888
1272 1272 5217891
1271 1272 5217894
1272 1273 5217897
1271 1274 5217900
1271 1272 5217903
1270 1273 5217906
1271 1272 5217909
1272 1273 5217912
1271 1273 5217915
1271 1273 5217918
1272 1272 5217921
1272 1272 5217924
1272 1273 5217927
1272 1272 5217930
1271 1272 5217933
1271 1273 5217936
1271 1272 5217939
1271 1271 5217942
1272 1273 5217945
1270 1273 5217948
1271 1274 5217951
1270 1272 5217954
1271 1273 5217957
1271 1273 5217960
1272 1272 5217963
1271 1273 5217966
1271 1273 5217969
1271 1271 5217972
1271 1272 5217975
1271 1274 5217978
1272 1273 5217981
1273 1274 5217984
1272 1274 5217987
1273 1273 5217990
1271 1272 5217993
1272 1273 5217996
1271 1274 5218000
1271 1271 5218003
1271 1271 5218006
1271 1273 5218009
1271 1272 5218012
1272 1273 5218015
1271 1272 5218018
1271 1272 5218021
1271 1273 5218024
1272 1271 5218027
1271 1273 5218030
1271 1272 5218033
1272 1272 5218036
1271 1273 5218039
1271 1272 5218041
1272 1271 5218044
1271 1273 5218047
1271 1272 5218050
1273 1271 5218053
1270 1273 5218056
1272 1271 5218059
1271 1272 5218062
1271 1272 5218065
1271 1272 5218068
1270 1274 5218071
1272 1270 5218074
1272 1272 5218077
1272 1274 5218080
1272 1273 5218083
1271 1272 5218086
1272 1272 5218089
1272 1273 5218092
1270 1272 5218095
1271 1274 5218098
1270 1272 5218101
1271 1272 5218104
1271 1272 5218107
1272 1273 5218110
1271 1273 5218113
1271 1272 5218116
1271 1273 5218119
1270 1272 5218122
1272 1273 5218125
1271 1272 5218128
1271 1272 5218131
1270 1271 5218134
1271 1272 5218137
1271 1273 5218140
1272 1272 5218143
1271 1272 5218146
1271 1273 5218149
1271 1272 5218152
1270 1271 5218155
1271 1274 5218158
1270 1273 5218161
1270 1274 5218164
1270 1272 5218167
1271 1273 5218170
1271 1273 5218173
1272 1272 5218176
1271 1274 5218179
1271 1272 5218182
1271 1271 5218185
1270 1271 5218188
1272 1274 5218191
1270 1273 5218194
1271 1273 5218197
1271 1273 5218200
1271 1272 5218203
1271 1271 5218206
1272 1273 5218209
1270 1273 5218212
1271 1272 5218215
1271 1272 5218218
1270 1272 5218221
1271 1273 5218224
1270 1272 5218227
1271 1273 5218230
1270 1273 5218233
1271 1272 5218236
1271 1273 5218239
1271 1273 5218242
1270 1272 5218245
1271 1273 5218248
1270 1272 5218251
1269 1271 5218254
1272 1273 5218257
1270 1273 5218260
1272 1273 5218263
1271 1273 5218266
1271 1273 5218269
1271 1273 5218272
1271 1271 5218275
1271 1273 5218278
1271 1273 5218281
1271 1272 5218284
1271 1271 5218287
1272 1274 5218290
1271 1273 5218293
1272 1273 5218296
1270 1273 5218299
1271 1272 5218302
1271 1271 5218305
1272 1272 5218308
1271 1273 5218311
1270 1272 5218314
1271 1272 5218317
1271 1272 5218320
1272 1275 5218323
1271 1272 5218326
1272 1274 5218329
1270 1272 5218332
1272 1271 5218335
1271 1272 5218338
1271 1272 5218341
1269 1273 5218344
1271 1272 5218347
1270 1272 5218350
1270 1272 5218353
1272 1273 5218356
1270 1273 5218359
1272 1274 5218362
1270 1272 5218365
1271 1272 5218368
1271 1273 5218371
1272 1273 5218374
1272 1274 5218377
1272 1273 5218380
1271 1273 5218383
1271 1272 5218386
1272 1274 5218389
1270 1273 5218392
1271 1273 5218395
1269 1272 5218398
1271 1272 5218401
1270 1273 5218404
1272 1272 5218407
1271 1273 5218410
1271 1273 5218413
1271 1271 5218416
1271 1272 5218419
1272 1274 5218422
1271 1271 5218425
1271 1273 5218428
1269 1273 5218431
1274 1271 5218434
1271 1271 5218437
1272 1272 5218440
1270 1274 5218443
1271 1272 5218446
1271 1273 5218449
1270 1272 5218452
1272 1273 5218455
1270 1272 5218458
1271 1274 5218461
1272 1273 5218464
1273 1272 5218467
1272 1273 5218470
1272 1273 5218473
1271 1273 5218476
1271 1273 5218479
1271 1273 5218482
1270 1270 5218485
1272 1274 5218488
1270 1273 5218491
1272 1273 5218494
1270 1272 5218497
1272 1272 5218500
1271 1273 5218503
1272 1272 5218506
1271 1273 5218509
1271 1272 5218512
1271 1271 5218515
1270 1271 5218518
1272 1274 5218521
1273 1273 5218524
1273 1273 5218527
1271 1273 5218530
1272 1273 5218533
1271 1272 5218536
1272 1273 5218539
1271 1274 5218542
1271 1272 5218545
1271 1271 5218548
1270 1272 5218551
1271 1273 5218554
1270 1272 5218557
1272 1273 5218560
1270 1273 5218563
1271 1272 5218566
1271 1272 5218569
1271 1273 5218572
1271 1271 5218575
1272 1272 5218578
1270 1273 5218581
1270 1272 5218584
1272 1273 5218587
1271 1272 5218590
1271 1274 5218593
1270 1272 5218596
1272 1272 5218599
1271 1272 5218602
1271 1272 5218605
1271 1272 5218608
1271 1273 5218611
1271 1272 5218614
1270 1271 5218617
1272 1274 5218620
1270 1273 5218623
1272 1273 5218626
1270 1272 5218629
1272 1273 5218632
1271 1271 5218635
1271 1272 5218638
1271 1273 5218641
1271 1272 5218644
1270 1271 5218647
1270 1271 5218650
1272 1274 5218653
1270 1272 5218656
1271 1273 5218659
1270 1273 5218662
1272 1271 5218665
1271 1271 5218668
1272 1272 5218671
1270 1274 5218674
1272 1273 5218677
1271 1272 5218680
1271 1273 5218683
1273 1274 5218686
1271 1272 5218689
1272 1275 5218692
1270 1272 5218695
1272 1271 5218698
1271 1272 5218701
1271 1274 5218704
1269 1273 5218707
1271 1272 5218710
1271 1273 5218713
1271 1271 5218716
1272 1273 5218719
1270 1274 5218722
1271 1272 5218725
1270 1272 5218728
1271 1272 5218731
1271 1275 5218734
1269 1272 5218737
1271 1273 5218740
1271 1273 5218743
1271 1272 5218746
1271 1271 5218749
1273 1273 5218752
1270 1273 5218755
1272 1272 5218758
1270 1273 5218761
1271 1272 5218764
1270 1272 5218767
1272 1272 5218770
1271 1273 5218773
1271 1272 5218776
1271 1272 5218779
1270 1272 5218782
1272 1274 5218785
1270 1272 5218788
1272 1273 5218791
1270 1273 5218794
1271 1272 5218797
1271 1272 5218800
1272 1273 5218803
1271 1273 5218806
1271 1272 5218809
1270 1273 5218812
1270 1271 5218815
1272 1273 5218818
1270 1272 5218821
1271 1273 5218824
1268 1272 5218827
1271 1271 5218830
1271 1272 5218833
1271 1272 5218836
1270 1273 5218839
1271 1273 5218842
1270 1272 5218845
1270 1271 5218848
1272 1274 5218851
1271 1273 5218854
1270 1273 5218857
1270 1272 5218860
1272 1272 5218863
1271 1273 5218866
1272 1272 5218869
1271 1274 5218872
1271 1273 5218875
1271 1271 5218878
1270 1271 5218881
1271 1273 5218884
1270 1273 5218887
1271 1273 5218890
1271 1272 5218893
1271 1273 5218896
1271 1272 5218899
1272 1273 5218902
1271 1272 5218905
1271 1271 5218908
1270 1271 5218911
1270 1272 5218914
1273 1273 5218917
1272 1272 5218920
1271 1274 5218923
1270 1273 5218926
1272 1271 5218929
1272 1273 5218932
1272 1273 5218935
1270 1272 5218938
1271 1272 5218941
1270 1272 5218944
1268 1271 5218947
1271 1273 5218950
1269 1272 5218953
1271 1273 5218956
1270 1272 5218959
1272 1273 5218962
1272 1273 5218965
1270 1271 5218968
1271 1272 5218971
1271 1273 5218974
1270 1272 5218977
1271 1270 5218980
1272 1273 5218983
1270 1273 5218986
1271 1272 5218989
1270 1273 5218992
1271 1272 5218995
1271 1271 5218999
1272 1272 5219002
1271 1273 5219005
1275 1273 5219008
1272 1270 5219011
1272 1273 5219014
1272 1272 5219017
1273 1272 5219020
1271 1273 5219023
1272 1273 5219026
1271 1273 5219029
1272 1272 5219032
1272 1272 5219035
1272 1274 5219038
1270 1271 5219040
1273 1272 5219043
1270 1275 5219046
1272 1271 5219049
1272 1272 5219052
1270 1274 5219055
1273 1271 5219058
1271 1273 5219061
1271 1272 5219064
1273 1275 5219067
1272 1274 5219070
1273 1273 5219073
1272 1275 5219076
1271 1272 5219079
1274 1273 5219082
1272 1273 5219085
1270 1272 5219088
1272 1273 5219091
1271 1272 5219094
1271 1272 5219097
1270 1271 5219100
1272 1274 5219103
1270 1273 5219106
1271 1273 5219109
1270 1272 5219112
1271 1273 5219115
1271 1271 5219118
1271 1272 5219121
1271 1273 5219124
1271 1273 5219127
1271 1272 5219130
1271 1272 5219133
1271 1274 5219136
1270 1273 5219139
1271 1273 5219142
1270 1273 5219145
1272 1272 5219148
1271 1272 5219151
1272 1273 5219154
1270 1273 5219157
1271 1272 5219160
1270 1272 5219163
1270 1272 5219166
1272 1273 5219169
1270 1272 5219172
1271 1274 5219175
1270 1271 5219178
1272 1272 5219181
1271 1273 5219184
1271 1272 5219187
1270 1272 5219190
1270 1272 5219193
1270 1272 5219196
1270 1272 5219199
1272 1273 5219202
1270 1273 5219205
1271 1273 5219208
1270 1273 5219211
1272 1272 5219214
1271 1273 5219217
1271 1272 5219220
1270 1273 5219223
1271 1273 5219226
1272 1272 5219229
1270 1272 5219232
1272 1274 5219235
1270 1272 5219238
1272 1273 5219241
1270 1273 5219244
1271 1272 5219247
1270 1272 5219250
