1270 1272 3713538
1271 1272 3713541
1270 1271 3713544
1269 1272 3713547
1272 1273 3713550
1272 1273 3713553
1271 1273 3713556
1270 1271 3713559
1270 1271 3713562
1272 1274 3713565
1270 1273 3713568
1271 1271 3713571
1272 1270 3713574
1271 1272 3713577
1270 1273 3713580
1272 1273 3713583
1272 1274 3713586
1271 1271 3713589
1270 1271 3713592
1271 1272 3713595
1272 1274 3713598
1271 1272 3713601
1270 1271 3713604
1271 1271 3713607
1271 1271 3713610
1270 1272 3713613
1272 1274 3713616
1272 1274 3713619
1275 1270 3713622
1269 1271 3713625
1269 1272 3713628
1270 1274 3713631
1270 1272 3713634
1271 1271 3713637
1271 1273 3713640
1271 1271 3713643
1270 1273 3713646
1272 1274 3713649
1271 1272 3713652
1270 1271 3713655
1270 1272 3713658
1273 1272 3713661
1273 1273 3713664
1271 1273 3713667
1270 1271 3713670
1271 1271 3713673
1271 1272 3713676
1270 1274 3713679
1272 1272 3713682
1272 1272 3713685
1269 1272 3713688
1269 1273 3713691
1271 1273 3713694
1271 1274 3713697
1271 1273 3713700
1269 1270 3713703
1271 1272 3713706
1272 1272 3713709
1270 1272 3713712
1272 1273 3713715
1271 1273 3713718
1268 1272 3713721
1269 1271 3713724
1270 1272 3713727
1272 1274 3713730
1270 1271 3713733
1271 1271 3713736
1272 1272 3713739
1272 1272 3713742
1270 1272 3713745
1272 1273 3713748
1272 1272 3713751
1271 1271 3713754
1271 1273 3713757
1271 1273 3713760
1273 1274 3713763
1270 1273 3713766
1270 1272 3713769
1272 1272 3713772
1272 1272 3713775
1270 1274 3713778
1267 1273 3713781
1270 1272 3713784
1270 1272 3713787
1271 1273 3713790
1270 1272 3713793
1272 1273 3713796
1269 1272 3713799
1270 1271 3713802
1272 1272 3713805
1272 1273 3713808
1269 1273 3713811
1271 1272 3713814
1272 1272 3713817
1270 1273 3713820
1271 1272 3713823
1271 1273 3713826
1271 1273 3713829
1270 1271 3713832
1270 1271 3713835
1272 1272 3713838
1272 1273 3713841
1269 1272 3713844
1272 1272 3713847
1272 1274 3713850
1271 1273 3713853
1272 1272 3713856
1271 1273 3713859
1271 1272 3713862
1270 1272 3713865
1271 1271 3713868
1272 1272 3713871
1272 1271 3713874
1270 1273 3713877
1272 1274 3713880
1272 1274 3713883
1271 1274 3713886
1272 1273 3713889
1271 1272 3713892
1271 1273 3713895
1270 1272 3713898
1271 1271 3713901
1272 1272 3713904
1272 1271 3713907
1270 1274 3713910
1271 1273 3713913
1272 1273 3713916
1270 1274 3713919
1271 1271 3713922
1270 1272 3713925
1272 1274 3713928
1270 1271 3713931
1271 1271 3713934
1272 1272 3713937
1271 1272 3713940
1269 1272 3713943
1272 1274 3713946
1272 1274 3713949
1270 1273 3713952
1270 1271 3713955
1270 1273 3713958
1271 1273 3713961
1270 1271 3713964
1270 1272 3713967
1272 1272 3713970
1271 1272 3713973
1270 1272 3713976
1272 1274 3713979
1272 1273 3713982
1271 1272 3713985
1270 1272 3713988
1270 1272 3713991
1272 1273 3713994
1270 1272 3713997
1271 1273 3714001
1271 1270 3714004
1271 1273 3714007
1271 1274 3714010
1272 1271 3714013
1273 1270 3714016
1271 1272 3714019
1271 1271 3714022
1273 1272 3714025
1272 1273 3714027
1271 1275 3714030
1272 1272 3714033
1272 1270 3714036
1271 1273 3714039
1271 1273 3714042
1271 1272 3714045
1272 1272 3714048
1271 1272 3714051
1272 1272 3714054
1272 1272 3714057
1271 1273 3714060
1272 1273 3714063
1270 1272 3714066
1271 1274 3714069
1270 1272 3714072
1272 1271 3714075
1271 1273 3714078
1272 1272 3714081
1269 1272 3714084
1270 1271 3714087
1272 1272 3714090
1271 1273 3714093
1271 1272 3714096
1272 1273 3714099
1271 1272 3714102
1271 1272 3714105
1271 1272 3714108
1271 1274 3714111
1270 1273 3714114
1270 1271 3714117
1270 1272 3714120
1272 1272 3714123
1273 1272 3714126
1269 1273 3714129
1272 1273 3714132
1272 1272 3714135
1271 1273 3714138
1271 1274 3714141
1272 1272 3714144
1271 1272 3714147
1270 1273 3714150
1270 1272 3714153
1272 1272 3714156
1274 1273 3714159
1269 1272 3714162
1271 1271 3714165
1271 1273 3714168
1270 1273 3714171
1273 1274 3714174
1270 1271 3714177
1271 1273 3714180
1270 1273 3714183
1270 1271 3714186
1272 1276 3714189
1271 1271 3714192
1270 1271 3714195
1271 1273 3714198
1272 1274 3714201
1272 1275 3714204
1275 1271 3714207
1268 1271 3714210
1270 1274 3714213
1272 1272 3714216
1271 1272 3714219
1276 1271 3714222
1269 1270 3714225
1269 1272 3714228
1272 1273 3714231
1271 1274 3714234
1275 1277 3714237
1269 1271 3714240
1269 1272 3714243
1272 1274 3714246
1272 1273 3714249
1271 1275 3714252
1272 1269 3714255
1271 1270 3714258
1270 1273 3714261
1274 1274 3714264
1274 1277 3714267
1276 1272 3714270
1269 1272 3714273
1269 1272 3714276
1274 1275 3714279
1271 1273 3714282
1275 1270 3714285
1269 1271 3714288
1270 1272 3714291
1270 1271 3714294
1272 1273 3714297
1276 1277 3714300
1268 1271 3714303
1269 1270 3714306
1271 1274 3714309
1272 1274 3714312
1270 1275 3714315
1270 1269 3714318
1271 1271 3714321
1270 1272 3714324
1270 1273 3714327
1274 1277 3714330
1277 1273 3714333
1269 1272 3714336
1270 1273 3714339
1273 1274 3714342
1272 1273 3714345
1275 1271 3714348
1267 1270 3714351
1270 1272 3714354
1271 1272 3714357
1272 1274 3714360
1276 1278 3714363
1271 1272 3714366
1270 1271 3714369
1273 1275 3714372
1270 1272 3714375
1274 1277 3714378
1269 1271 3714381
1269 1271 3714384
1271 1272 3714387
1271 1273 3714390
1272 1277 3714393
1276 1272 3714396
1269 1271 3714399
1269 1275 3714402
1272 1272 3714405
1271 1276 3714408
1277 1272 3714411
1267 1270 3714414
1268 1270 3714417
1271 1272 3714420
1272 1274 3714423
1274 1277 3714426
1269 1271 3714429
1271 1273 3714432
1273 1273 3714435
1270 1271 3714438
1275 1277 3714441
1269 1273 3714444
1267 1271 3714447
1270 1271 3714450
1273 1274 3714453
1273 1276 3714456
1275 1270 3714459
1271 1273 3714462
1271 1274 3714465
1272 1272 3714468
1272 1276 3714471
1275 1272 3714474
1269 1271 3714477
1269 1271 3714480
1271 1273 3714483
1273 1274 3714486
1276 1276 3714489
1267 1273 3714492
1270 1272 3714495
1273 1273 3714498
1271 1274 3714501
1275 1277 3714504
1269 1270 3714507
1271 1272 3714510
1269 1273 3714513
1272 1273 3714516
1271 1275 3714519
1272 1271 3714522
1269 1272 3714525
1271 1273 3714528
1273 1274 3714531
1271 1277 3714534
1276 1271 3714537
1268 1271 3714540
1271 1273 3714543
1271 1274 3714546
1272 1271 3714549
1277 1272 3714552
1269 1272 3714555
1269 1271 3714558
1272 1273 3714561
1272 1274 3714564
1274 1277 3714567
1270 1270 3714570
1269 1272 3714573
1272 1276 3714576
1271 1272 3714579
1271 1276 3714582
1271 1270 3714585
1270 1270 3714588
1269 1273 3714591
1272 1274 3714594
1272 1277 3714597
1275 1271 3714600
1268 1271 3714603
1269 1274 3714606
1274 1274 3714609
1270 1273 3714612
1276 1270 3714615
1268 1269 3714618
1270 1271 3714621
1269 1273 3714624
1274 1273 3714627
1276 1276 3714630
1269 1271 3714633
1269 1272 3714636
1271 1273 3714639
1272 1274 3714642
1274 1277 3714645
1269 1268 3714648
1270 1270 3714651
1270 1272 3714654
1273 1274 3714657
1274 1276 3714660
1277 1271 3714663
1269 1272 3714666
1270 1273 3714669
1273 1273 3714672
1272 1278 3714675
1275 1270 3714678
1268 1270 3714681
1270 1272 3714684
1271 1272 3714687
1272 1273 3714690
1276 1277 3714693
1270 1273 3714696
1270 1271 3714699
1273 1274 3714702
1271 1274 3714705
1276 1277 3714708
1269 1270 3714711
1268 1270 3714714
1270 1272 3714717
1273 1273 3714720
1271 1276 3714723
1277 1270 3714726
1271 1271 3714729
1270 1275 3714732
1272 1273 3714735
1271 1275 3714738
1277 1272 3714741
1267 1271 3714744
1269 1271 3714747
1273 1273 3714750
1273 1273 3714753
1275 1273 3714756
1269 1272 3714759
1270 1273 3714762
1270 1274 3714765
1271 1273 3714768
1275 1277 3714771
1268 1273 3714774
1269 1272 3714777
1272 1272 3714780
1272 1272 3714783
1275 1278 3714786
1268 1270 3714789
1271 1271 3714792
1272 1276 3714795
1272 1272 3714798
1276 1276 3714801
1268 1270 3714804
1270 1271 3714807
1269 1271 3714810
1271 1272 3714813
1272 1276 3714816
1271 1270 3714819
1270 1272 3714822
1272 1274 3714825
1272 1273 3714828
1272 1276 3714831
1276 1272 3714834
1268 1271 3714837
1270 1275 3714840
1271 1272 3714843
1271 1275 3714846
1277 1271 3714849
1269 1270 3714852
1269 1273 3714855
1273 1274 3714858
1273 1273 3714861
1275 1273 3714864
1268 1272 3714867
1270 1272 3714870
1271 1275 3714873
1272 1275 3714876
1275 1276 3714879
1268 1271 3714882
1270 1273 3714885
1272 1273 3714888
1272 1273 3714891
1276 1278 3714894
1269 1272 3714897
1269 1272 3714900
1272 1275 3714903
1273 1274 3714906
1273 1277 3714909
1269 1269 3714912
1271 1272 3714915
1271 1272 3714918
1272 1274 3714921
1273 1277 3714924
1271 1273 3714927
1269 1271 3714930
1270 1272 3714933
1271 1274 3714936
1273 1277 3714939
1275 1271 3714942
1268 1271 3714945
1271 1273 3714948
1274 1271 3714951
1270 1277 3714954
1277 1270 3714957
1270 1271 3714960
1269 1271 3714963
1272 1274 3714966
1272 1273 3714969
1277 1273 3714972
1268 1272 3714975
1269 1270 3714978
1271 1272 3714981
1273 1273 3714984
1274 1278 3714987
1268 1271 3714990
1270 1272 3714993
1271 1273 3714996
1271 1273 3715000
1274 1277 3715003
1270 1272 3715006
1269 1269 3715009
1273 1273 3715012
1271 1272 3715015
1272 1278 3715018
1269 1270 3715021
1271 1271 3715024
1271 1273 3715027
1273 1274 3715029
1274 1276 3715032
1275 1272 3715035
1269 1272 3715038
1270 1274 3715041
1274 1271 3715044
1271 1273 3715047
1275 1272 3715050
1269 1272 3715053
1269 1271 3715056
1271 1273 3715059
1273 1272 3715062
1275 1278 3715065
1270 1271 3715068
1269 1270 3715071
1272 1274 3715074
1272 1273 3715077
1269 1276 3715080
1270 1268 3715083
1271 1270 3715086
1271 1272 3715089
1271 1274 3715092
1273 1278 3715095
1277 1272 3715098
1268 1271 3715101
1270 1273 3715104
1272 1273 3715107
1273 1272 3715110
1275 1273 3715113
1268 1270 3715116
1270 1271 3715119
1271 1272 3715122
1271 1274 3715125
1277 1277 3715128
1270 1270 3715131
1270 1271 3715134
1271 1274 3715137
1273 1275 3715140
1273 1277 3715143
1276 1270 3715146
1270 1270 3715149
1272 1271 3715152
1272 1273 3715155
1272 1278 3715158
1276 1271 3715161
1270 1272 3715164
1269 1273 3715167
1272 1273 3715170
1271 1272 3715173
1277 1273 3715176
1267 1271 3715179
1269 1270 3715182
1272 1273 3715185
1273 1274 3715188
1274 1277 3715191
1270 1271 3715194
1270 1273 3715197
1271 1273 3715200
1271 1273 3715203
1276 1277 3715206
1269 1272 3715209
1269 1271 3715212
1272 1273 3715215
1272 1273 3715218
1277 1276 3715221
1269 1270 3715224
1270 1272 3715227
1271 1272 3715230
1272 1273 3715233
1272 1276 3715236
1269 1270 3715239
1271 1272 3715242
1270 1272 3715245
1270 1273 3715248
1273 1275 3715251
1276 1271 3715254
1267 1272 3715257
1271 1273 3715260
1274 1273 3715263
1270 1272 3715266
1275 1271 3715269
1267 1272 3715272
1270 1273 3715275
1270 1273 3715278
1271 1272 3715281
1276 1277 3715284
1270 1270 3715287
1269 1271 3715290
1272 1274 3715293
1273 1273 3715296
1271 1277 3715299
1270 1270 3715302
1271 1271 3715305
1272 1274 3715308
1270 1272 3715311
1272 1275 3715314
1276 1271 3715317
1269 1270 3715320
1269 1272 3715323
1274 1273 3715326
1272 1273 3715329
1274 1272 3715332
1268 1272 3715335
1270 1273 3715338
1272 1273 3715341
1271 1273 3715344
1275 1276 3715347
1270 1271 3715350
1270 1271 3715353
1271 1275 3715356
1273 1274 3715359
1272 1276 3715362
1270 1270 3715365
1271 1272 3715368
1270 1273 3715371
1272 1273 3715374
1271 1276 3715377
1275 1273 3715380
1269 1272 3715383
1270 1273 3715386
1272 1275 3715389
1272 1273 3715392
1276 1273 3715395
1268 1273 3715398
1269 1272 3715401
1271 1272 3715404
1272 1274 3715407
1274 1276 3715410
1268 1268 3715413
1271 1270 3715416
1272 1274 3715419
1271 1274 3715422
1272 1276 3715425
1272 1272 3715428
1270 1272 3715431
1270 1271 3715434
1271 1273 3715437
1272 1278 3715440
1276 1271 3715443
1269 1270 3715446
1270 1273 3715449
1273 1274 3715452
1270 1272 3715455
1276 1273 3715458
1268 1272 3715461
1269 1271 3715464
1271 1273 3715467
1270 1274 3715470
1276 1277 3715473
1269 1269 3715476
1270 1270 3715479
1272 1273 3715482
1272 1272 3715485
1271 1277 3715488
1271 1270 3715491
1271 1271 3715494
1270 1273 3715497
1271 1273 3715500
1271 1276 3715503
1277 1272 3715506
1268 1271 3715509
1269 1271 3715512
1273 1272 3715515
1272 1273 3715518
1274 1272 3715521
1269 1271 3715524
1270 1273 3715527
1271 1273 3715530
1271 1274 3715533
1275 1277 3715536
1270 1272 3715539
1269 1271 3715542
1271 1273 3715545
1273 1274 3715548
1271 1277 3715551
1268 1270 3715554
1271 1271 3715557
1271 1274 3715560
1270 1273 3715563
1272 1275 3715566
1276 1272 3715569
1269 1273 3715572
1269 1271 3715575
1272 1273 3715578
1272 1272 3715581
1277 1270 3715584
1268 1271 3715587
1270 1273 3715590
1272 1273 3715593
1271 1274 3715596
1274 1277 3715599
1268 1271 3715602
1270 1272 3715605
1271 1274 3715608
1271 1273 3715611
1272 1276 3715614
1270 1270 3715617
1268 1271 3715620
1273 1273 3715623
1273 1274 3715626
1272 1277 3715629
1276 1272 3715632
1268 1271 3715635
1270 1274 3715638
1272 1274 3715641
1270 1270 3715644
1276 1272 3715647
1268 1272 3715650
1269 1273 3715653
1272 1273 3715656
1273 1275 3715659
1275 1277 3715662
1270 1269 3715665
1270 1272 3715668
1273 1276 3715671
1271 1271 3715674
1270 1275 3715677
1270 1270 3715680
1270 1270 3715683
1269 1272 3715686
1272 1273 3715689
1273 1277 3715692
1276 1271 3715695
1268 1271 3715698
1269 1274 3715701
1274 1273 3715704
1270 1271 3715707
1275 1271 3715710
1268 1271 3715713
1269 1270 3715716
1270 1272 3715719
1273 1275 3715722
1276 1278 3715725
1269 1270 3715728
1269 1272 3715731
1271 1274 3715734
1272 1273 3715737
1270 1276 3715740
1270 1269 3715743
1270 1270 3715746
1271 1271 3715749
1270 1274 3715752
1273 1276 3715755
1276 1270 3715758
1269 1272 3715761
1270 1273 3715764
1271 1272 3715767
1272 1278 3715770
1275 1271 3715773
1267 1269 3715776
1270 1272 3715779
1274 1273 3715782
1270 1276 3715785
1276 1271 3715788
1268 1272 3715791
1269 1271 3715794
1271 1273 3715797
1271 1273 3715800
1276 1275 3715803
1266 1271 3715806
1268 1271 3715809
1271 1273 3715812
1272 1273 3715815
1274 1276 3715818
1269 1273 3715821
1270 1272 3715824
1272 1272 3715827
1270 1273 3715830
1274 1276 3715833
1270 1270 3715836
1269 1269 3715839
1271 1273 3715842
1272 1272 3715845
1274 1275 3715848
1268 1270 3715851
1271 1271 3715854
1271 1273 3715857
1271 1275 3715860
1271 1277 3715863
1270 1270 3715866
1272 1272 3715869
1269 1273 3715872
1271 1272 3715875
1273 1276 3715878
1276 1269 3715881
1270 1271 3715884
1271 1274 3715887
1273 1273 3715890
1271 1276 3715893
1275 1270 3715896
1268 1271 3715899
1269 1274 3715902
1272 1273 3715905
1270 1271 3715908
1277 1271 3715911
1269 1270 3715914
1269 1270 3715917
1272 1274 3715920
1272 1274 3715923
1270 1272 3701526
1271 1270 3701529
1272 1272 3701532
1271 1272 3701535
1270 1273 3701538
1272 1272 3701541
1271 1274 3701544
1270 1272 3701547
1270 1272 3701550
1270 1273 3701553
1271 1273 3701556
1271 1271 3701559
1270 1270 3701562
1272 1272 3701565
1271 1272 3701568
1270 1272 3701571
1272 1273 3701574
1271 1272 3701577
1271 1272 3701580
1271 1273 3701583
1270 1272 3701586
1272 1273 3701589
1270 1271 3701592
1270 1272 3701595
1271 1272 3701598
1272 1272 3701601
1270 1274 3701604
1272 1272 3701607
1271 1273 3701610
1271 1273 3701613
1270 1271 3701616
1270 1271 3701619
1272 1272 3701622
1270 1272 3701625
1270 1271 3701628
1271 1271 3701631
1271 1273 3701634
1270 1272 3701637
1272 1272 3701640
1272 1273 3701643
1270 1271 3701646
1270 1271 3701649
1270 1272 3701652
1271 1273 3701655
1269 1273 3701658
1270 1271 3701661
1272 1273 3701664
1271 1271 3701667
1270 1272 3701670
1271 1273 3701673
1272 1273 3701676
1269 1271 3701679
1270 1271 3701682
1270 1273 3701685
1272 1273 3701688
1270 1272 3701691
1271 1272 3701694
1272 1271 3701697
1272 1271 3701700
1269 1272 3701703
1272 1273 3701706
1272 1273 3701709
1271 1272 3701712
1271 1273 3701715
1270 1274 3701718
1272 1273 3701721
1270 1273 3701724
1270 1271 3701727
1271 1270 3701730
1272 1272 3701733
1270 1273 3701736
1271 1273 3701739
1272 1272 3701742
1271 1273 3701745
1271 1273 3701748
1271 1272 3701751
1271 1274 3701754
1270 1272 3701757
1270 1270 3701760
1271 1272 3701763
1272 1273 3701766
1269 1272 3701769
1272 1272 3701772
1272 1273 3701775
1270 1273 3701778
1271 1272 3701781
1271 1273 3701784
1272 1273 3701787
1270 1271 3701790
1270 1270 3701793
1270 1272 3701796
1272 1272 3701799
1270 1273 3701802
1272 1273 3701805
1271 1273 3701808
1270 1273 3701811
1271 1272 3701814
1271 1273 3701817
1272 1272 3701820
1270 1272 3701823
1270 1271 3701826
1273 1271 3701829
1272 1271 3701832
1270 1273 3701835
1272 1274 3701838
1271 1273 3701841
1271 1273 3701844
1271 1273 3701847
1271 1272 3701850
1272 1273 3701853
1270 1273 3701856
1270 1270 3701859
1271 1271 3701862
1272 1272 3701865
1270 1273 3701868
1272 1272 3701871
1271 1273 3701874
1271 1273 3701877
1271 1272 3701880
1270 1272 3701883
1271 1274 3701886
1270 1272 3701889
1270 1270 3701892
1272 1272 3701895
1271 1272 3701898
1270 1273 3701901
1272 1272 3701904
1271 1274 3701907
1270 1272 3701910
1271 1272 3701913
1271 1273 3701916
1271 1274 3701919
1270 1271 3701922
1270 1272 3701925
1272 1272 3701928
1272 1272 3701931
1270 1272 3701934
1271 1273 3701937
1271 1273 3701940
1270 1272 3701943
1270 1273 3701946
1271 1273 3701949
1271 1273 3701952
1270 1272 3701955
1270 1272 3701958
1272 1272 3701961
1271 1272 3701964
1270 1274 3701967
1272 1273 3701970
1271 1273 3701973
1270 1273 3701976
1271 1271 3701979
1270 1271 3701982
1272 1274 3701985
1271 1273 3701988
1270 1272 3701991
1272 1272 3701994
1271 1273 3701997
1270 1272 3702001
1272 1271 3702004
1272 1274 3702007
1271 1272 3702010
1271 1272 3702013
1273 1269 3702016
1271 1273 3702019
1271 1271 3702022
1272 1272 3702025
1271 1274 3702027
1271 1273 3702030
1271 1271 3702033
1272 1271 3702036
1271 1271 3702039
1270 1272 3702042
1271 1272 3702045
1271 1274 3702048
1271 1271 3702051
1272 1272 3702054
1273 1273 3702057
1271 1272 3702060
1272 1275 3702063
1269 1272 3702066
1271 1273 3702069
1269 1272 3702072
1270 1271 3702075
1271 1273 3702078
1271 1274 3702081
1270 1272 3702084
1270 1272 3702087
1271 1272 3702090
1271 1271 3702093
1270 1272 3702096
1271 1274 3702099
1271 1272 3702102
1271 1272 3702105
1271 1272 3702108
1270 1273 3702111
1272 1273 3702114
1271 1272 3702117
1270 1271 3702120
1271 1271 3702123
1271 1272 3702126
1270 1273 3702129
1273 1273 3702132
1272 1273 3702135
1270 1272 3702138
1270 1273 3702141
1271 1272 3702144
1272 1274 3702147
1270 1272 3702150
1270 1270 3702153
1271 1271 3702156
1271 1272 3702159
1269 1273 3702162
1271 1273 3702165
1271 1273 3702168
1270 1273 3702171
1271 1272 3702174
1271 1273 3702177
1272 1274 3702180
1270 1270 3702183
1270 1270 3702186
1271 1273 3702189
1270 1271 3702192
1270 1272 3702195
1272 1272 3702198
1271 1274 3702201
1270 1272 3702204
1271 1272 3702207
1271 1272 3702210
1271 1273 3702213
1269 1271 3702216
1270 1271 3702219
1273 1270 3702222
1272 1271 3702225
1270 1273 3702228
1272 1273 3702231
1271 1272 3702234
1271 1273 3702237
1271 1273 3702240
1270 1272 3702243
1272 1273 3702246
1270 1272 3702249
1267 1271 3702252
1270 1272 3702255
1271 1272 3702258
1270 1273 3702261
1271 1273 3702264
1272 1273 3702267
1270 1273 3702270
1271 1271 3702273
1270 1272 3702276
1272 1274 3702279
1269 1272 3702282
1271 1271 3702285
1272 1272 3702288
1271 1272 3702291
1270 1272 3702294
1272 1272 3702297
1274 1272 3702300
1270 1271 3702303
1271 1271 3702306
1270 1272 3702309
1271 1272 3702312
1270 1271 3702315
1270 1271 3702318
1271 1272 3702321
1271 1272 3702324
1270 1272 3702327
1271 1274 3702330
1272 1273 3702333
1271 1273 3702336
1271 1272 3702339
1270 1271 3702342
1272 1272 3702345
1270 1272 3702348
1270 1272 3702351
1272 1272 3702354
1271 1271 3702357
1270 1274 3702360
1272 1272 3702363
1272 1272 3702366
1271 1272 3702369
1271 1271 3702372
1271 1272 3702375
1272 1273 3702378
1271 1273 3702381
1270 1272 3702384
1271 1272 3702387
1272 1272 3702390
1270 1272 3702393
1272 1273 3702396
1272 1273 3702399
1271 1274 3702402
1270 1272 3702405
1269 1273 3702408
1271 1275 3702411
1270 1272 3702414
1270 1270 3702417
1272 1273 3702420
1271 1272 3702423
1270 1272 3702426
1272 1273 3702429
1272 1272 3702432
1270 1271 3702435
1271 1272 3702438
1270 1273 3702441
1271 1274 3702444
1270 1271 3702447
1271 1272 3702450
1272 1272 3702453
1271 1271 3702456
1270 1273 3702459
1272 1274 3702462
1272 1273 3702465
1271 1272 3702468
1271 1273 3702471
1271 1273 3702474
1272 1273 3702477
1270 1273 3702480
1270 1272 3702483
1272 1271 3702486
1272 1272 3702489
1269 1273 3702492
1271 1272 3702495
1271 1273 3702498
1271 1273 3702501
1271 1272 3702504
1271 1272 3702507
1272 1274 3702510
1270 1272 3702513
1271 1270 3702516
1272 1272 3702519
1271 1272 3702522
1270 1272 3702525
1272 1272 3702528
1272 1274 3702531
1270 1273 3702534
1271 1272 3702537
1271 1273 3702540
1272 1273 3702543
1270 1271 3702546
1270 1271 3702549
1271 1272 3702552
1271 1272 3702555
1270 1272 3702558
1276 1273 3702561
1271 1273 3702564
1271 1272 3702567
1271 1273 3702570
1270 1272 3702573
1271 1272 3702576
1270 1271 3702579
1270 1271 3702582
1274 1271 3702585
1273 1272 3702588
1270 1274 3702591
1272 1273 3702594
1272 1273 3702597
1271 1273 3702600
1271 1273 3702603
1270 1272 3702606
1271 1273 3702609
1270 1272 3702612
1266 1271 3702615
1271 1271 3702618
1271 1271 3702621
1270 1272 3702624
1272 1273 3702627
1272 1273 3702630
1271 1273 3702633
1270 1272 3702636
1270 1272 3702639
1272 1274 3702642
1267 1273 3702645
1270 1271 3702648
1272 1272 3702651
1270 1272 3702654
1270 1272 3702657
1272 1273 3702660
1272 1274 3702663
1270 1271 3702666
1272 1272 3702669
1271 1273 3702672
1272 1273 3702675
1271 1271 3702678
1271 1271 3702681
1272 1273 3702684
1271 1270 3702687
1270 1273 3702690
1272 1273 3702693
1272 1272 3702696
1270 1272 3702699
1271 1273 3702702
1271 1273 3702705
1272 1273 3702708
1270 1272 3702711
1270 1273 3702714
1272 1272 3702717
1271 1272 3702720
1270 1274 3702723
1272 1272 3702726
1272 1272 3702729
1270 1273 3702732
1270 1272 3702735
1271 1272 3702738
1272 1273 3702741
1270 1272 3702744
1271 1271 3702747
1271 1272 3702750
1271 1273 3702753
1270 1272 3702756
1272 1272 3702759
1271 1273 3702762
1270 1272 3702765
1271 1272 3702768
1271 1272 3702771
1271 1274 3702774
1270 1272 3702777
1270 1271 3702780
1272 1272 3702783
1271 1271 3702786
1270 1272 3702789
1271 1273 3702792
1271 1272 3702795
1271 1272 3702798
1271 1272 3702801
1271 1273 3702804
1271 1273 3702807
1270 1271 3702810
1270 1271 3702813
1271 1272 3702816
1272 1271 3702819
1270 1273 3702822
1271 1272 3702825
1271 1272 3702828
1270 1272 3702831
1270 1273 3702834
1270 1273 3702837
1272 1273 3702840
1270 1273 3702843
1270 1271 3702846
1272 1271 3702849
1271 1272 3702852
1270 1272 3702855
1271 1273 3702858
1272 1272 3702861
1271 1273 3702864
1271 1272 3702867
1271 1272 3702870
1272 1275 3702873
1270 1271 3702876
1271 1270 3702879
1272 1272 3702882
1271 1272 3702885
1267 1273 3702888
1272 1273 3702891
1272 1273 3702894
1271 1273 3702897
1270 1271 3702900
1271 1273 3702903
1271 1273 3702906
1270 1271 3702909
1270 1271 3702912
1271 1272 3702915
1271 1271 3702918
1270 1272 3702921
1272 1273 3702924
1272 1274 3702927
1271 1273 3702930
1271 1273 3702933
1270 1272 3702936
1272 1272 3702939
1270 1272 3702942
1271 1271 3702945
1271 1272 3702948
1271 1272 3702951
1270 1273 3702954
1272 1273 3702957
1272 1273 3702960
1271 1273 3702963
1270 1272 3702966
1271 1272 3702969
1271 1274 3702972
1270 1272 3702975
1271 1271 3702978
1272 1272 3702981
1272 1273 3702984
1270 1273 3702987
1272 1273 3702990
1271 1274 3702993
1271 1273 3702996
1271 1271 3703000
1270 1273 3703003
1271 1273 3703006
1269 1271 3703009
1271 1272 3703012
1270 1272 3703015
1270 1274 3703018
1271 1272 3703021
1272 1274 3703024
1271 1272 3703027
1271 1271 3703029
1272 1272 3703032
1270 1273 3703035
1271 1273 3703038
1272 1273 3703041
1272 1272 3703044
1271 1273 3703047
1271 1273 3703050
1271 1274 3703053
1270 1272 3703056
1271 1270 3703059
1272 1271 3703062
1271 1273 3703065
1272 1273 3703068
1272 1271 3703071
1271 1273 3703074
1271 1274 3703077
1271 1271 3703080
1271 1272 3703083
1272 1272 3703086
1272 1271 3703089
1270 1273 3703092
1271 1274 3703095
1272 1273 3703098
1270 1272 3703101
1270 1273 3703104
1271 1273 3703107
1272 1273 3703110
1270 1273 3703113
1271 1271 3703116
1272 1271 3703119
1271 1272 3703122
1269 1273 3703125
1270 1273 3703128
1271 1273 3703131
1270 1272 3703134
1271 1272 3703137
1270 1272 3703140
1272 1274 3703143
1271 1273 3703146
1270 1270 3703149
1271 1272 3703152
1271 1273 3703155
1266 1273 3703158
1271 1272 3703161
1271 1273 3703164
1270 1273 3703167
1271 1271 3703170
1271 1274 3703173
1272 1274 3703176
1270 1271 3703179
1270 1271 3703182
1271 1272 3703185
1273 1272 3703188
1271 1272 3703191
1272 1273 3703194
1272 1273 3703197
1271 1272 3703200
1271 1272 3703203
1271 1273 3703206
1272 1273 3703209
1270 1272 3703212
1270 1272 3703215
1270 1272 3703218
1271 1271 3703221
1270 1272 3703224
1271 1273 3703227
1271 1273 3703230
1271 1273 3703233
1271 1272 3703236
1270 1271 3703239
1271 1273 3703242
1269 1272 3703245
1272 1270 3703248
1271 1271 3703251
1271 1272 3703254
1269 1273 3703257
1271 1272 3703260
1272 1273 3703263
1271 1273 3703266
1270 1271 3703269
1271 1272 3703272
1271 1273 3703275
1270 1271 3703278
1270 1270 3703281
1271 1272 3703284
1271 1273 3703287
1269 1272 3703290
1272 1273 3703293
1272 1273 3703296
1270 1272 3703299
1270 1272 3703302
1271 1273 3703305
1269 1274 3703308
1271 1272 3703311
1270 1271 3703314
1271 1272 3703317
1271 1271 3703320
1270 1273 3703323
1272 1273 3703326
1272 1272 3703329
1270 1272 3703332
1270 1272 3703335
1270 1272 3703338
1272 1272 3703341
1270 1271 3703344
1270 1271 3703347
1272 1271 3703350
1272 1271 3703353
1271 1274 3703356
1272 1272 3703359
1272 1273 3703362
1270 1273 3703365
1272 1273 3703368
1272 1273 3703371
1272 1274 3703374
1271 1272 3703377
1271 1270 3703380
1273 1272 3703383
1272 1274 3703386
1270 1273 3703389
1272 1273 3703392
1272 1273 3703395
1271 1273 3703398
1271 1273 3703401
1271 1272 3703404
1271 1273 3703407
1270 1271 3703410
1271 1271 3703413
1272 1274 3703416
1273 1271 3703419
1270 1272 3703422
1271 1274 3703425
1271 1273 3703428
1270 1272 3703431
1271 1272 3703434
1270 1273 3703437
1272 1273 3703440
1270 1271 3703443
1270 1273 3703446
1272 1271 3703449
1271 1271 3703452
1269 1273 3703455
1272 1272 3703458
1272 1272 3703461
1271 1273 3703464
1270 1273 3703467
1270 1273 3703470
1271 1273 3703473
1270 1273 3703476
1271 1272 3703479
1274 1270 3703482
1271 1271 3703485
1270 1270 3703488
1272 1271 3703491
1273 1273 3703494
1271 1272 3703497
1270 1272 3703500
1271 1272 3703503
1272 1274 3703506
1270 1273 3703509
1271 1270 3703512
1272 1271 3703515
1272 1273 3707923
1270 1273 3707926
1271 1273 3707929
1272 1272 3707932
1271 1273 3707935
1271 1272 3707937
1272 1273 3707940
1270 1273 3707943
1271 1273 3707946
1271 1273 3707949
1273 1271 3707952
1269 1273 3707955
1271 1273 3707958
1271 1274 3707961
1271 1272 3707964
1271 1271 3707967
1272 1272 3707970
1271 1273 3707973
1272 1272 3707976
1271 1272 3707979
1270 1273 3707982
1271 1273 3707985
1271 1271 3707988
1270 1271 3707991
1271 1273 3707994
1272 1272 3707997
1270 1272 3708001
1271 1272 3708004
1272 1273 3708007
1271 1273 3708010
1272 1273 3708013
1272 1270 3708016
1272 1272 3708019
1272 1272 3708022
1271 1273 3708025
1272 1272 3708027
1271 1274 3708030
1272 1272 3708033
1272 1270 3708036
1271 1272 3708039
1271 1273 3708042
1271 1273 3708045
1272 1273 3708048
1272 1271 3708051
1272 1273 3708054
1273 1273 3708057
1270 1272 3708060
1272 1273 3708063
1271 1273 3708066
1272 1272 3708069
1270 1273 3708072
1271 1270 3708075
1272 1271 3708078
1272 1273 3708081
1270 1273 3708084
1270 1271 3708087
1272 1271 3708090
1272 1273 3708093
1270 1272 3708096
1273 1272 3708099
1272 1274 3708102
1270 1272 3708105
1270 1272 3708108
1270 1272 3708111
1272 1274 3708114
1270 1272 3708117
1270 1270 3708120
1271 1273 3708123
1271 1271 3708126
1270 1272 3708129
1272 1273 3708132
1272 1276 3708135
1270 1273 3708138
1271 1272 3708141
1271 1274 3708144
1272 1275 3708147
1271 1272 3708150
1271 1272 3708153
1271 1272 3708156
1271 1271 3708159
1270 1273 3708162
1272 1272 3708165
1273 1273 3708168
1271 1272 3708171
1270 1272 3708174
1271 1272 3708177
1273 1273 3708180
1271 1273 3708183
1271 1271 3708186
1272 1271 3708189
1272 1273 3708192
1269 1274 3708195
1271 1273 3708198
1272 1272 3708201
1271 1273 3708204
1271 1272 3708207
1271 1272 3708210
1272 1274 3708213
1270 1273 3708216
1271 1270 3708219
1272 1272 3708222
1271 1272 3708225
1269 1273 3708228
1272 1273 3708231
1272 1274 3708234
1271 1273 3708237
1271 1272 3708240
1270 1273 3708243
1271 1274 3708246
1269 1271 3708249
1270 1272 3708252
1272 1271 3708255
1272 1272 3708258
1271 1272 3708261
1272 1273 3708264
1271 1273 3708267
1271 1272 3708270
1271 1273 3708273
1271 1273 3708276
1271 1273 3708279
1270 1272 3708282
1270 1271 3708285
1271 1272 3708288
1271 1271 3708291
1271 1273 3708294
1272 1273 3708297
1272 1273 3708300
1271 1273 3708303
1271 1272 3708306
1270 1272 3708309
1271 1274 3708312
1269 1272 3708315
1269 1271 3708318
1271 1272 3708321
1271 1272 3708324
1269 1273 3708327
1272 1272 3708330
1272 1274 3708333
1270 1273 3708336
1271 1271 3708339
1270 1272 3708342
1271 1274 3708345
1267 1272 3708348
1269 1270 3708351
1271 1272 3708354
1271 1272 3708357
1270 1272 3708360
1272 1278 3708363
1272 1273 3708366
1270 1271 3708369
1270 1272 3708372
1271 1273 3708375
1273 1273 3708378
1271 1272 3708381
1271 1272 3708384
1272 1273 3708387
1272 1272 3708390
1271 1273 3708393
1272 1274 3708396
1271 1273 3708399
1270 1272 3708402
1270 1273 3708405
1271 1272 3708408
1271 1273 3708411
1269 1272 3708414
1271 1272 3708417
1271 1270 3708420
1272 1272 3708423
1270 1274 3708426
1272 1272 3708429
1272 1273 3708432
1271 1273 3708435
1270 1271 3708438
1270 1272 3708441
1272 1273 3708444
1270 1272 3708447
1270 1271 3708450
1272 1272 3708453
1271 1273 3708456
1270 1271 3708459
1272 1273 3708462
1271 1273 3708465
1271 1272 3708468
1271 1271 3708471
1270 1270 3708474
1272 1274 3708477
1270 1272 3708480
1271 1271 3708483
1271 1272 3708486
1271 1270 3708489
1270 1272 3708492
1272 1273 3708495
1272 1273 3708498
1270 1273 3708501
1270 1272 3708504
1271 1274 3708507
1271 1274 3708510
1270 1272 3708513
1271 1272 3708516
1272 1271 3708519
1271 1272 3708522
1270 1273 3708525
1272 1273 3708528
1272 1273 3708531
1272 1272 3708534
1271 1273 3708537
1271 1273 3708540
1272 1273 3708543
1271 1273 3708546
1271 1271 3708549
1272 1271 3708552
1271 1273 3708555
1270 1275 3708558
1272 1273 3708561
1272 1273 3708564
1271 1273 3708567
1271 1273 3708570
1271 1272 3708573
1272 1274 3708576
1270 1271 3708579
1271 1271 3708582
1271 1272 3708585
1271 1274 3708588
1269 1273 3708591
1272 1273 3708594
1272 1274 3708597
1271 1273 3708600
1271 1272 3708603
1271 1274 3708606
1272 1273 3708609
1270 1271 3708612
1270 1271 3708615
1271 1274 3708618
1268 1272 3708621
1268 1271 3708624
1271 1273 3708627
1271 1274 3708630
1271 1272 3708633
1271 1273 3708636
1271 1273 3708639
1272 1273 3708642
1270 1272 3708645
1270 1271 3708648
1271 1271 3708651
1272 1271 3708654
1270 1273 3708657
1272 1273 3708660
1272 1272 3708663
1270 1274 3708666
1270 1273 3708669
1271 1271 3708672
1271 1273 3708675
1270 1272 3708678
1269 1271 3708681
1272 1271 3708684
1272 1273 3708687
1271 1273 3708690
1272 1272 3708693
1272 1274 3708696
1270 1273 3708699
1271 1271 3708702
1271 1273 3708705
1271 1274 3708708
1270 1271 3708711
1270 1271 3708714
1272 1272 3708717
1272 1272 3708720
1270 1272 3708723
1272 1274 3708726
1271 1274 3708729
1270 1272 3708732
1271 1273 3708735
1270 1273 3708738
1271 1274 3708741
1271 1271 3708744
1271 1271 3708747
1272 1272 3708750
1272 1271 3708753
1271 1273 3708756
1272 1273 3708759
1272 1272 3708762
1270 1273 3708765
1271 1272 3708768
1271 1272 3708771
1272 1273 3708774
1270 1272 3708777
1271 1272 3708780
1272 1271 3708783
1271 1273 3708786
1270 1273 3708789
1272 1272 3708792
1272 1273 3708795
1271 1273 3708798
1271 1272 3708801
1271 1271 3708804
1272 1273 3708807
1271 1273 3708810
1271 1271 3708813
1272 1273 3708816
1272 1273 3708819
1270 1272 3708822
1273 1274 3708825
1272 1274 3708828
1268 1273 3708831
1270 1271 3708834
1270 1273 3708837
1271 1273 3708840
1270 1271 3708843
1270 1271 3708846
1272 1272 3708849
1271 1271 3708852
1269 1272 3708855
1272 1273 3708858
1272 1274 3708861
1271 1272 3708864
1271 1272 3708867
1271 1272 3708870
1272 1273 3708873
1271 1273 3708876
1271 1272 3708879
1272 1271 3708882
1271 1272 3708885
1270 1273 3708888
1271 1273 3708891
1271 1273 3708894
1270 1273 3708897
1271 1273 3708900
1271 1272 3708903
1272 1274 3708906
1270 1272 3708909
1270 1270 3708912
1272 1271 3708915
1270 1272 3708918
1270 1273 3708921
1272 1272 3708924
1272 1273 3708927
1271 1273 3708930
1271 1272 3708933
1270 1274 3708936
1271 1274 3708939
1270 1272 3708942
1271 1271 3708945
1270 1272 3708948
1271 1272 3708951
1270 1273 3708954
1272 1273 3708957
1272 1273 3708960
1271 1272 3708963
1270 1272 3708966
1271 1273 3708969
1272 1273 3708972
1270 1271 3708975
1270 1271 3708978
1269 1272 3708981
1271 1272 3708984
1270 1273 3708987
1272 1273 3708990
1272 1272 3708993
1270 1273 3708996
1271 1273 3709000
1270 1273 3709003
1272 1272 3709006
1271 1271 3709009
1272 1272 3709012
1271 1272 3709015
1271 1272 3709018
1271 1274 3709021
1272 1273 3709024
1271 1272 3709027
1271 1273 3709029
1272 1272 3709032
1270 1273 3709035
1272 1273 3709038
1272 1273 3709041
1272 1268 3709044
1271 1273 3709047
1271 1274 3709050
1271 1274 3709053
1272 1272 3709056
1272 1272 3709059
1272 1271 3709062
1271 1272 3709065
1271 1273 3709068
1270 1272 3709071
1271 1272 3709074
1271 1274 3709077
1270 1273 3709080
1270 1271 3709083
1272 1272 3709086
1272 1273 3709089
1270 1272 3709092
1272 1272 3709095
1271 1273 3709098
1270 1270 3709101
1271 1271 3709104
1271 1271 3709107
1272 1274 3709110
1270 1272 3709113
1270 1271 3709116
1272 1273 3709119
1272 1271 3709122
1270 1272 3709125
1271 1274 3709128
1272 1273 3709131
1270 1272 3709134
1270 1271 3709137
1270 1273 3709140
1272 1273 3709143
1270 1271 3709146
1270 1272 3709149
1271 1271 3709152
1271 1272 3709155
1270 1273 3709158
1272 1272 3709161
1273 1273 3709164
1271 1273 3709167
1271 1272 3709170
1271 1272 3709173
1272 1273 3709176
1271 1273 3709179
1271 1271 3709182
1272 1271 3709185
1271 1272 3709188
1269 1273 3709191
1272 1272 3709194
1273 1273 3709197
1271 1273 3709200
1270 1273 3709203
1270 1272 3709206
1272 1275 3709209
1270 1272 3709212
1270 1270 3709215
1271 1273 3709218
1272 1272 3709221
1269 1272 3709224
1272 1272 3709227
1271 1273 3709230
1271 1273 3709233
1271 1272 3709236
1270 1274 3709239
1272 1273 3709242
1270 1271 3709245
1270 1271 3709248
1273 1270 3709251
1272 1271 3709254
1270 1272 3709257
1272 1273 3709260
1272 1273 3709263
1271 1272 3709266
1271 1273 3709269
1271 1273 3709272
1271 1272 3709275
1270 1272 3709278
1270 1273 3709281
1272 1271 3709284
1271 1271 3709287
1270 1273 3709290
1272 1274 3709293
1272 1272 3709296
1271 1273 3709299
1271 1273 3709302
1270 1272 3709305
1271 1274 3709308
1270 1272 3709311
1269 1271 3709314
1273 1272 3709317
1272 1272 3709320
1270 1273 3709323
1272 1272 3709326
1272 1274 3709329
1271 1273 3709332
1271 1271 3709335
1271 1273 3709338
1272 1274 3709341
1271 1271 3709344
1271 1270 3709347
1272 1272 3709350
1271 1272 3709353
1270 1272 3709356
1272 1273 3709359
1272 1274 3709362
1271 1272 3709365
1271 1272 3709368
1270 1273 3709371
1274 1273 3709374
1271 1272 3709377
1270 1272 3709380
1271 1272 3709383
1271 1271 3709386
1271 1272 3709389
1272 1273 3709392
1272 1272 3709395
1271 1273 3709398
1271 1272 3709401
1269 1273 3709404
1271 1273 3709407
1271 1272 3709410
1271 1272 3709413
1272 1272 3709416
1272 1272 3709419
1270 1273 3709422
1272 1272 3709425
1272 1272 3709428
1270 1273 3709431
1270 1271 3709434
1271 1271 3709437
1272 1274 3709440
1270 1273 3709443
1271 1271 3709446
1272 1272 3709449
1271 1273 3709452
1270 1272 3709455
1272 1273 3709458
1272 1274 3709461
1270 1272 3709464
1270 1272 3709467
1271 1272 3709470
1271 1275 3709473
1270 1272 3709476
1270 1271 3709479
1271 1273 3709482
1271 1272 3709485
1270 1272 3709488
1272 1274 3709491
1271 1273 3709494
1271 1272 3709497
1271 1272 3709500
1271 1273 3709503
1272 1273 3709506
1270 1272 3709509
1271 1272 3709512
1272 1272 3709515
1271 1272 3709518
1271 1273 3709521
1272 1272 3709524
1273 1272 3709527
1272 1272 3709530
1272 1273 3709533
1272 1273 3709536
1272 1273 3709539
1270 1273 3709542
1271 1271 3709545
1271 1271 3709548
1272 1273 3709551
1270 1274 3709554
1272 1273 3709557
1272 1273 3709560
1271 1273 3709563
1271 1273 3709566
1271 1272 3709569
1272 1275 3709572
1270 1272 3709575
1271 1270 3709578
1272 1273 3709581
1271 1272 3709584
1270 1272 3709587
1272 1272 3709590
1272 1274 3709593
1271 1274 3709596
1272 1272 3709599
1271 1273 3709602
1272 1274 3709605
1270 1271 3709608
1270 1271 3709611
1272 1272 3709614
1272 1272 3709617
1270 1273 3709620
1272 1273 3709623
1272 1273 3709626
1271 1272 3709629
1272 1273 3709632
1271 1273 3709635
1272 1273 3709638
1270 1272 3709641
1270 1271 3709644
1271 1271 3709647
1271 1272 3709650
1270 1273 3709653
1271 1273 3709656
1271 1272 3709659
1271 1273 3709662
1272 1272 3709665
1270 1272 3709668
1272 1273 3709671
1270 1272 3709674
1268 1272 3709677
1271 1272 3709680
1272 1272 3709683
1270 1272 3709686
1272 1272 3709689
1271 1273 3709692
1271 1274 3709695
1270 1272 3709698
1272 1272 3709701
1271 1272 3709704
1273 1272 3709707
1272 1273 3709710
1271 1272 3709713
1271 1272 3709716
1270 1271 3709719
1272 1273 3709722
1271 1273 3709725
1272 1273 3709728
1270 1272 3709731
1271 1272 3709734
1270 1273 3709737
1272 1272 3709740
1272 1273 3709743
1271 1273 3709746
1271 1272 3709749
1271 1271 3709752
1271 1275 3709755
1270 1272 3709758
1271 1273 3709761
1270 1273 3709764
1271 1272 3709767
1272 1272 3709770
1272 1273 3709773
1271 1274 3709776
1271 1273 3709779
1271 1272 3709782
1271 1272 3709785
1272 1273 3709788
1271 1272 3709791
1271 1273 3709794
1269 1273 3709797
1272 1271 3709800
1272 1272 3709803
1271 1273 3709806
1271 1273 3709809
1271 1272 3709812
1271 1273 3709815
1270 1271 3709818
1272 1273 3709821
1271 1273 3709824
1271 1272 3709827
1270 1272 3709830
1271 1272 3709833
1272 1273 3709836
1271 1272 3709839
1271 1272 3709842
1271 1273 3709845
1271 1272 3709848
1271 1270 3709851
1272 1275 3709854
1270 1271 3709857
1272 1272 3709860
1270 1271 3709863
1272 1272 3709866
1271 1272 3709869
1271 1272 3709872
1270 1273 3709875
1272 1272 3709878
1271 1272 3709881
1270 1272 3709884
1272 1273 3709887
1270 1271 3709890
1272 1273 3709893
1270 1273 3709896
1271 1272 3709899
1272 1272 3709902
1272 1273 3709905
1271 1273 3709908
1271 1272 3709911
1271 1272 3709914
1270 1272 3709917
1273 1273 3709920
1271 1272 3709923
1272 1274 3709926
1270 1273 3709929
1272 1271 3709932
1272 1273 3709935
1271 1272 3709938
1271 1272 3709941
1271 1272 3709944
1271 1272 3709947
1270 1271 3709950
1272 1273 3709953
1271 1273 3709956
1272 1274 3709959
1270 1272 3709962
1272 1273 3709965
1271 1273 3709968
1272 1271 3709971
1271 1273 3709974
1271 1272 3709977
1270 1272 3709980
1270 1271 3709983
1272 1274 3709986
1271 1273 3709989
1271 1273 3709992
1270 1273 3709995
1272 1271 3709999
1272 1271 3710002
1271 1274 3710005
1272 1271 3710008
1271 1273 3710011
1271 1274 3710014
1273 1273 3710017
1271 1274 3710020
1272 1270 3710023
1275 1273 3710026
1272 1273 3710029
1272 1272 3710032
1271 1271 3710035
1272 1273 3710038
1268 1272 3710041
1271 1273 3710043
1270 1275 3710046
1271 1273 3710049
1270 1274 3710052
1272 1273 3710055
1272 1273 3710058
1271 1272 3710061
1272 1272 3710064
1271 1273 3710067
1270 1272 3710070
1271 1272 3710073
1270 1272 3710076
1271 1273 3710079
1271 1272 3710082
1273 1272 3710085
1271 1273 3710088
1271 1271 3710091
1273 1272 3710094
1271 1274 3710097
1273 1273 3710100
1272 1274 3710103
1272 1273 3710106
1271 1273 3710109
1271 1272 3710112
1272 1274 3710115
1271 1274 3710118
1271 1273 3710121
1270 1272 3710124
1272 1273 3710127
1271 1273 3710130
1272 1272 3710133
1271 1273 3710136
1271 1273 3710139
1271 1272 3710142
1270 1271 3710145
1272 1274 3710148
1271 1271 3710151
1272 1273 3710154
1270 1273 3710157
1271 1271 3710160
1271 1272 3710163
1271 1271 3710166
1271 1274 3710169
1271 1273 3710172
1271 1272 3710175
1270 1272 3710178
1272 1273 3710181
1270 1272 3710184
1271 1273 3710187
1270 1273 3710190
1271 1272 3710193
1272 1272 3710196
1271 1273 3710199
1271 1273 3710202
1271 1272 3710205
1270 1273 3710208
1270 1270 3710211
1272 1273 3710214
1270 1272 3710217
1271 1272 3710220
1270 1272 3710223
1271 1272 3710226
1271 1271 3710229
1272 1272 3710232
1271 1273 3710235
1271 1273 3710238
1271 1272 3710241
1270 1270 3710244
1272 1274 3710247
1270 1270 3710250
1272 1272 3710253
1270 1272 3710256
1271 1272 3710259
1271 1272 3710262
1272 1272 3710265
1271 1274 3710268
1271 1272 3710271
1271 1271 3710274
1270 1272 3710277
1273 1272 3710280
1271 1271 3710283
1272 1273 3710286
1270 1273 3710289
1272 1272 3710292
1272 1272 3710295
1272 1274 3710298
1271 1273 3710301
1271 1272 3710304
1271 1272 3710307
1271 1273 3710310
1271 1273 3710313
1270 1272 3710316
1271 1274 3710319
1271 1273 3710322
1271 1272 3710325
1272 1273 3710328
1272 1272 3710331
1270 1272 3710334
1270 1272 3710337
1270 1272 3710340
1270 1271 3710343
1273 1274 3710346
1270 1273 3710349
1272 1274 3710352
1270 1272 3710355
1271 1273 3710358
1272 1273 3710361
1272 1272 3710364
1271 1273 3710367
1271 1272 3710370
1270 1272 3710373
1271 1271 3710376
1272 1274 3710379
1270 1273 3710382
1271 1273 3710385
1270 1273 3710388
1272 1272 3710391
1271 1271 3710394
1271 1272 3710397
1270 1273 3710400
1271 1271 3710403
1271 1272 3710406
1270 1272 3710409
1272 1274 3710412
1270 1272 3710415
1271 1274 3710418
1270 1274 3710421
1271 1271 3710424
1271 1271 3710427
1271 1272 3710430
1269 1272 3710433
1270 1272 3710436
1270 1272 3710439
1269 1272 3710442
1272 1273 3710445
1271 1273 3710448
1271 1273 3710451
1270 1272 3710454
1271 1272 3710457
1271 1272 3710460
1273 1273 3710463
1272 1273 3710466
1271 1272 3710469
1272 1273 3710472
1271 1270 3710475
1272 1274 3710478
1270 1273 3710481
1271 1273 3710484
1270 1272 3710487
1272 1272 3710490
1271 1271 3710493
1271 1271 3710496
1270 1273 3710499
1271 1273 3710502
1270 1271 3710505
1270 1271 3710508
1272 1274 3710511
1270 1272 3710514
1271 1273 3710517
1269 1272 3710520
1271 1272 3710523
1271 1272 3710526
1272 1271 3710529
1271 1274 3710532
1272 1272 3710535
1271 1272 3710538
1270 1273 3710541
1272 1273 3710544
1271 1272 3710547
1271 1273 3710550
1270 1273 3710553
1271 1272 3710556
1272 1272 3710559
1271 1273 3710562
1271 1273 3710565
1271 1272 3710568
1271 1273 3710571
1270 1271 3710574
1272 1273 3710577
1270 1273 3710580
1271 1274 3710583
1270 1271 3710586
1272 1272 3710589
1271 1273 3710592
1271 1272 3710595
1271 1273 3710598
1271 1273 3710601
1271 1271 3710604
1270 1272 3710607
1272 1274 3710610
1270 1273 3710613
1271 1273 3710616
1270 1273 3710619
1271 1273 3710622
1272 1272 3710625
1271 1273 3710628
1270 1274 3710631
1271 1272 3710634
1271 1272 3710637
1270 1272 3710640
1271 1274 3710643
1270 1272 3710646
1271 1273 3710649
1269 1274 3710652
1271 1273 3710655
1271 1272 3710658
1272 1273 3710661
1270 1272 3710664
1271 1272 3710667
1271 1273 3710670
1270 1271 3710673
1272 1273 3710676
1271 1273 3710679
1271 1274 3710682
1270 1273 3710685
1272 1272 3710688
1272 1273 3710691
1272 1272 3710694
1271 1272 3710697
1271 1273 3710700
1271 1271 3710703
1270 1270 3710706
1273 1273 3710709
1271 1272 3710712
1271 1274 3710715
1270 1272 3710718
1271 1273 3710721
1271 1272 3710724
1271 1271 3710727
1270 1273 3710730
1271 1271 3710733
1271 1271 3710736
1270 1272 3710739
1272 1274 3710742
1271 1273 3710745
1272 1273 3710748
1269 1273 3710751
1271 1271 3710754
1271 1271 3710757
1271 1272 3710760
1270 1273 3710763
1271 1272 3710766
1271 1271 3710769
1270 1272 3710772
1272 1274 3710775
1271 1272 3710778
1271 1275 3710781
1270 1272 3710784
1272 1271 3710787
1271 1273 3710790
1271 1273 3710793
1271 1273 3710796
1271 1272 3710799
1271 1272 3710802
1271 1272 3710805
1272 1273 3710808
1271 1274 3710811
1271 1274 3710814
1270 1273 3710817
1272 1272 3710820
1271 1272 3710823
1271 1272 3710826
1271 1273 3710829
1271 1273 3710832
1271 1273 3710835
1271 1271 3710838
1272 1275 3710841
1270 1273 3710844
1272 1272 3710847
1270 1273 3710850
1271 1272 3710853
1271 1273 3710856
1272 1272 3710859
1270 1274 3710862
1271 1273 3710865
1271 1272 3710868
1271 1273 3710871
1272 1274 3710874
1271 1272 3710877
1271 1273 3710880
1270 1273 3710883
1272 1272 3710886
1272 1272 3710889
1272 1273 3710892
1271 1273 3710895
1271 1272 3710898
1272 1273 3710901
1271 1272 3710904
1272 1273 3710907
1270 1272 3710910
1271 1274 3710913
1271 1272 3710916
1272 1272 3710919
1271 1273 3710922
1272 1273 3710925
1271 1273 3710928
1271 1273 3710931
1271 1273 3710934
1269 1271 3710937
1272 1273 3710940
1270 1273 3710943
1272 1274 3710946
1270 1273 3710949
1272 1273 3710952
1271 1273 3710955
1271 1272 3710958
1271 1274 3710961
1271 1273 3710964
1270 1271 3710967
1270 1272 3710970
1271 1274 3710973
1271 1271 3710976
1272 1273 3710979
1270 1273 3710982
1271 1273 3710985
1271 1272 3710988
1271 1272 3710991
1271 1273 3710994
1271 1271 3710997
1271 1271 3711001
1270 1272 3711004
1275 1272 3711007
1271 1269 3711010
1272 1272 3711013
1271 1272 3711016
1272 1272 3711019
1271 1273 3711022
1272 1273 3711025
1271 1273 3711028
1272 1272 3711031
1271 1271 3711034
1272 1273 3711037
1270 1271 3711039
1273 1272 3711042
1270 1275 3711045
1272 1270 3711048
1271 1273 3711051
1271 1273 3711054
1273 1271 3711057
1271 1273 3711060
1271 1272 3711063
1267 1274 3711066
1270 1273 3711069
1271 1272 3711072
1272 1273 3711075
1270 1271 3711078
1273 1273 3711081
1272 1273 3711084
1270 1272 3711087
1271 1273 3711090
1271 1273 3711093
1271 1272 3711096
1271 1271 3711099
1272 1274 3711102
1270 1273 3711105
1271 1273 3711108
1270 1273 3711111
1272 1273 3711114
1271 1272 3711117
1272 1272 3711120
1270 1273 3711123
1271 1272 3711126
1271 1271 3711129
1270 1271 3711132
1272 1274 3711135
1270 1273 3711138
1272 1273 3711141
1270 1274 3711144
1271 1271 3711147
1271 1272 3711150
1271 1272 3711153
1271 1272 3711156
1270 1272 3711159
1271 1272 3711162
1270 1272 3711165
1272 1274 3711168
1270 1272 3711171
1271 1274 3711174
1270 1272 3711177
1271 1271 3711180
1270 1272 3711183
1272 1272 3711186
1271 1272 3711189
1272 1272 3711192
1270 1273 3711195
1270 1271 3711198
1272 1273 3711201
1271 1273 3711204
1272 1273 3711207
1270 1272 3711210
1271 1272 3711213
1271 1272 3711216
1272 1272 3711219
1271 1273 3711222
1271 1272 3711225
1270 1272 3711228
1270 1271 3711231
1272 1275 3711234
1271 1271 3711237
1271 1273 3711240
1270 1273 3711243
1271 1271 3711246
1272 1272 3711249
1272 1272 3711252
1271 1274 3711255
1271 1273 3711258
1271 1272 3711261
1271 1272 3711264
1272 1273 3711267
1271 1272 3711270
1271 1274 3711273
1269 1273 3711276
1273 1272 3711279
1272 1272 3711282
1272 1273 3711285
1271 1273 3711288
1271 1272 3711291
1271 1273 3711294
1271 1271 3711297
1272 1273 3711300
1271 1273 3711303
1271 1275 3711306
1269 1273 3711309
1272 1272 3711312
1271 1273 3711315
1271 1273 3711318
1271 1273 3711321
1271 1274 3711324
1271 1272 3711327
1270 1271 3711330
1271 1274 3711333
1270 1273 3711336
1271 1273 3711339
1270 1272 3711342
1272 1273 3711345
1272 1273 3711348
1272 1271 3711351
1271 1274 3711354
1270 1272 3711357
1271 1271 3711360
1271 1271 3711363
1271 1274 3711366
1270 1273 3711369
1272 1273 3711372
1270 1272 3711375
1272 1272 3711378
1271 1272 3711381
1272 1273 3711384
1271 1271 3711387
1271 1272 3711390
1271 1273 3711393
1270 1272 3711396
1272 1273 3711399
1271 1272 3711402
1272 1274 3711405
1270 1273 3711408
1272 1272 3711411
1272 1273 3711414
1272 1273 3711417
1271 1273 3711420
1271 1273 3711423
1270 1273 3711426
1270 1271 3711429
1272 1274 3711432
1270 1273 3711435
1272 1274 3711438
1270 1271 3711441
1272 1272 3711444
1271 1272 3711447
1271 1271 3711450
1271 1272 3711453
1271 1273 3711456
1273 1272 3711459
1272 1272 3711462
1272 1274 3711465
1271 1273 3711468
1271 1273 3711471
1270 1273 3711474
1272 1273 3711477
1271 1272 3711480
1272 1272 3711483
1271 1273 3711486
1272 1273 3711489
1271 1273 3711492
1271 1272 3711495
1272 1275 3711498
1271 1272 3711501
1272 1274 3711504
1270 1274 3711507
1272 1272 3711510
1271 1272 3711513
1271 1274 3711516
1272 1273 3711519
1272 1272 3711522
1271 1272 3711525
1271 1273 3711528
1273 1274 3711531
1271 1273 3711534
1271 1274 3711537
1270 1271 3711540
1272 1272 3711543
1271 1273 3711546
1268 1273 3711549
1271 1272 3711552
1271 1273 3711555
1271 1272 3711558
1270 1272 3711561
1273 1274 3711564
1271 1273 3711567
1271 1273 3711570
1270 1272 3711573
1271 1272 3711576
1271 1272 3711579
1271 1272 3711582
1271 1273 3711585
1271 1273 3711588
1271 1271 3711591
1270 1272 3711594
1272 1274 3711597
1271 1272 3711600
1271 1273 3711603
1269 1273 3711606
1270 1272 3711609
1271 1272 3711612
1271 1272 3711615
1271 1273 3711618
1271 1272 3711621
1271 1272 3711624
1271 1273 3711627
1272 1273 3711630
1270 1273 3711633
1272 1274 3711636
1269 1272 3711639
1272 1272 3711642
1271 1272 3711645
1271 1273 3711648
1271 1273 3711651
1271 1272 3711654
1271 1273 3711657
1270 1271 3711660
1272 1273 3711663
1270 1273 3711666
1272 1273 3711669
1270 1272 3711672
1273 1272 3711675
1272 1274 3711678
1272 1272 3711681
1271 1273 3711684
1271 1273 3711687
1271 1271 3711690
1271 1271 3711693
1271 1274 3711696
1270 1272 3711699
1272 1273 3711702
1271 1272 3711705
1272 1273 3711708
1271 1273 3711711
1272 1272 3711714
1270 1274 3711717
1271 1272 3711720
1271 1272 3711723
1270 1272 3711726
1272 1273 3711729
1271 1272 3711732
1271 1273 3711735
1270 1273 3711738
1272 1272 3711741
1271 1273 3711744
1272 1273 3711747
1271 1272 3711750
1271 1272 3711753
1271 1273 3711756
1270 1272 3711759
1272 1273 3711762
1271 1272 3711765
1272 1274 3711768
1270 1272 3711771
1272 1272 3711774
1271 1273 3711777
1272 1272 3711780
1272 1272 3711783
1271 1272 3711786
1270 1272 3711789
1270 1271 3711792
1272 1274 3711795
1270 1273 3711798
1271 1274 3711801
1271 1272 3711804
1272 1274 3711807
1272 1272 3711810
1271 1271 3711813
1271 1273 3711816
1271 1273 3711819
1271 1272 3711822
1270 1272 3711825
1272 1274 3711828
1270 1273 3711831
1271 1273 3711834
1270 1273 3711837
1271 1271 3711840
1271 1271 3711843
1272 1273 3711846
1270 1272 3711849
1272 1272 3711852
1272 1272 3711855
1270 1272 3711858
1272 1274 3711861
1270 1272 3711864
1271 1274 3711867
1270 1272 3711870
1271 1271 3711873
1271 1273 3711876
1271 1271 3711879
1271 1273 3711882
1271 1272 3711885
1271 1272 3711888
1270 1272 3711891
1272 1273 3711894
1271 1273 3711897
1271 1273 3711900
1270 1272 3711903
1271 1272 3711906
1271 1272 3711909
1270 1272 3711912
1270 1272 3711915
1271 1273 3711918
1271 1272 3711921
1271 1271 3711924
1272 1275 3711927
1270 1272 3711930
1272 1273 3711933
1270 1272 3711936
1271 1272 3711939
1272 1272 3711942
1273 1271 3711945
1271 1273 3711948
1271 1273 3711951
1271 1272 3711954
1271 1272 3711957
1272 1273 3711960
1271 1271 3711963
1271 1273 3711966
1269 1273 3711969
1271 1272 3711972
1271 1272 3711975
1271 1273 3711978
1270 1274 3711981
1271 1272 3711984
1271 1273 3711987
1270 1272 3711990
1272 1273 3711993
1270 1272 3711996
1272 1273 3712000
1269 1273 3712003
1273 1272 3712006
1271 1270 3712009
1272 1273 3712012
1272 1270 3712015
1273 1273 3712018
1270 1273 3712021
1272 1271 3712024
1271 1273 3712027
1272 1272 3712030
1271 1271 3712033
1271 1273 3712036
1270 1272 3712038
1273 1272 3712041
1270 1273 3712044
1272 1272 3712047
1272 1273 3712050
1270 1273 3712053
1273 1271 3712056
1271 1274 3712059
1269 1272 3712062
1271 1274 3712065
1271 1274 3712068
1271 1272 3712071
1271 1272 3712074
1271 1272 3712077
1272 1273 3712080
1272 1272 3712083
1270 1272 3712086
1272 1273 3712089
1273 1271 3712092
1271 1271 3712095
1270 1271 3712098
1272 1274 3712101
1271 1271 3712104
1271 1274 3712107
1270 1273 3712110
1272 1272 3712113
1271 1272 3712116
1272 1273 3712119
1271 1273 3712122
1270 1272 3712125
1271 1272 3712128
1270 1272 3712131
1272 1273 3712134
1271 1272 3712137
1271 1273 3712140
1269 1271 3712143
1272 1272 3712146
1271 1272 3712149
1271 1273 3712152
1271 1273 3712155
1272 1272 3712158
1271 1273 3712161
1270 1271 3712164
1272 1274 3712167
1271 1273 3712170
1272 1273 3712173
1271 1272 3712176
1271 1273 3712179
1271 1273 3712182
1272 1272 3712185
1271 1272 3712188
1271 1273 3712191
1271 1272 3712194
1270 1271 3712197
1272 1275 3712200
1270 1272 3712203
1272 1273 3712206
1270 1273 3712209
1272 1272 3712212
1271 1271 3712215
1272 1272 3712218
1271 1273 3712221
1272 1272 3712224
1271 1272 3712227
1270 1272 3712230
1272 1273 3712233
1270 1272 3712236
1272 1273 3712239
1270 1273 3712242
1272 1272 3712245
1271 1272 3712248
1271 1274 3712251
1271 1274 3712254
1271 1272 3712257
1271 1273 3712260
1270 1271 3712263
1272 1273 3712266
1270 1273 3712269
1271 1274 3712272
1269 1272 3712275
1271 1272 3712278
1271 1273 3712281
1271 1272 3712284
1271 1273 3712287
1271 1273 3712290
1271 1271 3712293
1270 1270 3712296
1273 1273 3712299
1270 1272 3712302
1272 1273 3712305
1270 1272 3712308
1271 1272 3712311
1271 1272 3712314
1271 1272 3712317
1271 1274 3712320
1271 1272 3712323
1271 1272 3712326
1270 1272 3712329
1272 1276 3712332
1268 1273 3712335
1271 1273 3712338
1270 1273 3712341
1271 1272 3712344
1271 1272 3712347
1272 1273 3712350
1271 1273 3712353
1271 1271 3712356
1271 1272 3712359
1270 1272 3712362
1272 1273 3712365
1270 1272 3712368
1271 1273 3712371
1270 1273 3712374
1273 1272 3712377
1271 1273 3712380
1272 1272 3712383
1270 1272 3712386
1271 1272 3712389
1271 1272 3712392
1270 1271 3712395
1272 1273 3712398
1271 1273 3712401
1271 1274 3712404
1270 1272 3712407
1272 1273 3712410
1271 1272 3712413
1271 1271 3712416
1271 1273 3712419
1271 1273 3712422
1271 1272 3712425
1270 1271 3712428
1272 1273 3712431
1270 1273 3712434
1271 1273 3712437
1269 1274 3712440
1271 1273 3712443
1271 1271 3712446
1271 1272 3712449
1271 1273 3712452
1271 1273 3712455
1270 1272 3712458
1270 1272 3712461
1271 1274 3712464
1271 1272 3712467
1271 1274 3712470
1271 1274 3712473
1271 1271 3712476
1271 1272 3712479
1271 1272 3712482
1269 1274 3712485
1270 1273 3712488
1271 1272 3712491
1271 1272 3712494
1272 1273 3712497
1271 1273 3712500
1271 1274 3712503
1270 1272 3712506
1272 1272 3712509
1271 1273 3712512
1267 1273 3712515
1270 1273 3712518
1271 1272 3712521
1270 1272 3712524
1270 1271 3712527
1272 1273 3712530
1270 1273 3712533
1271 1272 3712536
1270 1272 3712539
1271 1273 3712542
1271 1272 3712545
1271 1272 3712548
1271 1273 3712551
1271 1273 3712554
1271 1272 3712557
1270 1272 3712560
1272 1274 3712563
1270 1272 3712566
1271 1273 3712569
1270 1273 3712572
1271 1272 3712575
1271 1272 3712578
1272 1272 3712581
1271 1273 3712584
1272 1272 3712587
1271 1272 3712590
1270 1272 3712593
1272 1273 3712596
1271 1272 3712599
1271 1274 3712602
1269 1272 3712605
1272 1271 3712608
1272 1272 3712611
1271 1273 3712614
1271 1273 3712617
1271 1272 3712620
1271 1272 3712623
1270 1271 3712626
1272 1274 3712629
1270 1273 3712632
1272 1273 3712635
1270 1272 3712638
1271 1272 3712641
1271 1273 3712644
1272 1272 3712647
1271 1273 3712650
1271 1273 3712653
1274 1271 3712656
1271 1271 3712659
1272 1274 3712662
1270 1272 3712665
1272 1273 3712668
1271 1272 3712671
1272 1272 3712674
1271 1272 3712677
1271 1272 3712680
1271 1273 3712683
1271 1272 3712686
1271 1272 3712689
1270 1272 3712692
1272 1273 3712695
1271 1271 3712698
1272 1273 3712701
1270 1273 3712704
1272 1272 3712707
1271 1272 3712710
1272 1273 3712713
1271 1273 3712716
1271 1272 3712719
1270 1273 3712722
1270 1270 3712725
1272 1273 3712728
1272 1272 3712731
1272 1274 3712734
1270 1273 3712737
1271 1272 3712740
1271 1273 3712743
1272 1272 3712746
1271 1273 3712749
1271 1273 3712752
1270 1271 3712755
1270 1271 3712758
1272 1273 3712761
1271 1273 3712764
1272 1274 3712767
1270 1272 3712770
1271 1274 3712773
1271 1272 3712776
1272 1272 3712779
1270 1273 3712782
1271 1275 3712785
1269 1273 3712788
1270 1272 3712791
1271 1275 3712794
1271 1273 3712797
1271 1273 3712800
1270 1274 3712803
1271 1272 3712806
1270 1272 3712809
1271 1272 3712812
1271 1273 3712815
1270 1272 3712818
1271 1272 3712821
1270 1272 3712824
1271 1275 3712827
1270 1272 3712830
1271 1275 3712833
1269 1272 3712836
1272 1271 3712839
1271 1272 3712842
1271 1273 3712845
1270 1272 3712848
1271 1271 3712851
1270 1272 3712854
1271 1272 3712857
1272 1273 3712860
1270 1273 3712863
1271 1273 3712866
1270 1271 3712869
1272 1272 3712872
1270 1273 3712875
1272 1271 3712878
1271 1272 3712881
1271 1272 3712884
1270 1272 3712887
1270 1271 3712890
1272 1275 3712893
1270 1273 3712896
1271 1273 3712899
1269 1273 3712902
1271 1272 3712905
1271 1272 3712908
1272 1272 3712911
1271 1273 3712914
1271 1272 3712917
1271 1271 3712920
1271 1271 3712923
1272 1274 3712926
1270 1272 3712929
1271 1273 3712932
1270 1273 3712935
1273 1272 3712938
1272 1273 3712941
1272 1273 3712944
1271 1272 3712947
1271 1272 3712950
1271 1273 3712953
1271 1272 3712956
1272 1273 3712959
1270 1273 3712962
1271 1273 3712965
1268 1273 3712968
1271 1272 3712971
1270 1273 3712974
1271 1272 3712977
1271 1272 3712980
1271 1273 3712983
1271 1273 3712986
1270 1271 3712989
1271 1273 3712992
1270 1272 3712995
1273 1272 3712999
1270 1272 3713002
1272 1271 3713005
1270 1273 3713008
1270 1274 3713011
1271 1272 3713014
1271 1274 3713017
1272 1269 3713020
1273 1272 3713023
1272 1273 3713026
1273 1271 3713029
1271 1270 3713032
1272 1272 3713035
1270 1273 3713038
1272 1273 3713040
1270 1274 3713043
1271 1273 3713046
1270 1273 3713049
1271 1272 3713052
1271 1273 3713055
1271 1272 3713058
1272 1271 3713061
1271 1272 3713064
1272 1272 3713067
1272 1271 3713070
1270 1272 3713073
1271 1273 3713076
1271 1272 3713079
1272 1271 3713082
1270 1272 3713085
1267 1273 3713088
1270 1272 3713091
1271 1272 3713094
1271 1273 3713097
1271 1272 3713100
1271 1271 3713103
1270 1273 3713106
1270 1271 3713109
1272 1273 3713112
1271 1273 3713115
1271 1272 3713118
1269 1271 3713121
1271 1272 3713124
1271 1273 3713127
1272 1272 3713130
1270 1272 3713133
1270 1272 3713136
1271 1270 3713139
1270 1271 3713142
1271 1274 3713145
1270 1272 3713148
1270 1272 3713151
1269 1272 3713154
1272 1272 3713157
1271 1272 3713160
1272 1271 3713163
1269 1273 3713166
1270 1271 3713169
1271 1271 3713172
1270 1272 3713175
1272 1273 3713178
1269 1271 3713181
1270 1272 3713184
1270 1273 3713187
1272 1273 3713190
1271 1271 3713193
1270 1272 3713196
1270 1272 3713199
1271 1272 3713202
1272 1273 3713205
1271 1272 3713208
1271 1271 3713211
1269 1272 3713214
1271 1275 3713217
1271 1273 3713220
1272 1272 3713223
1270 1273 3713226
1271 1270 3713229
1271 1272 3713232
1271 1273 3713235
1270 1271 3713238
1272 1270 3713241
1271 1273 3713244
1270 1273 3713247
1272 1273 3713250
1270 1272 3713253
1272 1272 3713256
1269 1271 3713259
1271 1271 3713262
1271 1273 3713265
1271 1271 3713268
1271 1272 3713271
1269 1270 3713274
1271 1273 3713277
1271 1273 3713280
1271 1273 3713283
1269 1274 3713286
1268 1270 3713289
1271 1271 3713292
1271 1273 3713295
1270 1273 3713298
1272 1272 3713301
1271 1271 3713304
1270 1271 3713307
1271 1273 3713310
1271 1272 3713313
1271 1274 3713316
1270 1273 3713319
1270 1271 3713322
1270 1272 3713325
1271 1272 3713328
1272 1272 3713331
1272 1272 3713334
1270 1272 3713337
1270 1271 3713340
1272 1273 3713343
1271 1274 3713346
1272 1273 3713349
1270 1271 3713352
1270 1272 3713355
1270 1273 3713358
1271 1272 3713361
1271 1272 3713364
1271 1272 3713367
1270 1272 3713370
1270 1271 3713373
1272 1276 3713376
1270 1273 3713379
1272 1272 3713382
1270 1272 3713385
1271 1272 3713388
1271 1273 3713391
1272 1272 3713394
1271 1273 3713397
1270 1272 3713400
1271 1271 3713403
1271 1273 3713406
1272 1274 3713409
1270 1272 3713412
1272 1273 3713415
1269 1272 3713418
1270 1271 3713421
1271 1271 3713424
1272 1273 3713427
1271 1274 3713430
1269 1271 3713433
1270 1272 3713436
1270 1271 3713439
1272 1273 3713442
1271 1273 3713445
1271 1273 3713448
1269 1272 3713451
1272 1272 3713454
1271 1273 3713457
1272 1273 3713460
1271 1272 3713463
1271 1272 3713466
1271 1273 3713469
1271 1271 3713472
1272 1274 3713475
1270 1271 3713478
1270 1272 3713481
1269 1271 3713484
1272 1273 3713487
1271 1273 3713490
1272 1272 3713493
1271 1272 3713496
1271 1272 3713499
1271 1271 3713502
1270 1271 3713505
1272 1273 3713508
1269 1272 3713511
1270 1272 3713514
1270 1273 3713517
1272 1273 3713520
1272 1272 3713523
1272 1272 3713526
1270 1273 3713529
1271 1271 3713532
1270 1272 3713535
