2478 303 1336055
2481 299 1336058
2479 302 1336061
2481 298 1336064
2480 300 1336067
2480 299 1336070
2955 428 1321667
2954 430 1321670
2953 435 1321673
2998 434 1321676
2949 432 1321679
2957 437 1321682
2952 430 1321685
2950 433 1321688
2953 429 1321691
2953 428 1321694
2952 431 1321697
2952 431 1321700
2955 433 1321703
2953 431 1321706
2954 431 1321709
2953 430 1321712
2952 431 1321715
2953 450 1321718
3016 436 1321721
2954 428 1321724
2952 429 1321727
2953 432 1321730
2951 432 1321733
2954 432 1321736
2952 432 1321739
2953 429 1321742
2953 429 1321745
2952 434 1321748
2948 441 1321751
2948 442 1321754
2950 440 1321757
2950 436 1321760
2947 430 1321763
2918 402 1321766
2841 379 1321769
2804 372 1321772
2791 370 1321775
2796 373 1321778
2801 374 1321781
2800 374 1321784
2802 372 1321787
2803 373 1321790
2802 369 1321793
2802 374 1321796
2800 373 1321799
2800 370 1321802
2801 370 1321805
2800 373 1321808
2800 368 1321811
2808 370 1321814
2805 373 1321817
2802 371 1321820
2800 374 1321823
2803 368 1321826
2799 371 1321829
2798 372 1321832
2801 371 1321835
2802 371 1321838
2801 374 1321841
2799 371 1321844
2802 373 1321847
2800 372 1321850
2800 375 1321853
2802 371 1321856
2786 334 1321859
2799 371 1321862
2801 374 1321865
2801 369 1321868
2802 371 1321871
2802 374 1321874
2800 371 1321877
2799 372 1321880
2801 372 1321883
2800 375 1321886
2802 374 1321889
2800 373 1321892
2801 374 1321895
2803 372 1321898
2800 371 1321901
2800 288 1321904
2803 371 1321907
2799 369 1321910
2849 375 1321913
2814 376 1321916
2793 370 1321919
2803 376 1321922
2796 372 1321925
2798 372 1321928
2802 369 1321931
2798 369 1321934
2801 374 1321937
2800 371 1321940
2799 375 1321943
2801 374 1321946
2801 380 1321949
2802 361 1321952
2783 376 1321955
2798 393 1321958
2798 362 1321961
2792 380 1321964
2803 379 1321967
2795 376 1321970
2799 381 1321973
2798 382 1321976
2799 381 1321979
2797 384 1321982
2797 389 1321985
2796 383 1321988
2796 381 1321991
2792 380 1321994
2796 382 1321997
2942 380 1322001
2793 386 1322004
2797 389 1322007
2792 395 1322010
2797 374 1322013
2785 386 1322016
2801 385 1322019
2795 382 1322022
2794 384 1322025
2795 387 1322028
2796 384 1322031
2795 388 1322033
2797 387 1322036
2797 386 1322039
2794 383 1322042
2798 383 1322045
2779 393 1322048
2796 385 1322051
2813 373 1322054
2783 385 1322057
2803 387 1322060
2799 378 1322063
2794 383 1322066
2798 385 1322069
2796 382 1322072
2795 385 1322075
2798 384 1322078
2796 381 1322081
2799 382 1322084
2793 381 1322087
2798 380 1322090
2797 372 1322093
2779 381 1322096
2795 379 1322099
2796 395 1322102
2797 371 1322105
2792 386 1322108
2801 382 1322111
2795 375 1322114
2795 384 1322117
2795 378 1322120
2797 379 1322123
2798 383 1322126
2796 380 1322129
2796 378 1322132
2797 379 1322135
2797 380 1322138
2863 379 1322141
2795 377 1322144
2797 437 1322147
2796 389 1322150
2802 369 1322153
2793 381 1322156
2800 380 1322159
2796 377 1322162
2795 376 1322165
2799 381 1322168
2800 381 1322171
2799 377 1322174
2798 381 1322177
2798 376 1322180
2800 377 1322183
2797 363 1322186
2708 377 1322189
2800 378 1322192
2800 383 1322195
2807 372 1322198
2791 376 1322201
2803 380 1322204
2796 377 1322207
2797 380 1322210
2801 379 1322213
2801 378 1322216
2798 376 1322219
2800 375 1322222
2801 379 1322225
2799 378 1322228
2799 375 1322231
2782 377 1322234
2798 374 1322237
2807 394 1322240
2792 369 1322243
2801 380 1322246
2802 376 1322249
2793 373 1322252
2799 377 1322255
2798 374 1322258
2798 377 1322261
2797 375 1322264
2801 377 1322267
2799 377 1322270
2800 377 1322273
2799 377 1322276
2778 373 1322279
2798 376 1322282
2799 357 1322285
2796 377 1322288
2805 375 1322291
2795 374 1322294
2801 376 1322297
2798 376 1322300
2801 375 1322303
2802 377 1322306
2800 376 1322309
2801 375 1322312
2800 373 1322315
2797 373 1322318
2801 375 1322321
2799 379 1322324
2797 375 1322327
2797 355 1322330
2787 377 1322333
2803 383 1322336
2798 375 1322339
2803 380 1322342
2802 373 1322345
2797 376 1322348
2800 380 1322351
2800 373 1322354
2799 376 1322357
2801 380 1322360
2791 375 1322363
2800 372 1322366
3109 375 1322369
2799 374 1322372
2801 350 1322375
2804 372 1322378
2806 377 1322381
2793 368 1322384
2801 374 1322387
2802 373 1322390
2800 374 1322393
2799 372 1322396
2800 374 1322399
2800 373 1322402
2800 375 1322405
2799 375 1322408
2801 374 1322411
2771 386 1322414
2800 370 1322417
2798 364 1322420
2809 383 1322423
2794 364 1322426
2798 378 1322429
2805 375 1322432
2801 372 1322435
2802 375 1322438
2799 374 1322441
2799 373 1322444
2803 373 1322447
2800 377 1322450
2798 372 1322453
2802 374 1322456
2806 376 1322459
2798 376 1322462
2787 361 1322465
2806 377 1322468
2808 376 1322471
2797 371 1322474
2804 376 1322477
2803 374 1322480
2798 373 1322483
2802 370 1322486
2802 371 1322489
2802 380 1322492
2800 371 1322495
2801 374 1322498
2802 367 1322501
2798 374 1322504
2799 390 1322507
2804 357 1322510
2793 375 1322513
2803 374 1322516
2798 366 1322519
2802 378 1322522
2802 372 1322525
2798 371 1322528
2800 375 1322531
2800 371 1322534
2799 373 1322537
2801 373 1322540
2800 373 1322543
2790 366 1322546
2800 372 1322549
2803 388 1322552
2792 363 1322555
2805 377 1322558
2802 378 1322561
2798 373 1322564
2801 374 1322567
2801 371 1322570
2800 377 1322573
2802 368 1322576
2802 373 1322579
2802 372 1322582
2801 372 1322585
2799 367 1322588
2781 374 1322591
2799 388 1322594
2806 361 1322597
2794 377 1322600
2802 383 1322603
2802 369 1322606
2801 371 1322609
2801 375 1322612
2800 374 1322615
2801 374 1322618
2799 373 1322621
2800 372 1322624
2801 372 1322627
2801 375 1322630
2805 374 1322633
2800 374 1322636
2805 355 1322639
2793 374 1322642
2803 378 1322645
2799 366 1322648
2799 374 1322651
2802 372 1322654
2798 371 1322657
2799 372 1322660
2799 369 1322663
2800 375 1322666
2800 372 1322669
2799 373 1322672
2813 371 1322675
2799 376 1322678
2799 348 1322681
2810 370 1322684
2806 376 1322687
2809 371 1322690
2798 373 1322693
2799 371 1322696
2802 368 1322699
2801 374 1322702
2801 374 1322705
2800 368 1322708
2802 374 1322711
2800 371 1322714
2798 366 1322717
2759 370 1322720
2798 372 1322723
2816 367 1322726
2810 375 1322729
2795 371 1322732
2802 377 1322735
2802 373 1322738
2799 369 1322741
2800 372 1322744
2800 371 1322747
2800 372 1322750
2803 371 1322753
2798 373 1322756
2799 370 1322759
2786 404 1322762
2803 375 1322765
2801 370 1322768
2810 375 1322771
2791 366 1322774
2802 375 1322777
2803 369 1322780
2799 373 1322783
2803 376 1322786
2801 372 1322789
2799 371 1322792
2802 373 1322795
2802 371 1322798
2802 372 1322801
2800 355 1322804
2815 369 1322807
2799 368 1322810
2812 377 1322813
2790 365 1322816
2807 377 1322819
2803 371 1322822
2795 373 1322825
2800 372 1322828
2801 371 1322831
2800 373 1322834
2798 373 1322837
2802 371 1322840
2799 371 1322843
2799 374 1322846
2781 393 1322849
2802 372 1322852
2800 392 1322855
2798 362 1322858
2797 374 1322861
2805 372 1322864
2798 371 1322867
2801 373 1322870
2804 369 1322873
2800 372 1322876
2801 374 1322879
2800 368 1322882
2800 372 1322885
2804 372 1322888
2798 355 1322891
2731 375 1322894
2803 368 1322897
2802 388 1322900
2797 364 1322903
2800 375 1322906
2805 370 1322909
2797 370 1322912
2803 372 1322915
2804 374 1322918
2800 371 1322921
2798 372 1322924
2801 375 1322927
2801 374 1322930
2801 372 1322933
2801 448 1322936
2768 375 1322939
2798 368 1322942
2775 379 1322945
2800 378 1322948
2799 365 1322951
2801 374 1322954
2799 371 1322957
2797 372 1322960
2801 370 1322963
2800 371 1322966
2799 374 1322969
2806 372 1322972
2802 373 1322975
2800 374 1322978
2800 370 1322981
2784 392 1322984
2801 375 1322987
2797 391 1322990
2797 362 1322993
2798 373 1322996
2802 377 1323000
2799 368 1323003
2803 375 1323006
2802 373 1323009
2800 372 1323012
2802 374 1323015
2790 374 1323018
2799 373 1323021
2804 368 1323024
2802 371 1323027
2798 378 1323030
2798 373 1323033
2803 373 1323036
2779 372 1323038
2802 375 1323041
2807 368 1323044
2797 375 1323047
2801 373 1323050
2800 370 1323053
2800 376 1323056
2800 372 1323059
2803 367 1323062
2801 374 1323065
2800 376 1323068
2797 372 1323071
2799 371 1323074
2799 375 1323077
2798 373 1323080
2777 363 1323083
2806 377 1323086
2805 370 1323089
2796 371 1323092
2804 373 1323095
2798 372 1323098
2799 374 1323101
2799 371 1323104
2798 373 1323107
2802 376 1323110
2800 373 1323113
2798 370 1323116
2799 371 1323119
2800 379 1323122
2799 370 1323125
2801 352 1323128
2786 380 1323131
2802 378 1323134
2794 363 1323137
2800 375 1323140
2805 373 1323143
2800 370 1323146
2798 372 1323149
2802 371 1323152
2803 371 1323155
2799 372 1323158
2803 370 1323161
2801 374 1323164
2801 370 1323167
2803 375 1323170
2800 374 1323173
2806 354 1323176
2791 380 1323179
2804 375 1323182
2798 367 1323185
2800 377 1323188
2803 371 1323191
2800 372 1323194
2801 373 1323197
2800 376 1323200
2797 368 1323203
2800 372 1323206
2803 372 1323209
2798 373 1323212
2803 354 1323215
2805 368 1323218
2800 390 1323221
2816 361 1323224
2792 373 1323227
2806 377 1323230
2799 367 1323233
2798 373 1323236
2801 372 1323239
2801 373 1323242
2801 372 1323245
2802 373 1323248
2803 373 1323251
2803 374 1323254
2801 368 1323257
2801 372 1323260
2782 393 1323263
2797 372 1323266
2798 363 1323269
2813 383 1323272
2794 367 1323275
2801 377 1323278
2803 372 1323281
2799 370 1323284
2801 373 1323287
2800 370 1323290
2799 373 1323293
2798 372 1323296
2798 373 1323299
2799 372 1323302
2800 372 1323305
2801 369 1323308
2800 376 1323311
2799 374 1323314
2774 365 1323317
2805 379 1323320
2804 368 1323323
2796 372 1323326
2805 372 1323329
2797 368 1323332
2799 375 1323335
2800 371 1323338
2802 373 1323341
2797 375 1323344
2803 373 1323347
2801 372 1323350
2800 383 1323353
2800 358 1323356
2788 367 1323359
2801 391 1323362
2812 360 1323365
2793 373 1323368
2803 375 1323371
2801 371 1323374
2802 372 1323377
2803 373 1323380
2799 371 1323383
2800 372 1323386
2800 374 1323389
2800 372 1323392
2802 373 1323395
2803 372 1323398
2798 373 1323401
2783 454 1323404
2801 372 1323407
2800 365 1323410
2812 379 1323413
2791 362 1323416
2801 375 1323419
2801 369 1323422
2798 370 1323425
2802 368 1323428
2800 372 1323431
2801 373 1323434
2803 368 1323437
2802 375 1323440
2801 371 1323443
2800 373 1323446
2798 433 1323449
2771 375 1323452
2798 371 1323455
2784 366 1323458
2805 383 1323461
2798 366 1323464
2798 374 1323467
2804 372 1323470
2800 375 1323473
2802 374 1323476
2802 371 1323479
2802 370 1323482
2799 373 1323485
2801 371 1323488
2802 371 1323491
2803 375 1323494
2862 373 1323497
2798 368 1323500
2799 344 1323503
2821 368 1323506
2809 379 1323509
2793 369 1323512
2802 375 1323515
2802 369 1323518
2799 373 1323521
2802 373 1323524
2800 372 1323527
2800 371 1323530
2798 372 1323533
2801 372 1323536
2800 373 1323539
2800 378 1323542
2800 373 1323545
2804 371 1323548
2773 378 1323551
2797 383 1323554
2804 364 1323557
2797 374 1323560
2803 374 1323563
2797 369 1323566
2803 373 1323569
2802 371 1323572
2802 376 1323575
2800 371 1323578
2801 370 1323581
2800 374 1323584
2800 371 1323587
2858 372 1323590
2801 371 1323593
2801 371 1323596
2793 375 1323599
2808 369 1323602
2792 371 1323605
2806 376 1323608
2806 369 1323611
2800 372 1323614
2802 371 1323617
2798 369 1323620
2801 372 1323623
2800 374 1323626
2803 373 1323629
2804 368 1323632
2799 358 1323635
2793 370 1323638
2800 370 1323641
2797 391 1323644
2801 362 1323647
2796 375 1323650
2803 371 1323653
2799 372 1323656
2798 370 1328065
2803 376 1328068
2800 372 1328071
2801 369 1328074
2800 372 1328077
2800 374 1328080
2800 374 1328083
2797 371 1328086
2803 374 1328089
2800 373 1328092
2801 371 1328094
2798 374 1328097
2803 373 1328101
2802 365 1328103
2802 374 1328106
2801 374 1328109
2801 371 1328112
2800 370 1328115
2798 372 1328118
2802 372 1328121
2799 369 1328124
2801 376 1328127
2800 373 1328130
2874 376 1328134
2797 1182 1328136
2800 373 1328139
2802 376 1328142
2799 369 1328145
2802 376 1328148
2801 373 1328151
2800 370 1328154
2799 372 1328157
2801 372 1328160
2803 372 1328163
2803 374 1328167
2798 368 1328169
2798 372 1328172
2800 426 1328175
2802 372 1328178
2799 372 1328181
2801 372 1328184
2803 373 1328187
2800 370 1328190
2801 373 1328193
2801 374 1328196
2804 374 1328200
2800 371 1328202
2803 370 1328205
2803 375 1328208
2799 374 1328211
2799 362 1328214
2797 372 1328217
2804 374 1328220
2800 371 1328223
2801 370 1328226
2801 375 1328229
2801 374 1328233
2799 367 1328235
2802 372 1328238
2801 377 1328241
2802 369 1328244
2800 370 1328247
3045 375 1328250
2802 372 1328253
2802 370 1328256
2800 370 1328259
2802 372 1328262
2797 372 1328266
2800 367 1328268
2801 372 1328271
2802 372 1328274
2802 374 1328277
2803 371 1328280
2800 372 1328283
2802 372 1328286
2807 372 1328289
2802 370 1328292
2800 371 1328295
2803 377 1328299
2798 370 1328301
2798 369 1328304
2803 375 1328307
2802 373 1328310
2804 370 1328313
2802 374 1328316
2803 370 1328319
2799 368 1328322
2804 369 1328325
2800 331 1328328
2811 369 1328332
2799 366 1328334
2801 373 1328337
2799 375 1328340
2802 371 1328343
2802 375 1328346
2800 374 1328349
2800 371 1328352
2797 369 1328355
2799 367 1328358
2804 374 1328361
2797 372 1328365
2800 371 1328367
2797 373 1328370
2803 373 1328373
2797 373 1328376
2800 371 1328379
2798 371 1328382
2799 372 1328385
2801 373 1328388
2799 373 1328391
2802 372 1328394
2802 372 1328398
2862 382 1328400
2801 374 1328403
2805 372 1328406
2802 373 1328409
2803 372 1328412
2800 374 1328415
2800 369 1328418
2799 373 1328421
2800 371 1328424
2802 375 1328427
2800 372 1328431
2800 368 1328433
2791 373 1328436
2800 373 1328439
2800 374 1328442
2800 370 1328445
2803 371 1328448
2800 372 1328451
2799 370 1328454
2800 370 1328457
2800 375 1328460
2804 376 1328464
2798 371 1328466
2799 373 1328469
2800 279 1328472
2798 374 1328475
2800 375 1328478
2800 373 1328481
2801 374 1328484
2801 369 1328487
2799 372 1328490
2800 373 1328493
2800 372 1328497
2800 369 1328499
2871 374 1328502
2806 373 1328505
2801 369 1328508
2799 361 1328511
2802 373 1328514
2800 369 1328517
2803 372 1328520
2799 372 1328523
2801 369 1328526
2801 375 1328530
2798 370 1328532
2814 374 1328535
2802 565 1328538
2802 372 1328541
2802 374 1328544
2799 371 1328547
2803 373 1328550
2803 371 1328553
2802 372 1328556
2802 372 1328559
2800 374 1328563
2801 369 1328565
1640 358 1328568
2799 374 1328571
2801 375 1328574
2802 373 1328577
2801 373 1328580
2802 373 1328583
2801 371 1328586
2800 371 1328589
2802 373 1328592
2799 373 1328596
2799 367 1328598
2803 369 1328601
2798 373 1328604
2801 371 1328607
2800 370 1328610
2800 375 1328613
2801 371 1328616
2801 369 1328619
2800 368 1328622
2802 371 1328625
2800 372 1328629
2799 400 1328631
2800 372 1328634
2797 372 1328637
2801 370 1328640
2803 373 1328643
2802 372 1328646
2801 376 1328649
2799 372 1328652
2800 372 1328655
2798 376 1328658
2800 365 1328662
2799 368 1328664
2803 372 1328667
2800 355 1328670
2800 370 1328673
2801 371 1328676
2799 370 1328679
2799 371 1328682
2883 370 1328685
2811 374 1328688
2802 373 1328691
2799 376 1328695
2795 366 1328697
2801 372 1328700
2801 372 1328703
2801 373 1328706
2799 379 1328709
2796 384 1328712
2797 283 1328715
2783 367 1328718
2727 364 1328721
2660 343 1328724
2635 327 1328728
2633 321 1328730
2641 318 1328733
2645 327 1328736
2646 324 1328739
2630 328 1328742
2641 302 1328745
2642 326 1328748
2639 319 1328751
2644 326 1328754
2644 325 1328757
2641 323 1328761
2642 326 1328763
2641 326 1328766
2642 323 1328769
2719 326 1328772
2643 327 1328775
2644 325 1328778
2642 326 1328781
2640 321 1328784
2642 324 1328787
2642 325 1328790
2642 327 1328794
2642 323 1328796
2639 327 1328799
2640 367 1328802
2641 325 1328805
2641 327 1328808
2642 323 1328811
2644 324 1328814
2644 327 1328817
2641 323 1328820
2644 326 1328823
3324 326 1328827
2642 320 1328829
2641 324 1328832
2640 328 1328835
2640 321 1328838
2643 327 1328841
2639 327 1328844
2644 323 1328847
2641 324 1328850
2640 323 1328853
2643 330 1328856
2645 307 1328860
2643 321 1328862
2638 324 1328865
2641 325 1328868
2643 328 1328871
2642 322 1328874
2643 327 1328877
2642 323 1328880
2641 322 1328883
2651 327 1328886
2643 326 1328889
2649 326 1328893
2641 325 1328895
2640 323 1328898
2643 326 1328901
2641 323 1328904
2644 326 1328907
2641 328 1328910
2651 326 1328913
2630 330 1328916
2639 328 1328919
2638 331 1328922
2642 333 1328926
2641 333 1328928
2640 335 1328931
2638 336 1328934
2640 334 1328937
2640 334 1328940
2708 337 1328943
2641 333 1328946
2639 336 1328949
2636 328 1328952
2644 336 1328955
2638 338 1328959
2640 332 1328961
2641 338 1328964
2642 339 1328967
2641 339 1328970
2072 335 1328973
2648 338 1328976
2639 338 1328979
2635 336 1328982
2643 335 1328985
2640 341 1328988
2639 343 1328992
2639 332 1328994
2640 347 1328999
2640 335 1329002
2639 291 1329005
2633 340 1329008
2640 337 1329011
2634 337 1329014
2640 337 1329017
2639 333 1329020
2643 338 1329023
2644 335 1329026
2639 335 1329029
2644 333 1329032
2636 335 1329035
2559 334 1329038
2635 337 1329041
2642 329 1329044
2639 338 1329047
2640 334 1329050
2638 331 1329053
2638 336 1329056
2638 334 1329059
2640 334 1329062
2642 331 1329065
2642 335 1329068
2636 364 1329071
2639 332 1329074
2641 334 1329077
2637 332 1329080
2642 340 1329083
2637 329 1329086
2639 335 1329089
2641 332 1329092
2641 334 1329095
2642 335 1329098
2642 341 1329101
2555 332 1329104
2640 332 1329107
2645 331 1329110
2641 332 1329113
2642 332 1329116
2642 332 1329119
2641 332 1329122
2640 330 1329125
2641 332 1329128
2641 332 1329131
2563 333 1329134
2639 331 1329137
2640 329 1329140
2640 333 1329143
2641 328 1329146
2640 334 1329149
2643 329 1329152
2641 328 1329155
2639 331 1329158
2640 329 1329161
2642 330 1329164
2647 402 1329167
2637 329 1329170
2642 332 1329173
2640 328 1329176
2640 333 1329179
2643 330 1329182
2643 327 1329185
2640 331 1329188
2641 330 1329191
2641 327 1329194
2638 331 1329197
2643 322 1329200
2638 329 1329203
2641 327 1329206
2638 331 1329209
2643 333 1329212
2641 327 1329215
2642 330 1329218
2641 330 1329221
2640 329 1329224
2640 329 1329227
2641 330 1329230
2644 341 1329233
2638 331 1329236
2642 332 1329239
2641 327 1329242
2640 331 1329245
2644 323 1329248
2643 325 1329251
2640 329 1329254
2642 328 1329257
2642 328 1329260
2642 330 1329263
2629 0 1329266
2640 328 1329269
2642 330 1329272
2640 327 1329275
2640 329 1329278
2643 332 1329281
2641 326 1329284
2642 326 1329287
2643 328 1329290
2640 327 1329293
2642 328 1329296
2634 326 1329299
2637 329 1329302
2641 326 1329305
2644 328 1329308
2643 327 1329311
2645 328 1329314
2642 324 1329317
2643 328 1329320
2640 325 1329323
2640 325 1329326
2639 328 1329329
2659 434 1329332
2640 325 1329335
2640 331 1329338
2646 328 1329341
2641 330 1329344
2642 328 1329347
2642 327 1329350
2644 325 1329353
2640 326 1329356
2640 325 1329359
2643 328 1329362
2644 331 1329365
2640 325 1329368
2642 328 1329371
2643 327 1329374
2647 329 1329377
2642 326 1329380
2643 324 1329383
2643 325 1329386
2641 324 1329389
2639 327 1329392
2642 405 1329395
2645 335 1329398
2642 327 1329401
2639 329 1329404
2645 326 1329407
2642 326 1329410
2643 328 1329413
2642 325 1329416
2648 325 1329419
2642 325 1329422
2644 326 1329425
2643 326 1329428
2629 328 1329431
2640 326 1329434
2640 324 1329437
2639 325 1329440
2641 328 1329443
2640 325 1329446
2641 326 1329449
2643 326 1329452
2641 326 1329455
2642 324 1329458
2640 316 1329461
2643 329 1329464
2639 322 1329467
2637 326 1329470
2644 327 1329473
2642 328 1329476
2642 325 1329479
2646 319 1329482
2641 326 1329485
2643 324 1329488
2642 329 1329491
2654 327 1329494
2643 327 1329497
2639 323 1329500
2643 330 1329503
2646 326 1329506
2642 327 1329509
2642 327 1329512
2639 326 1329515
2642 325 1329518
2643 312 1329521
3037 329 1329524
2643 327 1329527
2643 328 1329530
2642 326 1329533
2641 327 1329536
2644 325 1329539
2642 326 1329542
2641 327 1329545
2643 324 1329548
2643 412 1329551
2640 329 1329554
2643 324 1329557
2642 321 1329560
2642 330 1329563
2642 324 1329566
2642 326 1329569
2643 326 1329572
2641 328 1329575
2643 325 1329578
2642 0 1329581
2642 329 1329584
2643 324 1329587
2641 324 1329590
2642 327 1329593
2641 326 1329596
2641 327 1329599
2642 326 1329602
2641 325 1329605
2644 328 1329608
2640 231 1329611
2645 325 1329614
2642 327 1329617
2643 319 1329620
2648 326 1329623
2644 325 1329626
2643 325 1329629
2639 323 1329632
2641 326 1329635
2642 328 1329638
2641 308 1329641
923 329 1329644
2644 325 1329647
2640 325 1329650
2643 326 1329653
2642 323 1329656
2642 326 1329659
2649 326 1329662
2641 327 1329665
2643 328 1329668
2646 327 1329671
2702 325 1329674
2643 327 1329677
2645 321 1329680
2640 324 1329683
2643 326 1329686
2643 324 1329689
2643 324 1329692
2642 324 1329695
2641 327 1329698
2652 331 1329701
2641 327 1329704
2645 324 1329707
2642 327 1329710
2643 325 1329713
2641 324 1329716
2642 329 1329719
2643 324 1329722
2641 323 1329725
2643 0 1329728
2644 332 1329731
2643 326 1329734
2644 325 1329737
2639 324 1329740
2640 325 1329743
2641 323 1329746
2640 325 1329749
2642 327 1329752
2648 320 1329755
2643 327 1329758
2493 322 1329761
2640 326 1329764
2645 330 1329767
2643 325 1329770
2642 328 1329773
2643 326 1329776
2644 323 1329779
2644 326 1329782
2643 324 1329785
2462 327 1329788
2646 326 1329791
2642 324 1329794
2638 323 1329797
2644 328 1329800
2646 327 1329803
2644 328 1329806
2643 329 1329809
2643 325 1329812
2639 324 1329815
2651 339 1329818
2644 322 1329821
2644 329 1329824
2647 328 1329827
2639 323 1329830
2642 328 1329833
2643 326 1329836
2641 325 1329839
2642 326 1329842
2643 323 1329845
2640 253 1329848
2641 324 1329851
2640 324 1329854
2639 325 1329857
2642 330 1329860
2641 324 1329863
2643 326 1329866
2643 325 1329869
2641 327 1329872
2641 322 1329875
2646 306 1329878
2645 326 1329881
2641 323 1329884
2642 324 1329887
2644 327 1329890
2642 326 1329893
2639 323 1329896
2642 328 1329899
2643 329 1329902
2641 326 1329905
2641 313 1329908
2642 325 1329911
2643 323 1329914
2640 327 1329917
2644 328 1329920
2641 327 1329923
2644 325 1329926
2639 324 1329929
2639 326 1329932
2644 325 1329935
2639 297 1329938
2641 329 1329941
2644 322 1329944
2642 324 1329947
2640 325 1329950
2642 325 1329953
2643 322 1329956
2643 326 1329959
2640 321 1329962
2641 326 1329965
2636 645 1329968
2637 327 1329971
2642 328 1329974
2643 330 1329977
2641 324 1329980
2642 324 1329983
2642 320 1329986
2649 325 1329989
2646 327 1329992
2641 324 1329995
2794 320 1329999
2631 326 1330002
2639 325 1330005
2640 324 1330008
2644 327 1330011
2642 326 1330014
2642 326 1330017
2644 323 1330020
2641 324 1330023
2641 324 1330026
2643 334 1330029
2178 327 1330031
2641 326 1330034
2644 327 1330037
2644 324 1330040
2641 325 1330043
2642 326 1330046
2641 327 1330049
2642 326 1330052
2642 325 1330055
2643 324 1330058
2635 313 1330061
2641 325 1330064
2641 330 1330067
2644 324 1330070
2642 329 1330073
2643 325 1330076
2639 324 1330079
2643 330 1330082
2644 325 1330085
2642 325 1330088
2641 0 1330091
2644 335 1330094
2641 326 1330097
2643 323 1330100
2642 326 1330103
2645 326 1330106
2640 325 1330109
2644 324 1330112
2642 322 1330115
2641 323 1330118
2639 325 1330121
2644 223 1330124
2647 325 1330127
2644 326 1330130
2636 326 1330133
2644 325 1330136
2641 323 1330139
2641 330 1330142
2641 324 1330145
2641 322 1330148
2642 325 1330151
2641 322 1330154
2645 329 1330157
2794 323 1330160
2642 327 1330163
2644 330 1330166
2643 323 1330169
2641 326 1330172
2641 326 1330175
2640 326 1330178
2643 326 1330181
2644 325 1330184
2642 323 1330187
2642 325 1330190
3114 329 1330193
2643 326 1330196
2640 331 1330199
2646 325 1330202
2640 326 1330205
2642 325 1330208
2641 325 1330211
2642 325 1330214
2642 325 1330217
2643 324 1330220
2643 309 1330223
2690 326 1330226
2642 325 1330229
2645 329 1330232
2646 322 1330235
2641 326 1330238
2643 324 1330241
2641 325 1330244
2643 325 1330247
2643 322 1330250
2641 325 1330253
2643 291 1330256
2643 319 1330259
2641 326 1330262
2640 328 1330265
2643 324 1330268
2641 323 1330271
2641 326 1330274
2645 325 1330277
2642 324 1330280
2642 326 1330283
2641 325 1330286
2643 325 1330289
2641 328 1330292
2644 326 1330295
2641 322 1330298
2641 323 1330301
2640 328 1330304
2642 324 1330307
2643 327 1330310
2643 329 1330313
2640 328 1330316
2640 322 1330319
2643 325 1330322
2652 1106 1330325
2638 327 1330328
2642 325 1330331
2644 323 1330334
2640 324 1330337
2642 325 1330340
2642 324 1330343
2644 329 1330346
2643 327 1330349
2641 325 1330352
2641 323 1330355
2643 274 1330358
2644 326 1330361
2641 327 1330364
2638 327 1330367
2643 326 1330370
2643 324 1330373
2640 325 1330376
2642 325 1330379
2643 325 1330382
2641 327 1330385
2643 326 1330388
2643 322 1330391
2642 310 1330394
2877 328 1330397
2644 323 1330400
2646 328 1330403
2642 324 1330406
2642 324 1330409
2645 326 1330412
2645 327 1330415
2640 325 1330418
2645 326 1330421
2642 326 1330424
2640 327 1330427
2640 421 1330430
2643 321 1330433
2642 329 1330436
2643 327 1330439
2643 322 1330442
2642 326 1330445
2645 325 1330448
2640 322 1330451
2641 322 1330454
2643 327 1330457
2644 327 1330460
2643 327 1330463
2644 326 1330466
2618 320 1330469
2642 324 1330472
2641 326 1330475
2647 324 1330478
2643 325 1330481
2640 327 1330484
2644 327 1330487
2644 323 1330490
2643 326 1330493
2644 328 1330496
2646 324 1330499
2644 326 1330502
2642 327 1330505
2657 522 1330508
2642 327 1330511
2643 324 1330514
2637 325 1330517
2645 326 1330520
2642 324 1330523
2642 326 1330526
2644 326 1330529
2644 324 1330532
2644 327 1330535
2641 325 1330538
2642 324 1330541
2639 323 1330544
2642 328 1330547
2641 326 1330550
2641 330 1330553
2644 327 1330556
2643 325 1330559
2644 325 1330562
2642 325 1330565
2642 323 1330568
2641 325 1330571
2648 322 1330574
2641 327 1330577
2645 325 1330580
2642 323 1330583
2644 328 1330586
2638 431 1330589
2642 324 1330592
2641 321 1330595
2642 324 1330598
2641 325 1330601
2641 323 1330604
2643 327 1330607
2645 328 1330610
2643 323 1330613
2639 326 1330616
2641 327 1330619
2645 325 1330622
2643 324 1330625
2642 327 1330628
2605 753 1330631
2642 325 1330634
2640 325 1330637
2638 323 1330640
2643 326 1330643
2645 328 1330646
2642 324 1330649
2645 324 1330652
2644 325 1330655
2641 326 1330658
2642 326 1330661
2641 322 1330664
2640 328 1330667
2642 324 1330670
2642 209 1330673
3225 328 1330676
2642 328 1330679
2638 322 1330682
2642 327 1330685
2645 326 1330688
2641 326 1330691
2643 326 1330694
2643 320 1330697
2643 326 1330700
2642 324 1330703
2642 324 1330706
2643 323 1330709
2641 324 1330712
2640 324 1330715
2641 328 1330718
2659 327 1330721
2639 322 1330724
2644 327 1330727
2644 323 1330730
2642 324 1330733
2642 322 1330736
2642 326 1330739
2645 327 1330742
2643 324 1330745
2641 325 1330748
2644 326 1330751
2644 322 1330754
2642 325 1330757
2644 327 1330760
2643 337 1330763
2897 326 1330766
2643 324 1330769
2639 325 1330772
2643 327 1330775
2645 326 1330778
2641 326 1330781
2642 323 1330784
2645 325 1330787
2643 327 1330790
2643 326 1330793
2643 326 1330796
2642 327 1330799
2642 326 1330802
2642 322 1330805
2642 326 1330808
2648 347 1330811
2642 323 1330814
2640 323 1330817
2647 329 1330820
2642 324 1330823
2644 326 1330826
2646 324 1330829
2641 324 1330832
2645 325 1330835
2643 323 1330838
2642 326 1330841
2643 320 1330844
2635 323 1330847
2640 326 1330850
2644 324 1330853
2645 325 1330856
2679 324 1330859
2645 323 1330862
2644 327 1330865
2641 323 1330868
2640 324 1330871
2642 325 1330874
2640 324 1330877
2642 325 1330880
2642 326 1330883
2644 327 1330886
2645 327 1330889
2642 326 1330892
2648 323 1330895
2640 314 1330898
2640 324 1330901
2640 315 1330904
2644 326 1330907
2648 328 1330910
2640 325 1330913
2642 323 1330916
2643 325 1330919
2643 327 1330922
2643 326 1330925
2642 325 1330928
2642 325 1330931
2643 323 1330934
2643 322 1330937
2641 327 1330940
2643 326 1330943
2642 323 1330946
2642 282 1330949
2643 326 1330952
2642 327 1330955
2642 327 1330958
2640 322 1330961
2643 324 1330964
2642 324 1330967
2640 324 1330970
2641 327 1330973
2643 325 1330976
2640 327 1330979
2641 327 1330982
2646 325 1330985
2642 326 1330988
2643 392 1330991
2635 326 1330994
2644 325 1330997
2641 321 1331001
2637 332 1331004
2645 326 1331007
2643 326 1331010
2638 326 1331013
2643 326 1331016
2643 322 1331019
2644 330 1331022
2644 326 1331025
2642 326 1331028
2642 326 1331031
2638 326 1331033
2632 378 1331036
2643 324 1331039
2643 324 1331042
2639 327 1331045
2643 328 1331048
2643 327 1331051
2643 325 1331054
2642 323 1331057
2643 326 1331060
2642 324 1331063
2641 322 1331066
2644 325 1331069
2644 328 1331072
2645 328 1331075
2650 324 1331078
2643 325 1331081
2642 321 1331084
2639 321 1331087
2642 323 1331090
2644 325 1331093
2644 326 1331096
2642 324 1331099
2644 327 1331102
2645 325 1331105
2643 329 1331108
2642 325 1331111
2642 324 1331114
2641 1001 1331117
2639 324 1331120
2641 325 1331123
2645 331 1331126
2644 324 1331129
2639 325 1331132
2643 328 1331135
2642 323 1331138
2641 326 1331141
2644 324 1331144
2640 324 1331147
2642 324 1331150
2641 324 1331153
2644 326 1331156
2621 459 1331159
2645 324 1331162
2642 325 1331165
2639 321 1331168
2644 325 1331171
2642 326 1331174
2642 325 1331177
2645 324 1331180
2641 326 1331183
2642 325 1331186
2644 324 1331189
2644 325 1331192
2642 326 1331195
2627 444 1331198
2638 325 1331201
2643 327 1331204
2640 325 1331207
2645 327 1331210
2645 323 1331213
2642 325 1331216
2641 323 1331219
2639 323 1331222
2643 326 1331225
2643 326 1331228
2641 323 1331231
2643 324 1331234
2644 327 1331237
2642 329 1331240
2640 327 1331243
2643 327 1331246
2640 321 1331249
2641 323 1331252
2644 324 1331255
2643 326 1331258
2642 328 1331261
2643 325 1331264
2641 326 1331267
2645 326 1331270
2641 328 1331273
2649 327 1331276
2642 323 1331279
2639 327 1331282
2643 324 1331285
2643 324 1331288
2644 324 1331291
2644 326 1331294
2640 326 1331297
2642 326 1331300
2643 323 1331303
2642 329 1331306
2645 325 1331309
2636 331 1331312
2641 328 1331315
2650 323 1331318
2640 324 1331321
2646 326 1331324
2643 326 1331327
2642 325 1331330
2641 321 1331333
2641 327 1331336
2641 327 1331339
2644 325 1331342
2645 325 1331345
2641 327 1331348
2638 320 1331351
2644 324 1331354
2640 326 1331357
2645 325 1331360
2639 323 1331363
2639 326 1331366
2642 328 1331369
2640 324 1331372
2643 327 1331375
2646 325 1331378
2644 325 1331381
2641 324 1331384
2637 318 1331387
2642 326 1331390
2644 320 1331393
2641 327 1331396
2643 326 1331399
2641 324 1331402
2642 327 1331405
2641 329 1331408
2644 326 1331411
2643 327 1331414
2642 324 1331417
2641 323 1331420
2642 331 1331423
2455 325 1331426
2641 327 1331429
2643 323 1331432
2643 328 1331435
2648 325 1331438
2641 323 1331441
2643 325 1331444
2641 326 1331447
2644 325 1331450
2642 325 1331453
2645 326 1331456
2642 328 1331459
2640 326 1331462
2642 325 1331465
2644 324 1331468
2643 327 1331471
2642 323 1331474
2642 325 1331477
2642 327 1331480
2643 324 1331483
2640 323 1331486
2642 328 1331489
2641 324 1331492
2640 320 1331495
2645 329 1331498
2642 331 1331501
2646 327 1331504
2642 323 1331507
2646 327 1331510
2642 323 1331513
2639 316 1331516
2643 326 1331519
2642 327 1331522
2643 325 1331525
2643 325 1331528
2643 327 1331531
2643 326 1331534
2643 327 1331537
2642 332 1331540
2627 326 1331543
2642 323 1331546
2643 322 1331549
2638 323 1331552
2644 325 1331555
2645 325 1331558
2641 325 1331561
2645 327 1331564
2643 325 1331567
2639 329 1331570
2644 325 1331573
2643 322 1331576
2640 324 1331579
2561 327 1331582
2644 324 1331585
2643 330 1331588
2645 328 1331591
2640 324 1331594
2643 325 1331597
2641 325 1331600
2640 327 1331603
2641 324 1331606
2642 324 1331609
2641 327 1331612
2643 325 1331615
2645 325 1331618
2642 325 1331621
2549 0 1331624
2642 322 1331627
2641 327 1331630
2642 323 1331633
2642 329 1331636
2644 326 1331639
2642 324 1331642
2641 325 1331645
2643 325 1331648
2643 325 1331651
2643 333 1331654
2643 327 1331657
2641 323 1331660
2642 326 1331663
2643 321 1331666
2615 329 1331669
2641 323 1331672
2642 326 1331675
2645 325 1331678
2642 326 1331681
2643 325 1331684
2640 323 1331687
2642 328 1331690
2642 325 1331693
2641 325 1331696
2643 325 1331699
2643 328 1331702
2642 326 1331705
2643 323 1331708
2636 244 1331711
2642 324 1331714
2643 321 1331717
2642 328 1331720
2644 327 1331723
2640 323 1331726
2643 328 1331729
2644 328 1331732
2643 327 1331735
2644 326 1331738
2640 323 1331741
2643 326 1331744
2642 324 1331747
2639 326 1331750
2642 325 1331753
2618 477 1331756
2641 323 1331759
2640 324 1331762
2643 327 1331765
2644 326 1331768
2642 328 1331771
2641 325 1331774
2643 325 1331777
2640 325 1331780
2643 325 1331783
2643 325 1331786
2642 325 1331789
2641 322 1331792
2642 325 1331795
2642 327 1331798
2643 323 1331801
2633 327 1331804
2643 327 1331807
2645 328 1331810
2641 324 1331813
2642 323 1331816
2643 324 1331819
2643 326 1331822
2643 325 1331825
2642 325 1331828
2643 328 1331831
2643 327 1331834
2644 325 1331837
2643 323 1331840
2641 326 1331843
2641 323 1331846
2659 315 1331849
2648 325 1331852
2619 328 1331855
2641 324 1331858
2642 332 1331861
2637 329 1331864
2644 322 1331867
2643 326 1331870
2642 323 1331873
2640 325 1331876
2643 322 1331879
2642 325 1331882
2643 326 1331885
2645 324 1331888
2642 324 1331891
2645 327 1331894
2644 324 1331897
2642 325 1331900
2646 308 1331903
2643 337 1331906
2645 320 1331909
2638 323 1331912
2645 326 1331915
2645 324 1331918
2644 326 1331921
2643 324 1331924
2642 321 1331927
2643 326 1331930
2643 327 1331933
2643 325 1331936
2645 323 1331939
2643 323 1331942
2641 320 1331945
2646 319 1331948
2627 317 1331951
2660 335 1331954
2636 317 1331957
2639 327 1331960
2647 326 1331963
2640 326 1331966
2645 328 1331969
2647 322 1331972
2641 326 1331975
2643 324 1331978
2640 334 1331981
2643 327 1331984
2646 327 1331987
2641 324 1331990
2645 318 1331993
2645 324 1331996
2629 313 1332000
2657 335 1332003
2641 322 1332006
2637 327 1332009
2648 324 1332012
2641 324 1332015
2641 327 1332018
2643 326 1332021
2643 324 1332024
2644 326 1332027
2642 322 1332030
2643 323 1332033
2644 324 1332036
2644 327 1332038
2643 327 1332041
2642 324 1332044
2643 307 1332047
2634 335 1332050
2647 322 1332053
2637 325 1332056
2645 327 1332059
2644 319 1332062
2641 322 1332065
2643 326 1332068
2642 323 1332071
2643 328 1332074
2641 326 1332077
2642 325 1332080
2642 328 1332083
2643 326 1332086
2644 335 1332089
2639 325 1332092
2644 330 1332095
2628 330 1332098
2655 328 1332101
2636 325 1332104
2643 330 1332107
2646 326 1332110
2644 324 1332113
2640 326 1332116
2641 324 1332119
2641 327 1332122
2642 326 1332125
2642 325 1332128
2644 323 1332131
2643 318 1332134
2643 317 1332137
2645 325 1332140
2637 306 1332143
2654 334 1332146
2642 320 1332149
2637 324 1332152
2647 324 1332155
2641 325 1332158
2643 324 1332161
2642 325 1332164
2644 326 1332167
2639 318 1332170
2643 324 1332173
2645 326 1332176
2644 327 1332179
2645 332 1332182
2592 327 1332185
2641 326 1332188
2651 341 1332191
2630 322 1332194
2639 331 1332197
2648 327 1332200
2638 322 1332203
2641 327 1332206
2643 325 1332209
2643 325 1332212
2643 323 1332215
2641 327 1332218
2644 325 1332221
2645 323 1332224
2640 326 1332227
2664 326 1332230
2637 325 1332233
2642 308 1332236
2639 344 1332239
2650 322 1332242
2637 320 1332245
2644 328 1332248
2644 323 1332251
2644 325 1332254
2644 327 1332257
2640 329 1332260
2645 324 1332263
2640 324 1332266
2641 323 1332269
2645 329 1332272
2643 328 1332275
2655 323 1332278
2635 334 1332281
2662 317 1332284
2645 318 1332287
2647 334 1332290
2643 323 1332293
2642 324 1332296
2640 324 1332299
2642 322 1332302
2643 327 1332305
2641 320 1332308
2643 326 1332311
2642 324 1332314
2643 324 1332317
2661 322 1332320
2672 322 1332323
2643 331 1332326
2663 302 1332329
2645 316 1332332
2641 329 1332335
2645 325 1332338
2639 327 1332341
2645 326 1332344
2643 323 1332347
2643 327 1332350
2643 327 1332353
2642 325 1332356
2641 329 1332359
2644 327 1332362
2643 326 1332365
2648 324 1332368
2644 315 1332371
2648 312 1332374
2637 336 1332377
2647 322 1332380
2639 324 1332383
2645 328 1332386
2644 326 1332389
2640 325 1332392
2645 326 1332395
2641 324 1332398
2645 325 1332401
2643 326 1332404
2644 327 1332407
2643 355 1332410
2636 322 1332413
2655 343 1332416
2636 327 1332419
2636 328 1332422
2646 327 1332425
2642 322 1332428
2642 327 1332431
2644 323 1332434
2642 326 1332437
2642 327 1332440
2644 327 1332443
2641 324 1332446
2637 324 1332449
2641 325 1332452
2641 323 1332455
2639 315 1332458
2652 315 1332461
2638 333 1332464
2646 321 1332467
2640 322 1332470
2644 328 1332473
2643 326 1332476
2642 328 1332479
2641 327 1332482
2641 326 1332485
2643 325 1332488
2639 324 1332491
2642 333 1332494
2631 322 1332497
2643 324 1332500
2636 349 1332503
2652 322 1332506
2635 321 1332509
2647 328 1332512
2644 326 1332515
2646 330 1332518
2644 323 1332521
2639 325 1332524
2645 326 1332527
2644 324 1332530
2647 327 1332533
2643 352 1332536
2531 327 1332539
2644 324 1332542
2633 312 1332545
2653 334 1332548
2640 323 1332551
2640 328 1332554
2644 324 1332557
2647 325 1332560
2642 326 1332563
2644 323 1332566
2643 323 1332569
2642 334 1332572
2645 324 1332575
2642 358 1332578
2622 325 1332581
2645 323 1332584
2644 305 1332587
2647 336 1332590
2646 328 1332593
2638 322 1332596
2646 323 1332599
2639 326 1332602
2641 326 1332605
2643 321 1332608
2640 321 1332611
2641 323 1332614
2644 324 1332617
2645 328 1332620
2719 328 1332623
2645 323 1332626
2628 315 1332629
2654 330 1332632
2640 321 1332635
2639 329 1332638
2645 325 1332641
2640 324 1332644
2663 328 1332647
2645 325 1332650
2644 326 1332653
2640 321 1332656
2642 324 1332659
2642 326 1332662
2660 323 1332665
2644 327 1332668
2631 340 1332671
2653 321 1332674
2643 319 1332677
2643 328 1332680
2644 327 1332683
2641 324 1332686
2640 323 1332689
2644 326 1332692
2641 324 1332695
2641 325 1332698
2644 327 1332701
2642 321 1332704
2670 325 1332707
2641 325 1332710
2638 343 1332713
2649 321 1332716
2639 325 1332719
2643 328 1332722
2642 329 1332725
2640 322 1332728
2643 323 1332731
2637 328 1332734
2644 324 1332737
2641 322 1332740
2643 327 1332743
2644 328 1332746
2645 323 1332749
2645 326 1332752
2657 334 1332755
2637 320 1332758
2636 327 1332761
2647 324 1332764
2643 325 1332767
2644 324 1332770
2643 328 1332773
2642 324 1332776
2642 326 1332779
2643 327 1332782
2642 325 1332785
2642 326 1332788
2664 322 1332791
2644 327 1332794
2653 342 1332797
2640 321 1332800
2635 330 1332803
2647 329 1332806
2643 324 1332809
2642 325 1332812
2643 330 1332815
2643 325 1332818
2640 322 1332821
2638 323 1332824
2641 325 1332827
2644 282 1332830
2060 332 1332833
2645 326 1332836
2628 318 1332839
2654 333 1332842
2633 319 1332845
2640 328 1332848
2647 326 1332851
2639 321 1332854
2650 325 1332857
2642 321 1332860
2643 325 1332863
2643 330 1332866
2643 324 1332869
2644 326 1332872
2644 325 1332875
2639 327 1332878
2652 346 1332881
2631 327 1332884
2636 327 1332887
2650 325 1332890
2641 322 1332893
2642 327 1332896
2643 323 1332899
2642 323 1332902
2644 326 1332905
2644 324 1332908
2640 324 1332911
2648 325 1332914
2643 328 1332917
2648 322 1332920
2643 292 1332923
2633 330 1332926
2635 326 1332929
2648 328 1332932
2640 323 1332935
2645 327 1332938
2643 323 1332941
2642 325 1332944
2644 327 1332947
2644 325 1332950
2642 317 1332953
2642 328 1332956
2643 324 1332959
2641 332 1332962
2639 326 1332965
2648 350 1332968
2634 322 1332971
2633 323 1332974
2647 331 1332977
2641 321 1332980
2645 303 1332983
2643 325 1332986
2640 326 1332989
2643 324 1332992
2643 323 1332995
2642 325 1332999
2646 326 1333002
2644 334 1333005
2645 319 1333008
2646 324 1333011
2633 306 1333014
2654 336 1333017
2639 321 1333020
2641 322 1333023
2646 325 1333026
2640 325 1333029
2642 326 1333032
2643 322 1333035
2641 323 1333038
2644 323 1333041
2642 324 1333043
2643 325 1333046
2644 333 1333049
2579 329 1333052
2643 323 1333055
2640 343 1333058
2649 320 1333061
2635 321 1333064
2647 334 1333067
2641 326 1333070
2643 326 1333073
2645 327 1333076
2640 325 1333079
2642 325 1333082
2640 325 1333085
2644 326 1333088
2643 326 1333091
2643 328 1333094
2656 325 1333097
2641 325 1333100
2650 340 1333103
2631 324 1333106
2634 326 1333109
2648 327 1333112
2642 322 1333115
2642 327 1333118
2644 326 1333121
2642 324 1333124
2643 324 1333127
2642 323 1333130
2641 323 1333133
2644 325 1333136
2644 350 1333139
2664 326 1333142
2643 325 1333145
2635 344 1333148
2651 322 1333151
2638 320 1333154
2644 328 1333157
2643 326 1333160
2638 322 1333163
2644 326 1333166
2644 328 1333169
2642 327 1333172
2642 324 1333175
2641 325 1333178
2640 324 1333181
2643 341 1333184
2447 328 1333187
2643 334 1333190
2627 337 1333193
2659 323 1333196
2639 321 1333199
2643 331 1333202
2646 323 1333205
2638 325 1333208
2646 326 1333211
2641 323 1333214
2642 323 1333217
2641 326 1333220
2642 325 1333223
2648 325 1333226
2644 324 1333229
2616 324 1333232
2642 327 1333235
2643 345 1333238
2648 320 1333241
2637 323 1333244
2647 328 1333247
2642 319 1333250
2642 327 1333253
2645 323 1333256
2643 326 1333259
2639 325 1333262
2643 326 1333265
2644 325 1333268
2642 325 1333271
2641 324 1333274
2654 324 1333277
2643 345 1333280
2607 327 1333283
2633 319 1333286
2651 328 1333289
2642 322 1333292
2640 324 1333295
2643 325 1333298
2635 325 1333301
2643 323 1333304
2640 321 1333307
2642 339 1333310
2640 324 1333313
2647 323 1333316
2630 330 1333319
2639 331 1333322
2644 320 1333325
2624 332 1333328
2657 326 1333331
2639 322 1333334
2645 326 1333337
2641 323 1333340
2641 327 1333343
2643 324 1333346
2643 323 1333349
2637 328 1333352
2646 325 1333355
2642 325 1333358
2642 326 1333361
2644 348 1333364
2642 326 1333367
2659 344 1333370
2635 317 1333373
2640 331 1333376
2649 324 1333379
2640 322 1333382
2644 328 1333385
2642 326 1333388
2643 324 1333391
2643 324 1333394
2642 323 1333397
2641 325 1333400
2643 325 1333403
2640 322 1333406
2751 328 1333409
2643 330 1333412
2626 335 1333415
2657 326 1333418
2637 319 1333421
2642 329 1333424
2645 327 1333427
2640 325 1333430
2641 327 1333433
2643 324 1333436
2640 326 1333439
2645 327 1333442
2642 324 1333445
2641 325 1333448
2589 326 1333451
2636 326 1333454
2641 334 1333457
2630 316 1333460
2651 334 1333463
2642 320 1333466
2640 327 1333469
2642 322 1333472
2638 324 1333475
2642 322 1333478
2641 325 1333481
2640 325 1333484
2642 326 1333487
2642 323 1333490
2640 326 1333493
2643 330 1333496
2641 329 1333499
2631 327 1333502
2636 316 1333505
2652 331 1333508
2646 322 1333511
2642 326 1333514
2643 322 1333517
2641 324 1333520
2642 325 1333523
2644 325 1333526
2641 324 1333529
2641 327 1333532
2645 326 1333535
2642 323 1333538
2643 325 1333541
2642 339 1333544
2664 313 1333547
2637 319 1333550
2642 329 1333553
2646 325 1333556
2640 322 1333559
2644 328 1333562
2645 326 1333565
2644 327 1333568
2644 324 1333571
2640 326 1333574
2643 324 1333577
2645 324 1333580
2642 310 1333583
2645 326 1333586
2646 330 1333589
2659 325 1333592
2639 319 1333595
2642 329 1333598
2646 323 1333601
2640 323 1333604
2644 326 1333607
2643 324 1333610
2643 324 1333613
2642 330 1333616
2642 326 1333619
2646 327 1333622
2643 353 1333625
2660 322 1333628
2646 324 1333631
2630 314 1333634
2651 323 1333637
2640 317 1333640
2639 327 1333643
2645 325 1333646
2659 327 1333649
2643 327 1333652
2645 327 1333655
2643 325 1333658
2641 327 1333661
2644 325 1333664
2643 325 1333667
2641 322 1333670
2653 322 1333673
2643 322 1333676
2632 322 1333679
2634 330 1333682
2651 329 1333685
2643 323 1333688
2644 328 1333691
2644 325 1333694
2643 328 1333697
2645 325 1333700
2643 323 1333703
2641 327 1333706
2644 326 1333709
2644 324 1333712
2652 166 1333715
2644 324 1333718
2642 309 1333721
2653 337 1333724
2642 319 1333727
2642 331 1333730
2649 325 1333733
2640 324 1333736
2645 325 1333739
2644 326 1333742
2643 324 1333745
2642 329 1333748
2644 326 1333751
2644 326 1333754
2643 326 1333757
2642 334 1333760
2643 325 1333763
2653 350 1333766
2637 319 1333769
2636 325 1333772
2650 326 1333775
2643 322 1333778
2643 328 1333781
2646 325 1333784
2641 326 1333787
2641 324 1333790
2639 325 1333793
2644 325 1333796
2643 324 1333799
2641 325 1333802
2644 336 1333805
2640 326 1333808
2637 314 1333811
2639 320 1333814
2646 333 1333817
2644 320 1333820
2641 324 1333823
2642 326 1333826
2641 326 1333829
2646 323 1333832
2641 326 1333835
2645 325 1333838
2642 326 1333841
2645 321 1333844
2640 327 1333847
2641 342 1333850
2640 324 1333853
2632 329 1333856
2631 320 1333859
2653 331 1333862
2644 319 1333865
2640 327 1333868
2646 325 1333871
2640 322 1333874
2645 326 1333877
2642 325 1333880
2641 324 1333883
2648 325 1333886
2643 322 1333889
2642 325 1333892
2643 334 1333895
2646 333 1333898
2656 319 1333901
2641 313 1333904
2639 329 1333907
2645 323 1333910
2637 325 1333913
2645 326 1333916
2642 327 1333919
2641 327 1333922
2645 324 1333925
2640 325 1333928
2643 325 1333931
2643 326 1333934
2644 326 1333937
2644 240 1333940
2645 324 1333943
2641 331 1333946
2659 326 1333949
2638 318 1333952
2645 329 1333955
2644 322 1333958
2641 329 1333961
2645 326 1333964
2642 325 1333967
2645 324 1333970
2641 324 1333973
2635 324 1333976
2642 326 1333979
2642 325 1333982
2642 328 1333985
2656 326 1333988
2643 318 1333991
2645 311 1333994
2641 334 1333999
2640 322 1334002
2645 324 1334005
2644 326 1334008
2641 322 1334011
2642 325 1334014
2644 325 1334017
2645 326 1334020
2645 328 1334023
2645 321 1334026
2643 325 1334029
2645 322 1334032
2642 319 1334035
2628 325 1334038
2657 320 1334041
2637 332 1334044
2640 322 1334047
2645 327 1334050
2641 328 1334053
2644 323 1334056
2643 326 1334059
2641 324 1334062
2646 327 1334064
2643 326 1334067
2646 322 1334070
2643 327 1334074
2640 321 1334076
2643 281 1334079
2645 325 1334082
2658 334 1334085
2641 299 1334088
2642 319 1334091
2644 327 1334094
2640 321 1334097
2644 325 1334100
2646 328 1334103
2645 329 1334107
2642 321 1334109
2642 328 1334112
2643 322 1334115
2643 326 1334118
2643 323 1334121
2680 326 1334124
2642 325 1334127
2660 326 1334130
2643 337 1334133
2638 316 1334136
2648 330 1334140
2640 322 1334142
2644 325 1334145
2641 323 1334148
2640 324 1334151
2644 325 1334154
2641 328 1334157
2642 325 1334160
2640 323 1334163
2641 324 1334166
2643 326 1334169
2640 333 1334173
2635 328 1334175
2640 330 1334178
2646 314 1334181
2643 333 1334184
2640 323 1334187
2645 325 1334190
2642 327 1334193
2643 323 1334196
2644 324 1334199
2643 327 1334202
2643 330 1334206
2642 322 1334208
2644 328 1334211
2530 324 1334214
2645 325 1334217
2641 328 1334220
2629 312 1334223
2654 339 1334226
2636 319 1334229
2645 320 1334232
2643 330 1334235
2642 324 1334239
2644 318 1334241
2644 327 1334244
2641 323 1334247
2642 326 1334250
2645 324 1334253
2642 325 1334256
2638 326 1334259
2666 299 1334262
2643 329 1334265
2644 324 1334268
2648 345 1334272
2634 319 1334274
2646 325 1334277
2640 326 1334280
2640 318 1334283
2646 327 1334286
2644 324 1334289
2644 327 1334292
2641 325 1334295
2644 325 1334298
2634 324 1334301
2643 325 1334305
2639 323 1334307
2641 314 1334310
2656 318 1334313
2647 302 1334316
2637 321 1334319
2650 328 1334322
2640 329 1334325
2643 324 1334328
2645 325 1334331
2642 323 1334334
2643 326 1334338
2642 323 1334340
2643 326 1334343
2643 326 1334346
2644 324 1334349
2645 326 1334352
2649 326 1334355
2642 325 1334358
2648 326 1334361
2642 313 1334364
2646 334 1334367
2641 325 1334371
2642 320 1334373
2642 328 1334376
2643 323 1334379
2645 324 1334382
2645 325 1334385
2644 325 1334388
2643 326 1334391
2639 325 1334394
2643 328 1334397
2642 224 1334400
2643 319 1334404
2631 324 1334406
2657 319 1334409
2638 326 1334412
2641 321 1334415
2646 327 1334418
2642 323 1334421
2641 326 1334424
2642 325 1334427
2642 325 1334430
2642 323 1334433
2644 326 1334437
2643 323 1334439
2642 322 1334442
2635 324 1334445
2640 288 1334448
2650 322 1334451
2640 346 1334454
2638 326 1334457
2648 324 1334460
2639 328 1334463
2642 321 1334466
2643 324 1334470
2641 320 1334472
2642 329 1334475
2648 324 1334478
2644 325 1334481
2643 323 1334484
2643 325 1334487
2647 326 1334490
2638 324 1334493
2640 324 1334496
2628 324 1334499
2651 327 1334503
2638 326 1334505
2641 323 1334508
2646 328 1334511
2640 324 1334514
2644 323 1334517
2642 325 1334520
2642 325 1334523
2640 323 1334526
2643 326 1334529
2644 325 1334532
2642 326 1334536
2655 327 1334538
2645 324 1334541
2655 343 1334544
2635 324 1334547
2648 318 1334550
2643 332 1334553
2638 320 1334556
2645 321 1334559
2644 323 1334562
2643 325 1334565
2643 328 1334569
2643 321 1334571
2643 324 1334574
2640 324 1334577
2641 325 1334580
2626 285 1334583
2641 323 1334586
2636 329 1334589
2652 339 1334592
2635 321 1334595
2646 324 1334598
2644 330 1334602
2641 320 1334604
2647 328 1334607
2641 324 1334610
2639 324 1334613
2643 318 1334616
2645 323 1334619
2641 326 1334622
2643 325 1334625
2643 325 1334628
2644 324 1334631
2639 323 1334635
2647 304 1334637
2646 356 1334640
2637 321 1334643
2646 327 1334646
2641 326 1334649
2642 322 1334652
2642 326 1334655
2642 323 1334658
2641 326 1334661
2643 326 1334664
2642 326 1334668
2642 322 1334670
2642 327 1334673
2642 326 1334676
2653 325 1334679
2634 316 1334682
2648 333 1334685
2637 323 1334688
2642 321 1334691
2643 325 1334694
2644 322 1334697
2644 326 1334701
2642 325 1334703
2640 327 1334706
2641 323 1334709
2642 326 1334712
2645 324 1334715
2645 324 1334718
2641 328 1334721
2646 322 1334724
2631 321 1334727
2651 333 1334730
2639 326 1334734
2640 319 1334736
2643 327 1334739
2638 324 1334742
2643 324 1334745
2644 325 1334748
2642 324 1334751
2645 326 1334754
2640 324 1334757
2642 324 1334760
2644 323 1334763
2642 329 1334767
2648 321 1334769
2633 321 1334772
2651 332 1334775
2639 325 1334778
2645 326 1334781
2642 328 1334784
2643 323 1334787
2644 324 1334790
2642 326 1334793
2642 324 1334796
2643 326 1334800
2642 327 1334802
2643 326 1334805
2617 296 1334808
2648 328 1334811
2633 327 1334814
2656 320 1334817
2632 333 1334820
2639 315 1334823
2647 324 1334826
2638 326 1334829
2644 325 1334833
2647 325 1334835
2644 323 1334838
2642 322 1334841
2645 324 1334844
2644 323 1334847
2644 326 1334850
2648 330 1334853
2641 323 1334856
2647 323 1334859
2640 340 1334862
2639 325 1334866
2647 321 1334868
2643 325 1334871
2642 324 1334874
2641 326 1334877
2644 323 1334880
2643 325 1334883
2642 320 1334886
2642 321 1334889
2642 324 1334892
2643 325 1334895
2644 325 1334899
2642 320 1334901
2661 343 1334904
2640 318 1334907
2644 318 1334910
2643 332 1334913
2642 321 1334916
2646 327 1334919
2639 324 1334922
2644 324 1334925
2643 324 1334928
2643 327 1334932
2643 323 1334934
2641 326 1334937
2643 326 1334940
2654 326 1334943
2646 320 1334946
2645 317 1334949
2636 313 1334952
2653 330 1334955
2639 323 1334958
2645 323 1334961
2644 331 1334965
2641 317 1334967
2644 326 1334970
2644 326 1334973
2626 324 1334976
2644 326 1334979
2641 324 1334982
2625 325 1334985
2634 315 1334988
2640 324 1334991
2631 315 1334994
2653 334 1334998
2638 320 1335002
2645 330 1335005
2643 324 1335008
2635 323 1335011
2644 326 1335014
2641 323 1335017
2642 323 1335020
2644 328 1335023
2643 326 1335026
2643 326 1335029
2631 300 1335032
2644 326 1335035
2643 335 1335038
2658 317 1335041
2635 318 1335044
2641 329 1335047
2646 323 1335050
2640 328 1335053
2645 323 1335056
2641 325 1335059
2643 322 1335062
2643 324 1335065
2646 324 1335068
2642 324 1335071
2643 324 1335074
2644 327 1335077
2640 325 1335080
2662 339 1335083
2639 318 1335086
2638 329 1335089
2649 325 1335092
2639 323 1335095
2644 327 1335098
2643 323 1335101
2641 325 1335104
2645 322 1335107
2645 324 1335110
2643 325 1335113
2645 324 1335116
2641 323 1335119
2643 336 1335122
2640 325 1335125
2635 318 1335128
2639 316 1335131
2645 332 1335134
2642 323 1335137
2638 324 1335140
2645 326 1335143
2643 324 1335146
2644 325 1335149
2642 323 1335152
2642 322 1335155
2642 327 1335158
2640 323 1335161
2644 326 1335164
2653 330 1335167
2638 325 1335170
2636 324 1335173
2631 314 1335176
2651 328 1335179
2642 319 1335182
2641 327 1335185
2648 325 1335188
2648 327 1335191
2642 325 1335194
2643 326 1335197
2642 323 1335200
2642 329 1335203
2644 327 1335206
2644 326 1335209
2645 338 1335212
2641 325 1335215
2629 332 1335218
2631 319 1335221
2650 332 1335224
2642 323 1335227
2641 326 1335230
2645 323 1335233
2638 327 1335236
2642 328 1335239
2645 324 1335242
2639 324 1335245
2643 325 1335248
2641 327 1335251
2642 324 1335254
2643 336 1335257
2642 324 1335260
2659 324 1335263
2639 315 1335266
2643 332 1335269
2647 322 1335272
2639 325 1335275
2643 324 1335278
2643 324 1335281
2642 324 1335284
2642 325 1335287
2642 324 1335290
2642 321 1335293
2638 328 1335296
2643 323 1335299
2645 325 1335302
2626 327 1335305
2645 343 1335308
2650 317 1335311
2636 324 1335314
2646 330 1335317
2644 321 1335320
2643 327 1335323
2644 327 1335326
2643 326 1335329
2641 325 1335332
2643 327 1335335
2643 327 1335338
2644 324 1335341
2643 322 1335344
2601 326 1335347
2638 328 1335350
2643 309 1335353
2640 341 1335356
2651 323 1335359
2637 323 1335362
2640 325 1335365
2643 324 1335368
2642 325 1335371
2644 324 1335374
2640 327 1335377
2643 327 1335380
2642 322 1335383
2643 326 1335386
2644 328 1335389
2641 328 1335392
2657 324 1335395
2642 339 1335398
2637 322 1335401
2634 325 1335404
2645 328 1335407
2636 320 1335410
2643 324 1335413
2644 322 1335416
2641 325 1335419
2645 325 1335422
2645 325 1335425
2641 327 1335428
2642 324 1335431
2642 324 1335434
2641 353 1335437
2641 324 1335440
2646 323 1335443
2628 329 1335446
2657 329 1335449
2641 318 1335452
2642 326 1335455
2645 326 1335458
2643 322 1335461
2645 325 1335464
2642 326 1335467
2641 328 1335470
2644 316 1335473
2643 325 1335476
2644 325 1335479
2644 322 1335482
2631 348 1335485
2639 327 1335488
2656 347 1335491
2637 319 1335494
2634 325 1335497
2649 327 1335500
2642 323 1335503
2644 327 1335506
2644 329 1335509
2643 325 1335512
2635 325 1335515
2641 323 1335518
2643 328 1335521
2642 326 1335524
2643 325 1335527
2640 326 1335530
2654 320 1335533
2640 319 1335536
2617 309 1335539
2650 338 1335542
2649 320 1335545
2637 324 1335548
2642 323 1335551
2641 323 1335554
2642 325 1335557
2644 326 1335560
2644 327 1335563
2643 324 1335566
2644 326 1335569
2645 325 1335572
2642 406 1335575
2602 316 1335578
2652 323 1335581
2612 339 1335584
2664 330 1335587
2632 319 1335590
2644 333 1335593
2646 322 1335596
2641 323 1335599
2643 327 1335602
2643 324 1335605
2639 329 1335608
2643 324 1335611
2641 326 1335614
2641 322 1335617
2641 328 1335620
2631 356 1335623
2634 325 1335626
2667 320 1335629
2608 316 1335632
2653 336 1335635
2648 322 1335638
2638 322 1335641
2647 327 1335644
2643 325 1335647
2642 325 1335650
2643 326 1335653
2647 323 1335656
2643 328 1335659
2641 332 1335662
2640 335 1335665
2638 372 1335668
2643 335 1335671
2608 318 1335674
2572 314 1335677
2479 279 1335680
2467 294 1335683
2478 292 1335686
2478 291 1335689
2485 293 1335692
2481 288 1335695
2479 289 1335698
2483 291 1335701
2482 288 1335704
2480 294 1335707
2482 291 1335710
2479 294 1335713
2509 281 1335716
2474 298 1335719
2458 267 1335722
2482 307 1335725
2488 286 1335728
2475 290 1335731
2483 295 1335734
2483 288 1335737
2478 287 1335740
2483 293 1335743
2480 284 1335746
2480 290 1335749
2481 298 1335752
2482 294 1335755
2482 261 1335758
2514 293 1335761
2480 294 1335764
2513 315 1335767
2476 274 1335770
2470 295 1335773
2490 290 1335776
2477 288 1335779
2484 293 1335782
2482 292 1335785
2480 293 1335788
2480 292 1335791
2479 291 1335794
2482 292 1335797
2480 291 1335800
2482 293 1335803
2481 275 1335806
2486 290 1335809
2445 267 1335812
2490 307 1335815
2488 286 1335818
2475 294 1335821
2486 293 1335824
2478 285 1335827
2478 290 1335830
2478 292 1335833
2484 288 1335836
2479 289 1335839
2482 295 1335842
2479 290 1335845
2481 289 1335848
2456 340 1335851
2477 290 1335854
2502 317 1335857
2466 268 1335860
2474 301 1335863
2489 293 1335866
2477 289 1335869
2482 297 1335872
2482 294 1335875
2478 296 1335878
2480 297 1335881
2477 295 1335884
2479 299 1335887
2481 299 1335890
2478 300 1335893
2470 0 1335896
2482 307 1335899
2477 289 1335902
2500 320 1335905
2478 293 1335908
2472 305 1335911
2482 303 1335914
2479 304 1335917
2480 306 1335920
2480 302 1335923
2478 306 1335926
2479 302 1335929
2478 303 1335932
2482 306 1335935
2478 305 1335938
2480 311 1335941
2492 297 1335944
2480 299 1335947
2451 292 1335950
2486 324 1335953
2482 299 1335956
2462 302 1335959
2481 304 1335962
2478 305 1335965
2481 321 1335968
2479 302 1335971
2480 305 1335974
2477 300 1335977
2480 302 1335980
2481 303 1335983
2476 282 1335986
2540 300 1335989
2476 317 1335992
2517 298 1335995
2460 291 1335999
2484 309 1336002
2480 296 1336005
2476 302 1336008
2480 300 1336011
2478 298 1336014
2478 304 1336017
2481 297 1336020
2477 303 1336023
2480 300 1336026
2480 300 1336029
2479 300 1336032
2378 305 1336035
2482 298 1336038
2484 332 1336040
2491 290 1336043
2468 298 1336046
2481 305 1336049
2477 294 1336052
