4095 1974 6685631
4095 1547 6685634
4095 1544 6685637
4095 1549 6685640
4095 1545 6685643
4095 1544 6685646
4095 1546 6685649
4095 1548 6685652
4095 1547 6685655
4095 1548 6685658
4095 1548 6685661
4095 1545 6685664
4095 1544 6685667
4095 1542 6685670
4095 1545 6685673
4095 1547 6685676
4095 1545 6685679
4095 1554 6685682
4095 1542 6685685
4095 1546 6685688
4095 1548 6685691
4095 1545 6685694
4095 1545 6685697
4095 1544 6685700
4095 1546 6685703
4095 1547 6685706
4095 1544 6685709
4095 1546 6685712
4095 1546 6685715
4095 1531 6685718
4095 1547 6685721
4095 1546 6685724
4095 1544 6685727
4095 1547 6685730
4095 1545 6685733
4095 1547 6685736
4095 1545 6685739
4095 1544 6685742
4095 1544 6685745
4095 1547 6685748
4095 1548 6685751
4095 1549 6685754
4095 1546 6685757
4095 1601 6685760
4095 1547 6685763
4095 1544 6685766
4095 1555 6685769
4095 1539 6685772
4095 1548 6685775
4095 1545 6685778
4095 1546 6685781
4095 1547 6685784
4095 1549 6685787
4095 1544 6685790
4095 1546 6685793
4095 1544 6685796
4095 1543 6685799
4095 1546 6685802
4095 1546 6685805
4095 1534 6685808
4095 1558 6685811
4095 1555 6685814
4095 1541 6685817
4095 1547 6685820
4095 1549 6685823
4095 1543 6685826
4095 1551 6685829
4095 1544 6685832
4095 1545 6685835
4095 1545 6685838
4095 1546 6685841
4095 1541 6685844
4095 1547 6685847
4095 1555 6685850
4095 1541 6685853
4095 1544 6685856
4095 1551 6685859
4095 1544 6685862
4095 1548 6685865
4095 1544 6685868
4095 1547 6685871
4095 1547 6685874
4095 1547 6685877
4095 1545 6685880
4095 1546 6685883
4095 1519 6685886
4095 1543 6685889
4095 1546 6685892
4095 1545 6685895
4095 1546 6685898
4095 1539 6685901
4095 1550 6685904
4095 1546 6685907
4095 1546 6685910
4095 1544 6685913
4095 1544 6685916
4095 1548 6685919
4095 1547 6685922
4095 1547 6685925
4095 1547 6685928
4095 1547 6685931
4095 1546 6685934
4095 1529 6685937
4095 1549 6685940
4095 1548 6685943
4095 1544 6685946
4095 1546 6685949
4095 1544 6685952
4095 1545 6685955
4095 1544 6685958
4095 1544 6685961
4095 1545 6685964
4095 1535 6685967
4095 1546 6685970
4095 1564 6685973
4095 1548 6685976
4095 1553 6685979
4095 1533 6685982
4095 1546 6685985
4095 1551 6685988
4095 1541 6685991
4095 1547 6685994
4095 1547 6685997
4095 1544 6686001
4095 1547 6686004
4095 1542 6686007
4095 1549 6686010
4095 1546 6686013
4095 1083 6686016
4095 1546 6686019
4095 1520 6686022
4095 1548 6686025
4095 1545 6686028
4095 1541 6686031
4095 1551 6686033
4095 1545 6686036
4095 1546 6686039
4095 1543 6686042
4095 1544 6686045
4095 1547 6686048
4095 1546 6686051
4095 1545 6686054
4095 1547 6686057
4095 1548 6686060
4095 1563 6686063
4095 1533 6686066
4095 1548 6686069
4095 1548 6686072
4095 1546 6686075
4095 1547 6686078
4095 1546 6686081
4095 1547 6686084
4095 1546 6686087
4095 1545 6686090
4095 1546 6686093
4095 1547 6686096
4095 1529 6686099
4095 1547 6686102
4095 1545 6686105
4095 1555 6686108
4095 1539 6686111
4095 1544 6686114
4095 1550 6686117
4095 1542 6686120
4095 1547 6686123
4095 1546 6686126
4095 1546 6686129
4095 1546 6686132
4095 1546 6686135
4095 1547 6686138
4095 1876 6686141
4095 1548 6686144
4095 1546 6686147
4095 1529 6686150
4095 1544 6686153
4095 1546 6686156
4095 1541 6686159
4095 1547 6686162
4095 1543 6686165
4095 1548 6686168
4095 1548 6686171
4095 1545 6686174
4095 1551 6686177
4095 1545 6686180
4095 1546 6686183
4095 1541 6686186
4095 1545 6686189
4095 1564 6686192
4095 1534 6686195
4095 1548 6686198
4095 1546 6686201
4095 1546 6686204
4095 1547 6686207
4095 1545 6686210
4095 1545 6686213
4095 1546 6686216
4095 1544 6686219
4095 1544 6686222
4095 1545 6686225
4095 1423 6686228
4095 1545 6686231
4095 1537 6686234
4095 1552 6686237
4095 1545 6686240
4095 1550 6686243
4095 1544 6686246
4095 1546 6686249
4095 1542 6686252
4095 1546 6686255
4095 1546 6686258
4095 1545 6686261
4095 1545 6686264
4095 1546 6686267
4095 1574 6686270
4095 1545 6686273
4095 1543 6686276
4095 1554 6686279
4095 1539 6686282
4095 1546 6686285
4095 1543 6686288
4095 1546 6686291
4095 1564 6686294
4095 1549 6686297
4095 1549 6686300
4095 1547 6686303
4095 1549 6686306
4095 1545 6686309
4095 1633 6686312
4095 1546 6686315
4095 1567 6686318
4095 1553 6686321
4095 1537 6686324
4095 1548 6686327
4095 1545 6686330
4095 1544 6686333
4095 1547 6686336
4095 1546 6686339
4095 1547 6686342
4095 1544 6686345
4095 1546 6686348
4095 1547 6686351
4095 1589 6686354
4095 1547 6686357
4095 1566 6686360
4095 1556 6686363
4095 1538 6686366
4095 1547 6686369
4095 1549 6686372
4095 1546 6686375
4095 1545 6686378
4095 1546 6686381
4095 1545 6686384
4095 1543 6686387
4095 1547 6686390
4095 1545 6686393
4095 1596 6686396
4095 1548 6686399
4095 1551 6686402
4095 1557 6686405
4095 1538 6686408
4095 1548 6686411
4095 1547 6686414
4095 1544 6686417
4095 1547 6686420
4095 1543 6686423
4095 1546 6686426
4095 1544 6686429
4095 1544 6686432
4095 1546 6686435
4095 1645 6686438
4095 1546 6686441
4095 1563 6686444
4095 1557 6686447
4095 1539 6686450
4095 1544 6686453
4095 1547 6686456
4095 1545 6686459
4095 1546 6686462
4095 1547 6686465
4095 1545 6686468
4095 1548 6686471
4095 1547 6686474
4095 1544 6686477
4095 1472 6686480
4095 1549 6686483
4095 1524 6686486
4095 1550 6686489
4095 1541 6686492
4095 1543 6686495
4095 1548 6686498
4095 1546 6686501
4095 1549 6686504
4095 1544 6686507
4095 1547 6686510
4095 1547 6686513
4095 1544 6686516
4095 1541 6686519
4076 1545 6686522
4095 1544 6686525
4095 1529 6686528
4095 1549 6686531
4095 1555 6686534
4095 1543 6686537
4095 1548 6686540
4095 1545 6686543
4095 1545 6686546
4095 1545 6686549
4095 1546 6686552
4095 1549 6686555
4095 1547 6686558
4095 1545 6686561
4095 1548 6686564
4095 1545 6686567
4095 1563 6686570
4095 1535 6686573
4095 1546 6686576
4095 1548 6686579
4095 1539 6686582
4095 1546 6686585
4095 1543 6686588
4095 1545 6686591
4095 1547 6686594
4095 1544 6686597
4095 1549 6686600
4095 1549 6686603
4095 1537 6686606
4095 1544 6686609
4095 1546 6686612
4095 1549 6686615
4095 1540 6686618
4095 1532 6686621
4095 1550 6686624
4095 1543 6686627
4095 1547 6686630
4095 1547 6686633
4095 1546 6686636
4095 1546 6686639
4095 1544 6686642
4095 1549 6686645
4095 1544 6686648
4095 1550 6686651
4095 1548 6686654
4095 1535 6686657
4095 1552 6686660
4095 1551 6686663
4095 1542 6686666
4095 1549 6686669
4095 1547 6686672
4095 1543 6686675
4095 1546 6686678
4095 1543 6686681
4095 1547 6686684
4095 1546 6686687
4095 1548 6686690
4095 1535 6686693
4095 1544 6686696
4095 1524 6686699
4095 1548 6686702
4095 1544 6686705
4095 1544 6686708
4095 1549 6686711
4095 1543 6686714
4095 1544 6686717
4095 1544 6686720
4095 1547 6686723
4095 1546 6686726
4095 1545 6686729
4095 1548 6686732
4095 1528 6686735
4095 1546 6686738
4095 1544 6686741
4095 1560 6686744
4095 1536 6686747
4095 1546 6686750
4095 1863 6672353
4095 1862 6672356
4095 1867 6672359
4095 1864 6672362
4095 1864 6672365
4095 1864 6672368
4095 1864 6672371
4095 1862 6672374
4095 1862 6672377
4095 1863 6672380
4095 1865 6672383
4095 1865 6672386
4095 1865 6672389
4095 1865 6672392
4095 1863 6672395
4095 1863 6672398
4095 1864 6672401
4095 1866 6672404
4095 1865 6672407
4095 1863 6672410
4095 1864 6672413
4095 1862 6672416
4095 1864 6672419
4095 1887 6672422
4095 1867 6672425
4095 1865 6672428
4095 1862 6672431
4095 1864 6672434
4095 1863 6672437
4095 1863 6672440
4095 1866 6672443
4095 1864 6672446
4095 1863 6672449
4095 1866 6672452
4095 1865 6672455
4095 1865 6672458
4095 1864 6672461
4095 1864 6672464
4095 1845 6672467
4095 1866 6672470
4095 1864 6672473
4095 1865 6672476
4095 1863 6672479
4095 1864 6672482
4095 1864 6672485
4095 1864 6672488
4095 1863 6672491
4095 1865 6672494
4095 1866 6672497
4095 1864 6672500
4095 1866 6672503
4095 1864 6672506
4095 1860 6672509
4095 1867 6672512
4095 1869 6672515
4095 1866 6672518
4095 1864 6672521
4095 1867 6672524
4095 1866 6672527
4095 1865 6672530
4095 1864 6672533
4095 1862 6672536
4095 1867 6672539
4095 1863 6672542
4095 1866 6672545
4095 1867 6672548
4095 1832 6672551
4095 1862 6672554
4095 1864 6672557
4095 1867 6672560
4095 1866 6672563
4095 1866 6672566
4095 1866 6672569
4095 1864 6672572
4095 1864 6672575
4095 1862 6672578
4095 1864 6672581
4095 1865 6672584
4095 1866 6672587
4095 1861 6672590
4095 1866 6672593
4095 1908 6672596
4095 1861 6672599
4095 1861 6672602
4095 1865 6672605
4095 1863 6672608
4095 1862 6672611
4095 1864 6672614
4095 1864 6672617
4095 1861 6672620
4095 1863 6672623
4095 1867 6672626
4095 1865 6672629
4095 1861 6672632
4095 1866 6672635
4095 1862 6672638
4095 1862 6672641
4095 1863 6672644
4095 1868 6672647
4095 1859 6672650
4095 1864 6672653
4095 1868 6672656
4095 1865 6672659
4095 1862 6672662
4095 1865 6672665
4095 1868 6672668
4095 1862 6672671
4095 1863 6672674
4095 1858 6672677
4095 1632 6672680
4095 1864 6672683
4095 1866 6672686
4095 1866 6672689
4095 1863 6672692
4095 1866 6672695
4095 1866 6672698
4095 1866 6672701
4095 1862 6672704
4095 1864 6672707
4095 1863 6672710
4095 1865 6672713
4095 1869 6672716
4095 1866 6672719
4095 1865 6672722
4095 2185 6672725
4095 1866 6672728
4095 1861 6672731
4095 1863 6672734
4095 1864 6672737
4095 1862 6672740
4095 1865 6672743
4095 1864 6672746
4095 1862 6672749
4095 1864 6672752
4095 1864 6672755
4095 1865 6672758
4095 1864 6672761
4095 1862 6672764
4095 1869 6672767
4095 1863 6672770
4095 1859 6672773
4095 1869 6672776
4095 1865 6672779
4095 1860 6672782
4095 1866 6672785
4095 1863 6672788
4095 1864 6672791
4095 1866 6672794
4095 1864 6672797
4095 1867 6672800
4095 1862 6672803
4095 1865 6672806
4095 1864 6672809
4095 1874 6672812
4095 1863 6672815
4095 1868 6672818
4095 1863 6672821
4095 1867 6672824
4095 1867 6672827
4095 1862 6672830
4095 1865 6672833
4095 1864 6672836
4095 1864 6672839
4095 1863 6672842
4095 1867 6672845
4095 1863 6672848
4095 1865 6672851
4095 1863 6672854
4095 1865 6672857
4095 1868 6672860
4095 1862 6672863
4095 1867 6672866
4095 1866 6672869
4095 1862 6672872
4095 1863 6672875
4095 1863 6672878
4095 1862 6672881
4095 1863 6672884
4095 1866 6672887
4095 1865 6672890
4095 1864 6672893
4095 1883 6672896
4095 1867 6672899
4095 1864 6672902
4095 1861 6672905
4095 1866 6672908
4095 1862 6672911
4095 1861 6672914
4095 1863 6672917
4095 1865 6672920
4095 1867 6672923
4095 1865 6672926
4095 1864 6672929
4095 1866 6672932
4095 1862 6672935
4095 1864 6672938
4095 1874 6672941
4095 1865 6672944
4095 1866 6672947
4095 1865 6672950
4095 1863 6672953
4095 1864 6672956
4095 1866 6672959
4095 1866 6672962
4095 1865 6672965
4095 1863 6672968
4095 1864 6672971
4095 1865 6672974
4095 1861 6672977
4095 1864 6672980
4095 2271 6672983
4095 1865 6672986
4095 1868 6672989
4095 1864 6672992
4095 1862 6672995
4095 1862 6672999
4095 1865 6673002
4095 1867 6673005
4095 1865 6673008
4095 1864 6673011
4095 1865 6673014
4095 1860 6673017
4095 1863 6673020
4095 1862 6673023
4095 1859 6673026
4095 1864 6673029
4095 1861 6673031
4095 1868 6673034
4095 1863 6673037
4095 1859 6673040
4095 1865 6673043
4095 1863 6673046
4095 1865 6673049
4095 1863 6673052
4095 1863 6673055
4095 1862 6673058
4095 1864 6673061
4095 1863 6673064
4095 1677 6673067
4095 1863 6673070
4095 1866 6673073
4095 1864 6673076
4095 1863 6673079
4095 1867 6673082
4095 1862 6673085
4095 1861 6673088
4095 1864 6673091
4095 1866 6673094
4095 1861 6673097
4095 1864 6673100
4095 1865 6673103
4095 1866 6673106
4095 1866 6673109
4095 1813 6673112
4095 1867 6673115
4095 1860 6673118
4095 1864 6673121
4095 1862 6673124
4095 1864 6673127
4095 1864 6673130
4095 1867 6673133
4095 1865 6673136
4095 1866 6673139
4095 1866 6673142
4095 1861 6673145
4095 1863 6673148
4095 1864 6673151
3632 1864 6673154
4095 1864 6673157
4095 1867 6673160
4095 1864 6673163
4095 1863 6673166
4095 1864 6673169
4095 1868 6673172
4095 1865 6673175
4095 1862 6673178
4095 1864 6673181
4095 1862 6673184
4095 1862 6673187
4095 1860 6673190
4095 1866 6673193
4095 1885 6673196
4069 1864 6673199
4095 1868 6673202
4095 1866 6673205
4095 1868 6673208
4095 1862 6673211
4095 1862 6673214
4095 1862 6673217
4095 1863 6673220
4095 1864 6673223
4095 1866 6673226
4095 1863 6673229
4095 1866 6673232
4095 1866 6673235
4095 1866 6673238
4095 1870 6673241
4095 1863 6673244
4095 1867 6673247
4095 1861 6673250
4095 1863 6673253
4095 1866 6673256
4095 1865 6673259
4095 1865 6673262
4095 1864 6673265
4095 1865 6673268
4095 1862 6673271
4095 1863 6673274
4095 1862 6673277
4095 1865 6673280
4095 1989 6673283
4095 1863 6673286
4095 1862 6673289
4095 1864 6673292
4095 1864 6673295
4095 1862 6673298
4095 1863 6673301
4095 1864 6673304
4095 1863 6673307
4095 1862 6673310
4095 1863 6673313
4095 1865 6673316
4095 1863 6673319
4095 1864 6673322
4095 1864 6673325
4095 1862 6673328
4095 1868 6673331
4095 1869 6673334
4095 1864 6673337
4095 1864 6673340
4095 1862 6673343
4095 1866 6673346
4095 1862 6673349
4095 1861 6673352
4095 1866 6673355
4095 1866 6673358
4095 1864 6673361
4095 1863 6673364
4095 1867 6673367
4095 1863 6673370
4095 1862 6673373
4095 1863 6673376
4095 1866 6673379
4095 1862 6673382
4095 1863 6673385
4095 1866 6673388
4095 1862 6673391
4095 1862 6673394
4095 1864 6673397
4095 1865 6673400
4095 1865 6673403
4095 1864 6673406
4095 1863 6673409
4095 1854 6673412
4095 1864 6673415
4095 1865 6673418
4095 1864 6673421
4095 1863 6673424
4095 1865 6673427
4095 1864 6673430
4095 1862 6673433
4095 1867 6673436
4095 1865 6673439
4095 1862 6673442
4095 1865 6673445
4095 1864 6673448
4095 1862 6673451
4095 1859 6673454
4095 1864 6673457
4095 1867 6673460
4095 1863 6673463
4095 1865 6673466
4095 1868 6673469
4095 1863 6673472
4095 1861 6673475
4095 1865 6673478
4095 1864 6673481
4095 1865 6673484
4095 1865 6673487
4095 1865 6673490
4095 1862 6673493
4095 1874 6673496
4095 1865 6673499
4095 1865 6673502
4095 1862 6673505
4095 1866 6673508
4095 1865 6673511
4095 1862 6673514
4095 1862 6673517
4095 1867 6673520
4095 1865 6673523
4095 1863 6673526
4095 1865 6673529
4095 1862 6673532
4095 1867 6673535
4095 1865 6673538
4095 1821 6673541
4095 1864 6673544
4095 1863 6673547
4095 1866 6673550
4095 1863 6673553
4095 1863 6673556
4095 1863 6673559
4095 1869 6673562
4095 1864 6673565
4095 1867 6673568
4095 1865 6673571
4095 1863 6673574
4095 1863 6673577
4095 1863 6673580
4095 1859 6673583
4095 1865 6673586
4095 1867 6673589
4095 1863 6673592
4095 1863 6673595
4095 1867 6673598
4095 1863 6673601
4095 1863 6673604
4095 1863 6673607
4095 1863 6673610
4095 1864 6673613
4095 1863 6673616
4095 1864 6673619
4095 1864 6673622
4095 1838 6673625
4095 1865 6673628
4095 1867 6673631
4095 1863 6673634
4095 1866 6673637
4095 1865 6673640
4095 1862 6673643
4095 1864 6673646
4095 1863 6673649
4095 1866 6673652
4095 1864 6673655
4095 1860 6673658
4095 1864 6673661
4095 1865 6673664
4095 1865 6673667
4095 2057 6673670
4095 1864 6673673
4095 1862 6673676
4095 1867 6673679
4095 1864 6673682
4095 1863 6673685
4095 1866 6673688
4095 1867 6673691
4095 1864 6673694
4095 1863 6673697
4095 1865 6673700
4095 1865 6673703
4095 1862 6673706
4095 1863 6673709
4095 1855 6673712
4095 1862 6673715
4095 1863 6673718
4095 1866 6673721
4095 1865 6673724
4095 1862 6673727
4095 1864 6673730
4095 1862 6673733
4095 1864 6673736
4095 1863 6673739
4095 1866 6673742
4095 1862 6673745
4095 1862 6673748
4095 1866 6673751
4095 1865 6673754
4095 1848 6673757
4095 1866 6673760
4095 1866 6673763
4095 1864 6673766
4095 1860 6673769
4095 1864 6673772
4095 1864 6673775
4095 1862 6673778
4095 1864 6673781
4095 1864 6673784
4095 1864 6673787
4095 1863 6673790
4095 1865 6673793
4095 1863 6673796
4095 1862 6673799
4095 1866 6673802
4095 1865 6673805
4095 1863 6673808
4095 1861 6673811
4095 1864 6673814
4095 1864 6673817
4095 1865 6673820
4095 1866 6673823
4095 1865 6673826
4095 1862 6673829
4095 1865 6673832
4095 1865 6673835
4095 1861 6673838
4095 1865 6673841
4095 1872 6673844
4095 1862 6673847
4095 1867 6673850
4095 1862 6673853
4095 1865 6673856
4095 1865 6673859
4095 1865 6673862
4095 1865 6673865
4095 1861 6673868
4095 1863 6673871
4095 1864 6673874
4095 1865 6673877
4095 1865 6673880
4095 1864 6673883
4095 1863 6673886
4095 1863 6673889
4095 1868 6673892
4095 1863 6673895
4095 1865 6673898
4095 1865 6673901
4095 1864 6673904
4095 1866 6673907
4095 1864 6673910
4095 1862 6673913
4095 1864 6673916
4095 1866 6673919
4095 1862 6673922
4095 1866 6673925
4095 1925 6673928
3969 1869 6673931
4095 1866 6673934
4095 1862 6673937
4095 1865 6673940
4095 1862 6673943
4095 1863 6673946
4095 1865 6673949
4095 1864 6673952
4095 1862 6673955
4095 1866 6673958
4095 1863 6673961
4095 1867 6673964
4095 1865 6673967
4095 1864 6673970
4095 1904 6673973
4095 1864 6673976
4095 1863 6673979
4095 1867 6673982
4095 1870 6673985
4095 1863 6673988
4095 1864 6673991
4095 1865 6673994
4095 1868 6673997
4095 1859 6674001
4095 1863 6674004
4095 1860 6674007
4095 1863 6674010
4095 1861 6674013
4095 1859 6674016
4095 1862 6674019
4095 1865 6674022
4095 1864 6674025
4095 1865 6674028
4095 1865 6674031
4095 1862 6674034
4095 1864 6674037
4095 1863 6674039
4095 1865 6674042
4095 1866 6674045
4095 1867 6674048
4095 1864 6674051
4095 1861 6674054
4095 1845 6674057
4087 1861 6674060
4095 1865 6674063
4095 1862 6674066
4095 1865 6674069
4095 1864 6674072
4095 1863 6674075
4095 1862 6674078
4095 1863 6674081
4095 1866 6674084
4095 1864 6674087
4095 1864 6674090
4095 1863 6674093
4095 1865 6674096
4095 1864 6674099
4095 1857 6674102
4095 1865 6674105
4095 1865 6674108
4095 1861 6674111
4095 1863 6674114
4095 1866 6674117
4095 1861 6674120
4095 1865 6674123
4095 1864 6674126
4095 1864 6674129
4095 1866 6674132
4095 1861 6674135
4095 1865 6674138
4095 1863 6674141
4095 1863 6674144
4095 1866 6674147
4095 1865 6674150
4095 1861 6674153
4095 1865 6674156
4095 1864 6674159
4095 1864 6674162
4095 1864 6674165
4095 1864 6674168
4095 1865 6674171
4095 1863 6674174
4095 1865 6674177
4095 1864 6674180
4095 1866 6674183
4095 1885 6674186
4075 1864 6674189
4095 1865 6674192
4095 1865 6674195
4095 1868 6674198
4095 1862 6674201
4095 1866 6674204
4095 1863 6674207
4095 1864 6674210
4095 1864 6674213
4095 1864 6674216
4095 1864 6674219
4095 1864 6674222
4095 1862 6674225
4095 1866 6674228
4095 1858 6674231
4095 1863 6674234
4095 1869 6674237
4095 1863 6674240
4095 1864 6674243
4095 1865 6674246
4095 1865 6674249
4095 1863 6674252
4095 1863 6674255
4095 1863 6674258
4095 1866 6674261
4095 1865 6674264
4095 1864 6674267
4095 1868 6674270
4095 1862 6674273
4095 1861 6674276
4095 1868 6674279
4095 1864 6674282
4095 1864 6674285
4095 1866 6674288
4095 1865 6674291
4095 1864 6674294
4095 1863 6674297
4095 1865 6674300
4095 1864 6674303
4095 1863 6674306
4095 1865 6674309
4095 1865 6674312
4095 1885 6674315
4095 1862 6674318
4095 1865 6674321
4095 1862 6674324
4095 1868 6674327
4095 1867 6674330
4095 1861 6674333
4095 1864 6674336
4095 1865 6674339
4095 1863 6674342
4095 1702 6678750
4095 1707 6678753
4095 1706 6678756
4095 1704 6678759
4095 1764 6678762
4095 1703 6678765
4095 1686 6678768
4095 1714 6678771
4095 1699 6678773
4095 1703 6678776
4095 1704 6678779
4095 1701 6678782
4095 1705 6678785
4095 1702 6678788
4095 1705 6678791
4095 1704 6678794
4095 1703 6678797
4095 1700 6678800
4095 1702 6678803
4095 1705 6678806
4095 1724 6678809
4095 1703 6678812
4095 1702 6678815
4095 1708 6678818
4095 1697 6678821
4095 1705 6678824
4095 1706 6678827
4095 1702 6678830
4095 1704 6678833
4095 1708 6678836
4095 1707 6678839
4095 1703 6678842
4095 1662 6678845
4095 1701 6678848
4095 1701 6678851
4095 1687 6678854
4095 1717 6678857
4095 1699 6678860
4095 1703 6678863
4095 1705 6678866
4095 1704 6678869
4095 1704 6678872
4095 1705 6678875
4095 1705 6678878
4095 1703 6678881
4095 1705 6678884
4095 1703 6678887
4095 1750 6678890
4095 1704 6678893
4095 1724 6678896
4095 1700 6678899
4095 1703 6678902
4095 1709 6678905
4095 1703 6678908
4095 1704 6678911
4095 1703 6678914
4095 1703 6678917
4095 1702 6678920
4095 1701 6678923
4095 1703 6678926
4095 1704 6678929
4090 1706 6678932
4095 1707 6678935
4095 1713 6678938
4095 1698 6678941
4095 1711 6678944
4095 1699 6678947
4095 1704 6678950
4095 1702 6678953
4095 1704 6678956
4095 1709 6678959
4095 1702 6678962
4095 1704 6678965
4095 1705 6678968
4095 1705 6678971
4095 1698 6678974
4095 1705 6678977
4095 1709 6678980
4095 1712 6678983
4095 1694 6678986
4095 1707 6678989
4095 1703 6678992
4095 1721 6678995
4095 1709 6678999
4095 1703 6679002
4095 1705 6679005
4095 1705 6679008
4095 1704 6679011
4095 1705 6679014
4095 1749 6679017
4095 1702 6679020
4095 1700 6679023
4095 1688 6679026
4095 1715 6679029
4095 1702 6679031
4095 1701 6679034
4095 1707 6679037
4095 1701 6679040
4095 1704 6679043
4095 1703 6679046
4095 1707 6679049
4095 1704 6679052
4095 1704 6679055
4095 1705 6679058
4095 1747 6679061
4095 1706 6679064
4095 1723 6679067
4095 1700 6679070
4095 1702 6679073
4095 1705 6679076
4095 1699 6679079
4095 1704 6679082
4095 1704 6679085
4095 1702 6679088
4095 1705 6679091
4095 1704 6679094
4095 1704 6679097
4095 1705 6679100
4095 1703 6679103
4095 1703 6679106
4095 1696 6679109
4095 1711 6679112
4095 1702 6679115
4095 1703 6679118
4095 1707 6679121
4095 1704 6679124
4095 1704 6679127
4095 1704 6679130
4095 1702 6679133
4095 1703 6679136
4095 1704 6679139
4095 1704 6679142
4095 1702 6679145
4095 1703 6679148
4095 1693 6679151
4095 1702 6679154
4095 1709 6679157
4095 1704 6679160
4095 1702 6679163
4095 1705 6679166
4095 1700 6679169
4095 1706 6679172
4095 1700 6679175
4095 1703 6679178
4095 1706 6679181
4095 1708 6679184
4095 1702 6679187
4095 1702 6679190
4095 1711 6679193
4095 1702 6679196
4095 1695 6679199
4095 1709 6679202
4095 1704 6679205
4095 1705 6679208
4095 1705 6679211
4095 1707 6679214
4095 1704 6679217
4095 1702 6679220
4095 1704 6679223
4095 1701 6679226
4095 1706 6679229
4095 1704 6679232
4095 1702 6679235
4095 1721 6679238
4095 1700 6679241
4095 1702 6679244
4095 1707 6679247
4095 1702 6679250
4095 1704 6679253
4095 1704 6679256
4095 1705 6679259
4095 1706 6679262
4095 1703 6679265
4095 1701 6679268
4095 1724 6679271
4095 1705 6679274
4095 1701 6679277
4095 1715 6679280
4095 1708 6679283
4095 1697 6679286
4095 1707 6679289
4095 1705 6679292
4095 1704 6679295
4095 1703 6679298
4095 1704 6679301
4095 1703 6679304
4095 1702 6679307
4095 1706 6679310
4095 1708 6679313
4095 1703 6679316
4095 1702 6679319
4095 1700 6679322
4095 1710 6679325
4095 1698 6679328
4095 1710 6679331
4095 1704 6679334
4095 1703 6679337
4095 1705 6679340
4095 1700 6679343
4095 1704 6679346
4095 1704 6679349
4095 1704 6679352
4095 1686 6679355
4087 1706 6679358
4095 1707 6679361
4095 1716 6679364
4095 1694 6679367
4095 1701 6679370
4095 1707 6679373
4095 1701 6679376
4095 1704 6679379
4095 1705 6679382
4095 1703 6679385
4095 1701 6679388
4095 1705 6679391
4095 1705 6679394
4095 1686 6679397
4095 1697 6679400
4095 1706 6679403
4095 1724 6679406
4095 1692 6679409
4095 1704 6679412
4095 1704 6679415
4095 1700 6679418
4095 1707 6679421
4095 1705 6679424
4095 1703 6679427
4095 1703 6679430
4095 1704 6679433
4095 1704 6679436
4095 1685 6679439
4095 1693 6679442
4095 1713 6679445
4095 1714 6679448
4095 1692 6679451
4095 1712 6679454
4095 1701 6679457
4095 1702 6679460
4095 1707 6679463
4095 1704 6679466
4095 1704 6679469
4095 1700 6679472
4095 1703 6679475
4095 1702 6679478
4095 1824 6679481
4095 1692 6679484
4095 1701 6679487
4095 1677 6679490
4095 1723 6679493
4095 1698 6679496
4095 1704 6679499
4095 1705 6679502
4095 1701 6679505
4095 1702 6679508
4095 1705 6679511
4095 1705 6679514
4095 1703 6679517
4095 1705 6679520
4095 1704 6679523
4095 1733 6679526
4095 1703 6679529
4095 1733 6679532
4095 1685 6679535
4095 1710 6679538
4095 1704 6679541
4095 1703 6679544
4095 1706 6679547
4095 1700 6679550
4095 1704 6679553
4095 1704 6679556
4095 1704 6679559
4095 1702 6679562
4095 1704 6679565
4095 1664 6679568
4095 1706 6679571
4095 1659 6679574
4095 1726 6679577
4095 1699 6679580
4095 1699 6679583
4095 1709 6679586
4095 1702 6679589
4095 1704 6679592
4095 1703 6679595
4095 1703 6679598
4095 1701 6679601
4095 1704 6679604
4095 1705 6679607
4095 1714 6679610
4095 1703 6679613
4095 1726 6679616
4095 1676 6679619
4095 1712 6679622
4095 1706 6679625
4095 1702 6679628
4095 1704 6679631
4095 1704 6679634
4095 1708 6679637
4095 1704 6679640
4095 1704 6679643
4095 1704 6679646
4095 1699 6679649
4095 1686 6679652
4095 1700 6679655
4095 1707 6679658
4095 1732 6679661
4095 1691 6679664
4095 1706 6679667
4095 1707 6679670
4095 1697 6679673
4095 1704 6679676
4095 1703 6679679
4095 1702 6679682
4095 1705 6679685
4095 1704 6679688
4095 1705 6679691
4095 1780 6679694
4095 1689 6679697
4095 1701 6679700
4095 1674 6679703
4095 1719 6679706
4095 1702 6679709
4095 1702 6679712
4095 1705 6679715
4095 1704 6679718
4095 1706 6679721
4095 1705 6679724
4095 1705 6679727
4095 1704 6679730
4095 1703 6679733
4095 1703 6679736
4095 1733 6679739
4095 1703 6679742
4095 1728 6679745
4095 1683 6679748
4095 1712 6679751
4095 1701 6679754
4095 1706 6679757
4095 1704 6679760
4095 1701 6679763
4095 1705 6679766
4095 1703 6679769
4095 1700 6679772
4095 1703 6679775
4095 1707 6679778
4095 1738 6679781
4095 1700 6679784
4095 1693 6679787
4095 1724 6679790
4095 1691 6679793
4095 1705 6679796
4095 1706 6679799
4095 1701 6679802
4095 1703 6679805
4095 1705 6679808
4095 1705 6679811
4095 1703 6679814
4095 1706 6679817
4095 1705 6679820
4095 1701 6679823
4095 1708 6679826
4095 1679 6679829
4095 1701 6679832
4095 1713 6679835
4095 1699 6679838
4095 1707 6679841
4095 1703 6679844
4095 1702 6679847
4095 1708 6679850
4095 1704 6679853
4095 1704 6679856
4095 1706 6679859
4095 1702 6679862
4095 1704 6679865
4095 1693 6679868
4095 1723 6679871
4095 1696 6679874
4095 1695 6679877
4095 1712 6679880
4095 1699 6679883
4095 1703 6679886
4095 1707 6679889
4095 1703 6679892
4095 1705 6679895
4095 1703 6679898
4095 1702 6679901
4095 1700 6679904
4095 1678 6679907
4095 1710 6679910
4095 1703 6679913
4095 1728 6679916
4095 1704 6679919
4095 1696 6679922
4095 1708 6679925
4095 1702 6679928
4095 1707 6679931
4095 1703 6679934
4095 1702 6679937
4095 1705 6679940
4095 1706 6679943
4095 1705 6679946
4095 1757 6679949
4095 1690 6679952
4095 1703 6679955
4095 1675 6679958
4095 1712 6679961
4095 1708 6679964
4095 1697 6679967
4095 1709 6679970
4095 1705 6679973
4095 1696 6679976
4095 1704 6679979
4095 1703 6679982
4095 1706 6679985
4095 1706 6679988
4095 1706 6679991
4095 1730 6679994
4095 1700 6679997
4095 1742 6680001
4095 1696 6680004
4095 1697 6680007
4095 1711 6680010
4095 1701 6680013
4095 1707 6680016
4095 1703 6680019
4095 1706 6680022
4095 1705 6680025
4095 1702 6680028
4095 1705 6680031
4095 1706 6680033
4095 1704 6680036
4095 1713 6680039
4095 1670 6680042
4095 1714 6680045
4095 1709 6680048
4095 1697 6680051
4095 1705 6680054
4095 1703 6680057
4095 1705 6680060
4095 1707 6680063
4095 1701 6680066
4095 1704 6680069
4095 1703 6680072
4095 1704 6680075
4095 1684 6680078
4095 1699 6680081
4095 1710 6680084
4095 1721 6680087
4095 1687 6680090
4095 1710 6680093
4095 1703 6680096
4095 1700 6680099
4095 1707 6680102
4095 1704 6680105
4095 1705 6680108
4095 1704 6680111
4095 1704 6680114
4095 1703 6680117
4095 1813 6680120
4095 1689 6680123
4095 1705 6680126
4095 1675 6680129
4095 1712 6680132
4095 1708 6680135
4095 1699 6680138
4095 1707 6680141
4095 1704 6680144
4095 1701 6680147
4095 1704 6680150
4095 1704 6680153
4095 1702 6680156
4095 1704 6680159
4095 1703 6680162
4095 1747 6680165
4095 1703 6680168
4095 1693 6680171
4095 1726 6680174
4095 1691 6680177
4095 1705 6680180
4095 1705 6680183
4095 1699 6680186
4095 1704 6680189
4095 1704 6680192
4095 1703 6680195
4095 1703 6680198
4095 1702 6680201
4095 1709 6680204
4095 1712 6680207
4095 1697 6680210
4095 1733 6680213
4095 1683 6680216
4095 1703 6680219
4095 1709 6680222
4095 1702 6680225
4095 1707 6680228
4095 1703 6680231
4095 1705 6680234
4095 1704 6680237
4095 1704 6680240
4095 1705 6680243
4095 1705 6680246
4095 1784 6680249
4095 1686 6680252
4095 1701 6680255
4095 1675 6680258
4095 1720 6680261
4095 1700 6680264
4095 1702 6680267
4095 1706 6680270
4095 1702 6680273
4095 1704 6680276
4095 1703 6680279
4095 1708 6680282
4095 1704 6680285
4095 1702 6680288
4095 1707 6680291
4095 1580 6680294
4095 1704 6680297
4095 1683 6680300
4095 1726 6680303
4095 1696 6680306
4095 1707 6680309
4095 1705 6680312
4095 1706 6680315
4095 1703 6680318
4095 1704 6680321
4095 1703 6680324
4095 1702 6680327
4095 1697 6680330
4095 1704 6680333
4095 1685 6680336
4095 1696 6680339
4095 1716 6680342
4095 1711 6680345
4095 1690 6680348
4095 1708 6680351
4095 1702 6680354
4095 1702 6680357
4095 1706 6680360
4095 1703 6680363
4095 1706 6680366
4095 1703 6680369
4095 1705 6680372
4095 1703 6680375
4095 1702 6680378
4095 1717 6680381
4095 1704 6680384
4095 1707 6680387
4095 1690 6680390
4095 1715 6680393
4095 1701 6680396
4095 1706 6680399
4095 1705 6680402
4095 1703 6680405
4095 1704 6680408
4095 1702 6680411
4095 1705 6680414
4095 1705 6680417
4095 1703 6680420
4095 1707 6680423
4095 1710 6680426
4095 1695 6680429
4095 1688 6680432
4095 1718 6680435
4095 1702 6680438
4095 1703 6680441
4095 1704 6680444
4095 1703 6680447
4095 1704 6680450
4095 1700 6680453
4095 1705 6680456
4095 1704 6680459
4095 1702 6680462
4095 1737 6680465
4095 1696 6680468
4095 1699 6680471
4095 1684 6680474
4095 1719 6680477
4095 1698 6680480
4095 1704 6680483
4095 1707 6680486
4095 1701 6680489
4095 1705 6680492
4095 1702 6680495
4095 1704 6680498
4095 1704 6680501
4095 1702 6680504
4095 1706 6680507
4095 1610 6680510
4095 1703 6680513
4095 1678 6680516
4095 1725 6680519
4095 1694 6680522
4095 1707 6680525
4095 1706 6680528
4095 1702 6680531
4095 1704 6680534
4095 1708 6680537
4095 1706 6680540
4095 1704 6680543
4095 1705 6680546
4095 1706 6680549
4095 1678 6680552
4095 1705 6680555
4095 1705 6680558
4095 1730 6680561
4095 1695 6680564
4095 1701 6680567
4095 1708 6680570
4095 1700 6680573
4095 1705 6680576
4095 1705 6680579
4095 1704 6680582
4095 1701 6680585
4095 1703 6680588
4095 1704 6680591
4095 1701 6680594
4095 1778 6680597
4095 1703 6680600
4095 1738 6680603
4095 1698 6680606
4095 1697 6680609
4095 1712 6680612
4095 1698 6680615
4095 1705 6680618
4095 1705 6680621
4095 1706 6680624
4095 1703 6680627
4095 1701 6680630
4095 1704 6680633
4095 1705 6680636
4095 1690 6680639
4095 1696 6680642
4095 1725 6680645
4095 1699 6680648
4095 1700 6680651
4095 1713 6680654
4095 1700 6680657
4095 1704 6680660
4095 1704 6680663
4095 1706 6680666
4095 1707 6680669
4095 1706 6680672
4095 1704 6680675
4095 1705 6680678
4095 1704 6680681
4095 1718 6680684
4095 1704 6680687
4095 1712 6680690
4095 1689 6680693
4095 1714 6680696
4095 1704 6680699
4095 1706 6680702
4095 1704 6680705
4095 1702 6680708
4095 1706 6680711
4095 1703 6680714
4095 1705 6680717
4095 1705 6680720
4095 1705 6680723
4095 1710 6680726
4095 1708 6680729
4095 1713 6680732
4095 1680 6680735
4095 1717 6680738
4095 1699 6680741
4095 1703 6680744
4095 1707 6680747
4095 1703 6680750
4095 1706 6680753
4095 1703 6680756
4095 1702 6680759
4095 1706 6680762
4095 1702 6680765
4095 1676 6680768
4095 1701 6680771
4095 1703 6680774
4095 1693 6680777
4095 1717 6680780
4095 1695 6680783
4095 1705 6680786
4095 1707 6680789
4095 1702 6680792
4095 1707 6680795
4095 1703 6680798
4095 1706 6680801
4095 1704 6680804
4095 1702 6680807
4095 1705 6680810
4095 1751 6680813
4095 1702 6680816
4095 1716 6680819
4095 1714 6680822
4095 1691 6680825
4095 1709 6680828
4095 1704 6680831
4095 1705 6680834
4095 1705 6680837
4095 1704 6680840
4095 1705 6680843
4095 1704 6680846
4095 1705 6680849
4095 1703 6680852
4095 1679 6680855
4095 1700 6680858
4095 1698 6680861
4095 1726 6680864
4095 1698 6680867
4095 1702 6680870
4095 1707 6680873
4095 1701 6680876
4095 1704 6680879
4095 1707 6680882
4095 1704 6680885
4095 1703 6680888
4095 1703 6680891
4095 1705 6680894
4095 1703 6680897
4095 1717 6680900
4095 1705 6680903
4095 1716 6680906
4095 1708 6680909
4095 1699 6680912
4095 1705 6680915
4095 1704 6680918
4095 1705 6680921
4095 1700 6680924
4095 1703 6680927
4095 1704 6680930
4095 1706 6680933
4095 1705 6680936
4095 1703 6680939
4095 1709 6680942
4095 1699 6680945
4095 1708 6680948
4095 1708 6680951
4095 1704 6680954
4095 1703 6680957
4095 1703 6680960
4095 1705 6680963
4095 1706 6680966
4095 1702 6680969
4095 1705 6680972
4095 1707 6680975
4095 1702 6680978
4095 1701 6680981
4095 1713 6680984
4095 1699 6680987
4095 1702 6680990
4095 1705 6680993
4095 1705 6680996
4095 1706 6681000
4095 1705 6681003
4095 1707 6681006
4095 1704 6681009
4095 1701 6681012
4095 1705 6681015
4095 1705 6681018
4095 1704 6681021
4095 1701 6681024
4095 1703 6681027
4095 1675 6681030
4095 1704 6681033
4095 1704 6681036
4095 1708 6681038
4095 1705 6681041
4095 1704 6681044
4095 1704 6681047
4095 1705 6681050
4095 1705 6681053
4095 1707 6681056
4095 1703 6681059
4095 1704 6681062
4095 1708 6681065
4095 1705 6681068
4095 1705 6681071
4095 1704 6681074
4095 1703 6681077
4095 1704 6681080
4095 1702 6681083
4095 1705 6681086
4095 1703 6681089
4095 1703 6681092
4095 1704 6681095
4095 1703 6681098
4095 1706 6681101
4095 1706 6681104
4095 1704 6681107
4095 1705 6681110
4095 1698 6681113
4095 1707 6681116
4095 1705 6681119
4095 1705 6681122
4095 1706 6681125
4095 1703 6681128
4095 1704 6681131
4095 1704 6681134
4095 1701 6681137
4095 1706 6681140
4095 1704 6681143
4095 1706 6681146
4095 1706 6681149
4095 1702 6681152
4095 1671 6681155
4095 1707 6681158
4095 1703 6681161
4095 1707 6681164
4095 1704 6681167
4095 1702 6681170
4095 1704 6681173
4095 1706 6681176
4095 1707 6681179
4095 1705 6681182
4095 1701 6681185
4095 1708 6681188
4095 1703 6681191
4095 1703 6681194
4095 1705 6681197
4095 1655 6681200
4095 1703 6681203
4095 1700 6681206
4095 1706 6681209
4095 1704 6681212
4095 1706 6681215
4095 1705 6681218
4095 1702 6681221
4095 1703 6681224
4095 1702 6681227
4095 1704 6681230
4095 1704 6681233
4095 1703 6681236
4095 1705 6681239
4095 1723 6681242
4095 1706 6681245
4095 1708 6681248
4095 1701 6681251
4095 1705 6681254
4095 1704 6681257
4095 1703 6681260
4095 1703 6681263
4095 1705 6681266
4095 1704 6681269
4095 1705 6681272
4095 1706 6681275
4095 1706 6681278
4095 1704 6681281
4095 1701 6681284
4095 1702 6681287
4095 1698 6681290
4095 1705 6681293
4095 1703 6681296
4095 1705 6681299
4095 1703 6681302
4095 1701 6681305
4095 1706 6681308
4095 1705 6681311
4095 1703 6681314
4095 1703 6681317
4095 1703 6681320
4095 1701 6681323
4095 1694 6681326
4095 1707 6681329
4095 1704 6681332
4095 1697 6681335
4095 1708 6681338
4095 1705 6681341
4095 1704 6681344
4095 1703 6681347
4095 1703 6681350
4095 1705 6681353
4095 1703 6681356
4095 1705 6681359
4095 1704 6681362
4095 1702 6681365
4095 1706 6681368
4095 1708 6681371
4095 1704 6681374
4095 1708 6681377
4095 1704 6681380
4095 1704 6681383
4095 1705 6681386
4095 1703 6681389
4095 1704 6681392
4095 1704 6681395
4095 1705 6681398
4095 1703 6681401
4095 1705 6681404
4095 1702 6681407
4095 1706 6681410
4095 1555 6681413
4095 1701 6681416
4095 1702 6681419
4095 1703 6681422
4095 1702 6681425
4095 1704 6681428
4095 1705 6681431
4095 1704 6681434
4095 1703 6681437
4095 1706 6681440
4095 1705 6681443
4095 1703 6681446
4095 1702 6681449
4095 1705 6681452
4095 1700 6681455
4095 1704 6681458
4095 1701 6681461
4095 1706 6681464
4095 1701 6681467
4095 1706 6681470
4095 1704 6681473
4095 1705 6681476
4095 1705 6681479
4095 1704 6681482
4095 1704 6681485
4095 1705 6681488
4095 1705 6681491
4095 1700 6681494
4095 1767 6681497
4095 1704 6681500
4095 1705 6681503
4095 1704 6681506
4095 1702 6681509
4095 1705 6681512
4095 1701 6681515
4095 1705 6681518
4095 1704 6681521
4095 1703 6681524
4095 1704 6681527
4095 1704 6681530
4095 1704 6681533
4095 1703 6681536
4095 1703 6681539
4095 1809 6681542
4095 1705 6681545
4095 1699 6681548
4095 1707 6681551
4095 1703 6681554
4095 1705 6681557
4095 1703 6681560
4095 1705 6681563
4095 1702 6681566
4095 1704 6681569
4095 1705 6681572
4095 1705 6681575
4095 1703 6681578
4095 1704 6681581
4095 1703 6681584
4095 1704 6681587
4095 1703 6681590
4095 1708 6681593
4095 1704 6681596
4095 1703 6681599
4095 1705 6681602
4095 1705 6681605
4095 1704 6681608
4095 1704 6681611
4095 1705 6681614
4095 1706 6681617
4095 1703 6681620
4095 1703 6681623
4095 1701 6681626
4095 1697 6681629
4095 1708 6681632
4095 1706 6681635
4095 1703 6681638
4095 1709 6681641
4095 1706 6681644
4095 1703 6681647
4095 1705 6681650
4095 1694 6681653
4095 1702 6681656
4095 1705 6681659
4095 1705 6681662
4095 1704 6681665
4095 1705 6681668
4095 1687 6681671
4095 1705 6681674
4095 1707 6681677
4095 1701 6681680
4095 1706 6681683
4095 1702 6681686
4095 1702 6681689
4095 1705 6681692
4095 1704 6681695
4095 1703 6681698
4095 1706 6681701
4095 1706 6681704
4095 1705 6681707
4095 1704 6681710
4095 1765 6681713
3817 1703 6681716
4095 1702 6681719
4095 1698 6681722
4095 1706 6681725
4095 1703 6681728
4095 1703 6681731
4095 1705 6681734
4095 1704 6681737
4095 1705 6681740
4095 1704 6681743
4095 1704 6681746
4095 1705 6681749
4095 1701 6681752
4095 1704 6681755
4095 1548 6681758
4095 1703 6681761
4095 1702 6681764
4095 1704 6681767
4095 1706 6681770
4095 1704 6681773
4095 1705 6681776
4095 1705 6681779
4095 1702 6681782
4095 1706 6681785
4095 1704 6681788
4095 1705 6681791
4095 1706 6681794
4095 1705 6681797
4095 1709 6681800
4095 1702 6681803
4095 1705 6681806
4095 1703 6681809
4095 1706 6681812
4095 1702 6681815
4095 1706 6681818
4095 1697 6681821
4095 1703 6681824
4095 1705 6681827
4095 1703 6681830
4095 1705 6681833
4095 1704 6681836
4095 1704 6681839
4095 1698 6681842
4095 1782 6681845
4095 1703 6681848
4095 1700 6681851
4095 1706 6681854
4095 1704 6681857
4095 1704 6681860
4095 1703 6681863
4095 1704 6681866
4095 1703 6681869
4095 1705 6681872
4095 1704 6681875
4095 1705 6681878
4095 1702 6681881
4095 1704 6681884
4095 1719 6681887
4095 1704 6681890
4095 1704 6681893
4095 1706 6681896
4095 1706 6681899
4095 1703 6681902
4095 1706 6681905
4095 1705 6681908
4095 1705 6681911
4095 1704 6681914
4095 1707 6681917
4095 1702 6681920
4095 1704 6681923
4095 1707 6681926
4095 1705 6681929
4095 1682 6681932
4095 1703 6681935
4095 1703 6681938
4095 1704 6681941
4095 1704 6681944
4095 1705 6681947
4095 1705 6681950
4095 1702 6681953
4095 1703 6681956
4095 1703 6681959
4095 1704 6681962
4095 1705 6681965
4095 1703 6681968
4095 1703 6681971
4095 1709 6681974
4095 1705 6681977
4095 1710 6681980
4095 1705 6681983
4095 1703 6681986
4095 1702 6681989
4095 1704 6681992
4095 1702 6681995
4095 1705 6681999
4095 1702 6682002
4095 1701 6682005
4095 1705 6682008
4095 1705 6682011
4095 1699 6682014
4095 1705 6682017
4095 1722 6682020
4095 1703 6682023
4095 1701 6682026
4095 1706 6682029
4095 1701 6682032
4095 1703 6682035
4095 1707 6682038
4095 1704 6682040
4095 1703 6682043
4095 1704 6682046
4095 1704 6682049
4095 1705 6682052
4095 1703 6682055
4095 1707 6682058
4095 1698 6682061
4095 1703 6682064
4095 1700 6682067
4095 1705 6682070
4095 1706 6682073
4095 1703 6682076
4095 1706 6682079
4095 1704 6682082
4095 1704 6682085
4095 1701 6682088
4095 1703 6682091
4095 1704 6682094
4095 1706 6682097
4095 1708 6682100
4095 1703 6682103
4095 1737 6682106
4095 1705 6682109
4095 1703 6682112
4095 1704 6682115
4095 1703 6682118
4095 1704 6682121
4095 1703 6682124
4095 1705 6682127
4095 1704 6682130
4095 1704 6682133
4095 1702 6682136
4095 1704 6682139
4095 1704 6682142
4095 1705 6682145
4095 1700 6682148
4095 1706 6682151
4095 1704 6682154
4095 1705 6682157
4095 1704 6682160
4095 1705 6682163
4095 1704 6682166
4095 1702 6682169
4095 1706 6682172
4095 1704 6682175
4095 1702 6682178
4095 1705 6682181
4095 1704 6682184
4095 1704 6682187
4095 1705 6682190
4095 1709 6682193
4095 1704 6682196
4095 1706 6682199
4095 1701 6682202
4095 1705 6682205
4095 1703 6682208
4095 1705 6682211
4095 1704 6682214
4095 1703 6682217
4095 1704 6682220
4095 1702 6682223
4095 1707 6682226
4095 1704 6682229
4095 1722 6682232
4095 1702 6682235
4095 1702 6682238
4095 1702 6682241
4095 1705 6682244
4095 1701 6682247
4095 1704 6682250
4095 1706 6682253
4095 1703 6682256
4095 1704 6682259
4095 1704 6682262
4095 1703 6682265
4095 1702 6682268
4095 1704 6682271
4095 1710 6682274
4095 1702 6682277
4095 1701 6682280
4095 1709 6682283
4095 1701 6682286
4095 1703 6682289
4095 1707 6682292
4095 1704 6682295
4095 1704 6682298
4095 1701 6682301
4095 1705 6682304
4095 1706 6682307
4095 1706 6682310
4095 1705 6682313
4095 1688 6682316
4095 1704 6682319
4095 1704 6682322
4095 1703 6682325
4095 1705 6682328
4095 1703 6682331
4095 1704 6682334
4095 1704 6682337
4095 1704 6682340
4095 1706 6682343
4095 1703 6682346
4095 1703 6682349
4095 1704 6682352
4095 1704 6682355
4095 1678 6682358
4095 1702 6682361
4095 1706 6682364
4095 1704 6682367
4095 1702 6682370
4095 1708 6682373
4095 1704 6682376
4095 1702 6682379
4095 1704 6682382
4095 1701 6682385
4095 1701 6682388
4095 1704 6682391
4095 1704 6682394
4095 1990 6682397
4095 1707 6682400
4095 1706 6682403
4095 1704 6682406
4095 1702 6682409
4095 1704 6682412
4095 1702 6682415
4095 1702 6682418
4095 1703 6682421
4095 1705 6682424
4095 1703 6682427
4095 1705 6682430
4095 1705 6682433
4095 1706 6682436
4095 1691 6682439
4095 1705 6682442
4095 1703 6682445
4095 1704 6682448
4095 1705 6682451
4095 1703 6682454
4095 1707 6682457
4095 1703 6682460
4095 1705 6682463
4095 1704 6682466
4095 1702 6682469
4095 1705 6682472
4095 1705 6682475
4095 1702 6682478
4095 1702 6682481
4095 1706 6682484
4095 1707 6682487
4095 1705 6682490
4095 1703 6682493
4095 1705 6682496
4095 1703 6682499
4095 1704 6682502
4095 1705 6682505
4095 1707 6682508
4095 1702 6682511
4095 1704 6682514
4095 1704 6682517
4095 1703 6682520
4065 1878 6682523
4095 1704 6682526
4095 1705 6682529
4095 1701 6682532
4095 1706 6682535
4095 1704 6682538
4095 1705 6682541
4095 1701 6682544
4095 1705 6682547
4095 1702 6682550
4095 1704 6682553
4095 1707 6682556
4095 1705 6682559
4095 1706 6682562
4095 1618 6682565
4095 1704 6682568
4095 1701 6682571
4095 1705 6682574
4095 1700 6682577
4095 1705 6682580
4095 1704 6682583
4095 1703 6682586
4095 1706 6682589
4095 1705 6682592
4095 1703 6682595
4095 1705 6682598
4095 1707 6682601
4095 1705 6682604
4095 1688 6682607
4095 1702 6682610
4095 1709 6682613
4095 1704 6682616
4095 1703 6682619
4095 1705 6682622
4095 1703 6682625
4095 1705 6682628
4095 1703 6682631
4095 1697 6682634
4095 1707 6682637
4095 1704 6682640
4095 1701 6682643
4095 1705 6682646
4095 1707 6682649
4095 1701 6682652
4095 1710 6682655
4095 1706 6682658
4095 1703 6682661
4095 1701 6682664
4095 1706 6682667
4095 1705 6682670
4095 1705 6682673
4095 1704 6682676
4095 1705 6682679
4095 1700 6682682
4095 1703 6682685
4095 1706 6682688
4095 1691 6682691
4095 1703 6682694
4095 1705 6682697
4095 1703 6682700
4095 1702 6682703
4095 1705 6682706
4095 1704 6682709
4095 1704 6682712
4095 1703 6682715
4095 1705 6682718
4095 1706 6682721
4095 1703 6682724
4095 1704 6682727
4095 1703 6682730
4095 1710 6682733
4095 1703 6682736
4095 1706 6682739
4095 1702 6682742
4095 1704 6682745
4095 1705 6682748
4095 1704 6682751
4095 1705 6682754
4095 1706 6682757
4095 1706 6682760
4095 1704 6682763
4095 1706 6682766
4095 1704 6682769
4095 1705 6682772
4095 1744 6682775
4095 1704 6682778
4095 1704 6682781
4095 1703 6682784
4095 1703 6682787
4095 1704 6682790
4095 1703 6682793
4095 1702 6682796
4095 1706 6682799
4095 1707 6682802
4095 1702 6682805
4095 1703 6682808
4095 1704 6682811
4095 1703 6682814
4095 1609 6682817
4095 1708 6682820
4095 1702 6682823
4095 1705 6682826
4095 1702 6682829
4095 1705 6682832
4095 1704 6682835
4095 1706 6682838
4095 1705 6682841
4095 1705 6682844
4095 1702 6682847
4095 1705 6682850
4095 1705 6682853
4095 1705 6682856
4095 1879 6682859
4095 1705 6682862
4095 1700 6682865
4095 1706 6682868
4095 1705 6682871
4095 1703 6682874
4095 1705 6682877
4095 1704 6682880
4095 1704 6682883
4095 1704 6682886
4095 1705 6682889
4095 1707 6682892
4095 1704 6682895
4095 1707 6682898
4095 1695 6682901
4095 1706 6682904
4095 1703 6682907
4095 1703 6682910
4095 1704 6682913
4095 1702 6682916
4095 1705 6682919
4095 1706 6682922
4095 1704 6682925
4095 1702 6682928
4095 1704 6682931
4095 1704 6682934
4095 1703 6682937
4095 1699 6682940
4095 1704 6682943
4095 1702 6682946
4095 1706 6682949
4095 1707 6682952
4095 1703 6682955
4095 1706 6682958
4095 1708 6682961
4095 1705 6682964
4095 1707 6682967
4095 1704 6682970
4095 1705 6682973
4095 1705 6682976
4095 1703 6682979
4095 1699 6682982
4095 1702 6682985
4095 1705 6682988
4095 1704 6682991
4095 1706 6682994
4095 1706 6682997
4095 1703 6683001
4095 1708 6683004
4095 1704 6683007
4095 1702 6683010
4095 1705 6683013
4095 1707 6683016
4095 1706 6683019
4095 1705 6683022
4095 1701 6683025
4095 1724 6683028
4095 1702 6683031
4095 1700 6683034
4095 1663 6683037
4095 1590 6683040
4095 1535 6683043
4095 1525 6683046
4095 1537 6683049
4095 1552 6683051
4095 1554 6683054
4095 1548 6683057
4095 1547 6683060
4095 1544 6683063
4095 1547 6683066
4095 1623 6683069
4095 1546 6683072
4095 1548 6683075
4095 1541 6683078
4095 1546 6683081
4095 1547 6683084
4095 1543 6683087
4095 1544 6683090
4095 1543 6683093
4095 1548 6683096
4095 1544 6683099
4095 1547 6683102
4095 1547 6683105
4095 1546 6683108
4095 1606 6683111
4095 1540 6683114
4095 1547 6683117
4095 1543 6683120
4095 1545 6683123
4095 1546 6683126
4095 1545 6683129
4095 1547 6683132
4095 1548 6683135
4095 1545 6683138
4095 1545 6683141
4095 1545 6683144
4095 1546 6683147
4095 1547 6683150
4095 1467 6683153
4095 1552 6683156
4095 1545 6683159
4095 1545 6683162
4095 1546 6683165
4095 1547 6683168
4095 1542 6683171
4095 1546 6683174
4095 1545 6683177
4095 1547 6683180
4095 1547 6683183
4095 1548 6683186
4095 1545 6683189
4095 1544 6683192
4095 1388 6683195
4095 1544 6683198
4095 1545 6683201
4095 1546 6683204
4095 1543 6683207
4095 1545 6683210
4095 1545 6683213
4095 1548 6683216
4095 1545 6683219
4095 1546 6683222
4095 1544 6683225
4095 1544 6683228
4095 1546 6683231
4095 1547 6683234
4095 1544 6683237
4095 1548 6683240
4095 1542 6683243
4095 1546 6683246
4095 1549 6683249
4095 1546 6683252
4095 1546 6683255
4095 1545 6683258
4095 1546 6683261
4095 1544 6683264
4095 1547 6683267
4095 1545 6683270
4095 1546 6683273
4095 1544 6683276
4095 1837 6683279
4095 1548 6683282
4095 1547 6683285
4095 1546 6683288
4095 1545 6683291
4095 1549 6683294
4095 1545 6683297
4095 1545 6683300
4095 1545 6683303
4095 1544 6683306
4095 1554 6683309
4095 1544 6683312
4095 1547 6683315
4095 1548 6683318
4095 1628 6683321
4095 1544 6683324
4095 1543 6683327
4095 1543 6683330
4095 1543 6683333
4095 1543 6683336
4095 1544 6683339
4095 1545 6683342
4095 1543 6683345
4095 1547 6683348
4095 1546 6683351
4095 1545 6683354
4095 1544 6683357
4095 1547 6683360
4095 1498 6683363
4095 1544 6683366
4095 1544 6683369
4095 1541 6683372
4095 1546 6683375
4095 1545 6683378
4095 1547 6683381
4095 1545 6683384
4095 1545 6683387
4095 1545 6683390
4095 1544 6683393
4095 1544 6683396
4095 1547 6683399
4095 1545 6683402
4095 1542 6683405
4095 1548 6683408
4095 1545 6683411
4095 1546 6683414
4095 1547 6683417
4095 1545 6683420
4095 1546 6683423
4095 1544 6683426
4095 1546 6683429
4095 1549 6683432
4095 1543 6683435
4095 1546 6683438
4095 1545 6683441
4095 1542 6683444
4095 1551 6683447
4095 1546 6683450
4095 1547 6683453
4095 1546 6683456
4095 1546 6683459
4095 1548 6683462
4095 1544 6683465
4095 1545 6683468
4095 1547 6683471
4095 1544 6683474
4095 1545 6683477
4095 1545 6683480
4095 1544 6683483
4095 1543 6683486
4095 1541 6683489
4095 1544 6683492
4095 1549 6683495
4095 1544 6683498
4095 1545 6683501
4095 1545 6683504
4095 1542 6683507
4095 1547 6683510
4095 1548 6683513
4095 1545 6683516
4095 1546 6683519
4095 1545 6683522
4095 1547 6683525
4095 1545 6683528
4095 1611 6683531
4095 1544 6683534
4095 1543 6683537
4095 1543 6683540
4095 1545 6683543
4095 1546 6683546
4095 1548 6683549
4095 1547 6683552
4095 1545 6683555
4095 1546 6683558
4095 1547 6683561
4095 1547 6683564
4095 1545 6683567
4095 1547 6683570
4089 1986 6683573
4095 1545 6683576
4095 1545 6683579
4095 1546 6683582
4095 1545 6683585
4095 1544 6683588
4095 1547 6683591
4095 1548 6683594
4095 1546 6683597
4095 1547 6683600
4095 1546 6683603
4095 1545 6683606
4095 1544 6683609
4095 1548 6683612
4095 1541 6683615
4095 1544 6683618
4095 1550 6683621
4095 1547 6683624
4095 1547 6683627
4095 1545 6683630
4095 1544 6683633
4095 1550 6683636
4095 1543 6683639
4095 1545 6683642
4095 1547 6683645
4095 1545 6683648
4095 1548 6683651
4095 1546 6683654
4095 1544 6683657
4095 1546 6683660
4095 1551 6683663
4095 1544 6683666
4095 1545 6683669
4095 1547 6683672
4095 1546 6683675
4095 1548 6683678
4095 1548 6683681
4095 1547 6683684
4095 1545 6683687
4095 1547 6683690
4095 1547 6683693
4095 1546 6683696
4095 1546 6683699
4095 1547 6683702
4095 1549 6683705
4095 1547 6683708
4095 1546 6683711
4095 1550 6683714
4095 1547 6683717
4095 1545 6683720
4095 1546 6683723
4095 1546 6683726
4095 1546 6683729
4095 1543 6683732
4095 1545 6683735
4095 1544 6683738
4095 1550 6683741
4095 1547 6683744
4095 1546 6683747
4095 1547 6683750
4095 1543 6683753
4095 1547 6683756
4095 1545 6683759
4095 1544 6683762
4095 1547 6683765
4095 1546 6683768
4095 1546 6683771
4095 1546 6683774
4095 1546 6683777
4095 1546 6683780
4095 1544 6683783
4095 1544 6683786
4095 1547 6683789
4095 1547 6683792
4095 1543 6683795
4095 1545 6683798
4095 1547 6683801
4095 1549 6683804
4095 1545 6683807
4095 1548 6683810
4095 1547 6683813
4095 1546 6683816
4095 1546 6683819
4095 1544 6683822
4095 1554 6683825
4095 1544 6683828
4095 1547 6683831
4095 1548 6683834
4095 1546 6683837
4095 1544 6683840
4095 1547 6683843
4095 1547 6683846
4095 1547 6683849
4095 1545 6683852
4095 1547 6683855
4095 1547 6683858
4095 1546 6683861
4095 1547 6683864
3845 1544 6683867
4095 1545 6683870
4095 1547 6683873
4095 1546 6683876
4095 1545 6683879
4095 1544 6683882
4095 1544 6683885
4095 1548 6683888
4095 1545 6683891
4095 1548 6683894
4095 1545 6683897
4095 1545 6683900
4095 1544 6683903
4095 1544 6683906
4054 244 6683909
4095 1545 6683912
4095 1548 6683915
4095 1547 6683918
4095 1546 6683921
4095 1546 6683924
4095 1548 6683927
4095 1545 6683930
4095 1544 6683933
4095 1547 6683936
4095 1545 6683939
4095 1551 6683942
4095 1546 6683945
4095 1546 6683948
4095 1541 6683951
4095 1547 6683954
4095 1545 6683957
4095 1546 6683960
4095 1535 6683963
4095 1547 6683966
4095 1542 6683969
4095 1545 6683972
4095 1548 6683975
4095 1549 6683978
4095 1546 6683981
4095 1544 6683984
4095 1547 6683987
4095 1546 6683990
4095 1555 6683993
4095 1546 6683996
4095 1550 6684000
4095 1543 6684003
4095 1545 6684006
4095 1548 6684009
4095 1546 6684012
4095 1544 6684015
4095 1548 6684018
4095 1548 6684021
4095 1543 6684024
4095 1548 6684027
4095 1546 6684030
4095 1544 6684033
4095 1543 6684036
4095 1547 6684039
4095 1545 6684042
4095 1545 6684044
4095 1550 6684047
4095 1547 6684050
4095 1547 6684053
4095 1544 6684056
4095 1548 6684059
4095 1543 6684062
4095 1541 6684065
4095 1546 6684068
4095 1544 6684071
4095 1543 6684074
4095 1547 6684077
4095 1546 6684080
4095 1548 6684083
4095 1542 6684086
4095 1547 6684089
4095 1546 6684092
4095 1543 6684095
4095 1547 6684098
4095 1547 6684101
4095 1545 6684104
4095 1547 6684107
4095 1550 6684110
4095 1546 6684113
4095 1562 6684116
4095 1546 6684119
4095 1547 6684122
4095 1544 6684125
4095 1546 6684128
4095 1546 6684131
4095 1545 6684134
4095 1544 6684137
4095 1546 6684140
4095 1548 6684143
4095 1547 6684146
4095 1546 6684149
4095 1542 6684152
4095 1544 6684155
4095 1540 6684158
4095 1546 6684161
4095 1542 6684164
4095 1549 6684167
4095 1543 6684170
4095 1544 6684173
4095 1544 6684176
4095 1545 6684179
4095 1547 6684182
4095 1545 6684185
4095 1546 6684188
4095 1547 6684191
4095 1544 6684194
4095 1543 6684197
4095 1553 6684200
4095 1546 6684203
4095 1547 6684206
4095 1545 6684209
4095 1547 6684212
4095 1543 6684215
4095 1541 6684218
4095 1547 6684221
4095 1547 6684224
4095 1545 6684227
4095 1547 6684230
4095 1547 6684233
4095 1544 6684236
4095 1464 6684239
4095 1546 6684242
4095 1546 6684245
4095 1542 6684248
4095 1544 6684251
4095 1545 6684254
4095 1546 6684257
4095 1550 6684260
4095 1546 6684263
4095 1547 6684266
4095 1543 6684269
4095 1546 6684272
4095 1548 6684275
4095 1546 6684278
4095 1551 6684281
4095 1545 6684284
4095 1545 6684287
4095 1546 6684290
4095 1547 6684293
4095 1545 6684296
4095 1546 6684299
4095 1544 6684302
4095 1548 6684305
4095 1546 6684308
4095 1545 6684311
4095 1546 6684314
4095 1543 6684317
4095 1547 6684320
4095 1544 6684323
4062 1544 6684326
4095 1545 6684329
4095 1546 6684332
4095 1544 6684335
4095 1545 6684338
4095 1545 6684341
4095 1546 6684344
4095 1545 6684347
4095 1548 6684350
4095 1548 6684353
4095 1548 6684356
4095 1545 6684359
4095 1545 6684362
4095 1555 6684365
4095 1543 6684368
4095 1549 6684371
4095 1546 6684374
4095 1546 6684377
4095 1547 6684380
4095 1548 6684383
4095 1547 6684386
4095 1546 6684389
4095 1549 6684392
4095 1548 6684395
4095 1547 6684398
4095 1544 6684401
4095 1546 6684404
4095 1505 6684407
4095 1546 6684410
4095 1547 6684413
4095 1541 6684416
4095 1546 6684419
4095 1548 6684422
4095 1547 6684425
4095 1546 6684428
4095 1546 6684431
4095 1547 6684434
4095 1543 6684437
4095 1546 6684440
4095 1548 6684443
4095 1548 6684446
4095 1646 6684449
4095 1544 6684452
4095 1545 6684455
4095 1545 6684458
4095 1543 6684461
4095 1547 6684464
4095 1547 6684467
4095 1545 6684470
4095 1548 6684473
4095 1546 6684476
4095 1546 6684479
4095 1544 6684482
4095 1547 6684485
4095 1544 6684488
4095 1545 6684491
4095 1539 6684494
4095 1547 6684497
4095 1546 6684500
4095 1544 6684503
4095 1548 6684506
4095 1547 6684509
4095 1543 6684512
4095 1546 6684515
4095 1549 6684518
4095 1548 6684521
4095 1546 6684524
4095 1545 6684527
4095 1545 6684530
4095 1545 6684533
4095 1467 6684536
4095 1548 6684539
4095 1544 6684542
4095 1549 6684545
4095 1545 6684548
4095 1545 6684551
4095 1546 6684554
4095 1547 6684557
4095 1546 6684560
4095 1546 6684563
4095 1546 6684566
4095 1545 6684569
4095 1547 6684572
4095 1548 6684575
4095 1545 6684578
4095 1546 6684581
4095 1547 6684584
4095 1545 6684587
4095 1545 6684590
4095 1544 6684593
4095 1546 6684596
4095 1543 6684599
4095 1546 6684602
4095 1547 6684605
4095 1545 6684608
4095 1545 6684611
4095 1544 6684614
4095 1549 6684617
4095 1544 6684620
4092 1544 6684623
4095 1542 6684626
4095 1549 6684629
4095 1545 6684632
4095 1544 6684635
4095 1544 6684638
4095 1546 6684641
4095 1544 6684644
4095 1545 6684647
4095 1547 6684650
4095 1546 6684653
4095 1546 6684656
4095 1545 6684659
4095 2357 6684662
4095 1548 6684665
4095 1545 6684668
4095 1547 6684671
4095 1543 6684674
4095 1547 6684677
4095 1546 6684680
4095 1546 6684683
4095 1549 6684686
4095 1549 6684689
4095 1547 6684692
4095 1547 6684695
4095 1546 6684698
4095 1545 6684701
4095 1546 6684704
4095 1461 6684707
4095 1548 6684710
4095 1541 6684713
4095 1548 6684716
4095 1547 6684719
4095 1550 6684722
4095 1545 6684725
4095 1547 6684728
4095 1546 6684731
4095 1544 6684734
4095 1546 6684737
4095 1546 6684740
4095 1545 6684743
4095 1546 6684746
4095 1546 6684749
4095 1546 6684752
4095 1548 6684755
4095 1544 6684758
4095 1547 6684761
4095 1544 6684764
4095 1544 6684767
4095 1549 6684770
4095 1547 6684773
4095 1546 6684776
4095 1547 6684779
4095 1546 6684782
4095 1545 6684785
4095 1547 6684788
4095 1530 6684791
4095 1546 6684794
4095 1547 6684797
4095 1544 6684800
4095 1548 6684803
4095 1546 6684806
4095 1549 6684809
4095 1545 6684812
4095 1545 6684815
4095 1547 6684818
4095 1544 6684821
4095 1544 6684824
4095 1543 6684827
4095 1546 6684830
4095 1546 6684833
4095 1552 6684836
4095 1549 6684839
4095 1547 6684842
4095 1543 6684845
4095 1548 6684848
4095 1549 6684851
4095 1544 6684854
4095 1542 6684857
4095 1546 6684860
4095 1544 6684863
4095 1544 6684866
4095 1549 6684869
4095 1546 6684872
4095 1543 6684875
4095 1405 6684878
4095 1545 6684881
4095 1543 6684884
4095 1546 6684887
4095 1547 6684890
4095 1546 6684893
4095 1544 6684896
4095 1548 6684899
4095 1548 6684902
4095 1544 6684905
4095 1547 6684908
4095 1545 6684911
4095 1546 6684914
4095 1545 6684917
4095 1548 6684920
4095 1547 6684923
4095 1549 6684926
4095 1544 6684929
4095 1548 6684932
4095 1549 6684935
4095 1547 6684938
4095 1546 6684941
4095 1541 6684944
4095 1545 6684947
4095 1545 6684950
4095 1548 6684953
4095 1543 6684956
4095 1547 6684959
4095 1539 6684962
4095 1554 6684965
4095 1545 6684968
4095 1550 6684971
4095 1546 6684974
4095 1545 6684977
4095 1546 6684980
4095 1547 6684983
4095 1546 6684986
4095 1546 6684989
4095 1548 6684992
4095 1546 6684995
4095 1544 6684999
4095 1547 6685002
4095 1548 6685005
4095 1549 6685008
4095 1541 6685011
4095 1549 6685014
4095 1542 6685017
4095 1546 6685020
4095 1548 6685023
4095 1543 6685026
4095 1547 6685029
4095 1547 6685032
4095 1546 6685035
4095 1546 6685038
4095 1544 6685041
4095 1547 6685044
4095 1539 6685046
4095 1544 6685049
4095 1549 6685052
4095 1547 6685055
4095 1546 6685058
4095 1545 6685061
4095 1545 6685064
4095 1547 6685067
4095 1549 6685070
4095 1546 6685073
4095 1545 6685076
4095 1545 6685079
4095 1547 6685082
4095 1545 6685085
4095 1544 6685088
4095 1548 6685091
4095 1547 6685094
4095 1547 6685097
4095 1546 6685100
4095 1547 6685103
4095 1549 6685106
4095 1546 6685109
4095 1546 6685112
4095 1547 6685115
4095 1544 6685118
4095 1546 6685121
4095 1549 6685124
4095 1545 6685127
4095 1538 6685130
4095 1544 6685133
4095 1544 6685136
4095 1545 6685139
4095 1548 6685142
4095 1544 6685145
4095 1545 6685148
4095 1544 6685151
4095 1548 6685154
4095 1548 6685157
4095 1546 6685160
4095 1546 6685163
4095 1545 6685166
4095 1545 6685169
4095 1554 6685172
4095 1548 6685175
4095 1542 6685178
4095 1550 6685181
4095 1545 6685184
4095 1543 6685187
4095 1548 6685190
4095 1547 6685193
4095 1548 6685196
4095 1543 6685199
4095 1548 6685202
4095 1551 6685205
4095 1548 6685208
4095 1544 6685211
4095 1551 6685214
4095 1547 6685217
4095 1546 6685220
4095 1548 6685223
4095 1548 6685226
4095 1544 6685229
4095 1545 6685232
4095 1548 6685235
4095 1546 6685238
4095 1547 6685241
4095 1545 6685244
4095 1545 6685247
4095 1542 6685250
4095 1543 6685253
4095 1539 6685256
4095 1546 6685259
4095 1550 6685262
4095 1546 6685265
4095 1548 6685268
4095 1545 6685271
4095 1546 6685274
4095 1544 6685277
4095 1546 6685280
4095 1542 6685283
4095 1546 6685286
4095 1547 6685289
4095 1540 6685292
4095 1547 6685295
4095 1709 6685298
4095 1546 6685301
4095 1542 6685304
4095 1547 6685307
4095 1545 6685310
4095 1546 6685313
4095 1545 6685316
4095 1546 6685319
4095 1545 6685322
4095 1546 6685325
4095 1546 6685328
4095 1544 6685331
4095 1545 6685334
4095 1546 6685337
4095 1507 6685340
4095 1541 6685343
4095 1545 6685346
4095 1547 6685349
4095 1542 6685352
4095 1550 6685355
4095 1547 6685358
4095 1547 6685361
4095 1545 6685364
4095 1546 6685367
4095 1545 6685370
4095 1547 6685373
4095 1545 6685376
4095 1547 6685379
4095 1533 6685382
4095 1546 6685385
4095 1550 6685388
4095 1547 6685391
4095 1548 6685394
4095 1545 6685397
4095 1546 6685400
4095 1546 6685403
4095 1545 6685406
4095 1545 6685409
4095 1545 6685412
4095 1545 6685415
4095 1546 6685418
4095 1457 6685421
4095 1549 6685424
4095 1547 6685427
4095 1547 6685430
4095 1544 6685433
4095 1548 6685436
4095 1547 6685439
4095 1542 6685442
4095 1546 6685445
4095 1545 6685448
4095 1545 6685451
4095 1549 6685454
4095 1547 6685457
4095 1548 6685460
4095 1545 6685463
4095 1544 6685466
4095 1548 6685469
4095 1546 6685472
4095 1545 6685475
4095 1548 6685478
4095 1545 6685481
4095 1543 6685484
4095 1549 6685487
4095 1547 6685490
4095 1546 6685493
4095 1545 6685496
4095 1547 6685499
4095 1545 6685502
4095 1449 6685505
4095 1545 6685508
4095 1547 6685511
4095 1543 6685514
4095 1546 6685517
4095 1549 6685520
4095 1547 6685523
4095 1545 6685526
4095 1544 6685529
4095 1547 6685532
4095 1548 6685535
4095 1545 6685538
4095 1547 6685541
4095 1544 6685544
4095 1619 6685547
4095 1544 6685550
4095 1547 6685553
4095 1544 6685556
4095 1547 6685559
4095 1545 6685562
4095 1545 6685565
4095 1546 6685568
4095 1548 6685571
4095 1543 6685574
4095 1544 6685577
4095 1546 6685580
4095 1546 6685583
4095 1545 6685586
4095 1574 6685589
4095 1545 6685592
4095 1544 6685595
4095 1548 6685598
4095 1546 6685601
4095 1546 6685604
4095 1543 6685607
4095 1547 6685610
4095 1544 6685613
4095 1543 6685616
4095 1547 6685619
4095 1547 6685622
4095 1546 6685625
4095 1544 6685628
