676 910 720260
681 912 720263
681 915 720266
681 911 720269
680 911 720272
680 913 720275
678 911 720278
677 911 720281
683 914 720284
679 913 720287
681 913 720290
680 913 720293
681 913 720296
680 912 720299
681 910 720302
678 910 720305
680 913 720308
682 915 720311
676 909 720314
680 920 720317
700 912 720320
678 910 720323
679 915 720326
681 911 720329
680 912 720332
680 911 720335
678 907 720338
679 910 720341
681 912 720344
676 911 720347
682 914 720350
681 912 720353
682 916 720356
697 882 720359
680 911 720362
678 906 720365
676 911 720368
676 909 720371
682 913 720374
683 915 720377
677 910 720380
679 910 720383
674 912 720386
680 913 720389
680 914 720392
683 912 720395
679 960 720398
849 913 720401
682 910 720404
682 913 720407
680 914 720410
678 911 720413
682 914 720416
679 912 720419
679 910 720422
678 913 720425
679 917 720428
680 912 720431
679 912 720434
680 914 720437
877 912 720440
680 910 720443
677 917 720446
681 912 720449
681 913 720452
680 913 720455
682 910 720458
679 911 720461
680 911 720464
675 912 720467
680 910 720470
678 911 720473
682 916 720476
677 912 720479
678 918 720482
679 913 720485
679 916 720488
679 911 720491
677 908 720494
678 911 720497
678 910 720500
677 910 720503
679 912 720506
680 913 720509
678 911 720512
678 913 720515
680 913 720518
679 923 720521
697 910 720524
677 907 720527
677 914 720530
676 909 720533
679 912 720536
679 914 720539
679 913 720542
679 913 720545
679 914 720548
679 913 720551
675 914 720554
678 913 720557
677 911 720560
674 866 720563
682 914 720566
677 911 720569
678 908 720572
680 912 720575
677 912 720578
681 914 720581
683 911 720584
670 912 720587
678 916 720590
678 912 720593
680 917 720596
678 912 720599
678 930 720602
628 909 720605
677 913 720608
674 911 720611
678 913 720614
682 891 720617
679 915 720620
678 913 720623
681 910 720626
679 914 720629
677 910 720632
676 912 720635
677 912 720638
678 912 720641
677 816 720644
679 912 720647
678 911 720650
677 915 720653
678 913 720656
680 910 720659
680 915 720662
678 912 720665
680 912 720668
682 915 720671
681 912 720674
680 911 720677
677 912 720680
679 818 720683
704 911 720686
676 913 720689
683 910 720692
680 914 720695
679 914 720698
678 910 720701
679 910 720704
678 912 720707
680 912 720710
679 914 720713
679 912 720716
678 912 720719
679 912 720722
744 911 720725
677 913 720728
682 915 720731
680 909 720734
678 913 720737
680 911 720740
676 911 720743
677 912 720746
680 914 720749
679 913 720752
677 910 720755
680 911 720758
679 911 720761
678 912 720764
678 902 720767
678 913 720770
677 915 720773
677 909 720776
678 913 720779
682 917 720782
682 915 720785
680 913 720788
679 910 720791
676 912 720794
678 910 720797
678 913 720800
680 915 720803
680 918 720806
695 913 720809
679 911 720812
683 914 720815
681 912 720818
678 913 720821
680 914 720824
678 911 720827
680 911 720830
677 912 720833
679 913 720836
680 913 720839
678 913 720842
680 914 720845
685 886 720848
681 916 720851
677 910 720854
680 914 720857
681 911 720860
677 912 720863
679 911 720866
680 912 720869
681 914 720872
675 911 720875
680 912 720878
681 913 720881
678 914 720884
680 891 720887
439 911 720890
679 912 720893
679 910 720896
680 913 720899
679 914 720902
679 912 720905
673 908 720908
681 914 720911
680 912 720914
680 916 720917
682 912 720920
679 910 720923
679 912 720926
457 911 720929
683 913 720932
687 917 720935
685 912 720938
677 911 720941
679 921 720944
678 914 720947
681 915 720950
679 915 720953
678 910 720956
682 910 720959
678 912 720962
676 912 720965
679 913 720968
685 914 720971
679 913 720974
679 913 720977
681 913 720980
678 912 720983
680 913 720986
677 910 720989
679 913 720992
677 913 720995
680 911 720999
680 914 721002
682 916 721005
681 913 721008
680 914 721011
692 911 721014
679 910 721017
680 911 721020
679 913 721023
682 910 721026
680 910 721029
683 911 721032
678 910 721034
677 913 721037
682 913 721040
678 910 721043
679 910 721046
679 910 721049
671 1572 721052
680 915 721055
681 912 721058
676 910 721061
681 915 721064
679 913 721067
678 912 721070
678 909 721073
679 912 721076
680 911 721079
678 911 721082
683 915 721085
680 915 721088
678 702 721091
682 912 721094
680 912 721097
682 916 721100
678 913 721103
683 915 721106
680 913 721109
679 913 721112
681 911 721115
681 915 721118
679 913 721121
676 912 721124
678 911 721127
678 912 721130
680 919 721133
683 914 721136
683 908 721139
682 915 721142
675 913 721145
675 910 721148
680 912 721151
680 912 721154
677 917 721157
680 910 721160
680 912 721163
681 915 721166
679 913 721169
679 912 721172
681 847 721175
680 913 721178
678 908 721181
680 914 721184
684 913 721187
678 911 721190
679 908 721193
677 909 721196
681 912 721199
677 911 721202
681 911 721205
678 912 721208
678 912 721211
678 914 721214
891 912 721217
680 913 721220
676 905 721223
678 912 721226
684 912 721229
679 912 721232
683 914 721235
678 912 721238
680 913 721241
679 913 721244
679 911 721247
683 914 721250
681 912 721253
657 891 721256
675 914 721259
683 913 721262
677 913 721265
680 916 721268
683 910 721271
679 913 721274
680 912 721277
681 911 721280
676 910 721283
679 913 721286
676 912 721289
682 912 721292
680 301 721295
679 914 721298
680 911 721301
683 915 721304
677 911 721307
679 912 721310
682 909 721313
677 910 721316
676 915 721319
677 910 721322
681 914 721325
682 912 721328
679 911 721331
680 909 721334
679 909 721337
674 912 721340
678 912 721343
682 914 721346
679 912 721349
681 913 721352
679 910 721355
680 914 721358
680 913 721361
680 911 721364
680 912 721367
680 910 721370
679 913 721373
682 913 721376
677 938 721379
680 911 721382
677 912 721385
680 915 721388
680 915 721391
681 913 721394
680 912 721397
678 914 721400
681 911 721403
679 913 721406
680 913 721409
680 910 721412
678 913 721415
681 929 721418
580 911 721421
679 912 721424
677 912 721427
679 913 721430
677 912 721433
675 911 721436
683 914 721439
677 911 721442
679 909 721445
679 913 721448
676 913 721451
678 910 721454
680 914 721457
712 703 721460
680 912 721463
681 910 721466
677 907 721469
678 911 721472
677 908 721475
677 914 721478
680 912 721481
680 912 721484
678 914 721487
680 915 721490
680 912 721493
678 911 721496
677 951 721499
677 910 721502
678 912 721505
684 911 721508
677 912 721511
682 914 721514
681 912 721517
676 912 721520
678 912 721523
678 912 721526
678 912 721529
678 912 721532
683 910 721535
680 916 721538
679 914 721541
683 912 721544
682 926 721547
668 904 721550
683 915 721553
683 911 721556
675 912 721559
679 914 721562
678 912 721565
678 913 721568
681 915 721571
679 913 721574
678 911 721577
679 913 721580
681 924 721583
675 910 721586
686 926 721589
672 903 721592
678 917 721595
683 915 721598
680 909 721601
679 914 721604
677 911 721607
684 913 721610
679 912 721613
679 913 721616
675 913 721619
677 896 721622
665 913 721625
681 914 721628
682 926 721631
679 904 721634
670 914 721637
681 913 721640
676 910 721643
681 916 721646
681 910 721649
678 915 721652
679 912 721655
679 912 721658
679 917 721661
663 945 721664
680 912 721667
678 916 721670
681 923 721673
677 903 721676
682 914 721679
684 915 721682
676 909 721685
680 913 721688
682 913 721691
680 915 721694
678 913 721697
674 912 721700
678 894 721703
710 911 721706
678 910 721709
656 920 721712
686 922 721715
675 904 721718
679 916 721721
683 911 721724
680 911 721727
680 913 721730
679 908 721733
680 911 721736
677 909 721739
677 911 721742
740 910 721745
676 909 721748
676 903 721751
664 937 721754
686 919 721757
677 914 721760
677 915 721763
681 907 721766
677 912 721769
678 911 721772
680 912 721775
680 910 721778
680 914 721781
678 911 721784
650 923 721787
682 910 721790
680 930 721793
684 924 721796
669 903 721799
678 913 721802
681 910 721805
678 912 721808
684 912 721811
685 913 721814
678 910 721817
679 911 721820
681 910 721823
678 913 721826
682 900 721829
682 911 721832
688 930 721835
672 901 721838
677 918 721841
685 915 721844
679 912 721847
678 913 721850
678 913 721853
680 912 721856
679 913 721859
679 913 721862
681 915 721865
681 975 721868
677 912 721871
680 914 721874
670 897 721877
689 916 721880
684 914 721883
675 912 721886
682 918 721889
675 912 721892
678 915 721895
677 911 721898
679 912 721901
679 912 721904
681 910 721907
680 894 721910
739 911 721913
675 912 721916
670 919 721919
692 905 721922
670 915 721925
683 915 721928
681 909 721931
680 914 721934
692 911 721937
677 910 721940
679 914 721943
682 912 721946
678 912 721949
684 919 721952
675 912 721955
681 929 721958
675 902 721961
698 915 721964
686 916 721967
675 909 721970
680 913 721973
683 914 721976
682 914 721979
679 912 721982
680 913 721985
680 908 721988
675 911 721991
676 821 721994
679 912 721997
685 889 722001
687 915 722004
676 915 722007
678 908 722010
678 913 722013
681 910 722016
679 913 722019
678 910 722022
678 912 722025
681 913 722028
683 914 722032
671 910 722034
680 876 722037
678 912 722040
684 921 722043
675 901 722046
683 918 722049
681 914 722052
679 910 722055
679 913 722058
681 910 722061
678 909 722065
679 911 722067
679 914 722070
675 913 722073
679 1094 722076
680 915 722079
684 910 722082
670 897 722085
682 914 722088
678 915 722091
680 910 722094
681 916 722098
679 908 722100
679 913 722103
680 912 722106
680 909 722109
679 912 722112
680 919 722115
718 895 722118
677 910 722121
690 910 722124
687 913 722127
672 908 722131
680 908 722133
681 910 722136
678 912 722139
683 911 722142
686 913 722145
679 912 722148
678 913 722151
678 910 722154
680 910 722157
679 918 722160
680 913 722164
686 928 722166
676 900 722169
681 910 722172
680 914 722175
679 908 722178
678 915 722181
672 910 722184
681 910 722187
679 914 722190
679 914 722193
679 912 722197
691 909 722199
681 813 722202
681 912 722205
712 890 722208
687 914 722211
673 913 722214
679 917 722217
681 917 722220
675 912 722223
679 909 722226
677 915 722230
681 909 722232
680 913 722235
681 913 722238
661 913 722241
679 915 722244
677 910 722247
691 916 722250
667 911 722253
680 906 722256
681 916 722259
679 910 722263
682 910 722265
679 914 722268
680 915 722271
679 932 722274
680 915 722277
677 914 722280
685 911 722283
675 911 722286
691 911 722289
670 910 722292
682 936 722296
680 915 722298
677 908 722301
681 914 722304
685 912 722307
694 918 722310
690 919 722313
687 918 722316
661 929 722319
618 976 722322
744 1029 722325
580 1043 722329
554 1039 722331
578 1047 722334
580 1044 722337
577 1030 722340
579 1034 722343
575 1038 722346
579 1035 722349
582 1037 722352
579 1035 722355
580 1038 722358
576 1038 722362
573 1033 722364
592 1015 722367
575 1036 722370
584 1034 722373
573 1050 722376
574 1025 722379
580 1038 722382
573 1035 722385
577 1034 722388
580 1040 722391
577 1036 722395
576 1031 722397
579 1037 722400
579 1039 722403
531 1037 722406
579 1037 722409
577 1038 722412
567 1041 722415
581 1067 722418
580 1044 722421
577 1035 722424
580 1040 722428
577 1035 722430
580 1037 722433
579 1035 722436
579 1037 722439
578 1037 722442
577 1037 722445
563 1033 722448
578 1010 722451
576 1036 722454
580 1053 722457
580 1044 722461
575 1028 722463
583 1042 722466
577 1042 722469
581 1038 722472
580 1039 722475
577 1036 722478
578 1037 722481
580 1041 722484
580 1036 722487
583 1039 722490
581 1025 722494
583 1032 722496
570 1052 722499
586 1029 722502
587 1037 722505
572 1036 722508
585 1039 722511
584 1041 722514
580 1037 722517
587 1039 722520
590 1043 722523
591 1042 722527
587 1037 722529
576 1031 722532
592 1044 722535
568 1041 722538
596 1035 722541
605 1052 722544
587 1041 722547
597 1040 722550
591 1039 722553
594 1043 722556
595 1043 722560
596 1040 722562
598 1045 722565
594 1046 722568
597 1044 722571
631 1026 722574
593 1043 722577
592 1040 722580
596 1054 722583
588 1034 722586
600 1047 722589
594 1046 722593
595 1036 722595
595 1044 722598
595 1038 722601
595 1045 722604
595 1043 722607
591 1041 722610
636 1041 722613
595 1042 722616
593 1043 722619
574 1045 722622
591 1057 722626
596 1042 722628
588 1039 722631
597 1046 722634
592 1043 722637
592 1041 722640
591 1045 722643
593 1044 722646
590 1041 722649
591 1038 722652
576 1044 722655
590 1055 722659
592 1039 722661
602 1052 722664
580 1040 722667
588 1042 722670
591 1046 722673
587 1039 722676
592 1044 722679
586 1039 722682
589 1040 722685
587 1042 722688
589 1040 722692
591 1041 722694
588 1079 722697
588 1045 722700
574 1040 722703
592 1020 722706
592 1050 722709
584 1039 722712
591 1043 722715
585 1039 722718
587 1038 722721
589 1043 722725
587 1038 722727
588 1042 722730
589 1044 722733
587 1043 722736
610 1036 722739
583 1039 722742
602 1037 722745
576 1044 722748
587 1031 722751
590 1047 722754
584 1038 722758
590 1037 722760
584 1043 722763
589 1040 722766
585 1039 722769
585 1036 722772
585 1043 722775
574 1041 722778
582 1148 722781
586 1041 722784
589 1019 722787
590 1044 722791
577 1031 722793
589 1039 722796
584 1042 722799
583 1037 722802
584 1038 722805
584 1039 722808
583 1039 722811
583 1040 722814
584 1038 722817
588 1039 722820
584 1040 722824
601 1036 722826
569 1033 722829
585 1039 722832
585 1043 722835
583 1030 722838
585 1039 722841
584 1039 722844
583 1037 722847
581 1038 722850
584 1039 722853
586 1041 722857
584 1036 722859
602 1023 722862
582 1037 722865
589 1037 722868
581 1048 722871
580 1030 722874
588 1043 722877
580 1036 722880
583 1036 722883
582 1040 722886
583 1038 722890
582 1034 722892
585 1037 722895
590 1042 722898
595 1036 722901
583 609 722904
580 1039 722907
587 1014 722910
588 1031 722913
573 1041 722916
584 1034 722919
582 1039 722923
581 1033 722925
584 1034 722928
582 1038 722931
584 1035 722934
594 1038 722937
580 1036 722940
588 1040 722943
581 1038 722946
602 1040 722949
568 1051 722952
588 1034 722956
584 1042 722958
579 1034 722961
582 1038 722964
584 1041 722967
583 1039 722970
580 1038 722973
582 1037 722976
581 1034 722979
582 1037 722982
588 1019 722985
581 1038 722989
581 1034 722991
583 1052 722994
579 1028 722999
586 1041 723002
578 1035 723005
581 1038 723008
584 1040 723011
578 1036 723014
582 1040 723017
583 1037 723020
580 1040 723023
550 1086 723026
578 1038 723029
583 1014 723032
578 1042 723035
586 1029 723038
573 1035 723041
584 1039 723044
578 1036 723047
578 1036 723050
582 1036 723053
581 1040 723056
580 1038 723059
581 1039 723062
582 1031 723065
578 1038 723068
578 1038 723071
592 1020 723074
568 1041 723077
581 1037 723080
579 1035 723083
583 1040 723086
582 1039 723089
578 1035 723092
578 1038 723095
585 1038 723098
580 1038 723101
579 1038 723104
581 1041 723107
575 1039 723110
580 1050 723113
597 1024 723116
571 1041 723119
580 1041 723122
577 1032 723125
584 1038 723128
583 1038 723131
580 1038 723134
581 1039 723137
580 1037 723140
581 1036 723143
582 1036 723146
565 1022 723149
578 1038 723152
575 1041 723155
593 1034 723158
570 1038 723161
584 1042 723164
578 1034 723167
574 1039 723170
581 1036 723173
579 1036 723176
578 1040 723179
577 1037 723182
580 1039 723185
579 1019 723188
637 1039 723191
580 1036 723194
589 1037 723197
589 1033 723200
573 1036 723203
583 1037 723206
581 1034 723209
581 1032 723212
580 1037 723215
580 1037 723218
580 1038 723221
579 1037 723224
578 1037 723227
550 1001 723230
580 1038 723233
581 1016 723236
587 1037 723239
588 1035 723242
571 1034 723245
582 1039 723248
585 1037 723251
580 1040 723254
579 1039 723257
577 1035 723260
580 1039 723263
595 1038 723266
578 1124 723269
579 1033 723272
579 1037 723275
570 1024 723278
584 1037 723281
588 1037 723284
577 1034 723287
579 1040 723290
580 1037 723293
579 1038 723296
581 1040 723299
580 1039 723302
581 1036 723305
581 1040 723308
578 1044 723311
579 1032 723314
582 1055 723317
575 1029 723320
584 1036 723323
588 1038 723326
574 1036 723329
580 1041 723332
579 1036 723335
579 1035 723338
578 1038 723341
579 1036 723344
577 1035 723347
577 1037 723350
575 1056 723353
580 1036 723356
584 1056 723359
583 1026 723362
595 1036 723365
582 1040 723368
578 1034 723371
577 1038 723374
578 1037 723377
576 1038 723380
582 1038 723383
584 1039 723386
577 1038 723389
579 1021 723392
633 1036 723395
580 1038 723398
637 1038 723401
590 1039 723404
570 1033 723407
580 1041 723410
581 1036 723413
579 1037 723416
582 1039 723419
577 1038 723422
578 1040 723425
578 1039 723428
579 1040 723431
660 1036 723434
575 1039 723437
579 1022 723440
562 1038 723443
577 1040 723446
575 1031 723449
582 1042 723452
583 1038 723455
579 1040 723458
581 1039 723461
579 1039 723464
578 1037 723467
579 1033 723470
578 1038 723473
581 1029 723476
577 1034 723479
594 1054 723482
570 1028 723485
581 1035 723488
585 1039 723491
578 1036 723494
580 1041 723497
578 1033 723500
579 1038 723503
582 1037 723506
578 1038 723509
580 1037 723512
580 1019 723515
540 1038 723518
575 1035 723521
576 1045 723524
592 1032 723527
574 1044 723530
578 1040 723533
580 1035 723536
579 1038 723539
581 1037 723542
581 1035 723545
581 1038 723548
580 1038 723551
579 1037 723554
594 1032 723557
585 1035 723560
580 1022 723563
607 1042 723566
585 1039 723569
579 1034 723572
581 1038 723575
580 1036 723578
581 1039 723581
583 1039 723584
577 1035 723587
580 1037 723590
580 1040 723593
580 1037 723596
584 1039 723599
579 1029 723602
591 1052 723605
569 1023 723608
587 1043 723611
586 1032 723614
575 1035 723617
578 1037 723620
577 1037 723623
584 1040 723626
580 1036 723629
581 1038 723632
579 1034 723635
581 1020 723638
435 1037 723641
578 1036 723644
571 1042 723647
586 1029 723650
571 1036 723653
584 1043 723656
581 1036 723659
577 1039 723662
580 1040 723665
580 1031 723668
579 1038 723671
580 1042 723674
579 1039 723677
619 1036 723680
580 1039 723683
579 1022 723686
588 1032 723689
580 1047 723692
576 1035 723695
577 1041 723698
586 1036 723701
574 1038 723704
576 1037 723707
578 1037 723710
576 1038 723713
578 1036 723716
580 1035 723719
582 1029 723722
581 1040 723725
579 1048 723728
577 1033 723731
581 1038 723734
585 1038 723737
578 1033 723740
577 1034 723743
579 1039 723746
581 1036 723749
578 1036 723752
578 1037 723755
579 1039 723758
580 1027 723761
591 1036 723764
577 1035 723767
587 1032 723770
583 1038 723773
573 1031 723776
577 1042 723779
583 1036 723782
576 1039 723785
581 1038 723788
580 1037 723791
581 1040 723794
580 1037 723797
579 1037 723800
570 1036 723803
578 1037 723806
576 1047 723809
565 1029 723812
587 1041 723815
582 1036 723818
577 1037 723821
577 1038 723824
582 1037 723827
580 1035 723830
580 1035 723833
578 1036 723836
582 1034 723839
576 1034 723842
569 1057 723845
581 1040 723848
576 1041 723851
591 1033 723854
571 1037 723857
578 1041 723860
581 1034 723863
580 1038 723866
582 1037 723869
578 1037 723872
581 1036 723875
580 1038 723878
583 1037 723881
579 1039 723884
771 1042 723887
583 1039 723890
556 1048 723893
581 1043 723896
581 1026 723899
576 1038 723902
580 1036 723905
573 1034 723908
579 1038 723911
584 1037 723914
576 1035 723917
579 1037 723920
579 1037 723923
579 1049 723926
579 1046 723929
580 1048 723932
589 1027 723935
568 1037 723938
581 1039 723941
582 1036 723944
580 1040 723947
581 1034 723950
578 1038 723953
579 1036 723956
579 1039 723959
581 1036 723962
580 1036 723965
563 1115 723968
576 1037 723971
578 1024 723974
585 1051 723977
578 1030 723980
580 1036 723983
581 1037 723986
582 1035 723989
580 1039 723992
580 1040 723995
580 1036 723999
583 1040 724002
578 1036 724005
581 1130 724008
575 1033 724011
577 1037 724014
569 1080 724017
574 1036 724020
584 1033 724023
577 1033 724026
583 1044 724029
581 1041 724032
580 1041 724034
581 1036 724037
581 1037 724040
578 1036 724043
578 1036 724046
580 1044 724049
590 1038 724052
583 1045 724055
588 1032 724058
608 1037 724061
582 1043 724064
579 1033 724067
579 1038 724070
584 1037 724073
577 1036 724076
580 1037 724079
582 1040 724082
580 1037 724085
582 1038 724088
563 996 724091
582 1037 724094
577 1054 724097
574 1042 724100
579 1031 724103
583 1040 724106
581 1038 724109
577 1036 724112
582 1037 724115
581 1042 724118
582 1038 724121
582 1035 724124
577 1038 724127
578 1044 724130
574 1036 724133
579 1036 724136
576 1023 724139
586 1034 724142
585 1039 724145
577 1036 724148
583 1040 724151
580 1035 724154
577 1035 724157
581 1039 724160
580 1035 724163
579 1039 724166
582 1038 724169
579 1045 724172
588 1035 724175
578 1038 724178
593 1036 724181
571 1040 724184
580 1044 724187
578 1033 724190
577 1038 724193
582 1034 724196
579 1034 724199
581 1039 724202
580 1037 724205
577 1033 724208
580 1039 724211
550 1081 724214
578 1036 724217
583 1048 724220
584 1044 724223
578 1029 724226
580 1037 724229
579 1043 724232
580 1038 724235
581 1039 724238
578 1039 724241
581 1039 724244
579 1037 724247
579 1040 724250
579 1110 724253
579 1029 724256
579 1039 724259
566 1022 724262
585 1038 724265
605 1036 724268
578 1040 724271
581 1039 724274
582 1038 724277
581 1043 724280
579 1036 724283
579 1036 724286
580 1037 724289
580 1035 724292
580 1041 724295
569 1035 724298
580 1050 724301
592 1028 724304
571 1036 724307
579 1042 724310
579 1035 724313
579 1038 724316
581 1035 724319
578 1035 724322
581 1038 724325
582 1037 724328
582 1038 724331
585 1041 724334
567 1100 724337
579 1035 724340
579 1032 724343
584 1043 724346
572 1031 724349
581 1041 724352
585 1036 724355
579 1034 724358
583 1038 724361
579 1034 724364
581 1038 724367
581 1037 724370
577 1041 724373
579 1021 724376
419 1039 724379
580 1039 724382
555 1052 724385
579 1045 724388
582 1030 724391
576 1039 724394
582 1036 724397
580 1036 724400
580 1038 724403
575 1031 724406
582 1037 724409
582 1038 724412
579 1038 724415
578 536 724418
581 1036 724421
579 1018 724424
593 1029 724427
586 1037 724430
572 1035 724433
582 1040 724436
578 1037 724439
579 1036 724442
580 1038 724445
577 1038 724448
578 1037 724451
582 1036 724454
571 994 724457
514 1032 724460
579 1035 724463
567 1031 724466
583 1045 724469
575 1027 724472
579 1042 724475
584 1034 724478
576 1036 724481
579 1039 724484
579 1036 724487
583 1037 724490
580 1037 724493
579 1037 724496
549 1033 724499
580 1042 724502
579 1020 724505
571 1040 724508
582 1034 724511
576 1041 724514
585 1041 724517
581 1036 724520
581 1039 724523
579 1038 724526
579 1035 724529
577 1036 724532
580 1039 724535
577 1016 724538
638 1036 724541
582 1038 724544
604 1029 724547
590 1040 724550
576 1033 724553
582 1042 724556
579 1034 724559
578 1031 724562
579 1038 724565
580 1038 724568
579 1037 724571
580 1038 724574
580 1039 724577
561 1158 724580
577 1034 724583
579 1108 724586
572 1047 724589
584 1027 724592
596 1037 724595
583 1042 724598
580 1036 724601
577 1038 724604
580 1035 724607
582 1039 724610
581 1038 724613
581 1038 724616
579 1007 724619
579 1037 724622
580 1034 724625
559 1039 724628
582 1045 724631
579 1032 724634
578 1037 724637
582 1039 724640
579 1037 724643
581 1036 724646
580 1038 724649
581 1037 724652
580 1035 724655
579 1037 724658
564 416 724661
580 1035 724664
581 1013 724667
582 1031 724670
590 1041 724673
574 1042 724676
584 1041 724679
581 1036 724682
577 1036 724685
581 1040 724688
581 1035 724691
578 1036 724694
582 1036 724697
580 1035 724700
629 1039 724703
578 1037 724706
558 1044 724709
579 1045 724712
584 1027 724715
575 1038 724718
581 1037 724721
577 1035 724724
580 1039 724727
581 1038 724730
580 1037 724733
579 1036 724736
579 1039 724739
598 1032 724742
578 1037 724745
579 1026 724748
562 1043 724751
575 1042 724754
578 1031 724757
578 1041 724760
584 1037 724763
577 1042 724766
577 1036 724769
580 1034 724772
578 1036 724775
578 1039 724778
581 1040 724781
589 1033 724784
580 1036 724787
599 1032 724790
566 1052 724793
579 1042 724796
583 1033 724799
576 1037 724802
578 1036 724805
574 1036 724808
582 1039 724811
580 1037 724814
580 1037 724817
580 1039 724820
578 1038 724823
604 1035 724826
572 1034 724829
595 1035 724832
566 1034 724835
581 1041 724838
582 1034 724841
579 1038 724844
579 1038 724847
578 1037 724850
581 1037 724853
578 1036 724856
578 1037 724859
581 1036 724862
547 1142 724865
579 1038 724868
578 1045 724871
586 1047 724874
580 1032 724877
583 1038 724880
581 1036 724883
574 1035 724886
580 1039 724889
578 1033 724892
577 1040 724895
581 1039 724898
581 1038 724901
578 1038 724904
584 1042 724907
581 1040 724910
593 1024 724913
570 1034 724916
577 1041 724919
576 1033 724922
577 1038 724925
584 1038 724928
579 1018 724931
579 1038 724934
581 1035 724937
580 1042 724940
581 1037 724943
580 999 724946
665 1036 724949
582 1038 724952
589 1029 724955
589 1033 724958
573 1037 724961
581 1040 724964
577 1031 724967
577 1039 724970
581 1039 724973
577 1037 724976
577 1039 724979
583 1037 724982
581 1038 724985
578 1024 724988
575 1033 724991
580 1033 724994
595 1042 724999
587 1031 725002
584 1038 725005
577 1033 725008
583 1043 725011
577 1037 725014
580 1038 725017
580 1037 725020
578 1035 725023
579 1037 725026
581 1036 725029
605 1042 725032
582 1038 725035
593 1043 725038
571 1028 725041
577 1047 725044
578 1041 725047
573 1031 725049
582 1037 725052
581 1040 725055
583 1035 725058
584 1036 725061
578 1039 725064
582 1038 725067
580 1033 725070
606 1022 725073
580 1036 725076
580 1035 725080
572 1047 725082
583 1030 725085
582 1036 725088
581 1034 725091
581 1035 725094
578 1038 725097
579 1035 725100
576 1035 725103
581 1035 725106
580 1035 725109
580 1039 725113
649 1021 725115
578 1042 725118
562 1038 725121
583 1044 725124
576 1042 725127
579 1032 725130
580 1038 725133
578 1036 725136
580 1036 725139
579 1037 725142
580 1037 725146
578 1034 725148
581 1035 725151
581 1039 725154
573 1036 725157
575 1054 725160
598 1037 725163
565 1044 725166
578 1021 725169
581 1044 725172
579 1038 725175
581 1036 725179
579 1036 725181
581 1035 725184
579 1036 725187
579 1036 725190
580 1037 725193
581 1039 725196
581 1038 725199
566 1047 725202
579 1040 725205
544 1023 725208
592 1028 725212
580 1049 725214
575 1029 725217
585 1042 725220
577 1037 725223
583 1036 725226
581 1043 725229
578 1036 725232
579 1036 725235
576 1028 725238
581 1040 725241
577 1001 725245
583 1016 725247
541 1037 725250
600 1026 725253
584 1054 725256
571 1043 725259
583 1039 725262
576 1036 725265
577 1030 725268
578 1035 725271
581 1040 725274
579 1040 725278
582 1035 725280
581 1037 725283
581 1039 725286
557 1034 725289
577 1045 725292
555 999 725295
598 1048 725298
575 1039 725301
581 1027 725304
584 1042 725307
577 1036 725311
574 1034 725313
580 1038 725316
579 1038 725319
580 1037 725322
579 1037 725325
580 1038 725328
589 1035 725331
570 1050 725334
598 1038 725337
553 1011 725340
592 1036 725344
578 1042 725346
576 1032 725349
582 1042 725352
581 1035 725355
581 1038 725358
578 1037 725361
579 1036 725364
580 1037 725367
579 1037 725370
576 1040 725373
435 983 725377
575 1042 725379
603 1039 725382
584 1071 725385
570 1025 725388
585 1039 725391
576 1039 725394
581 1033 725397
579 1038 725400
581 1037 725403
580 1037 725406
581 1040 725410
579 1034 725412
581 1037 725415
580 1038 725418
594 1052 725421
580 1029 725424
548 1039 725427
585 1015 725430
587 1050 725433
575 1031 725436
582 1037 725439
582 1041 725443
580 1031 725445
580 1034 725448
579 1037 725451
580 1036 725454
580 1038 725457
578 1037 725460
698 1034 725463
585 1056 725466
575 1042 725469
602 1013 725472
582 1060 725476
568 1023 725478
583 1036 725481
580 1038 725484
582 1035 725487
582 1041 725490
578 1037 725493
580 1037 725496
581 1036 725499
579 1035 725502
578 1038 725505
543 1038 725509
570 1088 725511
592 1033 725514
577 1081 725517
570 1019 725520
585 1042 725523
575 1043 725526
580 1032 725529
582 1039 725532
579 1034 725535
582 1038 725538
580 1038 725542
581 1035 725544
581 1037 725547
580 1041 725550
579 1038 725553
573 1060 725556
599 1040 725559
551 1015 725562
589 1033 725565
577 1046 725568
578 1032 725571
582 1040 725575
578 1035 725577
579 1037 725580
581 1041 725583
579 1026 725586
580 1036 725589
575 1038 725592
604 1035 725595
589 1035 725598
585 1019 725601
552 1039 725604
583 1006 725608
587 1053 725610
569 1032 725613
584 1033 725616
578 1040 725619
578 1033 725622
579 1038 725625
578 1034 725628
577 1036 725631
581 1035 725634
580 1035 725637
581 1038 725641
563 1124 725643
585 1038 725646
556 1034 725649
603 1060 725652
568 1037 725655
580 1029 725658
583 1042 725661
579 1035 725664
580 1034 725667
582 1040 725670
582 1036 725674
582 1035 725676
580 1037 725679
579 1039 725682
583 1037 725685
588 1012 725688
576 1039 725691
625 1039 725694
565 1048 725697
575 1019 725700
586 1046 725703
576 1036 725707
582 1033 725709
580 1039 725712
579 1039 725715
579 1037 725718
579 1034 725721
580 1038 725724
581 1033 725727
581 1033 725730
621 1026 725733
581 1028 725736
592 1067 725740
564 1009 725742
591 1040 725745
576 1046 725748
578 1028 725751
582 1037 725754
578 1036 725757
580 1034 725760
579 1037 725763
579 1034 725766
581 1038 725769
578 1036 725773
579 1034 725775
594 1038 725778
573 1048 725781
595 1036 725784
556 1004 725787
597 1040 725790
575 1045 725793
580 1029 725796
581 1038 725799
577 1034 725802
579 1038 725806
579 1036 725808
579 1037 725811
580 1041 725814
580 1036 725817
577 1037 725820
581 1039 725823
555 1048 725826
579 1040 725829
545 1006 725832
596 1039 725835
577 1046 725839
575 1025 725841
584 1045 725844
578 1037 725847
580 1036 725850
579 1039 725853
578 1036 725856
581 1034 725859
583 1037 725862
578 1037 725865
582 1037 725868
655 1043 725872
583 1045 725874
559 1032 725877
603 1062 725880
570 1037 725883
581 1031 725886
578 1041 725889
577 1034 725892
580 1035 725895
577 1039 725898
580 1035 725901
582 1039 725905
578 1032 725907
581 1037 725910
578 1039 725913
566 1036 725916
569 1073 725919
587 1038 725922
571 1073 725925
571 1014 725928
587 1043 725931
577 1039 725934
583 1036 725938
580 1034 725940
581 1037 725943
585 1042 725946
581 1037 725949
578 1037 725952
577 1037 725955
581 1039 725958
598 1035 725961
563 1029 725964
574 1048 725967
571 993 725971
595 1056 725973
571 1037 725976
582 1032 725979
583 1042 725982
579 1032 725985
577 1037 725988
578 1039 725991
578 1032 725994
582 1039 725999
579 1032 726002
580 1039 726005
582 1044 726008
601 1032 726011
584 1066 726014
575 1010 726017
566 1042 726020
591 1037 726023
576 1035 726026
579 1039 726029
581 1035 726032
580 1036 726035
583 1040 726038
579 1036 726041
579 1039 726044
580 1035 726047
578 1037 726050
578 1017 726053
655 1025 726056
580 1049 726059
621 1035 726062
559 1027 726065
584 1047 726068
584 1038 726071
575 1038 726074
580 1039 726077
580 1035 726080
577 1035 726083
578 1035 726086
580 1038 726089
578 1037 726092
581 1038 726095
580 1014 726098
634 1029 726101
580 1039 726104
622 1050 726107
568 1022 726110
577 1043 726113
586 1037 726116
575 1035 726119
582 1031 726122
581 1037 726125
579 1037 726128
577 1037 726131
577 1034 726134
580 1037 726137
579 1039 726140
579 1003 726143
644 1032 726146
577 1040 726149
618 1055 726152
569 1014 726155
573 1044 726158
589 1038 726161
575 1035 726164
581 1041 726167
587 1038 726170
581 1038 726173
572 1035 726176
579 1035 726179
578 1034 726182
580 1037 726185
578 1023 726188
673 1029 726191
580 1044 726194
619 1044 726197
564 1025 726200
578 1045 726203
583 1035 726206
571 1035 726209
581 1037 726212
580 1036 726215
581 1039 726218
580 1034 726221
580 1037 726224
583 1039 726227
579 1037 726230
578 1042 726233
596 1027 726236
583 1067 726239
589 1010 726242
563 1037 726245
593 1043 726248
565 1031 726251
577 1037 726254
580 1038 726257
580 1035 726260
578 1035 726263
580 1036 726266
581 1037 726269
578 1037 726272
577 1037 726275
579 1041 726278
559 1048 726281
576 1016 726284
543 1033 726287
596 1050 726290
580 1029 726293
573 1037 726296
583 1038 726299
579 1039 726302
581 1040 726305
580 1039 726308
580 1039 726311
580 1038 726314
578 1036 726317
577 1035 726320
560 960 726323
594 1035 726326
577 1015 726329
604 1063 726332
582 1024 726335
573 1041 726338
586 1038 726341
577 1036 726344
579 1037 726347
580 1035 726350
578 1038 726353
582 1036 726356
579 1039 726359
579 1035 726362
581 1037 726365
570 1064 726368
566 1042 726371
593 1073 726374
570 1016 726377
575 1044 726380
589 1038 726383
578 1030 726386
580 1038 726389
585 1036 726392
579 1034 726395
581 1039 726398
581 1040 726401
578 1036 726404
576 1038 726407
580 1042 726410
579 1006 726413
587 1035 726416
561 1000 726419
576 1051 726422
592 1037 726425
572 1035 726428
582 1041 726431
578 1034 726434
576 1038 726437
584 1039 726440
579 1035 726443
580 1035 726446
579 1037 726449
576 1037 726452
579 1029 726455
386 1050 726458
576 1039 726461
554 1059 726464
601 1044 726467
568 1030 726470
579 1043 726473
582 1034 726476
574 1033 726479
581 1039 726482
577 1034 726485
580 1041 726488
579 1038 726491
579 1039 726494
580 1039 726497
583 1006 726500
593 1037 726503
577 1039 726506
608 1065 726509
573 1021 726512
572 1047 726515
586 1038 726518
579 1036 726521
581 1041 726524
579 1038 726527
581 1036 726530
576 1036 726533
579 1037 726536
579 1036 726539
578 1037 726542
577 1029 726545
626 1028 726548
581 1049 726551
613 1025 726554
560 1032 726557
587 1047 726560
581 1033 726563
574 1036 726566
580 1036 726569
577 1039 726572
581 1038 726575
579 1033 726578
584 1038 726581
579 1036 726584
577 1035 726587
580 1048 726590
593 1032 726593
584 1064 726596
577 1006 726599
566 1046 726602
592 1041 726605
574 1032 726608
577 1039 726611
581 1038 726614
575 1036 726617
581 1035 726620
580 1036 726623
580 1037 726626
579 1038 726629
575 1037 726632
581 1052 726635
577 1034 726638
581 1047 726641
558 1021 726644
577 1052 726647
586 1034 726650
575 1035 726653
585 1041 726656
578 1037 726659
581 1035 726662
577 1038 726665
578 1036 726668
579 1037 726671
580 1038 726674
576 1033 726677
580 1047 726680
580 1030 726683
579 1052 726686
572 1043 726689
577 1037 726692
578 1038 726695
577 1032 726698
579 1038 726701
581 1038 726704
580 1038 726707
578 1036 726710
580 1039 726713
578 1037 726716
580 1035 726719
578 1036 726722
578 1047 726725
590 1036 726728
580 1046 726731
581 1041 726734
578 1037 726737
581 1039 726740
579 1036 726743
579 1037 726746
580 1035 726749
578 1036 726752
577 1041 726755
579 1036 726758
581 1036 726761
581 1038 726764
581 1038 726767
579 1025 726770
590 1037 726773
577 1034 726776
581 1039 726779
580 1035 726782
579 1038 726785
578 1037 726788
579 1033 726791
582 1038 726794
580 1034 726797
580 1036 726800
580 1036 726803
580 1036 726806
578 1034 726809
580 1037 726812
577 1009 726815
553 1034 726818
578 1041 726821
580 1038 726824
581 1039 726827
575 1035 726830
579 1037 726833
579 1038 726836
581 1037 726839
577 1033 726842
578 1038 726845
577 1037 726848
579 1035 726851
581 1041 726854
582 1040 726857
582 1043 726860
984 1031 726863
576 1037 726866
577 1034 726869
579 1037 726872
581 1037 726875
582 1040 726878
579 1034 726881
578 1034 726884
576 1038 726887
580 1036 726890
582 1037 726893
575 1037 726896
578 1036 726899
579 1037 726902
579 1039 726905
580 1039 726908
582 1037 726911
581 1038 726914
579 1033 726917
580 1038 726920
581 1037 726923
580 1039 726926
580 1037 726929
578 1044 726932
578 1038 726935
579 1028 726938
578 1034 726941
581 1039 726944
577 1038 726947
580 1034 726950
578 1063 726953
581 1040 726956
578 1038 726959
581 1037 726962
580 1035 726965
579 1039 726968
580 1037 726971
579 1036 726974
583 1037 726977
580 1036 726980
580 1033 726983
579 1038 726986
581 1039 726989
578 1036 726992
576 1034 726995
703 1037 726999
582 1037 727002
579 1042 727005
579 1038 727008
580 1041 727011
580 1036 727014
579 1034 727017
574 1038 727020
579 1034 727023
579 1035 727026
578 1038 727029
578 1036 727032
579 1036 727035
580 1037 727038
579 1041 727041
582 1027 727043
662 1039 727046
582 1038 727049
575 1040 727052
580 1034 727055
579 1038 727058
579 1037 727061
581 1035 727064
579 1040 727067
580 1036 727070
580 1034 727073
577 1038 727076
577 1037 727079
579 1036 727082
578 1035 727085
580 1036 727088
574 1023 727091
582 1038 727094
580 1040 727097
583 1038 727100
579 1033 727103
580 1035 727106
579 1040 727109
581 1040 727112
576 1038 727115
580 1035 727118
577 1038 727121
580 1038 727124
580 1036 727127
578 1038 727130
582 1037 727133
579 1035 727136
578 1038 727139
578 1041 727142
581 1037 727145
579 1037 727148
580 1035 727151
579 1035 727154
580 1040 727157
579 1039 727160
576 1037 727163
578 1036 727166
579 1036 727169
579 1036 727172
578 1037 727175
582 1038 727178
580 1030 727181
579 1041 727184
579 1035 727187
586 1038 727190
577 1035 727193
579 1036 727196
581 1036 727199
578 1038 727202
580 1035 727205
581 1039 727208
580 1041 727211
583 1038 727214
578 1032 727217
579 1039 727220
579 1038 727223
580 1033 727226
578 1034 727229
588 1038 727232
578 1039 727235
582 1031 727238
576 1037 727241
579 1037 727244
580 1036 727247
577 1037 727250
601 1037 727253
577 1039 727256
578 1036 727259
577 1037 727262
580 1039 727265
579 1034 727268
578 1036 727271
577 1037 727274
575 1020 727277
581 1039 727280
581 1039 727283
583 1034 727286
578 1038 727289
579 1035 727292
578 1035 727295
583 1035 727298
579 1038 727301
582 1036 727304
580 1036 727307
579 1037 727310
581 1038 727313
578 1033 727316
579 1038 727319
578 1057 727322
548 1040 727325
577 1030 727328
581 1039 727331
582 1036 727334
579 1035 727337
580 1040 727340
583 1038 727343
580 1033 727346
582 1038 727349
581 1037 727352
582 1038 727355
582 1038 727358
578 1036 727361
582 1040 727364
581 1035 727367
542 1035 727370
581 1037 727373
578 1035 727376
580 1041 727379
579 1036 727382
577 1035 727385
580 1037 727388
578 1038 727391
577 1039 727394
582 1035 727397
577 1035 727400
578 1036 727403
577 1033 727406
578 1035 727409
580 1038 727412
579 1313 727415
580 1035 727418
580 1037 727421
577 1035 727424
574 1034 727427
579 1036 727430
579 1035 727433
578 1038 727436
576 1038 727439
580 1038 727442
577 1037 727445
579 1036 727448
578 1037 727451
578 1038 727454
582 1036 727457
578 1035 727460
590 1038 727463
586 1037 727466
582 1040 727469
577 1037 727472
577 1040 727475
581 1037 727478
575 1034 727481
576 1037 727484
580 1039 727487
578 1037 727490
578 1038 727493
578 1036 727496
578 1038 727499
580 1036 727502
576 1038 727505
580 1036 727508
577 1029 727511
578 1036 727514
579 1039 727517
577 1035 727520
580 1040 727523
576 1036 727526
579 1037 727529
577 1037 727532
578 1036 727535
577 1040 727538
581 1036 727541
580 1038 727544
578 1037 727547
578 1038 727550
579 1037 727553
580 1033 727556
536 1036 727559
579 1038 727562
579 1039 727565
576 1039 727568
573 1036 727571
578 1037 727574
579 1039 727577
573 1034 727580
579 1039 727583
580 1037 727586
579 1023 727589
577 1034 727592
580 1039 727595
580 1037 727598
580 1034 727601
581 1054 727604
580 1039 727607
577 1038 727610
580 1036 727613
578 1037 727616
579 1037 727619
580 1036 727622
576 1036 727625
578 1036 727628
575 1037 727631
579 1037 727634
580 1039 727637
580 1038 727640
581 1038 727643
577 1036 727646
578 1027 727649
575 1037 727652
580 1032 727655
580 1039 727658
579 1035 727661
577 1036 727664
577 1037 727667
577 1037 727670
579 1039 727673
579 1039 727676
577 1036 727679
578 1036 727682
577 1036 727685
579 1040 727688
577 1036 727691
580 1037 727694
575 1070 727697
577 1035 727700
581 1040 727703
580 1038 727706
580 1037 727709
579 1038 727712
580 1036 727715
579 1039 727718
579 1038 727721
570 1036 727724
579 1037 727727
577 1034 727730
577 1036 727733
578 1039 727736
579 1038 727739
578 1036 727742
579 1038 727745
577 1043 727748
579 1037 727751
577 1038 727754
576 1041 727757
579 1037 727760
577 1035 727763
579 1037 727766
577 1042 727769
580 1036 727772
580 1037 727775
578 1038 727778
576 1036 727781
579 1037 727784
578 1015 727787
1466 1039 727790
581 1036 727793
578 1034 727796
578 1037 727799
581 1038 727802
579 1038 727805
579 1038 727808
576 1034 727811
577 1036 727814
576 1038 727817
581 1037 727820
576 1037 727823
580 1038 727826
577 1034 727829
579 1034 727832
579 1045 727835
580 1038 727838
577 1041 727841
581 1038 727844
578 1036 727847
579 1038 727850
581 1036 727853
570 1036 727856
580 1039 727859
577 1036 727862
577 1036 727865
579 1039 727868
579 1037 727871
578 1039 727874
577 1037 727877
574 1062 727880
572 1038 727883
581 1036 727886
575 1036 727889
582 1039 727892
578 1032 727895
580 1034 727898
579 1039 727901
577 1037 727904
574 1037 727907
576 1038 727910
577 1037 727913
578 1046 727916
583 1039 727919
578 1037 727922
580 1036 727925
790 795 713522
792 795 713525
793 796 713528
792 795 713531
791 794 713534
833 927 713537
794 798 713540
792 781 713543
785 806 713546
796 792 713549
786 795 713552
795 801 713555
789 797 713558
785 795 713561
788 792 713564
788 793 713567
791 798 713570
791 798 713573
791 796 713576
790 800 713579
741 796 713582
789 798 713585
804 806 713588
782 792 713591
785 796 713594
796 796 713597
789 793 713600
792 800 713603
793 796 713606
794 793 713609
792 796 713612
788 794 713615
791 799 713618
794 796 713621
789 796 713624
790 797 713627
811 797 713630
792 785 713633
789 801 713636
796 796 713639
786 794 713642
792 812 713645
791 795 713648
787 797 713651
792 795 713654
786 791 713657
794 798 713660
790 794 713663
791 794 713666
794 796 713669
789 785 713672
782 782 713675
789 805 713678
790 796 713681
787 794 713684
793 797 713687
789 798 713690
792 797 713693
789 797 713696
791 795 713699
789 796 713702
789 796 713705
793 935 713708
790 795 713711
794 793 713714
789 780 713717
788 808 713720
796 792 713723
786 793 713726
791 795 713729
792 794 713732
791 800 713735
792 795 713738
793 796 713741
793 795 713744
788 796 713747
792 797 713750
611 795 713753
786 796 713756
792 795 713759
774 791 713762
800 801 713765
789 791 713768
796 800 713771
795 794 713774
790 794 713777
792 797 713780
791 797 713783
791 797 713786
787 797 713789
790 795 713792
790 693 713795
793 788 713798
790 798 713801
793 789 713804
783 803 713807
796 794 713810
787 795 713813
790 797 713816
790 798 713819
786 795 713822
792 798 713825
793 794 713828
789 796 713831
792 797 713834
790 795 713837
792 799 713840
793 795 713843
782 798 713846
789 787 713849
792 807 713852
793 792 713855
790 799 713858
791 797 713861
790 795 713864
790 791 713867
790 798 713870
788 798 713873
790 795 713876
795 798 713879
792 796 713882
792 804 713885
786 792 713888
788 806 713891
781 793 713894
800 808 713897
790 794 713900
790 799 713903
794 797 713906
790 793 713909
791 797 713912
790 796 713915
792 795 713918
785 793 713921
791 798 713924
792 795 713927
801 793 713930
792 816 713933
778 803 713936
784 795 713939
794 801 713942
791 792 713945
788 799 713948
795 798 713951
787 795 713954
793 795 713957
794 795 713960
794 796 713963
790 795 713966
791 797 713969
791 805 713972
786 796 713975
794 819 713978
788 799 713981
785 795 713984
792 796 713987
790 794 713990
791 798 713993
793 794 713996
787 796 714000
790 798 714003
792 796 714006
791 797 714009
793 796 714012
793 795 714015
787 795 714018
791 794 714021
796 817 714024
780 798 714027
787 794 714030
791 799 714033
789 793 714036
788 798 714039
787 797 714042
789 799 714045
796 795 714048
788 798 714051
791 797 714053
787 795 714056
750 956 714059
788 793 714062
791 781 714065
798 812 714068
795 794 714071
788 795 714074
794 798 714077
788 793 714080
788 798 714083
793 797 714086
791 794 714089
790 796 714092
789 794 714095
795 798 714098
790 814 714101
803 794 714104
792 796 714107
776 785 714110
805 808 714113
789 792 714116
791 797 714119
792 795 714122
787 795 714125
790 794 714128
791 796 714131
790 796 714134
792 796 714137
792 795 714140
791 798 714143
757 800 714146
787 796 714149
790 795 714152
775 799 714155
804 801 714158
786 794 714161
792 800 714164
787 791 714167
786 793 714170
793 798 714173
792 800 714176
792 797 714179
793 796 714182
792 799 714185
786 798 714188
793 791 714191
788 794 714194
797 792 714197
780 801 714200
799 797 714203
789 796 714206
788 799 714209
794 794 714212
796 797 714215
789 797 714218
792 793 714221
790 795 714224
791 797 714227
787 795 714230
793 797 714233
801 794 714236
789 790 714239
784 785 714242
782 805 714245
798 795 714248
786 795 714251
794 798 714254
792 793 714257
791 793 714260
793 795 714263
794 796 714266
793 796 714269
789 794 714272
789 792 714275
792 802 714278
785 794 714281
782 806 714284
787 790 714287
796 806 714290
786 790 714293
788 797 714296
790 794 714299
791 796 714302
792 799 714305
789 795 714308
805 798 714311
791 793 714314
791 796 714317
788 798 714320
795 792 714323
790 783 714326
798 793 714329
782 805 714332
794 796 714335
787 795 714338
794 798 714341
793 794 714344
794 795 714347
790 797 714350
790 793 714353
794 798 714356
788 797 714359
789 795 714362
790 802 714365
792 796 714368
792 801 714371
780 798 714374
797 798 714377
786 791 714380
788 797 714383
792 797 714386
790 799 714389
789 796 714392
789 796 714395
790 800 714398
792 796 714401
790 794 714404
879 795 714407
785 799 714410
788 798 714413
778 791 714416
802 808 714419
790 797 714422
784 795 714425
793 797 714428
788 795 714431
786 798 714434
789 797 714437
791 797 714440
791 796 714443
789 794 714446
790 823 714449
1075 797 714452
787 796 714455
770 787 714458
805 805 714461
784 789 714464
790 796 714467
791 800 714470
791 798 714473
786 797 714476
788 795 714479
790 795 714482
789 796 714485
793 798 714488
790 795 714491
787 816 714494
785 795 714497
783 791 714500
806 808 714503
787 788 714506
789 805 714509
792 795 714512
787 794 714515
790 797 714518
789 797 714521
789 796 714524
793 796 714527
787 794 714530
789 796 714533
790 795 714536
789 794 714539
790 805 714542
806 786 714545
786 788 714548
789 803 714551
793 801 714554
788 793 714557
789 793 714560
788 794 714563
790 795 714566
792 798 714569
791 797 714572
794 795 714575
789 794 714578
790 801 714581
790 795 714584
786 799 714587
784 789 714590
799 804 714593
788 788 714596
789 798 714599
795 799 714602
789 793 714605
793 795 714608
791 796 714611
791 797 714614
787 793 714617
788 795 714620
821 977 714623
789 798 714626
786 780 714629
788 808 714632
797 794 714635
796 794 714638
796 801 714641
786 794 714644
788 795 714647
788 795 714650
790 796 714653
788 797 714656
792 797 714659
792 796 714662
786 795 714665
819 793 714668
789 798 714671
808 807 714674
785 790 714677
786 799 714680
792 799 714683
788 795 714686
790 795 714689
791 799 714692
789 795 714695
792 795 714698
791 797 714701
794 798 714704
788 797 714707
789 791 714710
788 797 714713
790 785 714716
780 799 714719
798 801 714722
788 791 714725
784 796 714728
794 797 714731
789 796 714734
792 796 714737
792 797 714740
787 795 714743
791 794 714746
790 795 714749
770 927 714752
788 797 714755
789 775 714758
795 811 714761
792 791 714764
786 797 714767
795 798 714770
791 797 714773
792 796 714776
792 796 714779
789 799 714782
787 797 714785
791 794 714788
786 796 714791
790 797 714794
791 795 714797
788 806 714800
808 775 714803
783 788 714806
790 799 714809
793 798 714812
787 795 714815
791 797 714818
789 794 714821
791 797 714824
792 797 714827
791 794 714830
788 796 714833
789 796 714836
791 798 714839
791 796 714842
794 801 714845
769 796 714848
803 801 714851
783 792 714854
791 800 714857
792 793 714860
788 794 714863
789 798 714866
790 796 714869
791 796 714872
785 794 714875
789 796 714878
789 738 714881
794 799 714884
789 780 714887
797 809 714890
791 790 714893
781 795 714896
792 799 714899
790 795 714902
792 797 714905
792 795 714908
790 796 714911
790 796 714914
787 797 714917
788 791 714920
789 798 714923
809 794 714926
791 794 714929
809 811 714932
788 791 714935
782 800 714938
795 794 714941
786 796 714944
791 798 714947
787 793 714950
789 796 714953
794 799 714956
786 795 714959
793 795 714962
792 754 714965
793 795 714968
792 790 714971
779 797 714974
799 805 714977
789 792 714980
788 796 714983
790 798 714986
791 796 714989
787 794 714992
791 796 714995
789 799 714999
792 797 715002
788 796 715005
790 796 715008
792 801 715011
786 798 715014
806 812 715017
780 794 715020
783 796 715023
794 796 715026
789 794 715029
791 797 715032
791 791 715035
790 794 715038
790 794 715041
788 795 715043
790 795 715046
789 794 715049
786 776 715052
793 798 715055
788 785 715058
784 807 715061
797 793 715064
784 795 715067
792 799 715070
793 792 715073
791 794 715076
792 796 715079
792 795 715082
789 794 715085
792 798 715088
790 796 715091
792 793 715094
818 791 715097
791 813 715100
802 790 715103
789 791 715106
790 801 715109
793 793 715112
787 794 715115
791 797 715118
788 796 715121
789 796 715124
792 799 715127
791 794 715130
789 797 715133
789 751 715136
788 790 715139
791 794 715142
772 789 715145
789 808 715148
795 794 715151
783 794 715154
793 791 715157
789 797 715160
787 794 715163
789 795 715166
790 798 715169
791 797 715172
789 794 715175
791 798 715178
772 820 715181
792 801 715184
792 807 715187
816 801 715190
773 785 715193
788 800 715196
793 796 715199
793 797 715202
790 798 715205
788 797 715208
789 798 715211
791 796 715214
790 796 715217
790 796 715220
791 785 715223
816 786 715226
789 820 715229
812 779 715232
774 794 715235
800 803 715238
787 794 715241
790 798 715244
790 789 715247
791 797 715250
789 797 715253
790 797 715256
792 796 715259
788 798 715262
791 795 715265
794 788 715268
792 796 715271
781 765 715274
776 800 715277
803 797 715280
785 791 715283
790 801 715286
792 795 715289
790 796 715292
791 793 715295
791 799 715298
792 799 715301
789 792 715304
788 794 715307
899 793 715310
783 807 715313
789 756 715316
785 818 715319
806 795 715322
781 787 715325
790 800 715328
792 794 715331
785 795 715334
793 797 715337
793 800 715340
803 804 715343
803 804 715346
802 802 715349
792 798 715352
663 868 715355
713 900 715358
672 940 715361
699 915 715364
666 909 715367
684 918 715370
677 909 715373
681 910 715376
676 911 715379
681 912 715382
682 912 715385
681 914 715388
681 914 715391
679 912 715394
641 958 715397
677 911 715400
684 942 715403
702 909 715406
666 903 715409
682 919 715412
682 909 715415
677 910 715418
681 914 715421
679 913 715424
679 914 715427
680 913 715430
675 912 715433
680 910 715436
678 885 715439
727 909 715442
677 919 715445
713 927 715448
671 899 715451
676 919 715454
688 914 715457
676 909 715460
679 921 715463
678 910 715466
680 912 715469
676 914 715472
679 914 715475
677 909 715478
680 916 715481
669 956 715484
680 911 715487
681 930 715490
703 919 715493
670 901 715496
678 918 715499
686 915 715502
676 911 715505
681 913 715508
680 910 715511
679 912 719919
674 910 719922
681 912 719925
682 911 719928
677 911 719931
684 913 719934
678 912 719937
681 909 719940
679 907 719942
680 853 719945
681 913 719948
678 912 719951
680 911 719954
681 913 719957
680 912 719960
678 911 719963
680 913 719966
679 913 719969
683 910 719972
679 910 719975
683 909 719978
682 911 719981
679 912 719984
680 927 719987
877 909 719990
680 913 719993
675 909 719996
680 913 720000
684 915 720003
678 910 720006
682 912 720009
681 910 720012
680 912 720015
682 911 720018
678 911 720021
684 914 720024
681 909 720027
679 906 720030
645 911 720033
680 905 720036
685 914 720039
686 912 720042
677 915 720045
680 913 720047
679 913 720050
681 913 720053
681 912 720056
685 909 720059
682 914 720062
675 908 720065
680 909 720068
679 914 720071
679 914 720074
681 914 720077
682 912 720080
678 911 720083
680 907 720086
680 910 720089
680 913 720092
681 912 720095
683 913 720098
680 908 720101
679 913 720104
680 913 720107
680 911 720110
679 904 720113
679 916 720116
679 909 720119
681 914 720122
681 912 720125
679 914 720128
680 912 720131
677 911 720134
683 914 720137
678 910 720140
680 913 720143
679 915 720146
679 913 720149
681 1188 720152
680 916 720155
681 914 720158
682 914 720161
677 910 720164
677 913 720167
680 911 720170
680 915 720173
680 913 720176
678 916 720179
680 915 720182
680 913 720185
677 915 720188
679 910 720191
677 913 720194
698 912 720197
675 902 720200
679 915 720203
681 913 720206
679 911 720209
679 914 720212
681 913 720215
677 912 720218
679 907 720221
678 912 720224
680 909 720227
681 910 720230
675 913 720233
666 641 720236
679 912 720239
683 909 720242
676 914 720245
682 914 720248
681 911 720251
677 913 720254
680 913 720257
