2375 41 6084269
2376 31 6084272
2378 35 6084275
2375 29 6084278
2374 34 6084281
2376 33 6084284
2372 29 6084287
2376 31 6084290
2377 30 6084293
2374 33 6084296
2377 32 6084299
2376 29 6084302
2377 33 6084305
2378 30 6084308
2374 35 6084311
2374 32 6084314
2377 34 6084317
2376 29 6084320
2375 30 6084323
2376 31 6084326
2376 32 6084329
2376 32 6084332
2377 31 6084335
2377 32 6084338
2377 28 6084341
2374 28 6084344
2377 32 6084347
2379 30 6084350
2373 61 6084353
2376 30 6084356
2374 32 6084359
2380 30 6084362
2375 31 6084365
2376 31 6084368
2376 28 6084371
2372 31 6084374
2376 29 6084377
2376 29 6084380
2378 30 6084383
2373 29 6084386
2375 32 6084389
2377 31 6084392
2380 116 6084395
2374 33 6084398
2377 29 6084401
2375 29 6084404
2375 30 6084407
2374 28 6084410
2375 31 6084413
2377 31 6084416
2373 32 6084419
2375 29 6084422
2376 30 6084425
2376 34 6084428
2377 32 6084431
2377 29 6084434
2257 33 6084437
2371 32 6084440
2375 33 6084443
2376 29 6084446
2375 33 6084449
2375 29 6084452
2376 29 6084455
2377 32 6084458
2376 33 6084461
2375 29 6084464
2376 32 6084467
2377 31 6084470
2375 30 6084473
2376 27 6084476
2374 39 6084479
2358 30 6084482
2376 24 6084485
2378 34 6084488
2379 31 6084491
2374 31 6084494
2376 33 6084497
2375 29 6084500
2376 31 6084503
2375 29 6084506
2374 31 6084509
2378 32 6084512
2377 30 6084515
2371 30 6084518
2375 76 6084521
1466 27 6084524
2373 31 6084527
2376 28 6084530
2377 31 6084533
2375 30 6084536
2372 29 6084539
2375 29 6084542
2376 29 6084545
2377 32 6084548
2370 32 6084551
2377 31 6084554
2377 28 6084557
2376 30 6084560
2377 31 6084563
2374 17 6084566
2376 29 6084569
2377 33 6084572
2377 27 6084575
2373 32 6084578
2377 31 6084581
2374 31 6084584
2376 31 6084587
2376 29 6084590
2375 31 6084593
2374 31 6084596
2377 27 6084599
2374 31 6084602
2377 29 6084605
2356 0 6084608
2377 30 6084611
2376 28 6084614
2370 29 6084617
2378 31 6084620
2377 27 6084623
2375 31 6084626
2375 28 6084629
2376 29 6084632
2377 30 6084635
2376 29 6084638
2378 32 6084641
2376 30 6084644
2375 29 6084647
2373 27 6084650
2362 30 6084653
2375 32 6084656
2380 31 6084659
2374 28 6084662
2376 29 6084665
2376 29 6084668
2375 30 6084671
2377 29 6084674
2377 29 6084677
2377 31 6084680
2374 30 6084683
2377 31 6084686
2377 28 6084689
2376 10 6084692
2350 28 6084695
2379 28 6084698
2372 31 6084701
2376 31 6084704
2375 26 6084707
2373 30 6084710
2378 32 6084713
2375 32 6084716
2377 28 6084719
2375 31 6084722
2376 31 6084725
2378 29 6084728
2377 30 6084731
2374 32 6084734
2373 35 6084737
2374 28 6084740
2380 31 6084743
2374 29 6084746
2373 26 6084749
2376 29 6084752
2377 31 6084755
2375 31 6084758
2377 31 6084761
2377 28 6084764
2375 31 6084767
2375 32 6084770
2376 31 6084773
2376 32 6084776
2384 0 6084779
2374 28 6084782
2371 33 6084785
2378 30 6084788
2374 31 6084791
2374 32 6084794
2377 31 6084797
2374 30 6084800
2375 31 6084803
2376 29 6084806
2377 30 6084809
2376 31 6084812
2371 32 6084815
2376 30 6084818
2292 199 6084821
2375 35 6084824
2377 31 6084827
2374 26 6084830
2373 32 6084833
2375 29 6084836
2374 28 6084839
2377 29 6084842
2375 28 6084845
2376 29 6084848
2376 30 6084851
2379 30 6084854
2372 30 6084857
2375 30 6084860
2376 28 6084863
2379 37 6084866
2375 33 6084869
2375 27 6084872
2372 32 6084875
2382 31 6084878
2374 30 6084881
2377 31 6084884
2377 18 6084887
2375 30 6084890
2374 31 6084893
2376 29 6084896
2374 30 6084899
2373 29 6084902
2374 27 6084905
2375 31 6084908
2376 30 6084911
2375 33 6084914
2376 32 6084917
2376 32 6084920
2376 33 6084923
2376 32 6084926
2377 30 6084929
2374 28 6084932
2376 31 6084935
2377 30 6084938
2376 30 6084941
2375 30 6084944
2373 26 6084947
2375 32 6084950
2377 26 6084953
2375 33 6084956
2377 31 6084959
2374 27 6084962
2375 30 6084965
2375 27 6084968
2376 31 6084971
2375 32 6084974
2377 33 6084977
2375 30 6084980
2377 31 6084983
2376 30 6084986
2376 33 6084989
2355 32 6084992
2376 25 6084995
2376 29 6084999
2376 29 6085002
2376 27 6085005
2377 32 6085008
2376 29 6085011
2375 31 6085014
2378 27 6085017
2376 29 6085020
2375 27 6085023
2375 30 6085026
2376 30 6085029
2374 23 6085031
2340 32 6085034
2378 26 6085037
2376 31 6085040
2375 30 6085043
2374 31 6085046
2377 32 6085049
2376 28 6085052
2376 31 6085055
2374 30 6085058
2376 27 6085061
2373 29 6085064
2376 31 6085067
2378 32 6085070
2377 38 6085073
2382 34 6085076
2375 28 6085079
2377 32 6085082
2375 27 6085085
2371 31 6085088
2377 32 6085091
2376 29 6085094
2375 33 6085097
2377 31 6085100
2376 31 6085103
2375 33 6085106
2378 33 6085109
2375 29 6085112
2375 25 6085115
2367 32 6085118
2377 32 6085121
2380 30 6085124
2374 33 6085127
2377 31 6085130
2375 31 6085133
2376 33 6085136
2375 32 6085139
2376 32 6085142
2376 29 6085145
2375 30 6085148
2375 30 6085151
2375 30 6085154
2331 12 6085157
2373 32 6085160
2375 32 6085163
2374 30 6085166
2376 33 6085169
2376 30 6085172
2374 29 6085175
2376 30 6085178
2375 30 6085181
2377 29 6085184
2376 30 6085187
2378 33 6085190
2376 36 6085193
2373 27 6085196
2396 0 6085199
2377 30 6085202
2371 26 6085205
2373 32 6085208
2377 30 6085211
2373 19 6085214
2376 32 6085217
2376 31 6085220
2376 30 6085223
2376 30 6085226
2374 29 6085229
2375 31 6085232
2377 30 6085235
2375 31 6085238
2374 29 6085241
2375 28 6085244
2375 34 6085247
2375 31 6085250
2375 29 6085253
2377 32 6085256
2375 32 6085259
2372 28 6085262
2375 31 6085265
2375 29 6085268
2375 31 6085271
2376 29 6085274
2377 30 6085277
2378 23 6085280
1865 28 6085283
2375 29 6085286
2377 29 6085289
2375 32 6085292
2374 31 6085295
2376 32 6085298
2377 31 6085301
2376 31 6085304
2375 30 6085307
2376 30 6085310
2376 31 6085313
2374 29 6085316
2376 29 6085319
2374 17 6085322
2405 30 6085325
2374 27 6085328
2389 40 6085331
2369 25 6085334
2376 37 6085337
2383 29 6085340
2374 27 6085343
2378 32 6085346
2375 30 6085349
2375 28 6085352
2377 30 6085355
2377 29 6085358
2372 28 6085361
2470 28 6085364
2373 30 6085367
2375 18 6085370
2360 40 6085373
2378 34 6085376
2373 25 6085379
2374 31 6085382
2377 28 6085385
2375 28 6085388
2377 30 6085391
2374 30 6085394
2378 30 6085397
2379 34 6085400
2374 32 6085403
2375 34 6085406
2376 28 6085409
2376 48 6085412
2387 19 6085415
2367 37 6085418
2379 35 6085421
2374 30 6085424
2373 30 6085427
2377 29 6085430
2376 30 6085433
2378 32 6085436
2376 31 6085439
2374 30 6085442
2377 28 6085445
2374 13 6085448
2453 28 6085451
2375 31 6085454
2395 35 6085457
2383 26 6085460
2368 31 6085463
2381 36 6085466
2377 29 6085469
2372 31 6085472
2377 29 6085475
2374 29 6085478
2373 28 6085481
2376 32 6085484
2376 30 6085487
2376 95 6085490
2373 29 6085493
2376 31 6085496
2358 14 6085499
2384 33 6085502
2380 29 6085505
2371 26 6085508
2377 31 6085511
2373 30 6085514
2373 28 6085517
2377 32 6085520
2375 32 6085523
2372 27 6085526
2378 30 6085529
2379 30 6085532
2379 40 6085535
2375 31 6085538
2395 19 6085541
2362 28 6085544
2378 32 6085547
2379 26 6085550
2373 32 6085553
2378 32 6085556
2372 28 6085559
2373 34 6085562
2378 32 6085565
2375 33 6085568
2375 25 6085571
2377 29 6085574
2360 20 6085577
2374 27 6085580
2375 31 6085583
2388 34 6085586
2368 27 6085589
2377 36 6085592
2381 31 6085595
2374 31 6085598
2374 30 6085601
2374 30 6085604
2379 31 6085607
2377 28 6085610
2376 31 6085613
2376 31 6085616
2369 117 6085619
2377 30 6085622
2372 6 6085625
2382 30 6085628
2384 26 6085631
2369 28 6085634
2380 34 6085637
2378 26 6085640
2374 29 6085643
2376 30 6085646
2374 32 6085649
2378 30 6085652
2374 31 6085655
2376 29 6085658
2411 27 6085661
2373 28 6085664
2376 26 6085667
2357 47 6085670
2375 33 6085673
2376 26 6085676
2371 30 6085679
2377 30 6085682
2376 28 6085685
2375 30 6085688
2374 28 6085691
2374 32 6085694
2377 30 6085697
2376 30 6085700
2377 35 6085703
2379 29 6085706
2374 47 6085709
2390 13 6085712
2365 34 6085715
2377 36 6085718
2375 27 6085721
2372 31 6085724
2377 31 6085727
2376 29 6085730
2376 30 6085733
2375 32 6085736
2375 29 6085739
2376 29 6085742
2375 10 6085745
2453 28 6085748
2376 30 6085751
2375 41 6085754
2381 24 6085757
2372 38 6085760
2379 35 6085763
2374 30 6085766
2374 33 6085769
2376 29 6085772
2374 32 6085775
2375 30 6085778
2375 29 6085781
2375 30 6085784
2375 19 6085787
2371 30 6085790
2376 31 6085793
2353 75 6085796
2372 36 6085799
2380 26 6085802
2373 29 6085805
2375 30 6085808
2371 29 6085811
2375 28 6085814
2376 34 6085817
2376 31 6085820
2373 30 6085823
2374 31 6085826
2375 30 6085829
2379 25 6085832
2374 29 6085835
2396 29 6085838
2360 42 6085841
2372 33 6085844
2374 28 6085847
2375 31 6085850
2379 30 6085853
2372 31 6085856
2378 33 6085859
2377 30 6085862
2375 33 6085865
2375 23 6085868
2373 29 6085871
2360 16 6085874
2374 29 6085877
2368 36 6085880
2390 30 6085883
2371 33 6085886
2376 34 6085889
2376 28 6085892
2375 32 6085895
2376 32 6085898
2376 29 6085901
2378 30 6085904
2376 27 6085907
2374 29 6085910
2377 29 6085913
2358 0 6085916
2375 32 6085919
2371 4 6085922
2381 34 6085925
2383 27 6085928
2369 30 6085931
2377 31 6085934
2376 27 6085937
2373 31 6085940
2371 27 6085943
2375 29 6085946
2378 31 6085949
2377 31 6085952
2373 27 6085955
2374 31 6085958
2375 32 6085961
2376 44 6085964
2360 19 6085967
2377 30 6085970
2381 29 6085973
2373 28 6085976
2376 31 6085979
2376 31 6085982
2377 33 6085985
2375 30 6085988
2375 32 6085991
2374 30 6085994
2374 32 6085997
2375 17 6086001
2358 29 6086004
2375 28 6086007
2378 44 6086010
2369 24 6086013
2376 28 6086016
2380 29 6086019
2375 29 6086022
2375 31 6086025
2378 26 6086028
2376 33 6086031
2376 28 6086034
2376 28 6086037
2377 31 6086039
2374 21 6086042
2385 30 6086045
2375 31 6086048
2352 38 6086051
2376 34 6086054
2372 24 6086057
2375 33 6086060
2376 32 6086063
2374 26 6086066
2372 30 6086069
2377 29 6086072
2374 29 6086075
2375 30 6086078
2375 29 6086081
2374 30 6086084
2379 32 6086087
2375 31 6086090
2397 33 6086093
2362 30 6086096
2372 34 6086099
2378 27 6086102
2371 30 6086105
2376 30 6086108
2373 27 6086111
2376 28 6086114
2377 29 6086117
2376 19 6086120
2376 32 6086123
2375 30 6086126
2346 33 6086129
2377 31 6086132
2375 40 6086135
2380 39 6086138
2372 22 6086141
2378 33 6086144
2380 31 6086147
2375 30 6086150
2376 28 6086153
2377 26 6086156
2377 33 6086159
2377 32 6086162
2373 30 6086165
2376 26 6086168
2374 33 6086171
2375 28 6086174
2374 40 6086177
2361 21 6086180
2379 30 6086183
2375 28 6086186
2372 30 6086189
2379 38 6086192
2376 33 6086195
2376 30 6086198
2376 29 6086201
2374 29 6086204
2393 30 6086207
2376 27 6086210
2375 17 6086213
2234 22 6086216
2373 29 6086219
2378 42 6086222
2382 26 6086225
2369 30 6086228
2377 34 6086231
2374 27 6086234
2373 31 6086237
2375 28 6086240
2373 30 6086243
2376 31 6086246
2378 29 6086249
2374 29 6086252
2372 24 6086255
2378 34 6086258
2375 32 6086261
2375 11 6086264
2381 27 6086267
2379 33 6086270
2370 26 6086273
2374 30 6086276
2376 31 6086279
2377 32 6086282
2376 32 6086285
2379 30 6086288
2376 32 6086291
2378 29 6086294
2374 33 6086297
2364 17 6086300
2373 31 6086303
2372 30 6086306
2388 21 6086309
2370 32 6086312
2382 33 6086315
2372 26 6086318
2375 33 6086321
2377 31 6086324
2373 31 6086327
2375 33 6086330
2377 29 6086333
2374 31 6086336
2374 26 6086339
2370 0 6086342
2378 32 6086345
2376 2 6086348
2380 24 6086351
2382 33 6086354
2371 26 6086357
2377 34 6086360
2377 25 6086363
2375 27 6086366
2377 29 6086369
2374 29 6086372
2375 29 6086375
2376 29 6086378
2376 32 6086381
2374 35 6086384
2371 31 6086387
2375 48 6086390
2380 16 6086393
2396 27 6086396
2380 32 6086399
2374 25 6086402
2376 23 6086405
2375 29 6086408
2375 30 6086411
2377 32 6086414
2372 29 6086417
2378 29 6086420
2378 29 6086423
2377 14 6086426
2410 32 6086429
2376 29 6086432
2399 32 6086435
2384 28 6086438
2371 27 6086441
2378 33 6086444
2377 28 6086447
2373 28 6086450
2377 31 6086453
2377 32 6086456
2380 32 6086459
2376 29 6086462
2377 33 6086465
2377 101 6086468
2376 31 6086471
2375 29 6086474
2374 10 6086477
2405 27 6086480
2377 28 6086483
2371 27 6086486
2377 34 6086489
2375 29 6086492
2376 33 6086495
2378 30 6086498
2375 29 6086501
2375 27 6086504
2378 29 6086507
2377 32 6086510
2369 34 6086513
2373 28 6086516
2371 41 6086519
2386 22 6086522
2371 42 6086525
2383 35 6086528
2376 23 6086531
2363 28 6086534
2375 29 6086537
2376 29 6086540
2376 24 6086543
2376 33 6086546
2373 30 6086549
2377 29 6086552
2387 52 6086555
2375 32 6086558
2377 4 6086561
2380 26 6086564
2384 31 6086567
2370 26 6086570
2378 33 6086573
2376 28 6086576
2375 33 6086579
2376 29 6086582
2378 32 6086585
2379 32 6086588
2374 32 6086591
2378 30 6086594
2378 35 6086597
2367 31 6086600
2375 47 6086603
2382 13 6086606
2378 31 6086609
2378 34 6086612
2372 27 6086615
2376 34 6086618
2378 32 6086621
2375 30 6086624
2377 35 6086627
2377 25 6086630
2373 30 6086633
2374 30 6086636
2374 1 6086639
2371 32 6086642
2376 31 6086645
2384 31 6086648
2384 25 6086651
2371 29 6086654
2380 37 6086657
2375 26 6086660
2373 29 6086663
2376 29 6086666
2373 33 6086669
2377 28 6086672
2377 28 6086675
2375 31 6086678
2373 58 6086681
2374 27 6086684
2375 31 6086687
2368 12 6086690
2386 29 6086693
2383 30 6086696
2371 29 6086699
2380 30 6086702
2375 29 6086705
2376 32 6086708
2375 33 6086711
2375 30 6086714
2376 30 6086717
2376 31 6086720
2382 28 6086723
2372 49 6086726
2376 32 6086729
2377 46 6086732
2379 18 6086735
2370 33 6086738
2382 33 6086741
2377 26 6086744
2373 30 6086747
2376 31 6086750
2376 34 6086753
2376 31 6086756
2377 30 6086759
2377 29 6086762
2377 27 6086765
2333 31 6086768
2378 30 6086771
2375 35 6086774
2358 39 6086777
2370 33 6086780
2380 27 6086783
2372 29 6086786
2375 29 6086789
2375 28 6086792
2376 25 6086795
2378 32 6086798
2376 30 6086801
2374 31 6086804
2376 31 6086807
2376 0 6086810
2356 29 6086813
2376 30 6086816
2354 26 6086819
2377 39 6086822
2373 19 6086825
2377 30 6086828
2378 30 6086831
2373 29 6086834
2377 31 6086837
2374 30 6086840
2378 33 6086843
2371 32 6086846
2377 32 6086849
2376 33 6086852
2373 60 6086855
2375 29 6086858
2376 47 6086861
2376 21 6086864
2370 30 6086867
2382 38 6086870
2373 28 6086873
2376 31 6086876
2374 31 6086879
2376 32 6086882
2378 31 6086885
2376 31 6086888
2376 34 6086891
2376 29 6086894
2471 28 6086897
2370 32 6086900
2374 12 6086903
2362 28 6086906
2375 36 6086909
2369 26 6086912
2375 32 6086915
2378 30 6086918
2376 34 6086921
2377 32 6086924
2378 29 6086927
2374 31 6086930
2376 30 6086933
2376 31 6086936
2376 13 6086939
2366 30 6086942
2375 28 6086945
2382 38 6086948
2377 24 6086951
2371 35 6086954
2380 32 6086957
2375 26 6086960
2375 34 6086963
2375 30 6086966
2375 28 6086969
2376 32 6086972
2378 32 6086975
2375 29 6086978
2377 0 6086981
2375 34 6086984
2377 30 6086987
2380 15 6086990
2374 26 6086993
2381 35 6086996
2375 23 6087000
2376 32 6087003
2376 31 6087006
2377 32 6087009
2377 33 6087012
2377 29 6087015
2375 33 6087018
2376 30 6087021
2377 29 6087024
2355 58 6087027
2375 29 6087029
2376 25 6087032
2385 35 6087035
2368 22 6087038
2378 37 6087041
2378 29 6087044
2373 28 6087047
2377 30 6087050
2378 29 6087053
2374 31 6087056
2377 29 6087059
2375 29 6087062
2377 32 6087065
2468 27 6087068
2377 30 6087071
2377 36 6087074
2358 62 6087077
2376 39 6087080
2379 27 6087083
2374 29 6087086
2379 29 6087089
2376 29 6087092
2374 31 6087095
2376 27 6087098
2375 27 6087101
2375 29 6087104
2376 34 6087107
2379 13 6087110
2365 30 6087113
2375 31 6087116
2365 40 6087119
2376 22 6087122
2368 34 6087125
2382 29 6087128
2373 30 6087131
2378 32 6087134
2377 30 6087137
2379 32 6087140
2378 29 6087143
2375 32 6087146
2376 30 6087149
2377 105 6087152
2373 29 6087155
2376 29 6087158
2367 14 6087161
2384 32 6087164
2386 31 6087167
2368 27 6087170
2377 31 6087173
2378 27 6087176
2374 31 6087179
2378 29 6087182
2376 27 6087185
2377 30 6087188
2377 27 6087191
2378 30 6087194
2363 53 6087197
2376 29 6087200
2369 34 6087203
2383 28 6087206
2359 28 6087209
2377 34 6087212
2376 27 6087215
2375 31 6087218
2377 30 6087221
2378 26 6087224
2374 30 6087227
2375 29 6087230
2375 27 6087233
2375 30 6087236
2463 27 6087239
2373 31 6087242
2375 20 6087245
2361 32 6087248
2377 34 6087251
2376 26 6087254
2376 32 6087257
2377 32 6087260
2375 28 6087263
2377 33 6087266
2374 30 6087269
2374 31 6087272
2377 31 6087275
2377 32 6087278
2377 21 6087281
2407 28 6087284
2375 24 6087287
2375 38 6087290
2369 21 6087293
2380 37 6087296
2380 29 6087299
2372 29 6087302
2375 32 6087305
2377 30 6087308
2377 30 6087311
2374 28 6087314
2375 31 6087317
2377 32 6087320
2375 14 6087323
1633 31 6087326
2373 34 6087329
2353 34 6087332
2369 36 6087335
2376 24 6087338
2373 32 6087341
2378 31 6087344
2376 34 6087347
2376 29 6087350
2375 30 6087353
2376 29 6087356
2372 27 6087359
2374 29 6087362
2376 30 6087365
2378 26 6087368
2374 30 6087371
2377 41 6087374
2371 21 6087377
2375 36 6087380
2381 27 6087383
2375 30 6087386
2376 30 6087389
2375 29 6087392
2377 31 6087395
2368 34 6087398
2372 29 6087401
2376 30 6087404
2379 38 6087407
2341 101 6087410
2374 29 6087413
2376 42 6087416
2369 38 6087419
2384 22 6087422
2371 30 6087425
2377 30 6087428
2375 28 6087431
2372 29 6087434
2377 31 6087437
2378 30 6087440
2377 31 6087443
2376 31 6087446
2377 29 6087449
2376 32 6087452
2372 26 6087455
2374 40 6087458
2381 21 6087461
2369 31 6087464
2381 32 6087467
2372 28 6087470
2377 30 6087473
2378 30 6087476
2374 31 6087479
2378 28 6087482
2375 26 6087485
2375 28 6087488
2374 29 6087491
2376 0 6087494
2388 29 6087497
2376 31 6087500
2380 24 6087503
2380 41 6087506
2370 25 6087509
2375 32 6087512
2375 29 6087515
2376 30 6087518
2376 31 6087521
2375 29 6087524
2374 32 6087527
2378 33 6087530
2374 30 6087533
2397 33 6087536
2383 30 6087539
2375 31 6087542
2385 31 6087545
2365 23 6087548
2380 35 6087551
2378 26 6087554
2375 30 6087557
2378 33 6087560
2376 32 6087563
2374 29 6087566
2379 30 6087569
2374 30 6087572
2375 32 6087575
2378 30 6087578
2362 181 6087581
2373 30 6087584
2375 96 6087587
2366 32 6087590
2385 27 6087593
2371 33 6087596
2373 29 6087599
2375 28 6087602
2375 31 6087605
2378 30 6087608
2375 32 6087611
2377 28 6087614
2375 31 6087617
2372 31 6087620
2377 27 6087623
2399 29 6087626
2375 29 6087629
2385 31 6087632
2365 24 6087635
2381 32 6087638
2375 30 6087641
2376 32 6087644
2377 29 6087647
2374 31 6087650
2376 29 6087653
2376 29 6087656
2374 33 6087659
2375 31 6087662
2372 0 6087665
2372 27 6087668
2376 31 6087671
2373 14 6087674
2382 30 6087677
2384 32 6087680
2374 33 6087683
2376 31 6087686
2379 28 6087689
2376 33 6087692
2382 32 6087695
2375 29 6087698
2376 32 6087701
2378 33 6087704
2376 29 6087707
2358 122 6087710
2376 28 6087713
2375 21 6087716
2380 38 6087719
2368 25 6087722
2381 28 6087725
2377 28 6087728
2374 29 6087731
2375 35 6087734
2377 30 6087737
2375 32 6087740
2376 34 6087743
2376 29 6087746
2376 29 6087749
2374 34 6087752
2372 29 6087755
2377 39 6087758
2382 18 6087761
2362 32 6087764
2374 32 6087767
2376 27 6087770
2376 34 6087773
2377 29 6087776
2376 29 6087779
2376 29 6087782
2375 28 6087785
2376 28 6087788
2376 28 6087791
2375 24 6087794
2254 33 6087797
2376 32 6087800
2357 51 6087803
2373 37 6087806
2377 25 6087809
2380 28 6087812
2378 32 6087815
2376 27 6087818
2375 27 6087821
2376 32 6087824
2377 31 6087827
2376 27 6087830
2376 34 6087833
2380 30 6087836
2366 27 6087839
2372 30 6087842
2373 37 6087845
2386 19 6087848
2370 28 6087851
2376 33 6087854
2376 29 6087857
2376 31 6087860
2366 29 6087863
2377 31 6087866
2378 31 6087869
2377 32 6087872
2376 31 6087875
2377 28 6087878
2376 29 6087881
2377 31 6087884
2379 46 6087887
2366 16 6087890
2381 30 6087893
2378 30 6087896
2374 28 6087899
2378 32 6087902
2376 29 6087905
2375 32 6087908
2378 29 6087911
2373 30 6087914
2374 29 6087917
2375 26 6087920
2377 0 6087923
2382 29 6087926
2376 29 6087929
2427 22 6087932
2381 36 6087935
2371 28 6087938
2378 33 6087941
2380 31 6087944
2372 31 6087947
2375 29 6087950
2375 29 6087953
2376 33 6087956
2377 31 6087959
2375 29 6087962
2375 31 6087965
2370 0 6087968
2374 32 6087971
2370 46 6087974
2379 19 6087977
2385 29 6087980
2374 32 6087983
2375 25 6087986
2376 30 6087989
2376 29 6087992
2374 28 6087995
2377 32 6087999
2378 31 6088002
2376 34 6088005
2378 31 6088008
2393 29 6088011
2376 30 6088014
2377 33 6088017
2358 27 6088020
2374 31 6088023
2379 28 6088026
2375 30 6088029
2376 29 6088031
2375 28 6088034
2375 32 6088037
2375 30 6088040
2377 29 6088043
2377 32 6088046
2373 30 6088049
2374 13 6088052
2357 30 6088055
2376 28 6088058
2394 28 6088061
2384 29 6088064
2367 42 6088067
2380 35 6088070
2378 27 6088073
2373 31 6088076
2377 26 6088079
2377 34 6088082
2378 30 6088085
2372 28 6088088
2376 30 6088091
2377 30 6088094
2380 34 6088097
2374 32 6088100
2393 36 6088103
2361 47 6088106
2372 30 6088109
2379 26 6088112
2375 30 6088115
2378 33 6088118
2373 29 6088121
2377 30 6088124
2376 32 6088127
2373 29 6088130
2377 30 6088133
2376 0 6088136
2457 31 6088139
2374 31 6088142
2384 22 6088145
2385 34 6088148
2371 30 6088151
2373 34 6088154
2376 27 6088157
2373 31 6088160
2376 31 6088163
2377 31 6088166
2377 32 6088169
2376 31 6088172
2375 28 6088175
2375 33 6088178
2377 30 6088181
2376 48 6088184
2364 14 6088187
2378 34 6088190
2380 26 6088193
2375 29 6088196
2378 44 6088199
2375 25 6088202
2373 30 6088205
2376 30 6088208
2375 29 6088211
2376 30 6088214
2375 29 6088217
2350 0 6088220
2379 29 6088223
2380 25 6088226
2375 43 6088229
2371 22 6088232
2377 29 6088235
2379 33 6088238
2372 28 6088241
2377 30 6088244
2376 28 6088247
2375 31 6088250
2375 27 6088253
2374 28 6088256
2377 30 6088259
2382 27 6088262
2376 30 6088265
2392 19 6088268
2364 31 6088271
2375 33 6088274
2373 23 6088277
2377 32 6088280
2378 31 6088283
2377 26 6088286
2377 32 6088289
2378 31 6088292
2374 31 6088295
2376 34 6088298
2376 0 6088301
2371 26 6088304
2375 27 6088307
2388 21 6088310
2384 37 6088313
2373 26 6088316
2376 33 6088319
2379 32 6088322
2375 31 6088325
2376 32 6088328
2374 30 6088331
2375 29 6088334
2378 29 6088337
2376 29 6088340
2375 37 6088343
2373 29 6088346
2375 34 6088349
2387 25 6088352
2365 35 6088355
2381 35 6088358
2373 26 6088361
2375 32 6088364
2378 28 6088367
2372 31 6088370
2376 32 6088373
2374 26 6088376
2376 34 6088379
2378 33 6088382
2463 28 6088385
2373 32 6088388
2375 11 6088391
2374 29 6088394
2381 37 6088397
2372 27 6088400
2375 33 6088403
2378 27 6088406
2374 28 6088409
2376 32 6088412
2375 31 6088415
2374 30 6088418
2374 31 6088421
2379 32 6088424
2354 0 6088427
2374 29 6088430
2374 24 6088433
2375 37 6088436
2369 20 6088439
2378 32 6088442
2380 30 6088445
2375 31 6088448
2376 31 6088451
2380 31 6088454
2376 31 6088457
2375 29 6088460
2374 32 6088463
2377 32 6088466
2368 7 6088469
2373 32 6088472
2371 47 6088475
2374 21 6088478
2373 34 6088481
2379 30 6088484
2371 28 6088487
2378 32 6088490
2376 31 6088493
2375 31 6088496
2377 29 6088499
2375 32 6088502
2375 26 6088505
2375 28 6088508
2384 25 6088511
2375 30 6088514
2395 21 6088517
2365 40 6088520
2374 37 6088523
2378 47 6088526
2373 31 6088529
2378 32 6088532
2373 31 6088535
2370 31 6088538
2375 30 6088541
2376 30 6088544
2378 31 6088547
2373 0 6088550
2374 30 6088553
2376 30 6088556
2369 9 6088559
2380 31 6088562
2384 31 6088565
2370 28 6088568
2378 31 6088571
2376 29 6088574
2376 31 6088577
2377 28 6088580
2373 28 6088583
2377 31 6088586
2378 29 6088589
2376 24 6088592
2371 29 6088595
2376 28 6088598
2354 23 6088601
2372 32 6088604
2383 22 6088607
2370 29 6088610
2377 31 6088613
2373 28 6088616
2377 29 6088619
2381 30 6088622
2377 34 6088625
2376 30 6088628
2376 26 6088631
2375 31 6088634
2407 31 6088637
2376 29 6088640
2347 35 6088643
2380 38 6088646
2373 21 6088649
2375 35 6088652
2380 32 6088655
2377 30 6088658
2375 29 6088661
2376 29 6088664
2376 32 6088667
2375 27 6088670
2374 30 6088673
2375 1 6088676
2538 33 6088679
2373 28 6088682
2350 40 6088685
2378 39 6088688
2374 24 6088691
2372 34 6088694
2378 29 6088697
2373 30 6088700
2376 30 6088703
2376 30 6088706
2375 32 6088709
2379 31 6088712
2374 30 6088715
2378 30 6088718
1903 32 6088721
2376 30 6088724
2360 28 6088727
2378 33 6088730
2373 25 6088733
2375 35 6088736
2378 28 6088739
2374 30 6088742
2377 33 6088745
2372 30 6088748
2377 29 6088751
2376 31 6088754
2374 29 6088757
2374 24 6088760
1869 30 6088763
2375 32 6088766
2352 24 6088769
2378 32 6088772
2374 25 6088775
2376 32 6088778
2376 28 6088781
2375 30 6088784
2378 34 6088787
2375 30 6088790
2376 31 6088793
2375 29 6088796
2375 29 6088799
2375 57 6088802
2368 32 6088805
2376 29 6088808
2348 36 6088811
2376 36 6088814
2377 26 6088817
2372 31 6088820
2380 29 6088823
2372 32 6088826
2376 31 6088829
2377 25 6088832
2378 29 6088835
2374 28 6088838
2378 32 6088841
2378 57 6088844
2387 27 6088847
2374 32 6088850
2350 35 6088853
2377 37 6088856
2374 26 6088859
2374 30 6088862
2379 31 6088865
2374 30 6088868
2375 29 6088871
2377 30 6088874
2375 34 6088877
2374 29 6088880
2376 29 6088883
2376 12 6088886
2491 36 6088889
2375 29 6088892
2360 36 6088895
2374 38 6088898
2371 22 6088901
2378 31 6088904
2377 29 6088907
2373 27 6088910
2373 30 6088913
2375 29 6088916
2375 33 6088919
2376 30 6088922
2378 29 6088925
2377 19 6088928
2349 36 6088931
2372 30 6088934
2354 47 6088937
2391 32 6088940
2370 26 6088943
2376 32 6088946
2376 31 6088949
2375 29 6088952
2379 30 6088955
2377 31 6088958
2376 30 6088961
2374 29 6088964
2374 32 6088967
2377 0 6088970
2228 38 6088973
2373 32 6088976
2365 61 6088979
2395 24 6088982
2363 23 6088985
2382 38 6088988
2378 27 6088991
2376 30 6088994
2376 31 6088997
2373 30 6089001
2373 31 6089004
2374 26 6089007
2373 33 6089010
2375 3 6089013
2436 29 6089016
2372 33 6089019
2400 60 6089022
2377 15 6089025
2366 32 6089028
2381 34 6089031
2370 29 6089033
2376 31 6089036
2375 30 6089039
2374 26 6089042
2375 29 6089045
2376 31 6089048
2375 32 6089051
2375 10 6089054
2449 20 6089057
2375 34 6089060
2415 44 6089063
2361 13 6089066
2374 37 6089069
2382 29 6089072
2371 27 6089075
2374 33 6089078
2377 29 6089081
2374 30 6089084
2377 30 6089087
2375 29 6089090
2375 30 6089093
2380 44 6089096
2390 22 6089099
2378 61 6089102
2384 2 6089105
2362 39 6089108
2387 35 6089111
2372 24 6089114
2378 31 6089117
2377 32 6089120
2374 32 6089123
2376 31 6089126
2377 30 6089129
2373 31 6089132
2379 30 6089135
2378 31 6089138
2355 41 6089141
2375 21 6089144
2342 18 6089147
2385 46 6089150
2378 24 6089153
2370 31 6089156
2378 31 6089159
2375 34 6089162
2373 28 6089165
2376 31 6089168
2375 32 6089171
2377 33 6089174
2376 28 6089177
2501 28 6089180
2375 37 6089183
2371 0 6089186
2359 50 6089189
2397 33 6089192
2367 23 6089195
2373 34 6089198
2376 32 6089201
2374 30 6089204
2376 32 6089207
2376 30 6089210
2378 28 6089213
2376 29 6089216
2374 28 6089219
2352 64 6089222
2381 24 6089225
2375 35 6089228
2405 43 6089231
2367 18 6089234
2373 35 6089237
2381 31 6089240
2373 28 6089243
2376 29 6089246
2376 30 6089249
2376 32 6089252
2377 28 6089255
2378 32 6089258
2379 32 6089261
2368 79 6089264
2365 32 6089267
2390 72 6089270
2371 11 6089273
2367 35 6089276
2387 32 6089279
2368 28 6089282
2376 29 6089285
2379 29 6089288
2375 33 6089291
2378 32 6089294
2375 31 6089297
2376 32 6089300
2376 33 6089303
2383 9 6089306
2381 31 6089309
2377 0 6089312
2359 38 6089315
2388 34 6089318
2371 24 6089321
2377 35 6089324
2376 29 6089327
2371 26 6089330
2376 32 6089333
2374 28 6089336
2373 31 6089339
2375 31 6089342
2374 23 6089345
2446 42 6089348
2374 30 6089351
2343 46 6089354
2401 34 6089357
2368 20 6089360
2370 35 6089363
2378 31 6089366
2374 29 6089369
2374 31 6089372
2373 32 6089375
2376 28 6089378
2377 31 6089381
2374 30 6089384
2374 18 6089387
2408 20 6089390
2376 40 6089393
2414 32 6089396
2360 14 6089399
2379 41 6089402
2379 29 6089405
2374 31 6089408
2379 30 6089411
2375 30 6089414
2375 30 6089417
2375 31 6089420
2376 30 6089423
2376 29 6089426
2375 37 6089429
2361 34 6089432
2376 39 6089435
2347 9 6089438
2380 46 6089441
2382 25 6089444
2369 31 6089447
2377 32 6089450
2373 27 6089453
2373 28 6089456
2379 29 6089459
2374 29 6089462
2376 31 6089465
2376 30 6089468
2375 37 6089471
2390 21 6089474
2379 50 6089477
2401 11 6089480
2354 27 6089483
2382 40 6089486
2373 26 6089489
2373 30 6089492
2377 31 6089495
2377 33 6089498
2376 30 6089501
2373 33 6089504
2377 29 6089507
2374 29 6089510
2374 16 6089513
2411 21 6089516
2367 30 6089519
2406 54 6089522
2373 16 6089525
2366 56 6089528
2382 32 6089531
2373 31 6089534
2378 35 6089537
2377 31 6089540
2375 29 6089543
2375 31 6089546
2375 30 6089549
2374 28 6089552
2375 0 6089555
2260 44 6089558
2369 30 6089561
2358 59 6089564
2398 29 6089567
2365 26 6089570
2379 36 6089573
2377 28 6089576
2377 33 6089579
2377 30 6089582
2373 27 6089585
2375 32 6089588
2376 28 6089591
2371 28 6089594
2376 0 6089597
2395 41 6089600
2377 29 6089603
2334 31 6089606
2399 43 6089609
2373 17 6089612
2371 31 6089615
2374 27 6089618
2372 27 6089621
2374 32 6089624
2374 31 6089627
2376 30 6089630
2377 30 6089633
2375 31 6089636
2376 31 6089639
2372 4 6089642
2383 27 6089645
2363 0 6089648
2367 43 6089651
2391 33 6089654
2369 28 6089657
2376 33 6089660
2376 31 6089663
2375 32 6089666
2376 31 6089669
2377 31 6089672
2376 28 6089675
2375 31 6089678
2377 30 6089681
2390 43 6089684
2372 34 6089687
2404 43 6089690
2350 11 6089693
2379 43 6089696
2382 30 6089699
2371 29 6089702
2377 30 6089705
2375 29 6089708
2374 30 6089711
2376 29 6089714
2377 20 6089717
2378 32 6089720
2376 29 6089723
2359 66 6089726
2372 32 6089729
2381 72 6089732
2386 14 6089735
2362 32 6089738
2384 36 6089741
2375 24 6089744
2372 32 6089747
2374 30 6089750
2375 29 6089753
2376 32 6089756
2375 30 6089759
2375 31 6089762
2376 31 6089765
2353 16 6089768
2381 24 6089771
2379 26 6089774
2403 47 6089777
2367 17 6089780
2371 31 6089783
2381 29 6089786
2373 31 6089789
2374 33 6089792
2375 33 6089795
2377 30 6089798
2376 33 6089801
2376 30 6089804
2375 30 6089807
2341 24 6089810
2359 40 6089813
2374 0 6089816
2346 38 6089819
2394 39 6089822
2369 22 6089825
2373 35 6089828
2379 32 6089831
2374 29 6089834
2377 34 6089837
2376 30 6089840
2375 29 6089843
2376 30 6089846
2375 30 6089849
2374 29 6089852
2420 44 6089855
2377 47 6089858
2407 17 6089861
2358 24 6089864
2382 40 6089867
2376 29 6089870
2371 28 6089873
2377 30 6089876
2372 29 6089879
2376 29 6089882
2375 34 6089885
2377 32 6089888
2372 31 6089891
2377 118 6089894
2368 24 6089897
2382 29 6089900
2334 18 6089903
2393 45 6089906
2376 22 6089909
2368 30 6089912
2379 34 6089915
2374 29 6089918
2373 31 6089921
2374 29 6089924
2377 31 6089927
2376 30 6089930
2373 32 6089933
2377 32 6089936
2341 93 6089939
2373 25 6089942
2376 60 6089945
2404 28 6089948
2359 22 6089951
2381 40 6089954
2376 28 6089957
2374 34 6089960
2380 35 6089963
2375 28 6089966
2375 33 6089969
2375 30 6089972
2375 30 6089975
2374 29 6089978
2374 22 6089981
2405 21 6089984
2378 44 6089987
2409 22 6089990
2355 22 6089993
2382 38 6089996
2376 27 6090000
2371 31 6090003
2378 32 6090006
2374 28 6090009
2376 29 6090012
2375 29 6090015
2375 30 6090018
2375 34 6090021
2377 30 6090024
2361 87 6090027
2363 31 6090030
2386 71 6090033
2372 9 6090036
2365 33 6090038
2385 34 6090041
2371 24 6090044
2373 31 6090047
2378 29 6090050
2374 34 6090053
2383 33 6090056
2374 27 6090059
2376 30 6090062
2375 27 6090065
2374 0 6090068
2382 36 6090071
2368 38 6090074
2396 61 6090077
2381 17 6090080
2365 35 6090083
2381 34 6090086
2374 28 6090089
2375 33 6090092
2376 28 6090095
2374 25 6090098
2377 32 6090101
2374 32 6090104
2375 29 6090107
2376 31 6090110
2378 31 6090113
2355 43 6090116
2372 0 6090119
2351 43 6090122
2392 34 6090125
2369 20 6090128
2375 33 6090131
2376 29 6090134
2373 29 6090137
2377 33 6090140
2376 32 6090143
2377 33 6090146
2376 31 6090149
2377 27 6090152
2374 32 6090155
2346 100 6090158
2365 27 6090161
2378 76 6090164
2380 13 6090167
2359 30 6090170
2386 34 6090173
2373 26 6090176
2375 34 6090179
2376 36 6090182
2375 28 6090185
2375 30 6090188
2377 29 6090191
2366 30 6090194
2374 28 6090197
2377 28 6090200
2391 29 6090203
2373 32 6090206
2385 0 6090209
2356 37 6090212
2391 39 6090215
2373 22 6090218
2376 33 6090221
2375 27 6090224
2373 30 6090227
2376 31 6090230
2376 32 6090233
2373 29 6090236
2375 29 6090239
2376 31 6090242
2375 30 6090245
2387 15 6090248
2377 28 6090251
2361 0 6090254
2368 41 6090257
2389 29 6090260
2368 30 6090263
2379 35 6090266
2374 27 6090269
2373 32 6090272
2376 33 6090275
2376 29 6090278
2375 26 6090281
2375 29 6090284
2376 30 6090287
2373 27 6090290
2387 24 6090293
2376 31 6090296
2364 0 6090299
2362 40 6090302
2389 30 6090305
2369 25 6090308
2376 35 6090311
2374 29 6090314
2373 28 6090317
2375 31 6090320
2374 29 6090323
2374 29 6090326
2377 31 6090329
2375 30 6090332
2374 31 6090335
2395 27 6090338
2373 32 6090341
2379 0 6090344
2355 37 6090347
2390 35 6090350
2371 23 6090353
2374 36 6090356
2379 26 6090359
2375 30 6090362
2377 33 6090365
2373 28 6090368
2375 28 6090371
2375 32 6090374
2372 32 6090377
2376 29 6090380
2366 83 6090383
2366 35 6090386
2401 38 6090389
2351 12 6090392
2381 41 6090395
2382 28 6090398
2369 29 6090401
2381 33 6090404
2375 27 6090407
2374 33 6090410
2377 29 6090413
2376 31 6090416
2375 28 6090419
2373 30 6090422
2373 26 6090425
2335 0 6090428
2377 23 6090431
2374 49 6090434
2392 25 6090437
2368 32 6090440
2374 44 6090443
2376 42 6090446
2375 40 6090449
2365 32 6090452
2316 24 6090455
2238 22 6090458
2182 17 6090461
2172 17 6090464
2197 19 6090467
2216 16 6090470
2227 12 6090473
2215 24 6090476
2209 9 6090479
2204 19 6090482
2208 16 6090485
2209 19 6090488
2209 18 6090491
2209 20 6090494
2206 18 6090497
2207 20 6090500
2206 19 6090503
2210 17 6090506
2208 20 6090509
2208 18 6090512
2207 19 6090515
2208 26 6090518
2200 20 6090521
2209 16 6090524
2205 18 6090527
2206 18 6090530
2210 16 6090533
2207 18 6090536
2209 19 6090539
2208 19 6090542
2207 19 6090545
2208 20 6090548
2207 18 6090551
2207 17 6090554
2205 18 6090557
2208 17 6090560
2208 13 6090563
2219 19 6090566
2206 19 6090569
2210 16 6090572
2206 17 6090575
2206 17 6090578
2208 17 6090581
2206 17 6090584
2209 17 6090587
2206 19 6090590
2210 19 6090593
2207 18 6090596
2209 20 6090599
2204 19 6090602
2210 17 6090605
2205 15 6090608
2171 18 6090611
2208 21 6090614
2208 19 6090617
2206 19 6090620
2208 20 6090623
2211 19 6090626
2206 19 6090629
2210 20 6090632
2207 18 6090635
2209 23 6090638
2206 22 6090641
2208 23 6090644
2209 24 6090647
2207 25 6090650
2208 18 6090653
2240 26 6090656
2209 29 6090659
2208 30 6090662
2210 30 6090665
2209 28 6090668
2210 29 6090671
2209 32 6090674
2209 32 6090677
2208 33 6090680
2209 31 6090683
2208 32 6090686
2209 36 6090689
2210 35 6090692
2208 32 6090695
2209 33 6090698
2227 31 6090701
2208 32 6090704
2212 33 6090707
2210 34 6090710
2212 33 6090713
2211 30 6090716
2208 33 6090719
2210 34 6090722
2211 36 6090725
2207 34 6090728
2210 33 6090731
2209 30 6090734
2210 29 6090737
2210 34 6090740
2209 36 6090743
2210 34 6090746
2206 37 6090749
2211 32 6090752
2207 31 6090755
2210 30 6090758
2207 33 6090761
2208 32 6090764
2209 29 6090767
2209 29 6090770
2207 32 6090773
2209 32 6090776
2211 33 6090779
2209 31 6090782
2209 32 6090785
2201 197 6090788
2212 30 6090791
2208 27 6090794
2209 32 6090797
2208 30 6090800
2207 27 6090803
2211 30 6090806
2210 29 6090809
2209 31 6090812
2209 27 6090815
2208 28 6090818
2208 30 6090821
2211 27 6090824
2205 27 6090827
2208 28 6090830
2205 15 6090833
2210 25 6090836
2210 28 6090839
2214 30 6090842
2209 27 6090845
2210 26 6090848
2210 27 6090851
2209 27 6090854
2208 33 6090857
2207 24 6090860
2209 27 6090863
2207 25 6090866
2209 24 6090869
2209 28 6090872
2210 20 6090875
2191 25 6090878
2209 24 6090881
2206 24 6090884
2211 26 6090887
2209 22 6090890
2207 26 6090893
2211 28 6090896
2210 23 6090899
2211 24 6090902
2210 28 6090905
2209 24 6090908
2209 24 6090911
2207 22 6090914
2209 24 6090917
2138 22 6090920
2212 25 6090923
2208 26 6090926
2208 21 6090929
2208 25 6090932
2211 23 6090935
2209 24 6090938
2208 24 6090941
2210 25 6090944
2207 24 6090947
2211 23 6090950
2209 24 6090953
2210 24 6090956
2208 22 6090959
2209 23 6090962
2205 26 6090965
2208 23 6090968
2213 26 6090971
2205 23 6090974
2208 25 6090977
2208 21 6090980
2208 19 6090983
2208 21 6090986
2210 22 6090989
2206 22 6090992
2207 24 6090995
2208 20 6090999
2209 19 6091002
2208 24 6091005
2210 22 6091008
2217 23 6091011
2210 22 6091014
2209 24 6091017
2207 18 6091020
2210 25 6091023
2209 23 6091026
2209 21 6091029
2207 21 6091032
2207 21 6091035
2209 22 6091038
2211 23 6091040
2550 55 6076640
2543 52 6076643
2522 66 6076646
2557 55 6076649
2538 51 6076652
2543 58 6076655
2542 55 6076658
2538 55 6076661
2541 55 6076664
2540 56 6076667
2544 61 6076670
2539 54 6076673
2542 53 6076676
2542 41 6076679
2500 60 6076682
2541 55 6076685
2525 67 6076688
2558 58 6076691
2535 51 6076694
2543 62 6076697
2541 53 6076700
2541 54 6076703
2543 56 6076706
2542 54 6076709
2540 56 6076712
2541 54 6076715
2540 55 6076718
2542 38 6076721
2674 57 6076724
2544 59 6076727
2525 63 6076730
2556 64 6076733
2536 53 6076736
2539 64 6076739
2541 62 6076742
2539 63 6076745
2540 68 6076748
2543 67 6076751
2539 67 6076754
2540 67 6076757
2539 70 6076760
2538 87 6076763
2987 68 6076766
2542 69 6076769
2523 63 6076772
2556 75 6076775
2536 65 6076778
2537 74 6076781
2541 70 6076784
2537 67 6076787
2538 71 6076790
2538 72 6076793
2542 71 6076796
2539 71 6076799
2539 69 6076802
2539 104 6076805
2541 65 6076808
2542 72 6076811
2540 54 6076814
2541 84 6076817
2545 68 6076820
2536 69 6076823
2542 70 6076826
2539 67 6076829
2538 69 6076832
2540 70 6076835
2539 67 6076838
2538 68 6076841
2540 67 6076844
2541 69 6076847
2542 71 6076850
2542 66 6076853
2545 66 6076856
2527 74 6076859
2553 69 6076862
2537 63 6076865
2543 67 6076868
2539 68 6076871
2540 65 6076874
2543 68 6076877
2541 69 6076880
2543 64 6076883
2540 65 6076886
2539 66 6076889
2539 78 6076892
2540 64 6076895
2536 57 6076898
2538 57 6076901
2538 70 6076904
2544 60 6076907
2539 66 6076910
2541 84 6076913
2540 62 6076916
2540 64 6076919
2540 63 6076922
2539 63 6076925
2540 61 6076928
2537 64 6076931
2541 76 6076934
2540 61 6076937
2560 39 6076940
2535 54 6076943
2534 69 6076946
2547 64 6076949
2539 61 6076952
2541 62 6076955
2540 59 6076958
2541 63 6076961
2540 62 6076964
2543 63 6076967
2539 64 6076970
2542 61 6076973
2542 84 6076976
2537 63 6076979
2553 81 6076982
2530 53 6076985
2534 65 6076988
2546 62 6076991
2539 61 6076994
2539 59 6076997
2541 60 6077001
2540 64 6077004
2540 62 6077007
2540 62 6077010
2540 61 6077013
2542 61 6077016
2539 83 6077019
2538 59 6077022
2548 84 6077025
2524 53 6077028
2534 61 6077031
2549 68 6077034
2539 61 6077037
2538 59 6077040
2543 60 6077043
2541 59 6077046
2542 58 6077049
2541 61 6077052
2544 60 6077054
2542 57 6077057
2537 76 6077060
2538 61 6077063
2541 76 6077066
2552 54 6077069
2529 54 6077072
2546 63 6077075
2541 59 6077078
2539 60 6077081
2541 59 6077084
2544 58 6077087
2543 58 6077090
2541 62 6077093
2541 57 6077096
2543 58 6077099
2540 58 6077102
2568 53 6077105
2541 73 6077108
2562 49 6077111
2531 49 6077114
2544 65 6077117
2542 56 6077120
2539 61 6077123
2546 61 6077126
2541 57 6077129
2542 61 6077132
2540 56 6077135
2540 55 6077138
2541 58 6077141
2540 60 6077144
2542 72 6077147
2539 54 6077150
2519 46 6077153
2536 46 6077156
2541 66 6077159
2543 54 6077162
2539 58 6077165
2539 57 6077168
2541 54 6077171
2540 64 6077174
2542 59 6077177
2541 56 6077180
2539 57 6077183
2541 60 6077186
2303 60 6077189
2540 60 6077192
2538 66 6077195
2533 49 6077198
2549 64 6077201
2540 52 6077204
2537 60 6077207
2547 58 6077210
2540 57 6077213
2540 57 6077216
2541 57 6077219
2539 54 6077222
2543 58 6077225
2539 57 6077228
2545 52 6077231
2485 59 6077234
2541 56 6077237
2523 54 6077240
2555 58 6077243
2534 53 6077246
2539 58 6077249
2534 56 6077252
2540 56 6077255
2543 59 6077258
2540 56 6077261
2543 56 6077264
2538 58 6077267
2541 54 6077270
2541 56 6077273
2541 85 6077276
2539 56 6077279
2550 79 6077282
2530 47 6077285
2529 59 6077288
2548 59 6077291
2537 52 6077294
2541 60 6077297
2541 54 6077300
2540 55 6077303
2543 60 6077306
2541 57 6077309
2542 55 6077312
2543 55 6077315
2513 56 6077318
2538 59 6077321
2541 62 6077324
2531 48 6077327
2551 63 6077330
2540 50 6077333
2539 57 6077336
2542 56 6077339
2540 57 6077342
2541 58 6077345
2541 53 6077348
2538 54 6077351
2541 56 6077354
2540 57 6077357
2540 59 6077360
2524 53 6077363
2539 57 6077366
2546 75 6077369
2543 50 6077372
2533 53 6077375
2545 62 6077378
2539 52 6077381
2539 54 6077384
2542 56 6077387
2542 59 6077390
2538 52 6077393
2540 56 6077396
2539 56 6077399
2540 1 6077402
2539 53 6077405
2542 57 6077408
2547 53 6077411
2528 57 6077414
2551 57 6077417
2540 53 6077420
2543 58 6077423
2541 57 6077426
2541 56 6077429
2540 55 6077432
2543 56 6077435
2539 59 6077438
2546 57 6077441
2544 57 6077444
2541 48 6077447
2537 52 6077450
2540 72 6077453
2555 51 6077456
2535 53 6077459
2545 62 6077462
2540 53 6077465
2542 55 6077468
2541 60 6077471
2543 55 6077474
2539 53 6077477
2541 55 6077480
2539 55 6077483
2540 56 6077486
2548 19 6077489
2538 59 6077492
2542 55 6077495
2524 61 6077498
2553 54 6077501
2538 52 6077504
2538 61 6077507
2543 56 6077510
2537 53 6077513
2541 55 6077516
2540 56 6077519
2543 56 6077522
2540 53 6077525
2541 57 6077528
2540 57 6077531
2541 53 6077534
2542 67 6077537
2562 44 6077540
2536 49 6077543
2540 61 6077546
2543 58 6077549
2539 56 6077552
2542 57 6077555
2539 53 6077558
2538 56 6077561
2542 54 6077564
2540 52 6077567
2538 60 6077570
2541 0 6077573
2542 53 6077576
2531 52 6077579
2546 51 6077582
2531 65 6077585
2549 55 6077588
2534 50 6077591
2542 59 6077594
2540 53 6077597
2540 57 6077600
2543 58 6077603
2542 54 6077606
2541 62 6077609
2540 53 6077612
2540 54 6077615
2550 8 6077618
2543 58 6077621
2538 35 6077624
2552 71 6077627
2531 54 6077630
2535 53 6077633
2545 57 6077636
2541 55 6077639
2538 59 6077642
2540 53 6077645
2540 56 6077648
2540 56 6077651
2540 56 6077654
2538 54 6077657
2540 61 6077660
2543 55 6077663
2541 55 6077666
2541 73 6077669
2539 62 6077672
2537 54 6077675
2543 57 6077678
2539 55 6077681
2542 55 6077684
2542 55 6077687
2539 54 6077690
2542 57 6077693
2541 51 6077696
2542 57 6077699
2542 57 6077702
2535 78 6077705
2541 54 6077708
2542 58 6077711
2559 63 6077714
2545 51 6077717
2538 58 6077720
2542 55 6077723
2541 56 6077726
2543 54 6077729
2540 54 6077732
2539 59 6077735
2543 56 6077738
2543 57 6077741
2542 56 6077744
2539 64 6077747
3011 54 6077750
2545 56 6077753
2525 50 6077756
2551 60 6077759
2538 50 6077762
2539 55 6077765
2545 58 6077768
2539 55 6077771
2542 57 6077774
2540 54 6077777
2538 54 6077780
2541 58 6077783
2542 54 6077786
2532 51 6077789
2542 57 6077792
2551 54 6077795
2542 15 6077798
2532 53 6077801
2531 56 6077804
2548 58 6077807
2541 52 6077810
2540 59 6077813
2542 53 6077816
2541 56 6077819
2542 58 6077822
2542 54 6077825
2542 56 6077828
2542 56 6077831
2541 59 6077834
2531 56 6077837
2540 57 6077840
2540 55 6077843
2534 59 6077846
2552 60 6077849
2544 50 6077852
2540 58 6077855
2543 55 6077858
2540 54 6077861
2544 54 6077864
2540 56 6077867
2539 55 6077870
2543 55 6077873
2541 54 6077876
2542 55 6077879
2571 58 6077882
2544 57 6077885
2541 43 6077888
2533 71 6077891
2548 55 6077894
2536 49 6077897
2544 57 6077900
2541 57 6077903
2532 56 6077906
2539 53 6077909
2541 57 6077912
2540 54 6077915
2541 53 6077918
2538 55 6077921
2543 57 6077924
2441 56 6077927
2539 54 6077930
2538 56 6077933
2526 58 6077936
2555 59 6077939
2538 52 6077942
2539 61 6077945
2544 56 6077948
2540 54 6077951
2539 54 6077954
2543 54 6077957
2539 54 6077960
2540 53 6077963
2541 57 6077966
2542 56 6077969
2544 55 6077972
2551 52 6077975
2543 52 6077978
2530 56 6077981
2534 57 6077984
2543 56 6077987
2541 52 6077990
2541 56 6077993
2544 56 6077996
2541 62 6078000
2543 57 6078003
2542 57 6078006
2539 56 6078009
2543 56 6078012
2543 54 6078015
2541 34 6078018
2544 55 6078021
2544 56 6078024
2529 67 6078027
2552 55 6078030
2535 53 6078033
2545 60 6078036
2542 53 6078039
2542 55 6078042
2541 55 6078045
2543 57 6078048
2540 57 6078051
2541 54 6078053
2538 56 6078056
2542 54 6078059
2540 54 6078062
2546 48 6078065
2540 57 6078068
2561 54 6078071
2549 46 6078074
2539 64 6078077
2544 53 6078080
2537 51 6078083
2543 56 6078086
2542 54 6078089
2542 53 6078092
2540 57 6078095
2543 56 6078098
2540 52 6078101
2541 54 6078104
2540 56 6078107
2540 56 6078110
2540 52 6078113
2540 57 6078116
2525 55 6078119
2553 62 6078122
2540 52 6078125
2537 58 6078128
2545 54 6078131
2540 54 6078134
2542 57 6078137
2541 57 6078140
2542 54 6078143
2544 55 6078146
2541 54 6078149
2543 52 6078152
2542 79 6078155
2546 57 6078158
2540 53 6078161
2528 71 6078164
2552 48 6078167
2537 51 6078170
2541 58 6078173
2542 54 6078176
2539 58 6078179
2541 55 6078182
2544 57 6078185
2542 56 6078188
2540 55 6078191
2541 53 6078194
2542 58 6078197
2540 56 6078200
2549 87 6078203
2538 55 6078206
2550 78 6078209
2542 53 6078212
2534 54 6078215
2547 59 6078218
2537 52 6078221
2544 56 6078224
2539 52 6078227
2541 55 6078230
2531 55 6078233
2542 58 6078236
2539 58 6078239
2540 59 6078242
2542 55 6078245
2540 56 6078248
2548 51 6078251
2542 44 6078254
2545 53 6078257
2532 58 6078260
2550 56 6078263
2537 50 6078266
2542 56 6078269
2542 53 6078272
2540 53 6078275
2543 61 6078278
2540 56 6078281
2541 54 6078284
2541 57 6078287
2541 57 6078290
2539 0 6078293
2543 51 6078296
2541 54 6078299
2535 41 6078302
2552 66 6078305
2542 54 6078308
2539 58 6078311
2543 57 6078314
2541 55 6078317
2540 56 6078320
2541 56 6078323
2540 51 6078326
2541 58 6078329
2543 56 6078332
2542 53 6078335
2541 58 6078338
2545 93 6078341
2542 53 6078344
2541 71 6078347
2547 50 6078350
2534 51 6078353
2546 59 6078356
2539 52 6078359
2541 57 6078362
2542 53 6078365
2542 52 6078368
2543 57 6078371
2542 54 6078374
2541 57 6078377
2544 54 6078380
2541 54 6078383
2540 54 6078386
2545 54 6078389
2537 62 6078392
2538 43 6078395
2548 64 6078398
2544 52 6078401
2539 57 6078404
2545 57 6078407
2545 58 6078410
2541 55 6078413
2539 54 6078416
2541 56 6078419
2538 56 6078422
2542 53 6078425
2540 57 6078428
2541 53 6078431
2551 52 6078434
2541 64 6078437
2560 45 6078440
2536 47 6078443
2540 61 6078446
2544 53 6078449
2539 55 6078452
2543 54 6078455
2542 53 6078458
2542 58 6078461
2541 54 6078464
2541 54 6078467
2541 58 6078470
2540 57 6078473
2542 64 6078476
2079 53 6078479
2542 53 6078482
2528 60 6078485
2555 57 6078488
2534 50 6078491
2542 59 6078494
2541 54 6078497
2540 54 6078500
2542 58 6078503
2540 54 6078506
2541 53 6078509
2541 55 6078512
2539 56 6078515
2543 57 6078518
2543 101 6078521
2541 53 6078524
2544 52 6078527
2524 44 6078530
2554 63 6078533
2539 51 6078536
2540 56 6078539
2544 57 6078542
2540 55 6078545
2541 55 6078548
2540 55 6078551
2543 57 6078554
2539 53 6078557
2543 55 6078560
2540 54 6078563
2540 66 6078566
2588 59 6078569
2542 57 6078572
2522 52 6078575
2554 60 6078578
2529 47 6078581
2536 57 6078584
2543 55 6078587
2538 55 6078590
2541 57 6078593
2540 54 6078596
2541 54 6078599
2539 55 6078602
2541 57 6078605
2541 55 6078608
2541 53 6078611
2555 58 6078614
2542 55 6078617
2529 71 6078620
2549 48 6078623
2536 48 6078626
2540 56 6078629
2541 413 6083038
2543 58 6083041
2541 52 6083044
2543 56 6083047
2543 55 6083050
2541 54 6083053
2541 58 6083056
2540 53 6083059
2544 58 6083062
2540 57 6083065
2540 54 6083067
2543 59 6083070
2542 52 6083073
2544 56 6083076
2900 0 6083079
2543 55 6083082
2541 55 6083085
2542 56 6083089
2541 57 6083091
2540 57 6083094
2542 53 6083097
2541 55 6083100
2543 54 6083103
2542 55 6083106
2541 56 6083109
2539 52 6083112
2542 54 6083115
2542 57 6083118
2197 57 6083122
2542 54 6083124
2540 56 6083127
2541 56 6083130
2540 53 6083133
2542 55 6083136
2540 54 6083139
2543 55 6083142
2541 56 6083145
2543 52 6083148
2541 56 6083151
2542 57 6083155
2541 54 6083157
2543 55 6083160
2543 56 6083163
2542 54 6083166
2543 63 6083169
2544 54 6083172
2541 58 6083175
2539 52 6083178
2543 54 6083181
2543 57 6083184
2543 56 6083188
2542 55 6083190
2541 54 6083193
2542 53 6083196
2540 55 6083199
2542 55 6083202
2544 57 6083205
2542 55 6083208
2511 43 6083211
2544 56 6083214
2544 52 6083217
2553 60 6083221
2541 53 6083223
2543 55 6083226
2541 53 6083229
2540 56 6083232
2543 56 6083235
2542 54 6083238
2543 56 6083241
2541 53 6083244
2542 52 6083247
2541 55 6083250
2547 58 6083254
2541 42 6083256
2539 56 6083259
2541 53 6083262
2542 59 6083265
2543 54 6083268
2542 55 6083271
2543 57 6083274
2541 54 6083277
2543 56 6083280
2541 53 6083283
2543 55 6083287
2542 54 6083289
2542 55 6083292
2542 56 6083295
2600 57 6083298
2543 55 6083301
2541 52 6083304
2542 60 6083307
2540 53 6083310
2543 56 6083313
2543 56 6083316
2539 58 6083320
2540 51 6083322
2542 56 6083325
2541 55 6083328
2542 57 6083331
2542 58 6083334
2542 58 6083337
2552 57 6083340
2541 58 6083343
2536 55 6083346
2545 52 6083349
2541 56 6083353
2540 52 6083355
2541 56 6083358
2539 52 6083361
2539 56 6083364
2541 56 6083367
2540 55 6083370
2539 54 6083373
2540 52 6083376
2540 55 6083379
2541 53 6083382
2501 48 6083386
2540 53 6083388
2543 51 6083391
2542 56 6083394
2541 56 6083397
2544 56 6083400
2543 54 6083403
2543 58 6083406
2542 56 6083409
2540 55 6083412
2542 55 6083415
2543 60 6083419
2540 51 6083421
2543 56 6083424
2542 56 6083427
2540 40 6083430
2544 55 6083433
2543 59 6083436
2541 57 6083439
2543 56 6083442
2541 57 6083445
2542 56 6083448
2541 56 6083452
2541 51 6083454
2542 58 6083457
2541 54 6083460
2541 55 6083463
2541 55 6083466
2594 56 6083469
2544 75 6083472
2538 55 6083475
2542 56 6083478
2544 50 6083481
2544 57 6083485
2538 60 6083487
2541 70 6083490
2538 66 6083493
2533 65 6083496
2495 58 6083499
2415 46 6083502
2355 31 6083505
2337 24 6083508
2360 27 6083511
2347 20 6083514
2392 31 6083518
2384 27 6083520
2380 32 6083523
2369 30 6083526
2373 28 6083529
2377 26 6083532
2376 29 6083535
2379 36 6083538
2377 29 6083541
2377 29 6083544
2380 30 6083547
2377 31 6083551
2374 25 6083553
2376 195 6083556
2373 28 6083559
2377 28 6083562
2373 29 6083565
2375 28 6083568
2377 34 6083571
2374 26 6083574
2379 30 6083577
2378 31 6083580
2377 29 6083584
2374 27 6083586
2377 31 6083589
2376 28 6083592
2375 28 6083595
2378 29 6083598
2375 20 6083601
2372 30 6083604
2378 31 6083607
2378 30 6083610
2375 28 6083613
2376 32 6083617
2374 29 6083619
2375 31 6083622
2373 30 6083625
2375 29 6083628
2374 28 6083631
2378 30 6083634
2375 33 6083637
2356 29 6083640
2377 262 6083643
2374 29 6083646
2374 27 6083650
2376 27 6083652
2374 30 6083655
2372 25 6083658
2375 30 6083661
2376 28 6083664
2377 30 6083667
2376 32 6083670
2376 27 6083673
2376 29 6083676
2377 31 6083679
2356 31 6083683
2377 955 6083685
2378 33 6083688
2375 34 6083691
2377 32 6083694
2377 36 6083697
2376 39 6083700
2375 39 6083703
2376 38 6083706
2376 40 6083709
2378 43 6083712
2376 43 6083716
2375 40 6083718
2379 44 6083721
2522 42 6083724
2377 43 6083727
2374 43 6083730
2375 47 6083733
2377 44 6083736
2375 44 6083739
2375 44 6083742
2377 43 6083745
2376 40 6083749
2376 41 6083751
2375 47 6083754
2374 43 6083757
2377 46 6083760
2377 44 6083763
2238 47 6083766
2380 46 6083769
2375 45 6083772
2375 49 6083775
2374 41 6083778
2379 46 6083782
2376 46 6083784
2376 44 6083787
2375 42 6083790
2374 47 6083793
2375 43 6083796
2374 44 6083799
2376 47 6083802
2376 42 6083805
2373 40 6083808
2368 43 6083811
2377 46 6083815
2373 43 6083817
2376 42 6083820
2375 44 6083823
2375 43 6083826
2375 43 6083829
2373 40 6083832
2377 43 6083835
2375 41 6083838
2376 40 6083841
2376 40 6083844
2377 41 6083848
2403 37 6083850
2374 44 6083853
2374 39 6083856
2375 43 6083859
2375 38 6083862
2378 44 6083865
2376 42 6083868
2374 37 6083871
2367 39 6083874
2378 37 6083877
2375 42 6083881
2376 38 6083883
2374 30 6083886
2375 37 6083889
2362 40 6083892
2377 0 6083895
2376 37 6083898
2376 39 6083901
2375 34 6083904
2379 36 6083907
2375 36 6083910
2375 41 6083914
2375 33 6083916
2377 37 6083919
2374 35 6083922
2374 35 6083925
2377 35 6083928
2374 35 6083931
2376 40 6083934
2373 567 6083937
2375 35 6083940
2372 35 6083943
2378 37 6083947
2375 32 6083949
2376 36 6083952
2376 36 6083955
2375 36 6083958
2376 35 6083961
2378 39 6083964
2379 38 6083967
2377 36 6083970
2377 38 6083973
2383 36 6083976
2374 169 6083980
2375 34 6083982
2373 36 6083985
2376 34 6083988
2373 37 6083991
2377 36 6083994
2377 36 6083999
2378 37 6084002
2375 35 6084005
2376 34 6084008
2376 35 6084011
2376 35 6084014
2375 34 6084017
2382 75 6084020
2373 35 6084023
2378 33 6084026
2373 31 6084029
2376 36 6084032
2375 33 6084035
2376 33 6084038
2376 38 6084041
2375 33 6084044
2375 35 6084047
2373 32 6084050
2373 34 6084053
2375 34 6084056
2375 0 6084059
2374 32 6084062
2378 35 6084065
2375 31 6084068
2373 31 6084071
2375 32 6084074
2376 33 6084077
2375 32 6084080
2374 32 6084083
2378 32 6084086
2374 33 6084089
2376 34 6084092
2375 33 6084095
2376 34 6084098
2376 26 6084101
2343 32 6084104
2376 28 6084107
2374 35 6084110
2375 33 6084113
2375 32 6084116
2377 33 6084119
2373 32 6084122
2376 36 6084125
2374 31 6084128
2374 33 6084131
2374 33 6084134
2378 33 6084137
2377 34 6084140
2324 35 6084143
2372 33 6084146
2377 33 6084149
2373 29 6084152
2375 38 6084155
2379 34 6084158
2371 30 6084161
2376 32 6084164
2376 31 6084167
2375 30 6084170
2373 34 6084173
2375 34 6084176
2378 33 6084179
2375 29 6084182
2372 206 6084185
2377 32 6084188
2378 31 6084191
2374 32 6084194
2375 30 6084197
2372 29 6084200
2381 29 6084203
2375 34 6084206
2375 30 6084209
2375 32 6084212
2378 31 6084215
2376 31 6084218
2376 31 6084221
2374 31 6084224
2366 30 6084227
2378 31 6084230
2373 33 6084233
2377 32 6084236
2373 31 6084239
2375 31 6084242
2376 34 6084245
2379 31 6084248
2375 32 6084251
2377 31 6084254
2375 33 6084257
2373 31 6084260
2376 33 6084263
2375 31 6084266
