128 1656 6919298
224 1662 6919301
225 1659 6919304
210 1657 6919307
237 1664 6919310
224 1654 6919313
225 1662 6919316
229 1659 6919319
225 1657 6919322
227 1659 6919325
226 1655 6919328
225 1657 6919331
227 1658 6919334
228 1658 6919337
221 1640 6919340
285 1657 6919343
229 1659 6919346
211 1658 6919349
238 1662 6919352
225 1653 6919355
225 1662 6919358
228 1657 6919361
225 1656 6919364
225 1659 6919367
225 1658 6919370
224 1658 6919373
227 1660 6919376
228 1657 6919379
227 1658 6919382
233 1673 6919385
222 1660 6919388
225 1662 6919391
245 1661 6919394
221 1650 6919397
225 1662 6919400
229 1652 6919403
219 1659 6919406
229 1659 6919409
228 1656 6919412
227 1658 6919415
226 1658 6919418
227 1656 6919421
225 1658 6919424
226 1658 6919427
231 1654 6919430
228 1672 6919433
244 1652 6919436
220 1648 6919439
230 1662 6919442
228 1657 6919445
226 1658 6919448
227 1658 6919451
228 1657 6919454
225 1656 6919457
224 1658 6919460
227 1656 6919463
225 1656 6919466
229 1658 6919469
226 1657 6919472
227 1660 6919475
234 1658 6919478
216 1670 6919481
234 1659 6919484
223 1654 6919487
225 1661 6919490
224 1656 6919493
224 1656 6919496
228 1659 6919499
228 1657 6919502
225 1658 6919505
231 1659 6919508
226 1657 6919511
221 1717 6919514
228 1656 6919517
223 1639 6919520
231 1670 6919523
226 1654 6919526
225 1659 6919529
230 1659 6919532
226 1658 6919535
225 1658 6919538
225 1658 6919541
229 1659 6919544
228 1660 6919547
227 1658 6919550
225 1655 6919553
227 1647 6919556
251 1652 6919559
226 1677 6919562
242 1648 6919565
215 1657 6919568
229 1662 6919571
225 1655 6919574
224 1659 6919577
228 1661 6919580
224 1657 6919583
225 1657 6919586
227 1659 6919589
223 1655 6919592
225 1658 6919595
228 1681 6919598
271 1653 6919601
233 1651 6919604
188 1652 6919607
246 1671 6919610
222 1651 6919613
223 1660 6919616
231 1650 6919619
227 1657 6919622
226 1657 6919625
226 1657 6919628
253 1658 6919631
228 1659 6919634
223 1658 6919637
227 1659 6919640
231 1689 6919643
219 1658 6919646
252 1666 6919649
203 1641 6919652
228 1669 6919655
229 1655 6919658
222 1657 6919661
230 1664 6919664
226 1657 6919667
224 1658 6919670
228 1659 6919673
227 1657 6919676
227 1660 6919679
229 1659 6919682
199 1659 6919685
227 1658 6919688
225 1675 6919691
251 1663 6919694
216 1646 6919697
228 1668 6919700
227 1656 6919703
219 1656 6919706
229 1659 6919709
225 1658 6919712
224 1662 6919715
226 1657 6919718
226 1659 6919721
224 1656 6919724
226 1541 6919727
228 1667 6919730
223 1623 6919733
227 1682 6919736
235 1651 6919739
219 1657 6919742
231 1659 6919745
228 1656 6919748
224 1659 6919751
228 1659 6919754
226 1653 6919757
224 1658 6919760
227 1657 6919763
229 1658 6919766
237 1657 6919769
210 1667 6919772
225 1633 6919775
196 1657 6919778
241 1670 6919781
227 1649 6919784
224 1659 6919787
230 1657 6919790
225 1656 6919793
227 1659 6919796
226 1658 6919799
225 1658 6919802
226 1657 6919805
227 1659 6919808
278 1663 6919811
213 1666 6919814
225 1642 6919817
187 1651 6919820
239 1669 6919823
226 1650 6919826
223 1665 6919829
230 1660 6919832
222 1656 6919835
226 1660 6919838
227 1657 6919841
226 1658 6919844
224 1658 6919847
227 1655 6919850
564 1660 6919853
218 1665 6919856
222 1640 6919859
198 1651 6919862
239 1671 6919865
225 1651 6919868
217 1658 6919871
227 1658 6919874
232 1657 6919877
243 1659 6919880
248 1658 6919883
239 1663 6919886
232 1710 6919889
222 1783 6919892
239 1824 6919895
204 1848 6919898
206 1789 6919901
196 1831 6919904
230 1816 6919907
205 1811 6919910
210 1822 6919913
215 1817 6919916
210 1818 6919919
211 1821 6919922
212 1817 6919925
210 1819 6919928
213 1821 6919931
211 1821 6919934
188 1864 6919937
214 1818 6919940
214 1814 6919943
233 1840 6919946
208 1806 6919949
206 1823 6919952
216 1822 6919955
235 1817 6919958
213 1823 6919961
214 1822 6919964
209 1817 6919967
212 1818 6919970
213 1819 6919973
214 1822 6919976
212 1846 6919979
202 1819 6919982
231 1851 6919985
200 1800 6919988
206 1829 6919991
218 1822 6919994
206 1817 6919999
213 1816 6920002
211 1818 6920005
210 1817 6920008
211 1822 6920011
210 1820 6920014
212 1817 6920017
233 1820 6920020
202 1819 6920023
208 1828 6920026
185 1785 6920029
226 1826 6920032
208 1828 6920035
210 1812 6920038
212 1825 6920041
209 1821 6920044
215 1820 6920047
212 1818 6920049
211 1820 6920052
212 1823 6920055
208 1820 6920058
213 1820 6920061
236 1800 6920064
209 1811 6920067
247 1826 6920070
205 1837 6920073
212 1806 6920076
221 1826 6920080
215 1816 6920082
221 1819 6920085
221 1822 6920088
224 1818 6920091
224 1821 6920094
222 1817 6920097
225 1817 6920100
225 1816 6920103
226 1897 6920106
236 1807 6920109
200 1815 6920113
233 1789 6920115
242 1835 6920118
227 1815 6920121
234 1818 6920124
231 1822 6920127
230 1816 6920130
232 1815 6920133
232 1818 6920136
233 1818 6920139
236 1821 6920142
234 1822 6920146
228 1816 6920148
223 1850 6920151
245 1819 6920154
234 1863 6920157
222 1799 6920160
237 1819 6920163
226 1822 6920166
233 1815 6920169
231 1818 6920172
235 1820 6920175
232 1820 6920179
230 1815 6920181
230 1822 6920184
232 1819 6920187
247 1818 6920190
228 1763 6920193
225 1823 6920196
218 1779 6920199
244 1836 6920202
223 1819 6920205
231 1813 6920208
229 1822 6920212
225 1813 6920214
231 1819 6920217
227 1821 6920220
228 1817 6920223
229 1818 6920226
228 1819 6920229
230 1819 6920232
260 1823 6920235
226 1810 6920238
255 1842 6920241
205 1807 6920245
231 1807 6920247
226 1826 6920250
221 1814 6920253
231 1818 6920256
226 1821 6920259
225 1816 6920262
226 1819 6920265
220 1816 6920268
226 1816 6920271
224 1820 6920274
0 1818 6920278
226 1814 6920280
187 1817 6920283
239 1807 6920286
222 1836 6920289
217 1808 6920292
227 1800 6920295
219 1822 6920298
221 1815 6920301
224 1819 6920304
221 1820 6920307
225 1820 6920311
219 1816 6920313
221 1818 6920316
201 1821 6920319
215 1863 6920322
222 1817 6920325
242 1855 6920328
207 1813 6920331
224 1813 6920334
219 1825 6920337
217 1815 6920340
222 1821 6920344
217 1818 6920346
221 1820 6920349
220 1821 6920352
223 1820 6920355
221 1820 6920358
218 1819 6920361
207 1824 6920364
218 1820 6920367
201 1832 6920370
216 1794 6920373
228 1829 6920377
214 1819 6920379
220 1815 6920382
220 1825 6920385
217 1819 6920388
219 1821 6920391
217 1820 6920394
217 1818 6920397
219 1819 6920400
217 1820 6920403
43 1830 6920406
225 1817 6920410
179 1813 6920412
236 1807 6920415
218 1836 6920418
212 1811 6920421
224 1823 6920424
215 1820 6920427
216 1816 6920430
213 1820 6920433
216 1816 6920436
219 1819 6920439
214 1821 6920443
215 1818 6920445
196 1820 6920448
219 1844 6920451
216 1816 6920454
241 1813 6920457
210 1839 6920460
210 1806 6920463
220 1821 6920466
212 1819 6920469
218 1819 6920472
219 1821 6920476
214 1814 6920478
214 1820 6920481
216 1821 6920484
212 1819 6920487
215 1821 6920490
227 1798 6920493
216 1816 6920496
227 1821 6920499
221 1847 6920502
206 1806 6920505
221 1821 6920509
212 1821 6920511
216 1817 6920514
213 1824 6920517
216 1819 6920520
217 1822 6920523
213 1819 6920526
214 1818 6920529
215 1819 6920532
189 1820 6920535
217 1866 6920538
214 1819 6920542
238 1811 6920544
207 1836 6920547
213 1808 6920550
218 1826 6920553
211 1820 6920556
211 1820 6920559
212 1819 6920562
213 1817 6920565
215 1819 6920568
213 1820 6920571
214 1819 6920575
214 1816 6920577
0 1827 6920580
219 1818 6920583
177 1816 6920586
236 1814 6920589
209 1834 6920592
209 1810 6920595
217 1823 6920598
211 1816 6920601
214 1821 6920604
214 1824 6920608
209 1817 6920610
213 1821 6920613
213 1821 6920616
213 1820 6920619
212 1832 6920622
212 1827 6920625
214 1818 6920628
195 1827 6920631
212 1795 6920634
219 1831 6920637
207 1819 6920641
214 1814 6920643
211 1820 6920646
213 1820 6920649
210 1821 6920652
213 1819 6920655
212 1819 6920658
214 1823 6920661
211 1820 6920664
190 1818 6920667
210 1888 6920670
213 1820 6920674
231 1850 6920676
196 1812 6920679
219 1815 6920682
216 1828 6920685
210 1815 6920688
214 1822 6920691
211 1819 6920694
212 1818 6920697
213 1819 6920700
214 1821 6920703
211 1821 6920707
208 1815 6920709
215 2162 6920712
220 1805 6920715
192 1817 6920718
206 1787 6920721
224 1835 6920724
204 1818 6920727
213 1816 6920730
214 1822 6920733
210 1817 6920736
213 1819 6920740
210 1818 6920742
215 1820 6920745
211 1823 6920748
213 1818 6920751
211 1818 6920754
274 1802 6920757
209 1816 6920760
240 1820 6920763
206 1839 6920766
205 1807 6920769
220 1825 6920773
208 1816 6920775
216 1820 6920778
215 1827 6920781
212 1820 6920784
212 1819 6920787
211 1821 6920790
211 1819 6920793
209 1819 6920796
214 1822 6920799
197 1826 6920802
211 1824 6920806
181 1809 6920808
222 1803 6920811
217 1834 6920814
210 1815 6920817
216 1820 6920820
210 1822 6920823
211 1820 6920826
212 1819 6920829
210 1818 6920832
216 1823 6920835
210 1820 6920839
213 1814 6920841
184 1822 6920844
212 1837 6920847
216 1817 6920850
239 1835 6920853
199 1828 6920856
212 1805 6920859
212 1821 6920862
207 1818 6920865
213 1819 6920868
212 1821 6920872
210 1816 6920874
212 1820 6920877
210 1820 6920880
212 1818 6920883
212 1820 6920886
218 1819 6920889
213 1807 6920892
211 1817 6920895
195 1792 6920898
224 1826 6920901
210 1827 6920905
212 1813 6920907
213 1823 6920910
213 1819 6920913
216 1819 6920916
212 1822 6920919
209 1819 6920922
209 1817 6920925
211 1821 6920928
211 1817 6920931
244 1802 6920934
211 1815 6920938
246 1824 6920940
199 1833 6920943
210 1807 6920946
217 1815 6920949
209 1818 6920952
211 1818 6920955
234 1820 6920958
210 1816 6920961
214 1819 6920964
212 1824 6920967
212 1822 6920971
213 1818 6920973
186 1817 6920976
212 1863 6920979
211 1818 6920982
234 1810 6920985
208 1838 6920988
206 1807 6920991
216 1822 6920994
208 1819 6920999
213 1819 6921002
208 1819 6921005
210 1820 6921008
212 1818 6921011
209 1819 6921014
210 1824 6921017
211 1808 6921020
213 1824 6921023
212 1824 6921026
195 1834 6921029
225 1818 6921032
204 1817 6921035
214 1826 6921038
214 1818 6921041
208 1821 6921044
211 1820 6921047
210 1819 6921050
212 1819 6921053
211 1822 6921056
213 1822 6921059
212 1821 6921062
199 1861 6921065
207 1818 6921068
212 1830 6921071
220 1814 6921074
211 1818 6921077
212 1822 6921080
212 1820 6921083
210 1822 6921086
212 1817 6921089
212 1821 6921092
211 1821 6921095
209 1820 6921098
216 1822 6921101
213 1819 6921104
212 1822 6921107
222 1815 6921110
212 1837 6921113
207 1826 6921116
212 1816 6921119
213 1817 6921122
210 1819 6921125
211 1819 6921128
207 1820 6921131
211 1822 6921134
209 1822 6921137
212 1822 6921140
208 1820 6921143
212 1819 6921146
210 1764 6921149
211 1821 6921152
214 1819 6921155
214 1822 6921158
209 1822 6921161
206 1817 6921164
211 1820 6921167
211 1822 6921170
211 1821 6921173
211 1822 6921176
211 1821 6921179
212 1820 6921182
211 1818 6921185
210 1819 6921188
212 1821 6921191
211 1846 6921194
207 1819 6921197
209 1819 6921200
215 1821 6921203
215 1824 6921206
212 1821 6921209
212 1818 6921212
212 1817 6921215
211 1820 6921218
209 1820 6921221
212 1817 6921224
213 1824 6921227
210 1820 6921230
209 1818 6921233
273 1820 6921236
210 1823 6921239
214 1820 6921242
211 1816 6921245
211 1821 6921248
211 1820 6921251
210 1820 6921254
211 1821 6921257
212 1821 6921260
211 1819 6921263
212 1822 6921266
213 1823 6921269
211 1820 6921272
211 1818 6921275
210 1824 6921278
224 1820 6921281
212 1818 6921284
195 1821 6921287
214 1823 6921290
213 1820 6921293
210 1822 6921296
210 1822 6921299
213 1821 6921302
212 1820 6921305
213 1822 6921308
214 1822 6921311
211 1821 6921314
209 1819 6921317
213 1923 6921320
133 1819 6921323
212 1821 6921326
212 1816 6921329
207 1820 6921332
213 1820 6921335
211 1821 6921338
216 1824 6921341
212 1819 6921344
212 1821 6921347
212 1817 6921350
208 1819 6921353
212 1820 6921356
212 1821 6921359
209 1817 6921362
211 1817 6921365
213 1821 6921368
212 1825 6921371
215 1820 6921374
211 1817 6921377
213 1817 6921380
209 1818 6921383
210 1817 6921386
212 1823 6921389
214 1823 6921392
209 1817 6921395
211 1821 6921398
211 1820 6921401
209 1821 6921404
224 1734 6921407
208 1821 6921410
211 1816 6921413
209 1819 6921416
211 1822 6921419
213 1822 6921422
213 1819 6921425
210 1819 6921428
210 1821 6921431
212 1819 6921434
212 1820 6921437
211 1823 6921440
213 1818 6921443
212 1821 6921446
144 1819 6921449
211 1819 6921452
213 1823 6921455
214 1819 6921458
208 1819 6921461
211 1818 6921464
211 1819 6921467
208 1821 6921470
214 1823 6921473
215 1818 6921476
208 1821 6921479
211 1821 6921482
211 1813 6921485
212 1820 6921488
211 1835 6921491
126 1820 6921494
212 1820 6921497
207 1820 6921500
210 1823 6921503
210 1822 6921506
213 1822 6921509
212 1822 6921512
211 1819 6921515
206 1819 6921518
213 1822 6921521
213 1820 6921524
211 1821 6921527
212 1821 6921530
212 1820 6921533
211 1819 6921536
205 1822 6921539
212 1823 6921542
212 1820 6921545
209 1819 6921548
210 1820 6921551
210 1821 6921554
210 1820 6921557
212 1820 6921560
213 1820 6921563
213 1821 6921566
212 1818 6921569
210 1822 6921572
211 1817 6921575
211 1822 6921578
217 1818 6921581
211 1823 6921584
211 1817 6921587
209 1818 6921590
212 1822 6921593
213 1820 6921596
211 1820 6921599
212 1828 6921602
212 1820 6921605
211 1820 6921608
212 1821 6921611
207 1820 6921614
211 1818 6921617
210 1360 6921620
209 1818 6921623
212 1818 6921626
215 1820 6921629
212 1819 6921632
213 1822 6921635
213 1820 6921638
209 1821 6921641
212 1820 6921644
211 1820 6921647
209 1819 6921650
209 1821 6921653
216 1821 6921656
210 1817 6921659
210 1821 6921662
213 1818 6921665
203 1821 6921668
208 1824 6921671
215 1818 6921674
210 1819 6921677
211 1817 6921680
211 1817 6921683
213 1821 6921686
212 1820 6921689
211 1820 6921692
215 1823 6921695
215 1820 6921698
211 1822 6921701
213 1819 6921704
210 1820 6921707
205 1823 6921710
211 1820 6921713
212 1823 6921716
212 1820 6921719
213 1820 6921722
210 1820 6921725
212 1819 6921728
212 1821 6921731
214 1821 6921734
209 1820 6921737
212 1818 6921740
213 1821 6921743
211 1823 6921746
211 1818 6921749
214 1828 6921752
414 1821 6921755
208 1816 6921758
208 1818 6921761
212 1822 6921764
213 1823 6921767
211 1820 6921770
212 1821 6921773
210 1822 6921776
211 1818 6921779
213 1819 6921782
211 1822 6921785
211 1820 6921788
210 1817 6921791
212 1821 6921794
213 1818 6921797
204 1821 6921800
213 1823 6921803
213 1821 6921806
210 1819 6921809
210 1820 6921812
212 1821 6921815
212 1821 6921818
214 1822 6921821
212 1821 6921824
212 1820 6921827
214 1820 6921830
210 1820 6921833
210 1821 6921836
210 1818 6921839
163 1771 6921842
212 1818 6921845
211 1814 6921848
209 1821 6921851
212 1821 6921854
208 1819 6921857
208 1823 6921860
213 1821 6921863
210 1822 6921866
213 1818 6921869
207 1817 6921872
213 1821 6921875
209 1820 6921878
212 1821 6921881
213 1822 6921884
213 1867 6921887
211 1819 6921890
207 1821 6921893
214 1821 6921896
210 1820 6921899
211 1821 6921902
211 1820 6921905
212 1821 6921908
210 1818 6921911
213 1819 6921914
211 1822 6921917
212 1820 6921920
208 1817 6921923
208 1822 6921926
212 1812 6921929
211 1819 6921932
215 1822 6921935
215 1819 6921938
208 1820 6921941
211 1818 6921944
208 1817 6921947
211 1834 6921950
214 1820 6921953
210 1820 6921956
212 1821 6921959
212 1821 6921962
208 1823 6921965
212 1821 6921968
210 1816 6921971
211 1904 6921974
602 1819 6921977
210 1818 6921980
208 1816 6921983
210 1822 6921986
211 1819 6921989
213 1820 6921992
212 1821 6921995
211 1821 6921999
211 1819 6922002
214 1815 6922005
208 1821 6922008
211 1820 6922011
211 1819 6922014
212 1820 6922017
212 1817 6922020
215 1819 6922023
211 1817 6922026
212 1823 6922029
213 1821 6922031
211 1819 6922034
210 1819 6922037
210 1823 6922040
211 1821 6922043
210 1820 6922046
217 1822 6922049
214 1818 6922052
211 1818 6922055
212 1818 6922058
211 1818 6922061
212 1824 6922064
212 1821 6922067
213 1825 6922070
213 1817 6922073
208 1820 6922076
212 1820 6922079
210 1819 6922082
209 1822 6922085
211 1820 6922088
209 1820 6922091
209 1819 6922094
211 1820 6922097
213 1824 6922100
215 1821 6922103
211 1818 6922106
215 1977 6922109
208 1817 6922112
211 1818 6922115
212 1822 6922118
214 1822 6922121
211 1820 6922124
212 1819 6922127
212 1820 6922130
210 1821 6922133
213 1819 6922136
208 1820 6922139
212 1822 6922142
212 1820 6922145
213 1823 6922148
214 1820 6922151
210 1805 6922154
211 1820 6922157
211 1822 6922160
210 1817 6922163
209 1818 6922166
213 1820 6922169
209 1818 6922172
212 1821 6922175
212 1821 6922178
213 1823 6922181
213 1818 6922184
210 1819 6922187
210 1819 6922190
210 1818 6922193
211 1817 6922196
348 1820 6922199
212 1821 6922202
208 1816 6922205
214 1823 6922208
212 1819 6922211
211 1822 6922214
211 1821 6922217
211 1819 6922220
212 1822 6922223
210 1818 6922226
210 1820 6922229
212 1821 6922232
213 1824 6922235
211 1819 6922238
0 1820 6922241
217 1820 6922244
206 1822 6922247
211 1820 6922250
211 1820 6922253
213 1819 6922256
210 1819 6922259
211 1821 6922262
213 1819 6922265
214 1824 6922268
210 1820 6922271
211 1820 6922274
214 1816 6922277
208 1822 6922280
211 1821 6922283
213 1828 6922286
193 1823 6922289
213 1824 6922292
209 1818 6922295
213 1820 6922298
211 1820 6922301
207 1817 6922304
213 1822 6922307
215 1822 6922310
211 1823 6922313
211 1818 6922316
212 1820 6922319
212 1821 6922322
212 1817 6922325
213 1826 6922328
183 1818 6922331
213 1815 6922334
210 1820 6922337
211 1821 6922340
214 1821 6922343
213 1821 6922346
210 1822 6922349
209 1819 6922352
212 1819 6922355
212 1818 6922358
210 1818 6922361
213 1820 6922364
211 1818 6922367
212 1819 6922370
217 1796 6922373
213 1818 6922376
210 1816 6922379
209 1819 6922382
213 1818 6922385
212 1821 6922388
209 1821 6922391
211 1819 6922394
212 1820 6922397
213 1820 6922400
210 1819 6922403
212 1819 6922406
211 1818 6922409
210 1820 6922412
210 2040 6922415
212 1823 6922418
211 1820 6922421
217 1819 6922424
210 1817 6922427
212 1821 6922430
211 1818 6922433
211 1820 6922436
210 1820 6922439
212 1822 6922442
212 1820 6922445
212 1820 6922448
213 1820 6922451
211 1822 6922454
216 1820 6922457
211 1822 6922460
224 1820 6922463
211 1816 6922466
211 1822 6922469
212 1820 6922472
213 1820 6922475
224 1822 6922478
213 1823 6922481
212 1819 6922484
211 1814 6922487
210 1821 6922490
216 1819 6922493
211 1820 6922496
213 1820 6922499
210 1819 6922502
220 1738 6922505
213 1822 6922508
212 1821 6922511
209 1820 6922514
214 1820 6922517
209 1820 6922520
211 1819 6922523
210 1818 6922526
212 1820 6922529
213 1820 6922532
210 1821 6922535
215 1820 6922538
213 1821 6922541
215 1822 6922544
211 1818 6922547
217 1824 6922550
212 1822 6922553
211 1823 6922556
253 1497 6908153
257 1503 6908156
258 1497 6908159
254 1500 6908162
255 1498 6908165
252 1496 6908168
254 1499 6908171
256 1502 6908174
252 1500 6908177
252 1514 6908180
258 1487 6908183
280 1494 6908186
256 1502 6908189
255 1496 6908192
256 1501 6908195
257 1497 6908198
254 1496 6908201
253 1500 6908204
256 1496 6908207
259 1498 6908210
257 1498 6908213
259 1566 6908216
252 1491 6908219
256 1499 6908222
234 1515 6908225
251 1505 6908228
260 1494 6908231
253 1498 6908234
257 1499 6908237
253 1494 6908240
255 1500 6908243
256 1498 6908246
255 1499 6908249
253 1498 6908252
255 1495 6908255
257 1500 6908258
227 1573 6908261
256 1498 6908264
254 1484 6908267
264 1502 6908270
247 1493 6908273
255 1501 6908276
257 1497 6908279
253 1497 6908282
254 1498 6908285
251 1498 6908288
254 1498 6908291
256 1500 6908294
253 1499 6908297
255 1497 6908300
256 1502 6908303
249 1499 6908306
252 1515 6908309
246 1488 6908312
265 1496 6908315
257 1500 6908318
250 1498 6908321
259 1500 6908324
256 1498 6908327
255 1498 6908330
257 1487 6908333
254 1500 6908336
253 1497 6908339
257 1498 6908342
280 1517 6908345
297 1499 6908348
253 1497 6908351
232 1492 6908354
258 1506 6908357
254 1493 6908360
253 1500 6908363
258 1498 6908366
255 1497 6908369
255 1500 6908372
255 1498 6908375
257 1499 6908378
257 1498 6908381
255 1496 6908384
253 1497 6908387
238 1347 6908390
255 1497 6908393
254 1509 6908396
265 1499 6908399
246 1500 6908402
254 1500 6908405
257 1494 6908408
255 1499 6908411
259 1498 6908414
253 1498 6908417
255 1498 6908420
255 1498 6908423
255 1500 6908426
255 1502 6908429
253 1503 6908432
251 1498 6908435
254 1513 6908438
248 1485 6908441
264 1495 6908444
260 1500 6908447
249 1495 6908450
256 1500 6908453
257 1499 6908456
253 1501 6908459
256 1497 6908462
257 1499 6908465
256 1499 6908468
252 1497 6908471
253 1496 6908474
0 1503 6908477
259 1500 6908480
235 1492 6908483
254 1505 6908486
254 1492 6908489
253 1500 6908492
259 1498 6908495
253 1495 6908498
254 1498 6908501
254 1496 6908504
255 1497 6908507
256 1501 6908510
259 1497 6908513
253 1498 6908516
242 1480 6908519
254 1497 6908522
250 1514 6908525
259 1492 6908528
252 1502 6908531
262 1503 6908534
252 1496 6908537
255 1498 6908540
255 1499 6908543
256 1501 6908546
253 1497 6908549
256 1498 6908552
257 1500 6908555
256 1498 6908558
198 1497 6908561
257 1497 6908564
253 1484 6908567
239 1499 6908570
255 1502 6908573
254 1494 6908576
256 1502 6908579
255 1497 6908582
255 1499 6908585
257 1500 6908588
257 1500 6908591
255 1499 6908594
255 1496 6908597
253 1496 6908600
252 1479 6908603
326 1498 6908606
255 1498 6908609
261 1509 6908612
253 1490 6908615
265 1500 6908618
259 1502 6908621
253 1497 6908624
253 1497 6908627
254 1498 6908630
255 1499 6908633
255 1497 6908636
256 1497 6908639
256 1499 6908642
256 1498 6908645
256 1496 6908648
254 1496 6908651
259 1482 6908654
249 1493 6908657
256 1506 6908660
254 1495 6908663
255 1500 6908666
257 1497 6908669
243 1498 6908672
257 1500 6908675
258 1499 6908678
253 1479 6908681
256 1500 6908684
255 1495 6908687
232 1536 6908690
255 1497 6908693
255 1483 6908696
260 1510 6908699
249 1493 6908702
262 1498 6908705
258 1497 6908708
255 1500 6908711
254 1498 6908714
253 1498 6908717
257 1500 6908720
258 1499 6908723
254 1499 6908726
256 1500 6908729
253 1501 6908732
256 1499 6908735
255 1500 6908738
237 1520 6908741
253 1503 6908744
259 1493 6908747
253 1501 6908750
260 1500 6908753
253 1497 6908756
256 1500 6908759
254 1496 6908762
253 1498 6908765
256 1499 6908768
255 1499 6908771
255 1484 6908774
301 1497 6908777
254 1492 6908780
256 1509 6908783
255 1490 6908786
268 1502 6908789
260 1500 6908792
254 1495 6908795
253 1499 6908798
257 1498 6908801
254 1501 6908804
256 1499 6908807
255 1500 6908810
255 1500 6908813
255 1566 6908816
253 1496 6908819
255 1500 6908822
241 1480 6908825
253 1499 6908828
262 1497 6908831
251 1499 6908834
257 1500 6908837
256 1495 6908840
256 1502 6908843
255 1497 6908846
254 1497 6908849
257 1501 6908852
257 1501 6908855
257 1499 6908858
247 1509 6908861
254 1500 6908864
251 1513 6908867
257 1483 6908870
252 1501 6908873
255 1500 6908876
251 1495 6908879
257 1503 6908882
258 1500 6908885
256 1499 6908888
256 1500 6908891
257 1495 6908894
251 1500 6908897
253 1497 6908900
244 1537 6908903
259 1499 6908906
256 1472 6908909
260 1492 6908912
263 1500 6908915
250 1496 6908918
258 1501 6908921
249 1499 6908924
255 1495 6908927
254 1496 6908930
254 1498 6908933
254 1498 6908936
258 1499 6908939
257 1498 6908942
255 1503 6908945
259 1496 6908948
254 1506 6908951
238 1493 6908954
252 1500 6908957
262 1494 6908960
253 1501 6908963
255 1501 6908966
253 1495 6908969
256 1500 6908972
258 1501 6908975
251 1499 6908978
257 1499 6908981
256 1502 6908984
255 1502 6908987
282 1495 6908990
257 1496 6908993
268 1490 6908996
240 1505 6909000
256 1500 6909003
255 1497 6909006
254 1492 6909009
256 1498 6909012
255 1497 6909015
255 1501 6909018
259 1500 6909021
257 1498 6909024
257 1500 6909027
252 1484 6909029
335 1497 6909032
256 1498 6909035
255 1512 6909038
255 1487 6909041
251 1499 6909044
258 1498 6909047
255 1495 6909050
260 1500 6909053
257 1500 6909056
257 1497 6909059
256 1492 6909062
255 1499 6909065
256 1501 6909068
253 1475 6909071
295 1499 6909074
254 1500 6909077
249 1504 6909080
267 1488 6909083
250 1502 6909086
260 1501 6909089
258 1499 6909092
253 1500 6909095
257 1498 6909098
254 1499 6909101
253 1498 6909104
257 1499 6909107
255 1501 6909110
255 1474 6909113
268 1495 6909116
254 1498 6909119
248 1504 6909122
264 1496 6909125
251 1503 6909128
258 1502 6909131
255 1496 6909134
250 1498 6909137
257 1498 6909140
255 1497 6909143
256 1500 6909146
256 1500 6909149
255 1495 6909152
255 1478 6909155
291 1498 6909158
252 1497 6909161
243 1512 6909164
259 1490 6909167
247 1498 6909170
259 1497 6909173
256 1498 6909176
256 1502 6909179
256 1498 6909182
255 1498 6909185
260 1502 6909188
256 1496 6909191
254 1498 6909194
254 1508 6909197
247 1501 6909200
253 1509 6909203
267 1488 6909206
247 1503 6909209
256 1502 6909212
254 1495 6909215
255 1503 6909218
258 1498 6909221
253 1498 6909224
256 1496 6909227
253 1498 6909230
257 1501 6909233
252 1496 6909236
251 1631 6909239
262 1496 6909242
257 1474 6909245
276 1494 6909248
259 1501 6909251
248 1495 6909254
258 1501 6909257
257 1505 6909260
257 1501 6909263
257 1498 6909266
254 1500 6909269
255 1500 6909272
259 1499 6909275
256 1499 6909278
263 1488 6909281
252 1497 6909284
270 1508 6909287
241 1490 6909290
263 1501 6909293
259 1494 6909296
252 1500 6909299
254 1496 6909302
252 1495 6909305
254 1500 6909308
256 1500 6909311
256 1503 6909314
257 1500 6909317
255 1483 6909320
222 1496 6909323
253 1496 6909326
248 1512 6909329
262 1489 6909332
247 1492 6909335
260 1502 6909338
257 1497 6909341
253 1499 6909344
260 1500 6909347
255 1496 6909350
255 1499 6909353
255 1495 6909356
254 1497 6909359
242 1342 6909362
255 1496 6909365
254 1490 6909368
260 1508 6909371
253 1495 6909374
257 1502 6909377
259 1498 6909380
253 1494 6909383
255 1498 6909386
254 1496 6909389
255 1498 6909392
258 1497 6909395
256 1499 6909398
253 1473 6909401
328 1496 6909404
257 1499 6909407
271 1498 6909410
264 1497 6909413
251 1498 6909416
255 1501 6909419
257 1496 6909422
253 1496 6909425
261 1500 6909428
257 1490 6909431
255 1499 6909434
253 1494 6909437
257 1499 6909440
243 1535 6909443
255 1497 6909446
254 1492 6909449
257 1505 6909452
248 1489 6909455
257 1498 6909458
260 1497 6909461
255 1497 6909464
255 1499 6909467
254 1497 6909470
257 1500 6909473
257 1500 6909476
256 1500 6909479
258 1509 6909482
257 1497 6909485
256 1492 6909488
267 1496 6909491
245 1514 6909494
256 1503 6909497
255 1495 6909500
252 1502 6909503
259 1499 6909506
256 1499 6909509
256 1502 6909512
259 1497 6909515
254 1499 6909518
255 1499 6909521
258 1486 6909524
260 1497 6909527
276 1493 6909530
237 1499 6909533
261 1501 6909536
259 1494 6909539
256 1502 6909542
256 1501 6909545
254 1496 6909548
257 1499 6909551
255 1498 6909554
255 1495 6909557
255 1500 6909560
406 1497 6909563
237 1505 6909566
253 1502 6909569
225 1484 6909572
262 1516 6909575
260 1494 6909578
249 1499 6909581
256 1502 6909584
255 1496 6909587
251 1495 6909590
257 1501 6909593
258 1499 6909596
251 1496 6909599
255 1482 6909602
254 1472 6909605
262 1496 6909608
262 1471 6909611
233 1503 6909614
271 1506 6909617
250 1494 6909620
253 1499 6909623
254 1497 6909626
256 1500 6909629
253 1498 6909632
257 1501 6909635
255 1499 6909638
256 1500 6909641
256 1498 6909644
235 1505 6909647
252 1511 6909650
228 1475 6909653
255 1509 6909656
263 1497 6909659
251 1498 6909662
256 1503 6909665
258 1500 6909668
259 1499 6909671
259 1503 6909674
254 1497 6909677
258 1498 6909680
256 1499 6909683
266 1514 6909686
248 1498 6909689
276 1528 6909692
240 1478 6909695
249 1504 6909698
262 1500 6909701
252 1497 6909704
257 1503 6909707
256 1495 6909710
256 1498 6909713
255 1498 6909716
253 1497 6909719
252 1496 6909722
256 1473 6909725
228 1504 6909728
248 1498 6909731
243 1528 6909734
277 1495 6909737
242 1490 6909740
260 1505 6909743
258 1495 6909746
255 1497 6909749
256 1497 6909752
254 1497 6909755
253 1502 6909758
260 1497 6909761
253 1497 6909764
256 1511 6909767
252 1492 6909770
257 1526 6909773
251 1469 6909776
244 1505 6909779
269 1501 6909782
252 1496 6909785
255 1500 6909788
258 1492 6909791
256 1498 6909794
256 1497 6909797
256 1498 6909800
258 1501 6909803
255 1500 6909806
484 1497 6909809
235 1506 6909812
251 1479 6909815
224 1494 6909818
270 1510 6909821
254 1493 6909824
254 1502 6909827
257 1499 6909830
256 1502 6909833
258 1501 6909836
253 1499 6909839
256 1500 6909842
252 1495 6909845
255 1500 6909848
253 1499 6909851
232 1507 6909854
254 1497 6909857
223 1482 6909860
264 1513 6909863
260 1493 6909866
250 1501 6909869
260 1500 6909872
254 1497 6909875
252 1497 6909878
255 1497 6909881
255 1496 6909884
256 1500 6909887
254 1496 6909890
255 1481 6909893
305 1486 6909896
257 1512 6909899
297 1499 6909902
237 1486 6909905
256 1508 6909908
260 1492 6909911
254 1500 6909914
259 1502 6909917
255 1495 6909920
255 1498 6909923
257 1499 6909926
253 1496 6909929
255 1501 6909932
256 1502 6909935
256 1474 6909938
263 1496 6909941
238 1461 6909944
250 1515 6909947
269 1496 6909950
248 1491 6909953
260 1501 6909956
253 1498 6909959
254 1497 6909962
254 1498 6909965
253 1501 6909968
259 1501 6909971
255 1498 6909974
255 1498 6909977
249 1495 6909980
232 1508 6909983
253 1462 6909986
230 1509 6909989
273 1508 6909992
248 1488 6909995
254 1503 6909999
269 1498 6910002
253 1496 6910005
257 1499 6910008
255 1495 6910011
253 1496 6910014
260 1501 6910017
256 1497 6910020
256 1497 6910023
252 1511 6910026
246 1498 6910029
279 1496 6910031
226 1484 6910034
265 1512 6910037
259 1490 6910040
254 1495 6910043
257 1499 6910046
254 1497 6910049
255 1501 6910052
258 1496 6910055
254 1497 6910058
257 1499 6910061
256 1497 6910064
255 1523 6910067
247 1485 6910070
263 1495 6910073
218 1501 6910076
280 1508 6910079
250 1490 6910082
253 1501 6910085
257 1497 6910088
253 1498 6910091
255 1500 6910094
256 1500 6910097
255 1502 6910100
256 1497 6910103
256 1498 6910106
254 1498 6910109
254 1499 6910112
0 1508 6910115
257 1497 6910118
241 1528 6910121
275 1493 6910124
246 1493 6910127
257 1505 6910130
257 1496 6910133
258 1496 6910136
255 1499 6910139
253 1496 6910142
225 1658 6914550
226 1658 6914553
227 1659 6914556
224 1658 6914559
227 1658 6914562
228 1658 6914565
225 1658 6914567
228 1654 6914570
238 1658 6914573
227 1659 6914576
229 1658 6914579
226 1657 6914582
226 1662 6914585
228 1657 6914588
227 1656 6914591
228 1659 6914594
226 1658 6914597
225 1656 6914600
229 1658 6914603
225 1659 6914606
227 1660 6914609
226 1657 6914612
216 1584 6914615
226 1660 6914618
223 1653 6914621
226 1657 6914624
226 1657 6914627
226 1654 6914630
226 1659 6914633
226 1659 6914636
226 1657 6914639
228 1661 6914642
223 1659 6914645
226 1656 6914648
225 1647 6914651
224 1662 6914654
227 1618 6914657
0 1660 6914660
226 1658 6914663
220 1653 6914666
225 1659 6914669
230 1659 6914672
226 1663 6914675
226 1660 6914678
226 1656 6914681
226 1659 6914684
226 1657 6914687
228 1658 6914690
227 1656 6914693
226 1659 6914696
222 1656 6914699
920 1656 6914702
229 1661 6914705
228 1664 6914708
227 1656 6914711
227 1659 6914714
228 1658 6914717
224 1655 6914720
224 1657 6914723
226 1661 6914726
228 1660 6914729
222 1658 6914732
225 1660 6914735
228 1659 6914738
226 1659 6914741
225 1660 6914744
226 1667 6914747
223 1658 6914750
228 1661 6914753
225 1657 6914756
224 1660 6914759
229 1660 6914762
225 1660 6914765
225 1660 6914768
227 1656 6914771
226 1658 6914774
224 1660 6914777
226 1657 6914780
226 1658 6914783
223 1659 6914786
226 1663 6914789
236 1657 6914792
227 1657 6914795
224 1660 6914798
227 1658 6914801
225 1658 6914804
224 1661 6914807
225 1656 6914810
227 1654 6914813
224 1658 6914816
226 1659 6914819
229 1656 6914822
227 1660 6914825
226 1660 6914828
224 1653 6914831
231 1716 6914834
227 1657 6914837
221 1649 6914840
229 1659 6914843
225 1655 6914846
227 1659 6914849
224 1654 6914852
225 1658 6914855
226 1659 6914858
229 1659 6914861
226 1659 6914864
226 1658 6914867
226 1658 6914870
226 1662 6914873
225 1659 6914876
251 1656 6914879
226 1657 6914882
219 1657 6914885
227 1658 6914888
227 1657 6914891
225 1660 6914894
226 1659 6914897
228 1658 6914900
225 1659 6914903
225 1656 6914906
226 1659 6914909
225 1656 6914912
225 1659 6914915
230 1657 6914918
202 1687 6914921
228 1660 6914924
228 1656 6914927
223 1658 6914930
224 1659 6914933
227 1658 6914936
224 1660 6914939
226 1657 6914942
228 1657 6914945
226 1660 6914948
226 1658 6914951
224 1656 6914954
228 1655 6914957
225 1659 6914960
224 1667 6914963
229 1655 6914966
228 1662 6914969
224 1660 6914972
225 1659 6914975
225 1664 6914978
226 1658 6914981
226 1656 6914984
224 1658 6914987
219 1660 6914990
228 1660 6914993
223 1655 6914996
224 1658 6915000
226 1659 6915003
226 1658 6915006
219 1618 6915009
227 1659 6915012
224 1657 6915015
230 1663 6915018
225 1656 6915021
226 1656 6915024
229 1657 6915027
229 1659 6915030
228 1659 6915032
226 1657 6915035
226 1658 6915038
226 1659 6915041
228 1658 6915044
223 1658 6915047
225 1664 6915050
263 1658 6915053
226 1653 6915056
224 1658 6915059
230 1659 6915062
226 1656 6915065
227 1657 6915068
229 1656 6915071
226 1656 6915074
223 1656 6915077
225 1658 6915080
226 1660 6915083
225 1657 6915086
223 1656 6915089
226 1658 6915092
230 1654 6915095
226 1658 6915098
224 1662 6915101
228 1657 6915104
225 1656 6915107
226 1658 6915110
224 1658 6915113
227 1658 6915116
226 1658 6915119
223 1659 6915122
223 1655 6915125
226 1658 6915128
227 1661 6915131
225 1658 6915134
227 1661 6915137
231 1659 6915140
226 1662 6915143
227 1655 6915146
226 1656 6915149
226 1661 6915152
223 1655 6915155
228 1660 6915158
226 1660 6915161
226 1661 6915164
228 1658 6915167
225 1658 6915170
227 1658 6915173
227 1658 6915176
229 1470 6915179
226 1660 6915182
230 1656 6915185
226 1650 6915188
222 1658 6915191
229 1660 6915194
229 1659 6915197
227 1658 6915200
227 1658 6915203
225 1652 6915206
224 1656 6915209
226 1657 6915212
226 1658 6915215
228 1659 6915218
225 1658 6915221
147 0 6915224
227 1657 6915227
227 1657 6915230
226 1657 6915233
226 1659 6915236
224 1655 6915239
223 1654 6915242
225 1656 6915245
224 1659 6915248
229 1659 6915251
227 1657 6915254
228 1658 6915257
226 1657 6915260
225 1660 6915263
227 1640 6915266
171 1656 6915269
225 1658 6915272
221 1656 6915275
226 1657 6915278
227 1659 6915281
228 1662 6915284
224 1655 6915287
225 1656 6915290
227 1659 6915293
231 1659 6915296
226 1659 6915299
225 1657 6915302
224 1652 6915305
225 1656 6915308
227 1658 6915311
225 1660 6915314
217 1657 6915317
226 1657 6915320
225 1658 6915323
225 1659 6915326
225 1659 6915329
226 1658 6915332
224 1659 6915335
227 1658 6915338
223 1657 6915341
226 1657 6915344
229 1658 6915347
226 1657 6915350
222 1653 6915353
225 1659 6915356
227 1654 6915359
224 1662 6915362
228 1661 6915365
226 1657 6915368
224 1660 6915371
224 1657 6915374
226 1658 6915377
226 1657 6915380
228 1661 6915383
226 1657 6915386
224 1660 6915389
227 1657 6915392
226 1660 6915395
232 1662 6915398
227 1657 6915401
227 1661 6915404
227 1657 6915407
223 1656 6915410
226 1660 6915413
229 1659 6915416
222 1657 6915419
227 1658 6915422
228 1657 6915425
227 1659 6915428
226 1659 6915431
225 1660 6915434
233 1661 6915437
225 1654 6915440
237 1658 6915443
226 1660 6915446
227 1660 6915449
225 1656 6915452
225 1660 6915455
228 1659 6915458
225 1658 6915461
227 1659 6915464
225 1659 6915467
226 1658 6915470
224 1657 6915473
227 1659 6915476
225 1659 6915479
222 1657 6915482
222 1659 6915485
223 1657 6915488
223 1659 6915491
228 1658 6915494
226 1661 6915497
223 1657 6915500
226 1659 6915503
226 1657 6915506
226 1656 6915509
226 1656 6915512
223 1659 6915515
228 1660 6915518
226 1658 6915521
227 1659 6915524
225 1655 6915527
186 1660 6915530
225 1652 6915533
227 1661 6915536
227 1655 6915539
226 1655 6915542
227 1658 6915545
227 1659 6915548
230 1657 6915551
226 1658 6915554
227 1659 6915557
226 1655 6915560
224 1657 6915563
225 1658 6915566
226 1659 6915569
244 1793 6915572
227 1652 6915575
224 1657 6915578
226 1656 6915581
229 1658 6915584
226 1660 6915587
224 1657 6915590
224 1659 6915593
228 1658 6915596
223 1655 6915599
227 1660 6915602
226 1657 6915605
225 1658 6915608
225 1658 6915611
226 1751 6915614
927 1659 6915617
223 1656 6915620
222 1656 6915623
226 1660 6915626
227 1658 6915629
223 1657 6915632
227 1658 6915635
224 1659 6915638
225 1656 6915641
223 1663 6915644
227 1659 6915647
225 1658 6915650
226 1657 6915653
227 1660 6915656
226 1663 6915659
234 1660 6915662
226 1659 6915665
227 1661 6915668
225 1656 6915671
226 1658 6915674
225 1662 6915677
224 1659 6915680
226 1657 6915683
229 1657 6915686
226 1660 6915689
225 1660 6915692
228 1658 6915695
223 1660 6915698
228 1658 6915701
222 1656 6915704
227 1658 6915707
220 1660 6915710
230 1658 6915713
226 1659 6915716
224 1659 6915719
226 1659 6915722
227 1657 6915725
223 1658 6915728
224 1660 6915731
227 1658 6915734
228 1661 6915737
226 1658 6915740
226 1658 6915743
228 1649 6915746
123 1660 6915749
226 1657 6915752
224 1654 6915755
225 1661 6915758
229 1660 6915761
223 1656 6915764
227 1660 6915767
226 1660 6915770
226 1659 6915773
225 1660 6915776
224 1656 6915779
225 1656 6915782
226 1656 6915785
224 1659 6915788
230 1662 6915791
230 1659 6915794
225 1662 6915797
228 1656 6915800
224 1657 6915803
226 1657 6915806
226 1658 6915809
228 1659 6915812
229 1658 6915815
224 1656 6915818
227 1658 6915821
225 1657 6915824
228 1659 6915827
226 1659 6915830
231 1659 6915833
219 1633 6915836
228 1658 6915839
223 1660 6915842
230 1661 6915845
225 1657 6915848
225 1660 6915851
225 1657 6915854
226 1658 6915857
228 1660 6915860
224 1658 6915863
226 1658 6915866
227 1657 6915869
229 1658 6915872
227 1657 6915875
228 1661 6915878
204 1660 6915881
224 1658 6915884
221 1667 6915887
227 1659 6915890
228 1655 6915893
227 1661 6915896
226 1656 6915899
226 1657 6915902
231 1657 6915905
227 1656 6915908
226 1660 6915911
231 1657 6915914
226 1657 6915917
227 1659 6915920
299 1659 6915923
226 1661 6915926
223 1653 6915929
210 1662 6915932
239 1655 6915935
222 1653 6915938
225 1663 6915941
230 1655 6915944
225 1658 6915947
226 1660 6915950
222 1657 6915953
226 1659 6915956
229 1659 6915959
225 1657 6915962
228 1656 6915965
225 1665 6915968
225 1659 6915971
219 1664 6915974
221 1651 6915977
235 1650 6915980
224 1653 6915983
222 1659 6915986
228 1660 6915989
230 1659 6915992
227 1658 6915995
227 1660 6915999
226 1658 6916002
228 1656 6916005
225 1657 6916008
225 1660 6916011
244 1657 6916014
225 1675 6916017
249 1649 6916020
223 1652 6916023
232 1668 6916026
227 1651 6916029
222 1659 6916032
227 1659 6916035
228 1654 6916038
231 1663 6916041
229 1658 6916043
228 1661 6916046
227 1658 6916049
225 1657 6916052
222 1678 6916055
224 1659 6916058
224 1682 6916061
238 1655 6916064
222 1652 6916067
233 1661 6916070
225 1655 6916073
225 1659 6916076
230 1657 6916079
222 1657 6916082
226 1654 6916085
227 1659 6916088
226 1661 6916091
225 1658 6916094
226 1662 6916097
234 1660 6916100
223 1658 6916103
227 1674 6916106
230 1653 6916109
221 1659 6916112
233 1661 6916115
222 1654 6916118
226 1660 6916121
225 1661 6916124
228 1656 6916127
227 1659 6916130
227 1658 6916133
229 1659 6916136
225 1656 6916139
231 1608 6916142
237 1659 6916145
226 1640 6916148
237 1670 6916151
210 1652 6916154
220 1656 6916157
230 1657 6916160
230 1661 6916163
228 1658 6916166
226 1648 6916169
225 1657 6916172
227 1660 6916175
226 1657 6916178
229 1657 6916181
223 1664 6916184
181 1662 6916187
225 1658 6916190
210 1671 6916193
239 1643 6916196
221 1652 6916199
228 1662 6916202
225 1655 6916205
225 1658 6916208
226 1657 6916211
224 1658 6916214
224 1658 6916217
227 1657 6916220
217 1660 6916223
226 1658 6916226
226 1618 6916229
228 1656 6916232
226 1647 6916235
239 1665 6916238
221 1653 6916241
221 1660 6916244
230 1660 6916247
225 1654 6916250
230 1662 6916253
225 1657 6916256
228 1658 6916259
226 1659 6916262
226 1654 6916265
226 1656 6916268
224 1658 6916271
271 1657 6916274
225 1660 6916277
235 1680 6916280
206 1657 6916283
221 1654 6916286
229 1658 6916289
226 1657 6916292
227 1659 6916295
227 1656 6916298
227 1658 6916301
224 1659 6916304
226 1673 6916307
227 1657 6916310
227 1660 6916313
221 1677 6916316
220 1658 6916319
222 1677 6916322
239 1652 6916325
222 1653 6916328
230 1663 6916331
229 1655 6916334
225 1658 6916337
229 1658 6916340
224 1657 6916343
230 1659 6916346
227 1658 6916349
225 1660 6916352
227 1657 6916355
227 1657 6916358
224 1656 6916361
227 1669 6916364
251 1658 6916367
226 1647 6916370
225 1665 6916373
231 1657 6916376
225 1657 6916379
225 1657 6916382
224 1659 6916385
226 1658 6916388
225 1655 6916391
224 1656 6916394
225 1658 6916397
226 1658 6916400
226 1664 6916403
223 1661 6916406
202 1652 6916409
231 1645 6916412
228 1665 6916415
231 1659 6916418
221 1656 6916421
229 1656 6916424
227 1660 6916427
225 1661 6916430
227 1656 6916433
226 1658 6916436
225 1660 6916439
228 1657 6916442
196 1661 6916445
218 1658 6916448
226 1664 6916451
226 1642 6916454
230 1665 6916457
227 1655 6916460
226 1661 6916463
232 1664 6916466
227 1658 6916469
225 1658 6916472
228 1661 6916475
225 1657 6916478
224 1659 6916481
228 1657 6916484
224 1694 6916487
331 1660 6916490
228 1658 6916493
212 1651 6916496
238 1666 6916499
224 1653 6916502
225 1662 6916505
222 1659 6916508
222 1657 6916511
224 1656 6916514
224 1656 6916517
225 1659 6916520
227 1654 6916523
227 1660 6916526
229 1659 6916529
231 1576 6916532
230 1656 6916535
227 1651 6916538
243 1669 6916541
224 1655 6916544
218 1663 6916547
230 1660 6916550
224 1654 6916553
228 1660 6916556
226 1666 6916559
228 1661 6916562
228 1660 6916565
225 1657 6916568
225 1659 6916571
226 1654 6916574
257 1655 6916577
224 1659 6916580
241 1672 6916583
221 1658 6916586
220 1661 6916589
236 1658 6916592
221 1657 6916595
227 1659 6916598
226 1659 6916601
226 1659 6916604
226 1660 6916607
227 1657 6916610
225 1661 6916613
228 1656 6916616
227 1669 6916619
227 1657 6916622
246 1662 6916625
227 1655 6916628
220 1665 6916631
233 1649 6916634
223 1654 6916637
226 1661 6916640
227 1654 6916643
223 1656 6916646
228 1659 6916649
223 1657 6916652
227 1658 6916655
228 1659 6916658
226 1658 6916661
229 1656 6916664
224 1644 6916667
232 1660 6916670
215 1664 6916673
233 1658 6916676
221 1658 6916679
227 1662 6916682
227 1658 6916685
228 1657 6916688
228 1659 6916691
227 1657 6916694
224 1658 6916697
225 1659 6916700
227 1659 6916703
226 1662 6916706
228 1659 6916709
225 1668 6916712
216 1657 6916715
236 1664 6916718
224 1653 6916721
225 1661 6916724
229 1658 6916727
228 1659 6916730
225 1659 6916733
225 1657 6916736
224 1658 6916739
230 1658 6916742
223 1655 6916745
162 1659 6916748
219 1662 6916751
229 1668 6916754
220 1648 6916757
234 1664 6916760
227 1654 6916763
224 1659 6916766
232 1660 6916769
227 1659 6916772
227 1659 6916775
225 1655 6916778
225 1659 6916781
227 1657 6916784
226 1656 6916787
227 1565 6916790
227 1654 6916793
231 1655 6916796
230 1641 6916799
220 1672 6916802
230 1657 6916805
223 1656 6916808
223 1658 6916811
229 1657 6916814
225 1659 6916817
229 1660 6916820
227 1663 6916823
226 1658 6916826
229 1657 6916829
223 1656 6916832
268 1633 6916835
226 1662 6916838
228 1657 6916841
208 1668 6916844
236 1658 6916847
220 1652 6916850
226 1662 6916853
226 1658 6916856
226 1659 6916859
229 1657 6916862
224 1658 6916865
225 1659 6916868
228 1657 6916871
226 1661 6916874
224 1628 6916877
232 1661 6916880
228 1656 6916883
212 1646 6916886
238 1666 6916889
219 1656 6916892
227 1662 6916895
225 1657 6916898
226 1659 6916901
227 1660 6916904
229 1658 6916907
224 1658 6916910
227 1660 6916913
224 1654 6916916
226 1655 6916919
192 1316 6916922
225 1659 6916925
228 1644 6916928
218 1674 6916931
230 1658 6916934
221 1655 6916937
230 1658 6916940
223 1655 6916943
226 1659 6916946
227 1656 6916949
223 1657 6916952
227 1660 6916955
229 1658 6916958
226 1661 6916961
227 1668 6916964
299 1661 6916967
227 1654 6916970
219 1660 6916973
239 1663 6916976
223 1651 6916979
224 1662 6916982
230 1660 6916985
225 1658 6916988
227 1659 6916991
229 1657 6916994
224 1654 6916997
228 1658 6917001
224 1659 6917004
226 1657 6917007
228 1616 6917010
228 1656 6917013
242 1648 6917016
214 1665 6917019
221 1651 6917022
228 1658 6917025
224 1659 6917028
227 1658 6917032
225 1655 6917034
225 1660 6917037
229 1657 6917040
227 1660 6917043
227 1659 6917046
226 1658 6917049
240 1661 6917052
223 1655 6917055
237 1658 6917058
222 1676 6917061
217 1655 6917065
230 1653 6917067
223 1659 6917070
227 1654 6917073
226 1660 6917076
228 1657 6917079
225 1659 6917082
226 1658 6917085
225 1656 6917088
226 1655 6917091
228 1657 6917094
224 1656 6917098
236 1654 6917100
216 1681 6917103
219 1655 6917106
231 1659 6917109
225 1657 6917112
225 1653 6917115
227 1660 6917118
227 1656 6917121
226 1656 6917124
227 1656 6917127
228 1660 6917131
225 1655 6917133
228 1660 6917136
235 1658 6917139
226 1656 6917142
241 1676 6917145
224 1650 6917148
232 1651 6917151
225 1660 6917154
227 1656 6917157
224 1661 6917160
223 1656 6917164
229 1655 6917166
229 1660 6917169
225 1659 6917172
227 1660 6917175
229 1658 6917178
226 1657 6917181
219 1658 6917184
212 1655 6917187
225 1647 6917190
231 1647 6917193
228 1669 6917197
220 1655 6917199
228 1658 6917202
223 1657 6917205
225 1655 6917208
229 1658 6917211
228 1660 6917214
225 1658 6917217
223 1658 6917220
226 1656 6917223
224 1658 6917226
226 1660 6917230
228 1662 6917232
232 1645 6917235
228 1663 6917238
222 1654 6917241
228 1656 6917244
226 1658 6917247
227 1658 6917250
229 1657 6917253
225 1656 6917256
228 1660 6917259
227 1659 6917263
228 1654 6917265
618 1699 6917268
226 1657 6917271
214 1657 6917274
239 1646 6917277
227 1667 6917280
221 1653 6917283
231 1660 6917286
225 1661 6917289
226 1656 6917292
229 1659 6917296
234 1656 6917298
229 1658 6917301
224 1658 6917304
222 1657 6917307
220 1659 6917310
225 1686 6917313
228 1657 6917316
240 1665 6917319
220 1640 6917322
229 1651 6917325
229 1664 6917329
226 1655 6917331
229 1660 6917334
226 1657 6917337
228 1658 6917340
228 1658 6917343
225 1656 6917346
228 1661 6917349
223 1656 6917352
236 1657 6917355
227 1653 6917358
241 1679 6917362
220 1648 6917364
230 1651 6917367
227 1664 6917370
223 1650 6917373
229 1658 6917376
227 1659 6917379
227 1659 6917382
226 1659 6917385
225 1660 6917388
228 1657 6917391
229 1663 6917395
225 1654 6917397
223 1665 6917400
210 1660 6917403
216 1659 6917406
232 1650 6917409
225 1663 6917412
226 1657 6917415
227 1657 6917418
226 1657 6917421
225 1656 6917424
225 1660 6917428
224 1655 6917430
229 1657 6917433
226 1656 6917436
225 1658 6917439
222 1657 6917442
228 1658 6917445
225 1667 6917448
231 1646 6917451
229 1666 6917454
221 1653 6917457
229 1660 6917461
226 1658 6917463
226 1657 6917466
225 1659 6917469
223 1659 6917472
228 1658 6917475
226 1656 6917478
225 1659 6917481
225 1719 6917484
229 1650 6917487
229 1656 6917490
223 1644 6917494
232 1666 6917496
221 1657 6917499
228 1657 6917502
226 1660 6917505
218 1656 6917508
225 1660 6917511
228 1660 6917514
224 1657 6917517
226 1655 6917520
226 1657 6917523
273 1656 6917527
222 1658 6917529
225 1662 6917532
207 1655 6917535
235 1664 6917538
222 1659 6917541
228 1653 6917544
229 1661 6917547
223 1658 6917550
228 1660 6917553
227 1658 6917556
224 1659 6917560
226 1657 6917562
230 1659 6917565
227 1658 6917568
224 1554 6917571
229 1651 6917574
234 1657 6917577
219 1644 6917580
233 1667 6917583
222 1657 6917586
230 1657 6917589
225 1660 6917593
224 1657 6917595
228 1657 6917598
227 1657 6917601
223 1658 6917604
229 1656 6917607
226 1657 6917610
225 1657 6917613
229 1656 6917616
227 1655 6917619
233 1649 6917622
222 1645 6917626
234 1664 6917628
223 1657 6917631
226 1655 6917634
224 1678 6917637
227 1655 6917640
228 1659 6917643
224 1658 6917646
225 1656 6917649
226 1658 6917652
227 1659 6917655
226 1658 6917659
222 1665 6917661
245 1659 6917664
224 1666 6917667
221 1651 6917670
231 1663 6917673
225 1657 6917676
227 1657 6917679
227 1660 6917682
227 1659 6917685
227 1659 6917688
224 1657 6917692
224 1658 6917694
227 1659 6917697
225 1655 6917700
222 1659 6917703
228 1657 6917706
237 1659 6917709
212 1675 6917712
225 1652 6917715
230 1659 6917718
224 1657 6917721
227 1658 6917725
222 1656 6917727
226 1657 6917730
224 1655 6917733
227 1658 6917736
226 1660 6917739
228 1656 6917742
263 1662 6917745
225 923 6917748
223 1656 6917751
225 1640 6917754
230 1676 6917758
218 1651 6917760
226 1655 6917763
224 1663 6917766
226 1657 6917769
228 1658 6917772
226 1658 6917775
226 1657 6917778
226 1655 6917781
227 1658 6917784
228 1658 6917787
226 1661 6917791
224 1659 6917793
220 1660 6917796
211 1658 6917799
235 1656 6917802
225 1664 6917805
226 1653 6917808
228 1660 6917811
226 1655 6917814
225 1658 6917817
227 1660 6917820
226 1657 6917824
227 1657 6917826
226 1659 6917829
225 1657 6917832
223 1658 6917835
225 1654 6917838
246 1671 6917841
224 1651 6917844
228 1656 6917847
228 1664 6917850
225 1655 6917853
227 1660 6917857
224 1656 6917859
229 1658 6917862
225 1658 6917865
224 1658 6917868
227 1655 6917871
225 1657 6917874
255 1659 6917877
226 1098 6917880
222 1660 6917883
229 1642 6917886
231 1673 6917890
217 1649 6917892
228 1656 6917895
227 1661 6917898
224 1656 6917901
228 1661 6917904
227 1660 6917907
225 1658 6917910
222 1655 6917913
226 1656 6917916
227 1659 6917919
229 1658 6917923
225 1660 6917925
216 1662 6917928
213 1662 6917931
234 1655 6917934
225 1662 6917937
226 1653 6917940
229 1658 6917943
223 1655 6917946
227 1657 6917949
228 1657 6917952
227 1658 6917956
227 1657 6917958
227 1658 6917961
225 1647 6917964
238 1662 6917967
229 1655 6917970
250 1664 6917973
226 1638 6917976
227 1649 6917979
231 1663 6917982
223 1655 6917985
229 1660 6917989
228 1654 6917991
227 1656 6917994
226 1657 6917999
226 1656 6918002
226 1658 6918005
225 1658 6918008
170 1843 6918011
227 1660 6918014
227 1644 6918017
229 1671 6918020
232 1653 6918023
222 1658 6918026
234 1659 6918029
223 1654 6918032
227 1659 6918035
228 1658 6918038
228 1657 6918041
225 1656 6918044
227 1660 6918047
227 1658 6918050
226 1654 6918053
227 1654 6918056
227 1656 6918059
233 1653 6918062
216 1663 6918065
235 1660 6918068
223 1655 6918071
229 1659 6918074
229 1659 6918077
225 1654 6918080
228 1658 6918083
225 1656 6918086
226 1661 6918089
230 1660 6918092
230 1655 6918095
222 1659 6918098
231 1655 6918101
225 1675 6918104
206 1661 6918107
217 1656 6918110
232 1663 6918113
229 1656 6918116
224 1658 6918119
227 1658 6918122
228 1659 6918125
228 1659 6918128
224 1657 6918131
227 1659 6918134
226 1659 6918137
226 1659 6918140
227 1654 6918143
225 1658 6918146
240 1677 6918149
218 1655 6918152
217 1659 6918155
234 1658 6918158
226 1661 6918161
225 1660 6918164
229 1657 6918167
226 1660 6918170
227 1657 6918173
228 1658 6918176
225 1658 6918179
228 1659 6918182
228 1655 6918185
248 1655 6918188
225 1665 6918191
248 1631 6918194
223 1649 6918197
226 1665 6918200
226 1657 6918203
217 1658 6918206
226 1662 6918209
227 1659 6918212
227 1658 6918215
224 1656 6918218
224 1658 6918221
228 1655 6918224
229 1659 6918227
223 1666 6918230
225 1660 6918233
236 1678 6918236
221 1654 6918239
219 1659 6918242
230 1661 6918245
225 1655 6918248
224 1658 6918251
227 1658 6918254
228 1658 6918257
228 1661 6918260
224 1658 6918263
229 1659 6918266
222 1658 6918269
226 1658 6918272
234 1655 6918275
228 1631 6918278
222 1663 6918281
216 1659 6918284
233 1659 6918287
222 1649 6918290
226 1661 6918293
227 1654 6918296
228 1656 6918299
239 1655 6918302
227 1655 6918305
227 1659 6918308
228 1660 6918311
228 1658 6918314
227 1653 6918317
224 1658 6918320
230 1660 6918323
215 1663 6918326
233 1657 6918329
227 1657 6918332
226 1658 6918335
228 1657 6918338
223 1655 6918341
226 1658 6918344
229 1656 6918347
226 1657 6918350
224 1659 6918353
227 1658 6918356
235 1797 6918359
226 1657 6918362
225 1645 6918365
223 1669 6918368
232 1651 6918371
221 1659 6918374
228 1660 6918377
226 1657 6918380
223 1658 6918383
226 1657 6918386
226 1658 6918389
228 1660 6918392
226 1656 6918395
225 1658 6918398
227 1657 6918401
225 1656 6918404
228 1668 6918407
246 1637 6918410
224 1651 6918413
225 1663 6918416
230 1658 6918419
225 1659 6918422
230 1660 6918425
225 1657 6918428
229 1658 6918431
225 1656 6918434
228 1655 6918437
227 1658 6918440
226 1542 6918443
231 1657 6918446
226 1655 6918449
230 1657 6918452
214 1661 6918455
234 1659 6918458
222 1653 6918461
226 1663 6918464
226 1656 6918467
228 1654 6918470
228 1660 6918473
226 1656 6918476
227 1654 6918479
225 1659 6918482
227 1658 6918485
220 1654 6918488
233 1656 6918491
224 1654 6918494
242 1668 6918497
223 1653 6918500
223 1661 6918503
229 1659 6918506
225 1657 6918509
228 1659 6918512
225 1655 6918515
228 1660 6918518
228 1657 6918521
226 1658 6918524
226 1657 6918527
230 1657 6918530
233 1656 6918533
228 1651 6918536
231 1657 6918539
220 1666 6918542
235 1660 6918545
222 1655 6918548
225 1659 6918551
226 1659 6918554
228 1659 6918557
228 1658 6918560
227 1659 6918563
228 1657 6918566
226 1656 6918569
225 1694 6918572
148 1658 6918575
228 1658 6918578
213 1655 6918581
241 1666 6918584
223 1652 6918587
224 1659 6918590
226 1658 6918593
225 1658 6918596
224 1657 6918599
226 1658 6918602
226 1660 6918605
224 1657 6918608
227 1659 6918611
225 1656 6918614
223 1672 6918617
223 1658 6918620
245 1615 6918623
227 1648 6918626
237 1664 6918629
234 1658 6918632
226 1655 6918635
226 1660 6918638
226 1658 6918641
223 1659 6918644
225 1654 6918647
226 1656 6918650
226 1658 6918653
228 1660 6918656
227 1665 6918659
229 1660 6918662
230 1661 6918665
216 1656 6918668
236 1665 6918671
224 1652 6918674
224 1663 6918677
227 1659 6918680
226 1658 6918683
230 1661 6918686
229 1659 6918689
223 1655 6918692
227 1656 6918695
225 1643 6918698
226 1656 6918701
229 1659 6918704
225 1647 6918707
228 1667 6918710
229 1653 6918713
224 1659 6918716
226 1661 6918719
227 1658 6918722
225 1658 6918725
228 1659 6918728
225 1656 6918731
227 1655 6918734
223 1658 6918737
226 1684 6918740
582 1658 6918743
227 1659 6918746
213 1651 6918749
238 1664 6918752
223 1653 6918755
221 1657 6918758
230 1659 6918761
223 1653 6918764
226 1659 6918767
227 1658 6918770
227 1656 6918773
228 1660 6918776
226 1659 6918779
225 1623 6918782
202 1658 6918785
228 1659 6918788
210 1648 6918791
238 1667 6918794
224 1651 6918797
226 1660 6918800
228 1660 6918803
225 1659 6918806
227 1657 6918809
224 1656 6918812
227 1659 6918815
226 1659 6918818
230 1659 6918821
225 1500 6918824
226 1660 6918827
227 1655 6918830
227 1640 6918833
222 1670 6918836
232 1657 6918839
222 1657 6918842
227 1659 6918845
224 1658 6918848
226 1659 6918851
228 1659 6918854
222 1656 6918857
228 1659 6918860
224 1655 6918863
225 1659 6918866
227 1670 6918869
224 1660 6918872
218 1664 6918875
213 1652 6918878
226 1662 6918881
225 1657 6918884
227 1657 6918887
223 1657 6918890
225 1657 6918893
224 1657 6918896
228 1660 6918899
225 1659 6918902
228 1661 6918905
226 1658 6918908
226 1658 6918911
224 1659 6918914
233 1677 6918917
220 1652 6918920
218 1657 6918923
231 1662 6918926
224 1655 6918929
226 1656 6918932
228 1659 6918935
225 1656 6918938
229 1659 6918941
225 1657 6918944
225 1656 6918947
225 1659 6918950
270 961 6918953
226 1659 6918956
227 1644 6918959
226 1673 6918962
233 1646 6918965
220 1656 6918968
230 1662 6918971
225 1657 6918974
220 1653 6918977
227 1660 6918980
227 1657 6918983
226 1661 6918986
227 1657 6918989
226 1660 6918992
224 1655 6918995
233 1654 6918999
225 1679 6919002
237 1656 6919005
221 1653 6919008
231 1661 6919011
228 1657 6919014
222 1655 6919017
225 1658 6919020
224 1660 6919023
226 1656 6919026
226 1656 6919029
226 1658 6919032
225 1657 6919035
228 1752 6919038
228 1655 6919041
229 1655 6919044
223 1643 6919046
229 1667 6919049
232 1656 6919052
221 1659 6919055
228 1658 6919058
223 1657 6919061
227 1658 6919064
225 1658 6919067
221 1657 6919070
227 1659 6919073
228 1658 6919076
226 1657 6919079
225 1684 6919082
225 1657 6919085
228 1664 6919088
242 1661 6919091
222 1652 6919094
225 1662 6919097
229 1656 6919100
223 1658 6919103
228 1658 6919106
225 1657 6919109
225 1657 6919112
228 1659 6919115
226 1658 6919118
226 1658 6919121
227 1661 6919124
234 1654 6919127
227 1674 6919130
244 1651 6919133
220 1652 6919136
228 1663 6919139
229 1656 6919142
219 1656 6919145
228 1658 6919148
225 1657 6919151
227 1657 6919154
225 1657 6919157
226 1656 6919160
228 1656 6919163
233 1657 6919166
228 1664 6919169
222 1660 6919172
246 1642 6919175
222 1644 6919178
227 1668 6919181
228 1652 6919184
222 1652 6919187
229 1659 6919190
225 1656 6919193
225 1659 6919196
227 1655 6919199
225 1660 6919202
225 1658 6919205
228 1658 6919208
224 1656 6919211
237 1655 6919214
224 1649 6919217
225 1647 6919220
216 1667 6919223
233 1659 6919226
226 1655 6919229
225 1661 6919232
225 1658 6919235
225 1661 6919238
228 1661 6919241
225 1659 6919244
229 1658 6919247
223 1654 6919250
224 1660 6919253
225 1666 6919256
227 1658 6919259
235 1660 6919262
213 1662 6919265
235 1660 6919268
224 1653 6919271
227 1661 6919274
226 1654 6919277
226 1658 6919280
226 1656 6919283
225 1658 6919286
228 1658 6919289
226 1673 6919292
227 1658 6919295
