347 2651 100061
348 2651 100064
346 2648 100067
347 2648 100070
347 2258 100073
347 2648 100076
348 2647 100079
349 2652 100082
351 2648 100085
345 2651 100088
349 2653 100091
346 2648 100094
348 2657 100097
347 2648 100100
346 2646 100103
348 2649 100106
345 2647 100109
344 2647 100112
347 2655 100115
347 2652 100118
342 2649 100121
349 2654 100124
349 2647 100127
345 2651 100130
347 2648 100133
347 2646 100136
347 2649 100139
348 2651 100142
346 2647 100145
346 2649 100148
351 2652 100151
340 2672 100154
347 2648 100157
349 2642 100160
345 2651 100163
347 2651 100166
346 2647 100169
349 2651 100172
349 2649 100175
347 2649 100178
347 2648 100181
349 2649 100184
347 2650 100187
347 2650 100190
429 2648 100193
348 2651 100196
348 2651 100199
348 2648 100202
349 2650 100205
351 2651 100208
345 2648 100211
344 2651 100214
349 2646 100217
348 2649 100220
346 2652 100223
351 2651 100226
348 2649 100229
348 2651 100232
337 2649 100235
348 2646 100238
349 2652 100241
347 2645 100244
344 2650 100247
349 2652 100250
349 2652 100253
347 2648 100256
347 2650 100259
345 2649 100262
347 2648 100265
349 2648 100268
346 2670 100271
534 2649 100274
346 2653 100277
346 2645 100280
348 2650 100283
348 2652 100286
326 2649 100289
340 2649 100292
346 2650 100295
346 2648 100298
346 2648 100301
350 2650 100304
349 2651 100307
345 2648 100310
347 2644 100313
350 2651 100316
348 2653 100319
348 2649 100322
346 2650 100325
346 2650 100328
347 2648 100331
348 2653 100334
349 2656 100337
348 2650 100340
346 2648 100343
349 2643 100346
345 2648 100349
355 2628 100352
347 2652 100355
347 2649 100358
341 2648 100361
347 2650 100364
345 2649 100367
346 2650 100370
350 2649 100373
345 2649 100376
348 2649 100379
346 2650 100382
347 2652 100385
349 2650 100388
351 2650 100391
343 2651 100394
344 2647 100397
348 2648 100400
348 2647 100403
349 2650 100406
346 2648 100409
347 2648 100412
349 2652 100415
352 2652 100418
348 2649 100421
344 2649 100424
348 2651 100427
346 2735 100430
346 2649 100433
346 2651 100436
352 2653 100439
344 2646 100442
349 2650 100445
350 2650 100448
347 2651 100451
349 2650 100454
345 2649 100457
347 2649 100460
347 2647 100463
349 2650 100466
348 2650 100469
351 2478 100472
348 2648 100475
344 2650 100478
346 2648 100481
347 2651 100484
348 2651 100487
346 2646 100490
347 2652 100493
346 2650 100496
348 2649 100499
347 2648 100502
347 2650 100505
344 2648 100508
350 2643 100511
555 2646 100514
346 2651 100517
346 2647 100520
344 2650 100523
349 2652 100526
344 2645 100529
344 2647 100532
349 2647 100535
342 2651 100538
346 2646 100541
348 2651 100544
349 2650 100547
346 2651 100550
352 2506 100553
345 2651 100556
351 2648 100559
344 2647 100562
350 2649 100565
345 2648 100568
350 2649 100571
347 2650 100574
347 2652 100577
351 2651 100580
348 2649 100583
348 2650 100586
348 2649 100589
347 2674 100592
636 2648 100595
346 2650 100598
350 2647 100601
346 2652 100604
348 2653 100607
348 2649 100610
348 2651 100613
357 2651 100616
351 2649 100619
349 2648 100622
347 2649 100625
348 2649 100628
348 2650 100631
568 2648 100634
349 2653 100637
346 2653 100640
350 2649 100643
346 2651 100646
349 2651 100649
345 2650 100652
346 2648 100655
346 2651 100658
351 2649 100661
347 2647 100664
350 2650 100667
346 2653 100670
345 2648 100673
346 2655 100676
348 2653 100679
343 2653 100682
348 2649 100685
345 2647 100688
346 2654 100691
347 2648 100694
344 2649 100697
349 2652 100700
345 2649 100703
346 2649 100706
349 2653 100709
349 2653 100712
349 2650 100715
214 2650 100718
348 2647 100721
343 2647 100724
347 2650 100727
348 2650 100730
348 2650 100733
347 2650 100736
346 2649 100739
348 2652 100742
351 2651 100745
347 2649 100748
348 2652 100751
348 2649 100754
266 2653 100757
348 2650 100760
346 2652 100763
354 2649 100766
347 2649 100769
347 2650 100772
347 2648 100775
350 2650 100778
348 2652 100781
347 2650 100784
349 2648 100787
347 2650 100790
346 2649 100793
346 2648 100796
347 2646 100799
346 2649 100802
344 2649 100805
351 2650 100808
346 2649 100811
348 2646 100814
344 2649 100817
348 2649 100820
348 2650 100823
349 2649 100826
348 2648 100829
348 2649 100832
346 2647 100835
343 2660 100838
349 2649 100841
351 2650 100844
343 2650 100847
350 2653 100850
348 2648 100853
348 2651 100856
349 2650 100859
347 2649 100862
348 2652 100865
347 2648 100868
345 2648 100871
349 2654 100874
348 2650 100877
375 3009 100880
349 2653 100883
349 2649 100886
345 2644 100889
347 2650 100892
348 2647 100895
349 2649 100898
349 2651 100901
344 2649 100904
347 2649 100907
349 2649 100910
347 2652 100913
346 2649 100916
345 2679 100919
344 2652 100922
346 2647 100925
350 2649 100928
345 2652 100931
349 2651 100934
346 2649 100937
350 2650 100940
343 2651 100943
347 2650 100946
348 2649 100949
346 2650 100952
347 2651 100955
348 2648 100958
343 2649 100961
344 2651 100964
348 2652 100967
349 2649 100970
346 2651 100973
349 2652 100976
349 2650 100979
348 2649 100982
350 2649 100985
347 2650 100988
347 2648 100991
348 2650 100994
347 2649 100997
349 2646 101001
343 2640 101004
345 2648 101007
346 2654 101010
350 2651 101013
349 2652 101016
349 2648 101019
348 2651 101022
348 2651 101025
348 2652 101028
348 2648 101031
346 2652 101033
346 2651 101036
348 2650 101039
348 2648 101042
352 2652 101045
348 2652 101048
350 2653 101051
348 2649 101054
345 2651 101057
348 2648 101060
348 2650 101063
349 2651 101066
351 2648 101069
346 2651 101072
346 2651 101075
346 2650 101078
344 2601 101081
0 2650 101084
345 2651 101087
346 2644 101090
344 2651 101093
349 2650 101096
347 2650 101099
347 2649 101102
348 2649 101105
345 2649 101108
344 2649 101111
346 2647 101114
346 2650 101117
350 2649 101120
339 2646 101123
347 2651 101126
343 2649 101129
351 2651 101132
342 2651 101135
346 2653 101138
348 2650 101141
344 2649 101144
351 2650 101147
345 2650 101150
354 2649 101153
348 2651 101156
348 2650 101159
337 2649 101162
348 2649 101165
347 2638 101168
330 2653 101171
353 2655 101174
346 2646 101177
343 2653 101180
348 2650 101183
346 2649 101186
346 2653 101189
348 2647 101192
347 2653 101195
345 2650 101198
346 2651 101201
354 2648 101204
346 2668 101207
357 2636 101210
337 2650 101213
354 2654 101216
344 2647 101219
343 2649 101222
349 2650 101225
346 2649 101228
345 2649 101231
350 2649 101234
347 2650 101237
348 2652 101240
367 2647 101243
344 2646 101246
348 2666 101249
342 2638 101252
345 2654 101255
352 2649 101258
345 2650 101261
346 2644 101264
346 2649 101267
348 2654 101270
348 2652 101273
346 2649 101276
346 2650 101279
349 2647 101282
346 2649 101285
358 2660 101288
357 2642 101291
343 2648 101294
346 2650 101297
345 2649 101300
348 2651 101303
347 2654 101306
347 2651 101309
350 2649 101312
347 2650 101315
346 2635 101318
352 2649 101321
348 2649 101324
353 2659 101327
350 2642 101330
341 2652 101333
353 2652 101336
346 2650 101339
348 2649 101342
349 2650 101345
350 2650 101348
347 2649 101351
346 2652 101354
346 2645 101357
320 2650 101360
346 2648 101363
349 2662 101366
352 2641 101369
344 2653 101372
346 2650 101375
347 2647 101378
345 2651 101381
345 2650 101384
344 2649 101387
344 2653 101390
346 2649 101393
344 2651 101396
358 2651 101399
347 2647 101402
352 2662 101405
336 2643 101408
345 2655 101411
349 2649 101414
343 2647 101417
346 2655 101420
349 2651 101423
347 2650 101426
346 2651 101429
344 2650 101432
346 2654 101435
338 2649 101438
345 2648 101441
359 2657 101444
336 2641 101447
347 2654 101450
349 2646 101453
344 2650 101456
349 2654 101459
346 2647 101462
346 2651 101465
347 2642 101468
346 2650 101471
350 2654 101474
340 2648 101477
348 2650 101480
360 2646 101483
333 2643 101486
350 2655 101489
351 2648 101492
344 2650 101495
348 2649 101498
345 2648 101501
346 2651 101504
347 2649 101507
345 2649 101510
349 2656 101513
335 2645 101516
345 2645 101519
361 2654 101522
336 2643 101525
347 2654 101528
349 2650 101531
347 2651 101534
349 2651 101537
348 2642 101540
347 2650 101543
346 2645 101546
348 2651 101549
347 2637 101552
352 2650 101555
346 2649 101558
343 2662 101561
349 2642 101564
342 2651 101567
350 2653 101570
345 2650 101573
347 2649 101576
348 2652 101579
347 2651 101582
345 2645 101585
350 2650 101588
350 2624 101591
297 2648 101594
350 2646 101597
334 2644 101600
351 2659 101603
341 2659 101606
349 2654 101609
345 2653 101612
341 2649 101615
347 2643 101618
357 2642 101621
364 2644 101624
363 2642 101627
360 2685 101630
373 2727 101633
397 2779 101636
425 2786 101639
405 2800 101642
411 2799 101645
403 2783 101648
397 2784 101651
407 2791 101654
406 2791 101657
406 2789 101660
406 2793 101663
409 2790 101666
407 2793 101669
394 2817 101672
404 2791 101675
400 2788 101678
418 2787 101681
395 2785 101684
410 2798 101687
407 2786 101690
402 2795 101693
408 2793 101696
407 2792 101699
407 2791 101702
403 2790 101705
405 2789 101708
465 2789 101711
403 2790 101714
404 2794 101717
390 2784 101720
406 2796 101723
407 2786 101726
400 2790 101729
408 2791 101732
405 2789 101735
405 2790 101738
404 2789 101741
404 2792 101744
405 2789 101747
405 2774 101750
435 2792 101753
405 2792 101756
413 2782 101759
416 2792 101762
400 2787 101765
406 2794 101768
406 2789 101771
406 2792 101774
407 2791 101777
403 2789 101780
406 2782 101783
405 2792 101786
407 2793 101789
399 2810 101792
407 2793 101795
405 2802 101798
414 2783 101801
400 2798 101804
408 2793 101807
403 2788 101810
408 2792 101813
409 2784 101816
406 2789 101819
410 2792 101822
410 2788 101825
412 2788 101828
414 2791 101831
406 2788 101834
417 2793 101837
431 2775 101840
407 2795 101843
421 2787 101846
420 2776 101849
419 2785 101852
424 2784 101855
420 2779 101858
422 2784 101861
424 2780 101864
422 2780 101867
426 2712 101870
424 2780 101873
421 2781 101876
438 2771 101879
414 2780 101882
428 2786 101885
427 2777 101888
422 2779 101891
427 2782 101894
425 2781 101897
423 2777 101900
426 2780 101903
422 2781 101906
424 2781 101909
425 2780 101912
422 2772 101915
424 2798 101918
418 2768 101921
422 2783 101924
429 2783 101927
420 2779 101930
424 2787 101933
424 2782 101936
421 2782 101939
424 2784 101942
442 2783 101945
421 2781 101948
421 2780 101951
427 2787 101954
419 2782 101957
439 2781 101960
412 2777 101963
420 2789 101966
424 2779 101969
418 2780 101972
420 2786 101975
419 2783 101978
417 2783 101981
420 2784 101984
419 2783 101987
418 2783 101990
421 2787 101993
419 2785 101996
419 2798 102000
432 2774 102003
408 2789 102006
420 2789 102009
414 2779 102012
415 2789 102015
417 2785 102018
416 2785 102021
418 2782 102024
415 2784 102027
412 2785 102030
418 2785 102033
418 2772 102036
417 2786 102038
412 2802 102041
418 2774 102044
412 2787 102047
420 2789 102050
411 2784 102053
417 2787 102056
417 2784 102059
414 2785 102062
416 2788 102065
415 2788 102068
411 2786 102071
414 2775 102074
442 2785 102077
412 2783 102080
417 2798 102083
410 2777 102086
412 2792 102089
417 2786 102092
410 2785 102095
418 2790 102098
416 2787 102101
411 2787 102104
414 2788 102107
413 2787 102110
412 2786 102113
402 2797 102116
413 2787 102119
407 2785 102122
427 2784 102125
406 2786 102128
417 2790 102131
411 2784 102134
409 2788 102137
411 2787 102140
412 2788 102143
410 2789 102146
411 2791 102149
411 2788 102152
420 2785 102155
380 2786 102158
407 2780 102161
415 2799 102164
405 2779 102167
411 2790 102170
413 2788 102173
408 2785 102176
411 2791 102179
412 2787 102182
408 2788 102185
410 2791 102188
410 2788 102191
410 2788 102194
415 2802 102197
412 2787 102200
408 2806 102203
409 2776 102206
405 2793 102209
413 2791 102212
408 2790 102215
411 2792 102218
410 2789 102221
409 2789 102224
410 2791 102227
409 2790 102230
409 2790 102233
410 2793 102236
411 2791 102239
411 2798 102242
426 2782 102245
400 2790 102248
410 2793 102251
408 2784 102254
408 2789 102257
412 2787 102260
406 2790 102263
411 2789 102266
407 2789 102269
402 2790 102272
408 2865 102275
410 2792 102278
408 2790 102281
423 2774 102284
397 2792 102287
412 2796 102290
407 2786 102293
407 2789 102296
413 2789 102299
406 2789 102302
408 2789 102305
409 2792 102308
407 2793 102311
409 2790 102314
417 2517 102317
411 2790 102320
406 2765 102323
423 2784 102326
413 2795 102329
403 2786 102332
407 2792 102335
414 2793 102338
408 2792 102341
410 2791 102344
408 2787 102347
409 2791 102350
408 2792 102353
406 2792 102356
400 2787 102359
408 2791 102362
424 2788 102365
395 2780 102368
413 2796 102371
411 2789 102374
406 2791 102377
405 2791 102380
407 2789 102383
407 2794 102386
406 2789 102389
407 2786 102392
406 2771 102395
440 2790 102398
406 2791 102401
393 2785 102404
414 2797 102407
401 2785 102410
407 2792 102413
408 2788 102416
405 2791 102419
407 2791 102422
409 2788 102425
410 2793 102428
412 2793 102431
405 2842 102434
408 2792 102437
410 2789 102440
425 2785 102443
388 2797 102446
411 2795 102449
405 2788 102452
403 2788 102455
409 2789 102458
411 2791 102461
407 2793 102464
402 2791 102467
409 2792 102470
411 2792 102473
398 2796 102476
407 2790 102479
405 2789 102482
420 2794 102485
396 2786 102488
409 2794 102491
411 2790 102494
409 2791 102497
408 2791 102500
406 2794 102503
407 2791 102506
407 2791 102509
406 2797 102512
380 2829 102515
404 2791 102518
405 2764 102521
413 2792 102524
417 2786 102527
402 2787 102530
407 2791 102533
407 2789 102536
407 2790 102539
406 2793 102542
408 2791 102545
406 2789 102548
408 2791 102551
463 2789 102554
404 2791 102557
407 2792 102560
390 2800 102563
404 2793 102566
408 2786 102569
408 2791 102572
409 2794 102575
408 2790 102578
407 2791 102581
407 2792 102584
405 2786 102587
407 2790 102590
408 2797 102593
410 2792 102596
401 2798 102599
423 2781 102602
399 2794 102605
410 2811 102608
409 2789 102611
405 2792 102614
406 2795 102617
407 2789 102620
407 2791 102623
407 2791 102626
405 2789 102629
405 2781 102632
397 2791 102635
409 2792 102638
406 2806 102641
410 2781 102644
403 2792 102647
411 2792 102650
403 2787 102653
407 2790 102656
409 2789 102659
406 2791 102662
404 2791 102665
409 2790 102668
408 2763 102671
396 2793 102674
406 2792 102677
409 2784 102680
412 2798 102683
401 2784 102686
402 2792 102689
411 2790 102692
404 2792 102695
405 2790 102698
406 2790 102701
407 2792 102704
406 2791 102707
406 2797 102710
0 2791 102713
405 2792 102716
387 2776 102719
413 2789 102722
412 2788 102725
404 2791 102728
408 2792 102731
405 2789 102734
407 2792 102737
409 2792 102740
406 2792 102743
409 2793 102746
404 2755 102749
405 2790 102752
401 2787 102755
424 2784 102758
397 2793 102761
409 2796 102764
406 2786 102767
406 2792 102770
410 2792 102773
406 2793 102776
406 2791 102779
408 2792 102782
403 2791 102785
405 2790 102788
415 2795 102791
408 2793 102794
412 2811 102797
393 2782 102800
419 2793 102803
414 2792 102806
403 2788 102809
408 2791 102812
407 2790 102815
403 2790 102818
406 2790 102821
408 2792 102824
408 2792 102827
412 2789 102830
407 2789 102833
417 2806 102836
396 2783 102839
413 2796 102842
411 2790 102845
402 2793 102848
410 2790 102851
406 2789 102854
408 2796 102857
409 2791 102860
404 2789 102863
407 2714 102866
405 2791 102869
403 2792 102872
424 2794 102875
394 2788 102878
408 2797 102881
408 2786 102884
404 2792 102887
408 2793 102890
406 2792 102893
405 2789 102896
409 2791 102899
408 2792 102902
406 2818 102905
404 2788 102908
409 2790 102911
411 2771 102914
397 2791 102917
409 2793 102920
403 2788 102923
409 2791 102926
405 2789 102929
408 2792 102932
406 2804 102935
405 2792 102938
407 2792 102941
406 2775 102944
448 2790 102947
407 2792 102950
382 2804 102953
403 2800 102956
409 2784 102959
403 2791 102962
411 2791 102965
407 2790 102968
406 2793 102971
407 2788 102974
406 2789 102977
406 2792 102980
403 2794 102983
397 2788 102986
406 2788 102989
416 2801 102992
395 2781 102995
410 2796 102999
409 2790 103002
403 2789 103005
410 2794 103008
407 2792 103011
407 2792 103014
410 2793 103017
408 2790 103020
387 2887 103023
407 2790 103026
411 2765 103029
404 2788 103031
413 2792 103034
401 2788 103037
411 2794 103040
406 2788 103043
406 2793 103046
408 2792 103049
407 2792 103052
408 2787 103055
405 3151 103058
404 2791 103061
407 2791 103064
424 2800 103067
396 2784 103070
412 2797 103073
410 2788 103076
403 2789 103079
407 2791 103082
406 2791 103085
403 2786 103088
404 2790 103091
404 2790 103094
406 2794 103097
430 2792 103100
406 2790 103103
400 2804 103106
399 2778 103109
403 2793 103112
409 2791 103115
405 2789 103118
405 2791 103121
409 2794 103124
405 2790 103127
407 2794 103130
406 2792 103133
392 2865 103136
404 2791 103139
405 2812 103142
404 2802 103145
411 2783 103148
404 2794 103151
403 2795 103154
405 2790 103157
411 2792 103160
404 2792 103163
402 2793 103166
407 2790 103169
405 2762 103172
536 2788 103175
404 2789 103178
388 2823 103181
401 2795 103184
409 2778 103187
403 2791 103190
410 2794 103193
406 2789 103196
404 2794 103199
406 2792 103202
406 2792 103205
404 2789 103208
312 2792 103211
407 2795 103214
406 2800 103217
413 2777 103220
397 2793 103223
407 2793 103226
402 2788 103229
407 2795 103232
408 2787 103235
403 2790 103238
406 2790 103241
403 2789 103244
408 2789 103247
384 2790 103250
406 2792 103253
401 2770 103256
404 2790 103259
413 2786 103262
396 2790 103265
408 2793 103268
406 2788 103271
392 2790 103274
404 2788 103277
405 2792 103280
408 2793 103283
404 2791 103286
392 2773 103289
411 2792 103292
405 2787 103295
414 2797 103298
398 2786 103301
408 2797 103304
410 2789 103307
404 2788 103310
404 2793 103313
407 2793 103316
404 2790 103319
407 2790 103322
406 2791 103325
377 2743 103328
406 2788 103331
405 2786 103334
401 2800 103337
410 2783 103340
402 2792 103343
410 2795 103346
406 2788 103349
405 2792 103352
406 2790 103355
404 2789 103358
406 2790 103361
405 2791 103364
405 2798 103367
411 2791 103370
405 2804 103373
408 2779 103376
400 2794 103379
411 2795 103382
404 2785 103385
405 2790 103388
405 2789 103391
404 2792 103394
407 2792 103397
408 2791 103400
412 2791 103403
404 2791 103406
407 2793 103409
406 2790 103412
418 2803 103415
394 2781 103418
412 2791 103421
411 2789 103424
403 2793 103427
406 2787 103430
407 2791 103433
407 2793 103436
404 2793 103439
404 2791 103442
407 2792 103445
406 2768 103448
406 2793 103451
406 2791 103454
382 2797 103457
399 2798 103460
403 2783 103463
403 2794 103466
411 2791 103469
406 2799 103472
408 2789 103475
405 2791 103478
407 2791 103481
404 2788 103484
404 2792 103487
407 2803 103490
406 2795 103493
407 2792 103496
393 2774 103499
413 2786 103502
411 2788 103505
399 2788 103508
409 2791 103511
407 2788 103514
403 2791 103517
405 2790 103520
406 2787 103523
406 2792 103526
406 2792 103529
405 2789 103532
406 2819 103535
401 2789 103538
403 2799 103541
409 2797 103544
406 2787 103547
400 2793 103550
410 2791 103553
405 2792 103556
404 2793 103559
407 2789 103562
405 2790 103565
405 2792 103568
404 2788 103571
407 2788 103574
402 2791 103577
412 2790 103580
406 2789 103583
395 2780 103586
416 2792 103589
412 2793 103592
402 2792 103595
406 2792 103598
419 2792 103601
407 2789 103604
407 2792 103607
407 2792 103610
407 2790 103613
403 2792 103616
406 2792 103619
406 2791 103622
796 2790 103625
405 2790 103628
404 2765 103631
418 2787 103634
412 2788 103637
402 2789 103640
407 2793 103643
406 2790 103646
403 2789 103649
407 2793 103652
408 2792 103655
408 2793 103658
410 2793 103661
407 2792 103664
404 2790 103667
405 2790 103670
396 2765 103673
405 2792 103676
423 2793 103679
392 2809 103682
404 2794 103685
410 2786 103688
402 2791 103691
406 2789 103694
408 2789 103697
408 2793 103700
407 2791 103703
405 2793 103706
408 2796 103709
406 2790 103712
405 2790 103715
408 2792 103718
411 2796 103721
409 2792 103724
407 2773 103727
411 2786 103730
413 2794 103733
402 2788 103736
407 2792 103739
406 2789 103742
408 2792 103745
406 2792 103748
406 2792 103751
409 2790 103754
407 2790 103757
405 2791 103760
406 2788 103763
406 2795 103766
395 2796 103769
404 2789 103772
428 2783 103775
399 2794 103778
404 2794 103781
408 2786 103784
405 2791 103787
413 2798 103790
406 2790 103793
406 2790 103796
407 2792 103799
404 2792 103802
400 2790 103805
408 2793 103808
407 2790 103811
403 2789 103814
381 2870 103817
405 2791 103820
403 2796 103823
418 2788 103826
402 2793 103829
407 2796 103832
404 2786 103835
405 2790 103838
408 2794 103841
408 2793 103844
404 2789 103847
405 2790 103850
407 2792 103853
407 2791 103856
409 2793 103859
402 2794 103862
408 2800 103865
403 2789 103868
406 2761 103871
416 2790 103874
414 2791 103877
398 2786 103880
406 2794 103883
412 2789 103886
407 2793 103889
407 2793 103892
406 2793 103895
410 2791 103898
406 2791 103901
406 2789 103904
411 2791 103907
407 2790 103910
404 2774 103913
435 2785 103916
409 2807 103919
406 2784 103922
427 2788 103925
402 2793 103928
402 2786 103931
405 2793 103934
407 2805 103937
405 2793 103940
410 2791 103943
405 2788 103946
407 2791 103949
405 2792 103952
408 2792 103955
406 2790 103958
407 2776 103961
359 2790 103964
405 2787 103967
418 2786 103970
397 2791 103973
407 2795 103976
405 2786 103979
405 2794 103982
410 2791 103985
405 2790 103988
407 2795 103991
408 2791 103994
405 2790 103997
405 2790 104001
404 2791 104004
405 2788 104007
408 2792 104010
395 2794 104013
410 2813 104016
400 2776 104019
409 2788 104022
411 2792 104025
403 2791 104028
409 2791 104031
407 2794 104033
408 2793 104036
409 2789 104039
407 2790 104042
405 2792 104045
408 2793 104048
407 2792 104051
407 2791 104054
390 2787 104057
408 2787 104060
403 2790 104063
416 2786 104066
400 2786 104069
411 2796 104072
408 2790 104075
407 2791 104078
409 2792 104081
403 2791 104084
406 2788 104087
406 2789 104090
407 2791 104093
408 2793 104096
405 2791 104099
408 2802 104102
413 2792 104105
408 2794 104108
389 2803 104111
403 2795 104114
410 2787 104117
402 2789 104120
409 2792 104123
405 2783 104126
409 2792 104129
407 2790 104132
408 2790 104135
411 2789 104138
405 2792 104141
405 2791 104144
442 2777 104147
411 2792 104150
404 2763 104153
415 2787 104156
416 2790 104159
400 2787 104162
408 2794 104165
407 2789 104168
404 2789 104171
408 2793 104174
407 2791 104177
405 2791 104180
406 2792 104183
406 2793 104186
407 2820 104189
404 2793 104192
408 2791 104195
406 2770 104198
403 2787 104201
415 2795 104204
402 2789 104207
406 2793 104210
405 2790 104213
405 2791 104216
406 2790 104219
405 2792 104222
408 2793 104225
405 2792 104228
406 2791 104231
390 2789 104234
406 2790 104237
406 2784 104240
420 2791 104243
397 2790 104246
410 2794 104249
406 2787 104252
405 2792 104255
408 2793 104258
407 2791 104261
408 2806 104264
408 2791 104267
407 2792 104270
409 2792 104273
411 2821 104276
408 2792 104279
407 2798 104282
413 2782 104285
400 2793 104288
408 2793 104291
404 2789 104294
403 2791 104297
409 2792 104300
409 2790 104303
405 2793 104306
406 2791 104309
407 2789 104312
405 2778 104315
398 2788 104318
404 2790 104321
382 2800 104324
405 2799 104327
404 2783 104330
405 2789 104333
410 2791 104336
404 2791 104339
406 2791 104342
411 2788 104345
408 2792 104348
404 2789 104351
405 2790 104354
388 2869 104357
402 2790 104360
403 2762 104363
419 2795 104366
416 2793 104369
401 2789 104372
410 2794 104375
405 2790 104378
407 2791 104381
406 2788 104384
405 2789 104387
407 2793 104390
408 2791 104393
403 2788 104396
423 2790 104399
409 2790 104402
393 2802 104405
407 2785 104408
404 2791 104411
410 2791 104414
401 2788 104417
404 2792 104420
410 2791 104423
406 2790 104426
406 2791 104429
409 2790 104432
406 2723 104435
403 2796 104438
405 2790 104441
424 2786 104444
393 2791 104447
404 2797 104450
408 2785 104453
405 2791 104456
408 2796 104459
406 2788 104462
412 2792 104465
410 2792 104468
405 2791 104471
404 2785 104474
379 2739 104477
403 2791 104480
409 2763 104483
425 2785 104486
415 2796 104489
400 2786 104492
406 2793 104495
411 2791 104498
407 2792 104501
410 2793 104504
408 2792 104507
409 2792 104510
406 2789 104513
404 2772 104516
432 2788 104519
408 2791 104522
413 2788 104525
415 2787 104528
403 2795 104531
409 2795 104534
407 2790 104537
406 2793 104540
408 2789 104543
404 2789 104546
404 2791 104549
408 2790 104552
406 2792 104555
395 2807 104558
406 2790 104561
407 2800 104564
407 2799 104567
403 2787 104570
406 2793 104573
416 2789 104576
403 2791 104579
408 2791 104582
407 2788 104585
406 2793 104588
407 2789 104591
405 2790 104594
408 2788 104597
438 2789 104600
386 2792 104603
388 2823 104606
402 2790 104609
412 2787 104612
401 2792 104615
409 2791 104618
408 2790 104621
405 2791 104624
407 2789 104627
407 2792 104630
403 2794 104633
406 2789 104636
405 2774 104639
445 2791 104642
406 2792 104645
399 2795 104648
414 2786 104651
400 2803 104654
411 2794 104657
402 2788 104660
408 2792 104663
408 2791 104666
406 2793 104669
407 2793 104672
409 2791 104675
407 2792 104678
405 2777 104681
405 2786 104684
409 2793 104687
384 2799 104690
402 2798 104693
403 2784 104696
407 2793 104699
407 2793 104702
404 2790 104705
408 2791 104708
409 2790 104711
405 2790 104714
406 2789 104717
406 2792 104720
409 2791 104723
391 2810 104726
406 2792 104729
413 2817 104732
413 2781 104735
397 2793 104738
412 2795 104741
406 2789 104744
404 2790 104747
413 2789 104750
407 2791 104753
408 2789 104756
405 2786 104759
405 2793 104762
407 2791 104765
405 2739 104768
273 2802 104771
401 2791 104774
404 2821 104777
423 2780 104780
395 2788 104783
412 2795 104786
409 2787 104789
401 2790 104792
407 2793 104795
406 2789 104798
410 2795 104801
409 2795 104804
408 2790 104807
406 2792 104810
406 2759 104813
428 2788 104816
406 2794 104819
445 2810 104822
395 2771 104825
402 2796 104828
416 2792 104831
401 2790 104834
409 2792 104837
412 2790 104840
407 2792 104843
404 2787 104846
403 2789 104849
405 2794 104852
408 2793 104855
408 2793 104858
408 2772 104861
420 2789 104864
367 2777 104867
425 2809 104870
410 2779 104873
399 2791 104876
411 2791 104879
400 2788 104882
407 2793 104885
408 2789 104888
406 2788 104891
408 2792 104894
408 2794 104897
403 2791 104900
410 2792 104903
533 2786 104906
390 2800 104909
404 2749 104912
412 2816 104915
419 2774 104918
395 2786 104921
410 2796 104924
408 2790 104927
422 2792 104930
409 2793 104933
406 2791 104936
406 2789 104939
405 2791 104942
409 2792 104945
404 2791 104948
407 2791 104951
392 2862 104954
396 2791 104957
433 2812 104960
387 2769 104963
405 2800 104966
413 2789 104969
403 2786 104972
405 2794 104975
405 2790 104978
406 2790 104981
407 2792 104984
408 2793 104987
406 2792 104990
407 2792 104993
407 2792 104996
408 2794 105000
402 2814 105003
399 2795 105006
410 2760 105009
386 2792 105012
418 2800 105015
400 2787 105018
404 2794 105021
410 2790 105024
407 2791 105027
407 2791 105030
407 2792 105033
400 2792 105036
406 2793 105038
409 2791 105041
408 2796 105044
408 2758 105047
421 2809 105050
404 2793 105053
442 2823 105056
404 2773 105059
398 2792 105062
414 2791 105065
402 2790 105068
406 2789 105071
407 2792 105074
409 2792 105077
404 2794 105080
407 2791 105083
406 2789 105086
405 2791 105089
408 2790 105092
404 2762 105095
479 2782 105098
408 2821 105101
415 2762 105104
391 2794 105107
420 2798 105110
405 2787 105113
406 2792 105116
406 2791 105119
402 2790 105122
406 2790 105125
405 2791 105128
408 2791 105131
410 2791 105134
404 2793 105137
407 2790 105140
408 2781 105143
430 2781 105146
407 2800 105149
378 2765 105152
408 2805 105155
410 2789 105158
400 2789 105161
408 2794 105164
404 2790 105167
401 2790 105170
407 2790 105173
404 2790 105176
407 2798 105179
407 2791 105182
409 2790 105185
405 2794 105188
408 2803 105191
408 2786 105194
407 2767 105197
375 2793 105200
420 2800 105203
404 2782 105206
401 2795 105209
413 2792 105212
409 2791 105215
409 2792 105218
406 2787 105221
405 2792 105224
407 2792 105227
406 2792 105230
407 2791 105233
406 2789 105236
409 2788 105239
386 2801 105242
403 2761 105245
424 2816 105248
412 2780 105251
395 2790 105254
401 2792 105257
405 2787 105260
408 2792 105263
408 2800 105266
403 2789 105269
405 2791 105272
404 2786 105275
404 2790 105278
405 2792 105281
407 2790 105284
377 2864 105287
402 2791 105290
427 2825 105293
393 2769 105296
401 2801 105299
411 2793 105302
401 2789 105305
407 2794 105308
404 2792 105311
404 2792 105314
408 2788 105317
405 2792 105320
405 2790 105323
406 2790 105326
407 2792 105329
406 2793 105332
406 2767 105335
414 2788 105338
365 2797 105341
430 2805 105344
402 2782 105347
404 2796 105350
410 2793 105353
404 2788 105356
405 2791 105359
406 2791 105362
406 2789 105365
403 2789 105368
403 2792 105371
406 2789 105374
405 2794 105377
405 2805 105380
418 2787 105383
406 2782 105386
364 2777 105389
416 2803 105392
411 2783 105395
402 2793 105398
410 2793 105401
404 2790 105404
407 2790 105407
404 2793 105410
405 2792 105413
407 2791 105416
407 2796 105419
404 2791 105422
404 2788 105425
419 2782 105428
409 2793 105431
382 2756 105434
404 2807 105437
418 2789 105440
396 2788 105443
409 2794 105446
407 2787 105449
403 2793 105452
404 2787 105455
406 2789 105458
408 2792 105461
408 2791 105464
404 2790 105467
408 2792 105470
478 2783 105473
409 2798 105476
404 2763 105479
426 2815 105482
409 2782 105485
396 2789 105488
411 2795 105491
408 2790 105494
405 2790 105497
406 2791 105500
404 2790 105503
408 2791 105506
398 2789 105509
404 2792 105512
407 2790 105515
404 2788 105518
431 2779 105521
407 2818 105524
403 2762 105527
395 2801 105530
416 2794 105533
402 2786 105536
407 2794 105539
408 2793 105542
405 2791 105545
408 2791 105548
405 2791 105551
404 2790 105554
406 2787 105557
407 2793 105560
406 2761 105563
444 2782 105566
403 2796 105569
448 2797 105572
387 2775 105575
404 2799 105578
411 2787 105581
398 2793 105584
410 2792 105587
407 2791 105590
409 2776 105593
406 2788 105596
402 2790 105599
408 2793 105602
408 2793 105605
407 2779 105608
449 2781 105611
407 2816 105614
430 2773 105617
386 2786 105620
414 2804 105623
406 2787 105626
401 2784 105629
405 2790 105632
403 2791 105635
407 2793 105638
405 2790 105641
405 2792 105644
405 2790 105647
404 2788 105650
406 2800 105653
387 2797 105656
406 2773 105659
369 2783 105662
419 2803 105665
406 2786 105668
403 2792 105671
411 2794 105674
405 2791 105677
406 2791 105680
404 2791 105683
404 2788 105686
401 2788 105689
407 2791 105692
406 2789 105695
375 2860 105698
404 2785 105701
408 2828 105704
428 2787 105707
389 2782 105710
410 2798 105713
406 2787 105716
403 2792 105719
413 2794 105722
404 2791 105725
406 2792 105728
406 2789 105731
405 2792 105734
408 2791 105737
409 2881 105740
393 2787 105743
413 2788 105746
367 2789 105749
431 2804 105752
403 2780 105755
399 2793 105758
413 2789 105761
399 2786 105764
406 2793 105767
408 2785 105770
405 2795 105773
405 2792 105776
405 2789 105779
408 2791 105782
407 2786 105785
383 2801 105788
402 2759 105791
370 2797 105794
418 2799 105797
402 2781 105800
406 2793 105803
411 2792 105806
402 2788 105809
412 2789 105812
406 2790 105815
403 2790 105818
405 2790 105821
404 2792 105824
408 2793 105827
405 2760 105830
411 2789 105833
391 2755 105836
396 2806 105839
419 2791 105842
398 2781 105845
410 2795 105848
405 2785 105851
404 2791 105854
407 2793 105857
406 2792 105860
404 2790 105863
407 2790 105866
406 2790 105869
406 2791 105872
380 2798 105875
405 2767 105878
370 2789 105881
420 2799 105884
405 2783 105887
403 2795 105890
410 2789 105893
404 2788 105896
405 2794 105899
410 2789 105902
405 2792 105905
405 2792 105908
407 2788 105911
407 2793 105914
407 2765 105917
415 2780 105920
394 2754 105923
402 2804 105926
417 2787 105929
395 2785 105932
409 2796 105935
405 2787 105938
409 2792 105941
406 2787 105944
404 2791 105947
406 2787 105950
404 2788 105953
407 2794 105956
406 2803 105959
398 2786 105962
409 2807 105965
382 2765 105968
404 2805 105971
411 2785 105974
399 2786 105977
406 2795 105980
401 2786 105983
403 2789 105986
407 2793 105989
403 2793 105992
404 2790 105995
407 2792 105999
404 2793 106002
413 2808 106005
398 2792 106008
432 2792 106011
377 2777 106014
416 2803 106017
410 2790 106020
404 2790 106023
407 2792 106026
406 2791 106029
405 2794 106031
407 2790 106034
403 2790 106037
407 2792 106040
406 2790 106043
404 2772 106046
487 2784 106049
407 2797 106052
450 2801 106055
390 2774 106058
404 2799 106061
412 2788 106064
399 2789 106067
409 2792 106070
406 2789 106073
407 2791 106076
405 2791 106079
405 2791 106082
406 2790 106085
403 2790 106088
345 2100 106091
418 2790 106094
403 2770 106097
426 2814 106100
405 2779 106103
397 2796 106106
410 2797 106109
404 2789 106112
407 2790 106115
407 2790 106118
401 2791 106121
406 2792 106124
406 2793 106127
407 2792 106130
406 2790 106133
419 2804 106136
401 2793 106139
430 2771 106142
379 2785 106145
420 2802 106148
408 2784 106151
402 2794 106154
408 2790 106157
408 2792 106160
406 2795 106163
408 2788 106166
408 2791 106169
409 2798 106172
407 2789 106175
405 2779 106178
401 2775 106181
414 2787 106184
361 2782 106187
428 2805 106190
406 2781 106193
402 2795 106196
410 2793 106199
405 2790 106202
408 2792 106205
407 2790 106208
406 2794 106211
405 2793 106214
408 2790 106217
404 2791 106220
408 2794 106223
170 2801 106226
405 2790 106229
387 2817 106232
425 2788 106235
393 2784 106238
409 2796 106241
408 2789 106244
404 2779 106247
405 2789 106250
405 2788 106253
406 2790 106256
422 2791 106259
405 2791 106262
407 2791 106265
406 2873 106268
402 2798 106271
407 2790 106274
391 2809 106277
419 2785 106280
403 2791 106283
405 2789 106286
409 2791 106289
404 2790 106292
408 2794 106295
407 2791 106298
406 2788 106301
405 2792 106304
405 2790 106307
408 2790 106310
405 2792 106313
411 2772 106316
412 2791 106319
383 2786 106322
404 2789 106325
408 2791 106328
406 2793 106331
406 2790 106334
404 2792 106337
408 2789 106340
406 2792 106343
406 2790 106346
408 2790 106349
407 2791 106352
408 2789 106355
402 2788 106358
389 2815 106361
405 2790 106364
400 2793 106367
406 2792 106370
403 2790 106373
409 2791 106376
407 2788 106379
406 2793 106382
406 2792 106385
407 2790 106388
404 2788 106391
406 2791 106394
405 2789 106397
407 2788 106400
405 2794 106403
409 2789 106406
410 2790 106409
404 2791 106412
405 2791 106415
405 2790 106418
407 2791 106421
404 2791 106424
406 2790 106427
404 2789 106430
405 2789 106433
408 2793 106436
406 2788 106439
406 2792 106442
404 2789 106445
406 2791 106448
403 2775 106451
407 2790 106454
402 2791 106457
404 2790 106460
407 2790 106463
405 2790 106466
405 2790 106469
404 2791 106472
405 2791 106475
403 2788 106478
405 2792 106481
407 2792 106484
407 2792 106487
404 2790 106490
402 2788 106493
406 2789 106496
403 2808 106499
403 2792 106502
405 2793 106505
408 2790 106508
403 2788 106511
406 2793 106514
405 2791 106517
405 2789 106520
402 2787 106523
405 2792 106526
404 2789 106529
406 2792 106532
406 2791 106535
407 2791 106538
407 2791 106541
408 2789 106544
416 2790 106547
406 2795 106550
408 2791 106553
401 2791 106556
406 2791 106559
404 2790 106562
405 2791 106565
407 2791 106568
406 2791 106571
409 2794 106574
404 2789 106577
405 2788 106580
406 2791 106583
404 2794 106586
404 2790 106589
406 2790 106592
405 2780 106595
409 2790 106598
402 2790 106601
406 2793 106604
405 2790 106607
405 2790 106610
407 2791 106613
405 2794 106616
408 2791 106619
402 2787 106622
407 2793 106625
405 2789 106628
406 2790 106631
404 2790 106634
403 2791 106637
406 2790 106640
406 2790 106643
402 2790 106646
408 2793 106649
407 2790 106652
405 2789 106655
407 2788 106658
405 2789 106661
407 2790 106664
408 2792 106667
406 2792 106670
408 2789 106673
403 2789 106676
406 2793 106679
405 2790 106682
404 2793 106685
406 2789 106688
404 2788 106691
405 2791 106694
408 2791 106697
406 2791 106700
403 2791 106703
406 2790 106706
407 2792 106709
405 2789 106712
406 2791 106715
406 2791 106718
405 2791 106721
408 2792 106724
408 2790 106727
407 2791 106730
405 2791 106733
404 2789 106736
405 2791 106739
406 2793 106742
405 2790 106745
406 2790 106748
407 2790 106751
406 2790 106754
407 2791 106757
406 2789 106760
406 2789 106763
404 2791 106766
405 2794 106769
407 2789 106772
405 2768 106775
403 2792 106778
407 2791 106781
408 2793 106784
404 2790 106787
408 2791 106790
406 2789 106793
402 2789 106796
406 2793 106799
405 2789 106802
406 2789 106805
405 2791 106808
404 2791 106811
406 2791 106814
409 2791 106817
404 2790 106820
344 3095 106823
402 2789 106826
407 2787 106829
405 2795 106832
409 2793 106835
408 2792 106838
405 2789 106841
404 2790 106844
402 2790 106847
404 2792 106850
405 2791 106853
407 2792 106856
407 2794 106859
406 2791 106862
405 2792 106865
406 2792 106868
463 2790 106871
404 2784 106874
406 2791 106877
405 2790 106880
406 2791 106883
405 2789 106886
409 2792 106889
408 2790 106892
405 2790 106895
406 2791 106898
404 2795 106901
407 2791 106904
406 2789 106907
407 2793 106910
399 2791 106913
401 2777 106916
403 2790 106919
405 2786 106922
405 2788 106925
405 2790 106928
406 2794 106931
404 2790 106934
406 2791 106937
405 2790 106940
406 2792 106943
408 2792 106946
408 2791 106949
403 2790 106952
407 2791 106955
405 2791 106958
498 2807 106961
406 2793 106964
404 2788 106967
404 2791 106970
406 2790 106973
404 2790 106976
405 2792 106979
408 2792 106982
404 2787 106985
410 2790 106988
405 2791 106991
406 2791 106994
405 2793 106997
407 2792 107001
407 2795 107004
407 2793 107007
439 2790 107010
407 2793 107013
410 2789 107016
407 2792 107019
405 2792 107022
409 2793 107025
403 2793 107028
408 2788 107031
405 2787 107034
406 2790 107037
405 2788 107040
406 2789 107043
404 2789 107046
408 2788 107049
406 2766 107051
370 2792 107054
408 2791 107057
400 2789 107060
407 2791 107063
403 2790 107066
405 2790 107069
405 2791 107072
404 2795 107075
406 2789 107078
405 2791 107081
406 2789 107084
405 2791 107087
406 2790 107090
406 2789 107093
405 2792 107096
404 2794 107099
407 2795 107102
408 2789 107105
404 2792 107108
408 2793 107111
406 2792 107114
406 2790 107117
408 2792 107120
406 2791 107123
404 2790 107126
407 2792 107129
406 2788 107132
407 2791 107135
405 2788 107138
405 2794 107141
405 2792 107144
406 2789 107147
407 2794 107150
406 2791 107153
405 2791 107156
408 2789 107159
403 2790 107162
404 2791 107165
404 2789 107168
405 2789 107171
405 2793 107174
407 2790 107177
402 2790 107180
407 2790 107183
407 2791 107186
405 2784 107189
405 2790 107192
409 2795 107195
403 2790 107198
404 2789 107201
404 2790 107204
404 2792 107207
404 2793 107210
407 2792 107213
404 2789 107216
405 2785 107219
404 2788 107222
405 2792 107225
406 2791 107228
407 2792 107231
408 2786 107234
405 2789 107237
410 2793 107240
407 2786 107243
406 2792 107246
405 2790 107249
407 2790 107252
402 2790 107255
406 2791 107258
407 2793 107261
409 2794 107264
406 2791 107267
405 2791 107270
405 2792 107273
406 2792 107276
403 2786 107279
404 2795 107282
408 2795 107285
404 2789 107288
405 2789 107291
406 2794 107294
407 2792 107297
404 2791 107300
404 2790 107303
404 2791 107306
404 2792 107309
406 2792 107312
403 2791 107315
406 2793 107318
404 2788 107321
407 2782 107324
404 2794 107327
408 2790 107330
404 2786 107333
404 2791 107336
405 2788 107339
405 2790 107342
407 2793 107345
404 2789 107348
407 2792 107351
404 2791 107354
406 2791 107357
406 2790 107360
300 2504 92960
300 2507 92963
307 2498 92966
303 2523 92969
321 2501 92972
299 2498 92975
307 2523 92978
301 2504 92981
298 2507 92984
301 2500 92987
297 2502 92990
301 2508 92993
302 2502 92996
303 2504 93000
302 2512 93003
299 2511 93006
256 2509 93009
302 2502 93012
283 2510 93015
314 2507 93018
298 2498 93021
297 2508 93024
305 2504 93027
299 2500 93030
305 2507 93033
300 2503 93036
303 2504 93039
298 2508 93042
299 2502 93044
299 2459 93047
299 2498 93050
301 2502 93053
303 2489 93056
303 2514 93059
306 2505 93062
297 2502 93065
302 2503 93068
299 2503 93071
304 2504 93074
302 2505 93077
303 2502 93080
300 2500 93083
300 2504 93086
300 2525 93089
300 2502 93092
303 2504 93095
310 2500 93098
288 2514 93101
313 2502 93104
296 2500 93107
302 2508 93110
299 2505 93113
301 2507 93116
299 2503 93119
301 2504 93122
300 2508 93125
303 2504 93128
299 2487 93131
334 2504 93134
302 2503 93137
295 2486 93140
300 2513 93143
301 2502 93146
301 2503 93149
303 2507 93152
301 2505 93155
298 2502 93158
301 2504 93161
301 2506 93164
300 2506 93167
306 2505 93170
299 2499 93173
267 2509 93176
293 2503 93179
286 2505 93182
315 2508 93185
296 2500 93188
296 2505 93191
305 2503 93194
293 2504 93197
299 2505 93200
300 2504 93203
299 2501 93206
299 2500 93209
302 2505 93212
299 2506 93215
335 2502 93218
305 2505 93221
310 2520 93224
287 2497 93227
294 2502 93230
303 2504 93233
299 2502 93236
300 2504 93239
300 2505 93242
300 2507 93245
303 2504 93248
299 2502 93251
302 2506 93254
299 2504 93257
307 2503 93260
301 2493 93263
305 2501 93266
297 2511 93269
308 2505 93272
295 2506 93275
303 2507 93278
302 2504 93281
298 2505 93284
302 2505 93287
299 2501 93290
302 2500 93293
301 2506 93296
307 2490 93299
302 2506 93302
299 2492 93305
311 2513 93308
293 2499 93311
296 2508 93314
300 2503 93317
302 2503 93320
299 2503 93323
299 2505 93326
303 2505 93329
302 2504 93332
301 2506 93335
301 2503 93338
300 2506 93341
301 2505 93344
294 2494 93347
299 2494 93350
305 2512 93353
302 2498 93356
297 2505 93359
301 2504 93362
300 2506 93365
301 2507 93368
298 2501 93371
303 2505 93374
301 2512 93377
303 2509 93380
325 2504 93383
301 2505 93386
296 2518 93389
308 2499 93392
295 2504 93395
302 2504 93398
301 2503 93401
299 2503 93404
301 2505 93407
299 2504 93410
302 2504 93413
298 2503 93416
301 2508 93419
467 2502 93422
295 2504 93425
300 2507 93428
306 2492 93431
299 2514 93434
305 2499 93437
295 2504 93440
302 2506 93443
300 2504 93446
299 2505 93449
303 2506 93452
299 2503 93455
301 2502 93458
299 2507 93461
300 2541 93464
300 2505 93467
298 2509 93470
315 2497 93473
295 2498 93476
299 2510 93479
302 2504 93482
299 2509 93485
302 2504 93488
301 2503 93491
300 2505 93494
297 2502 93497
301 2505 93500
300 2461 93503
301 2497 93506
298 2505 93509
304 2498 93512
290 2512 93515
308 2503 93518
295 2500 93521
307 2506 93524
300 2503 93527
299 2504 93530
302 2505 93533
299 2501 93536
301 2509 93539
300 2505 93542
303 2507 93545
303 2502 93548
302 2514 93551
316 2475 93554
303 2497 93557
299 2511 93560
308 2504 93563
300 2500 93566
299 2505 93569
299 2503 93572
300 2504 93575
302 2504 93578
294 2503 93581
300 2503 93584
282 2580 93587
299 2503 93590
299 2505 93593
285 2510 93596
312 2509 93599
297 2500 93602
301 2507 93605
302 2505 93608
301 2506 93611
299 2503 93614
301 2503 93617
297 2503 93620
302 2503 93623
298 2504 93626
299 2513 93629
300 2506 93632
304 2521 93635
279 2507 93638
296 2502 93641
310 2510 93644
297 2500 93647
298 2508 93650
303 2504 93653
301 2500 93656
299 2505 93659
301 2502 93662
302 2504 93665
301 2394 93668
301 2501 93671
302 2504 93674
306 2508 93677
288 2499 93680
302 2509 93683
296 2499 93686
300 2505 93689
301 2503 93692
298 2505 93695
302 2505 93698
300 2504 93701
303 2508 93704
302 2505 93707
301 2485 93710
622 2500 93713
298 2501 93716
296 2488 93719
308 2514 93722
298 2502 93725
300 2503 93728
305 2508 93731
297 2505 93734
298 2505 93737
302 2506 93740
300 2505 93743
298 2502 93746
302 2503 93749
300 2499 93752
393 2504 93755
301 2505 93758
288 2502 93761
315 2512 93764
297 2499 93767
297 2508 93770
303 2501 93773
299 2502 93776
299 2503 93779
300 2505 93782
300 2502 93785
303 2505 93788
303 2506 93791
300 2506 93794
304 2505 93797
300 2501 93800
299 2492 93803
309 2515 93806
304 2500 93809
293 2503 93812
303 2508 93815
300 2504 93818
300 2506 93821
301 2507 93824
300 2505 93827
301 2504 93830
300 2505 93833
300 2500 93836
300 2505 93839
302 2508 93842
302 2508 93845
290 2503 93848
307 2507 93851
300 2500 93854
300 2505 93857
305 2504 93860
302 2503 93863
299 2505 93866
299 2503 93869
298 2503 93872
301 2503 93875
300 2501 93878
301 2518 93881
298 2503 93884
311 2523 93887
292 2505 93890
296 2506 93893
308 2506 93896
297 2499 93899
299 2505 93902
300 2506 93905
300 2505 93908
299 2504 93911
304 2508 93914
300 2505 93917
299 2502 93920
297 2485 93923
300 2508 93926
298 2497 93929
286 2515 93932
308 2504 93935
296 2501 93938
306 2509 93941
303 2503 93944
301 2503 93947
299 2503 93950
301 2506 93953
297 2504 93956
298 2505 93959
302 2505 93962
297 2504 93965
317 2501 93968
302 2510 93971
322 2499 93974
299 2496 93977
300 2498 93980
301 2504 93983
297 2502 93986
305 2505 93989
303 2503 93992
302 2509 93995
300 2504 93999
300 2504 94002
300 2507 94005
305 2506 94008
303 2505 94011
300 2506 94014
294 2505 94017
285 2499 94020
308 2506 94023
300 2500 94026
300 2508 94029
301 2503 94032
300 2505 94035
301 2503 94038
299 2503 94041
299 2504 94044
300 2507 94046
299 2503 94049
274 2503 94052
293 2506 94055
301 2504 94058
286 2509 94061
314 2506 94064
298 2500 94067
297 2508 94070
301 2503 94073
300 2504 94076
302 2510 94079
302 2502 94082
300 2509 94085
301 2506 94088
300 2505 94091
297 2531 94094
145 2505 94097
303 2504 94100
285 2504 94103
314 2511 94106
295 2499 94109
298 2505 94112
302 2504 94115
296 2504 94118
301 2501 94121
300 2506 94124
302 2507 94127
300 2503 94130
300 2502 94133
302 2503 94136
300 2488 94139
310 2504 94142
298 2505 94145
318 2507 94148
294 2495 94151
299 2508 94154
305 2504 94157
299 2503 94160
300 2506 94163
300 2505 94166
300 2498 94169
301 2505 94172
300 2504 94175
298 2503 94178
306 2506 94181
307 2501 94184
302 2511 94187
324 2512 94190
295 2496 94193
300 2513 94196
301 2503 94199
297 2503 94202
297 2503 94205
304 2505 94208
299 2505 94211
303 2506 94214
302 2505 94217
303 2503 94220
300 2504 94223
299 2511 94226
299 2504 94229
286 2492 94232
294 2496 94235
305 2512 94238
301 2500 94241
296 2504 94244
300 2505 94247
299 2501 94250
300 2503 94253
299 2504 94256
298 2506 94259
303 2505 94262
300 2503 94265
295 2464 94268
304 2505 94271
303 2491 94274
309 2515 94277
299 2499 94280
295 2505 94283
306 2502 94286
296 2505 94289
299 2506 94292
303 2505 94295
300 2502 94298
306 2505 94301
300 2504 94304
300 2524 94307
299 2523 94310
299 2498 94313
310 2526 94316
281 2495 94319
292 2504 94322
306 2507 94325
300 2503 94328
302 2505 94331
302 2504 94334
300 2503 94337
301 2505 94340
299 2502 94343
303 2505 94346
300 2534 94349
302 2499 94352
305 2502 94355
299 2492 94358
300 2514 94361
309 2500 94364
295 2503 94367
302 2506 94370
302 2503 94373
298 2503 94376
302 2507 94379
299 2504 94382
301 2504 94385
299 2505 94388
299 2499 94391
324 2499 94394
302 2513 94397
320 2496 94400
295 2496 94403
300 2511 94406
301 2502 94409
297 2504 94412
302 2504 94415
298 2503 94418
297 2505 94421
299 2503 94424
300 2504 94427
299 2504 94430
300 2521 94433
300 2503 94436
300 2491 94439
309 2517 94442
299 2499 94445
296 2502 94448
305 2504 94451
299 2505 94454
302 2506 94457
301 2504 94460
299 2505 94463
300 2505 94466
301 2505 94469
300 2472 94472
549 2502 94475
301 2502 94478
293 2491 94481
307 2513 94484
302 2503 94487
296 2505 94490
302 2506 94493
298 2502 94496
300 2505 94499
293 2504 94502
301 2504 94505
299 2502 94508
302 2505 94511
285 2501 94514
299 2503 94517
301 2510 94520
305 2492 94523
302 2513 94526
303 2498 94529
298 2506 94532
302 2506 94535
305 2501 94538
298 2505 94541
303 2504 94544
300 2504 94547
303 2504 94550
301 2506 94553
305 2510 94556
297 2504 94559
311 2526 94562
297 2496 94565
292 2505 94568
309 2505 94571
298 2501 94574
301 2505 94577
299 2502 94580
300 2506 94583
303 2503 94586
301 2503 94589
302 2504 94592
301 2513 94595
264 2507 94598
300 2505 94601
284 2511 94604
310 2504 94607
296 2498 94610
292 2507 94613
304 2503 94616
299 2505 94619
305 2504 94622
303 2505 94625
303 2504 94628
300 2500 94631
300 2499 94634
304 2504 94637
309 2504 94640
304 2525 94643
288 2507 94646
298 2497 94649
319 2502 94652
318 2497 94655
317 2504 94658
313 2531 94661
329 2600 94664
347 2649 94667
355 2657 94670
348 2653 94673
350 2649 94676
331 2643 94679
344 2650 94682
347 2655 94685
334 2647 94688
356 2653 94691
343 2645 94694
349 2651 94697
350 2650 94700
348 2653 94703
347 2649 94706
350 2649 94709
341 2649 94712
351 2647 94715
349 2649 94718
358 2581 94721
349 2655 94724
345 2625 94727
345 2662 94730
352 2646 94733
349 2650 94736
348 2647 94739
349 2649 94742
346 2646 94745
349 2648 94748
344 2648 94751
345 2649 94754
350 2651 94757
344 2646 94760
299 2649 94763
332 2653 94766
347 2630 94769
326 2650 94772
359 2657 94775
343 2641 94778
345 2649 94781
349 2649 94784
345 2651 94787
349 2651 94790
346 2648 94793
347 2651 94796
344 2646 94799
348 2650 94802
346 2628 94805
410 2649 94808
347 2654 94811
381 2668 94814
336 2636 94817
346 2654 94820
355 2648 94823
344 2648 94826
349 2654 94829
348 2648 94832
347 2652 94835
344 2651 94838
350 2651 94841
344 2649 94844
350 2650 94847
338 2678 94850
343 2648 94853
391 2665 94856
333 2625 94859
356 2658 94862
363 2643 94865
355 2643 94868
363 2644 94871
361 2642 94874
359 2643 94877
362 2642 94880
360 2643 94883
365 2644 94886
366 2642 94889
366 2623 94892
431 2636 94895
366 2653 94898
403 2646 94901
349 2629 94904
369 2650 94907
369 2637 94910
361 2639 94913
369 2648 94916
368 2637 94919
368 2643 94922
367 2640 94925
366 2641 94928
367 2639 94931
362 2637 94934
370 2640 94937
351 2652 94940
362 2599 94943
364 2663 94946
379 2640 94949
346 2648 99358
350 2650 99361
348 2652 99364
348 2649 99367
345 2650 99370
349 2648 99373
417 2671 99376
347 2650 99379
346 2648 99382
349 2650 99385
346 2651 99388
343 2648 99391
347 2652 99394
346 2652 99397
347 2647 99399
351 2648 99402
347 2650 99405
348 2649 99408
346 2649 99411
347 2648 99414
345 2645 99417
348 2647 99421
349 2647 99423
348 2655 99426
346 2648 99429
347 2646 99432
347 2652 99435
345 2649 99438
348 2652 99441
347 2649 99444
346 2650 99447
348 2648 99450
350 2648 99454
347 2649 99456
330 2651 99459
344 2531 99462
348 2652 99465
347 2647 99468
348 2651 99471
347 2651 99474
346 2650 99477
348 2648 99480
344 2648 99483
348 2647 99487
348 2646 99489
350 2650 99492
344 2651 99495
346 2651 99498
167 2650 99501
345 2649 99504
347 2650 99507
346 2652 99510
347 2647 99513
352 2653 99516
347 2650 99520
345 2645 99522
347 2650 99525
346 2650 99528
344 2650 99531
349 2649 99534
347 2649 99537
350 2653 99540
348 2649 99543
348 2648 99546
349 2651 99549
349 2654 99553
346 2646 99555
345 2650 99558
345 2649 99561
345 2649 99564
348 2650 99567
346 2652 99570
348 2649 99573
347 2651 99576
347 2651 99579
349 2649 99582
350 2652 99586
351 2644 99588
349 2651 99591
349 2649 99594
348 2651 99597
346 2648 99600
350 2654 99603
348 2651 99606
347 2650 99609
342 2650 99612
349 2649 99615
346 2652 99619
347 2647 99621
346 2649 99624
348 2648 99627
339 2651 99630
347 2649 99633
350 2653 99636
347 2651 99639
347 2651 99642
348 2650 99645
348 2648 99648
349 2652 99652
347 2646 99654
350 2649 99657
352 2649 99660
348 2651 99663
349 2650 99666
355 2649 99669
347 2695 99672
346 2650 99675
346 2647 99678
351 2649 99681
347 2655 99685
347 2644 99687
348 2652 99690
349 2649 99693
347 2649 99696
348 2649 99699
347 2648 99702
349 2650 99705
346 2649 99708
346 2648 99711
349 2653 99714
348 2649 99718
349 2650 99720
345 2650 99723
349 2647 99726
346 2654 99729
351 2648 99732
349 2649 99735
349 2649 99738
347 2649 99741
349 2648 99744
348 2647 99747
349 2645 99751
312 2647 99753
350 2648 99756
345 2647 99759
348 2652 99762
350 2651 99765
351 2649 99768
348 2652 99771
350 2650 99774
347 2648 99777
348 2652 99780
348 2650 99784
348 2647 99786
348 2654 99789
439 2652 99792
347 2630 99795
349 2651 99798
345 2651 99801
348 2646 99804
346 2645 99807
346 2649 99810
350 2649 99813
349 2649 99817
346 2646 99819
346 2651 99822
345 2648 99825
349 2649 99828
347 2648 99831
349 2647 99834
345 2646 99837
348 2649 99840
347 2652 99843
347 2646 99846
347 2652 99850
348 2649 99852
345 2651 99855
346 2648 99858
345 2648 99861
348 2649 99864
347 2647 99867
350 2655 99870
348 2649 99873
354 2647 99876
346 2648 99879
351 2654 99883
348 2648 99885
350 2649 99888
346 2649 99891
346 2650 99894
347 2648 99897
348 2651 99900
349 2652 99903
347 2647 99906
347 2651 99909
348 2652 99912
346 2495 99916
346 2646 99918
352 2653 99921
345 2650 99924
345 2646 99927
350 2649 99930
345 2650 99933
349 2650 99936
347 2648 99939
346 2651 99942
347 2647 99945
349 2650 99949
348 2647 99951
331 2650 99954
346 2541 99957
347 2649 99960
345 2650 99963
346 2646 99966
350 2652 99969
341 2646 99972
348 2645 99975
347 2649 99978
348 2648 99982
349 2649 99984
348 2651 99987
345 2647 99990
345 2648 99993
345 2646 99996
347 2647 100001
349 2653 100004
345 2648 100007
346 2649 100010
348 2650 100013
352 2650 100016
347 2648 100019
348 2651 100022
348 2647 100025
348 2647 100028
348 2651 100031
348 2660 100034
665 2650 100037
349 2647 100040
347 2646 100043
348 2648 100046
353 2649 100049
345 2647 100052
349 2650 100055
346 2649 100058
