3882 952 5306828
3884 951 5306831
3880 947 5306834
3884 950 5306837
3887 953 5306840
3885 951 5306843
3883 951 5306846
3890 943 5306849
3885 952 5306852
3900 942 5306855
3870 963 5306858
3886 958 5306861
3884 949 5306864
3881 949 5306867
3886 951 5306870
3883 952 5306873
3882 951 5306876
3884 951 5306879
3873 948 5306882
3881 952 5306885
3882 949 5306888
3898 960 5306891
3883 951 5306894
3883 927 5306897
3879 947 5306900
3890 955 5306903
3877 947 5306906
3884 952 5306909
3885 952 5306912
3883 949 5306915
3885 950 5306918
3881 950 5306921
3879 952 5306924
3884 950 5306927
3884 952 5306930
3881 932 5306933
3870 950 5306936
3884 950 5306939
3873 955 5306942
3892 950 5306945
3877 948 5306948
3886 954 5306951
3881 948 5306954
3883 949 5306957
3884 951 5306960
3884 954 5306963
3881 948 5306966
3884 950 5306969
3884 953 5306972
3881 949 5306975
3851 954 5306978
3885 950 5306981
3883 951 5306984
3885 955 5306987
3880 946 5306990
3884 956 5306993
3883 949 5306996
3880 951 5307000
3887 952 5307003
3884 950 5307006
3883 950 5307009
3881 949 5307012
3881 952 5307015
3885 951 5307018
3884 914 5307021
3953 946 5307024
3883 950 5307027
3896 946 5307030
3885 951 5307033
3878 950 5307036
3886 956 5307038
3883 944 5307041
3884 950 5307044
3882 947 5307047
3884 951 5307050
3884 951 5307053
3884 947 5307056
3885 948 5307059
3885 951 5307062
3816 949 5307065
3884 949 5307068
3883 926 5307071
3881 948 5307074
3883 955 5307077
3878 936 5307080
3882 954 5307083
3885 953 5307086
3881 951 5307089
3889 952 5307092
3884 948 5307095
3882 951 5307098
3883 950 5307101
3883 950 5307104
3884 952 5307107
3863 941 5307110
3880 950 5307113
3880 951 5307116
3892 945 5307119
3882 954 5307122
3883 954 5307125
3881 947 5307128
3883 952 5307131
3882 951 5307134
3881 949 5307137
3882 948 5307140
3885 953 5307143
3880 950 5307146
3881 949 5307149
3884 951 5307152
3890 953 5307155
3880 950 5307158
3903 938 5307161
3869 955 5307164
3880 952 5307167
3885 944 5307170
3881 952 5307173
3885 953 5307176
3879 950 5307179
3883 953 5307182
3885 952 5307185
3881 951 5307188
3880 950 5307191
3881 950 5307194
3883 951 5307197
3885 957 5307200
3883 949 5307203
3893 932 5307206
3884 945 5307209
3883 951 5307212
3883 949 5307215
3884 965 5307218
3886 950 5307221
3881 951 5307224
3885 951 5307227
3883 954 5307230
3882 950 5307233
3881 950 5307236
3885 950 5307239
3882 953 5307242
3879 933 5307245
3882 951 5307248
3903 951 5307251
3868 948 5307254
3880 954 5307257
3888 948 5307260
3879 950 5307263
3884 952 5307266
3882 948 5307269
3881 951 5307272
3883 952 5307275
3878 947 5307278
3882 951 5307281
3883 949 5307284
3880 952 5307287
3848 1053 5307290
3882 951 5307293
3881 943 5307296
3890 955 5307299
3877 957 5307302
3884 955 5307305
3885 947 5307308
3879 949 5307311
3884 950 5307314
3882 953 5307317
3884 953 5307320
3883 953 5307323
3881 950 5307326
3880 948 5307329
3881 950 5307332
3882 957 5307335
3891 951 5307338
3882 942 5307341
3861 955 5307344
3881 955 5307347
3886 947 5307350
3879 953 5307353
3885 953 5307356
3882 950 5307359
3880 949 5307362
3883 950 5307365
3882 951 5307368
3882 949 5307371
3883 948 5307374
3880 954 5307377
3882 942 5307380
3865 948 5307383
3883 953 5307386
3879 956 5307389
3888 946 5307392
3878 956 5307395
3884 954 5307398
3882 944 5307401
3883 950 5307404
3884 951 5307407
3879 950 5307410
3884 950 5307413
3883 949 5307416
3885 952 5307419
3885 951 5307422
3885 950 5307425
3867 952 5307428
3883 948 5307431
3894 959 5307434
3875 945 5307437
3882 952 5307440
3886 947 5307443
3878 949 5307446
3885 955 5307449
3886 952 5307452
3884 952 5307455
3882 949 5307458
3881 950 5307461
3881 949 5307464
3881 948 5307467
3882 952 5307470
3885 955 5307473
3871 948 5307476
3883 965 5307479
3872 942 5307482
3881 950 5307485
3888 951 5307488
3879 948 5307491
3883 952 5307494
3882 948 5307497
3882 949 5307500
3884 953 5307503
3884 953 5307506
3881 951 5307509
3884 952 5307512
3885 949 5307515
3882 951 5307518
3884 955 5307521
3883 949 5307524
3858 967 5307527
3875 954 5307530
3886 943 5307533
3877 949 5307536
3887 952 5307539
3879 948 5307542
3883 952 5307545
3886 951 5307548
3884 953 5307551
3881 949 5307554
3873 946 5307557
3879 952 5307560
3881 948 5307563
3915 982 5307566
3886 951 5307569
3882 959 5307572
3884 953 5307575
3885 946 5307578
3879 951 5307581
3886 952 5307584
3881 948 5307587
3881 953 5307590
3885 950 5307593
3880 948 5307596
3883 952 5307599
3885 950 5307602
3883 954 5307605
3880 949 5307608
3881 914 5307611
3899 949 5307614
3881 950 5307617
3873 959 5307620
3886 944 5307623
3877 950 5307626
3884 952 5307629
3880 950 5307632
3885 955 5307635
3886 951 5307638
3883 948 5307641
3882 952 5307644
3882 949 5307647
3881 950 5307650
3883 952 5307653
3883 949 5307656
3869 933 5307659
3881 951 5307662
3882 962 5307665
3877 939 5307668
3892 958 5307671
3884 949 5307674
3881 950 5307677
3884 952 5307680
3882 951 5307683
3884 950 5307686
3886 951 5307689
3882 952 5307692
3880 952 5307695
3883 950 5307698
3882 951 5307701
3881 959 5307704
3883 947 5307707
3880 941 5307710
3867 949 5307713
3882 958 5307716
3884 944 5307719
3880 953 5307722
3884 950 5307725
3880 948 5307728
3884 953 5307731
3884 949 5307734
3883 953 5307737
3880 949 5307740
3882 950 5307743
3884 949 5307746
3883 935 5307749
3901 956 5307752
3882 948 5307755
3884 959 5307758
3878 942 5307761
3879 952 5307764
3888 951 5307767
3879 949 5307770
3881 952 5307773
3883 950 5307776
3882 952 5307779
3882 955 5307782
3884 951 5307785
3884 950 5307788
3883 951 5307791
3882 1017 5307794
3882 948 5307797
3882 949 5307800
3862 943 5307803
3876 956 5307806
3890 946 5307809
3879 952 5307812
3883 954 5307815
3883 950 5307818
3885 953 5307821
3883 951 5307824
3879 948 5307827
3883 950 5307830
3882 953 5307833
3883 951 5307836
3882 948 5307839
3889 958 5307842
3883 949 5307845
3897 947 5307848
3871 954 5307851
3883 954 5307854
3881 947 5307857
3879 950 5307860
3881 951 5307863
3882 950 5307866
3882 951 5307869
3880 941 5307872
3883 950 5307875
3884 951 5307878
3883 954 5307881
3901 952 5307884
3869 928 5307887
3882 949 5307890
3879 965 5307893
3880 937 5307896
3894 951 5307899
3888 954 5307902
3878 947 5307905
3883 950 5307908
3883 951 5307911
3882 951 5307914
3882 952 5307917
3883 949 5307920
3882 953 5307923
3882 952 5307926
3882 948 5307929
3885 950 5307932
3883 951 5307935
3893 953 5307938
3870 945 5307941
3886 957 5307944
3886 947 5307947
3879 952 5307950
3883 952 5307953
3883 950 5307956
3881 949 5307959
3883 949 5307962
3881 951 5307965
3883 951 5307968
3882 951 5307971
3881 953 5307974
3882 955 5307977
3880 950 5307980
3870 935 5307983
3879 951 5307986
3887 948 5307989
3874 950 5307992
3884 955 5307995
3882 948 5307999
3881 949 5308002
3882 952 5308005
3883 950 5308008
3885 950 5308011
3880 950 5308014
3883 952 5308017
3885 935 5308020
3872 947 5308023
3881 947 5308026
3900 946 5308029
3872 948 5308031
3885 955 5308034
3883 947 5308037
3881 952 5308040
3884 950 5308043
3880 953 5308046
3882 952 5308049
3880 949 5308052
3883 951 5308055
3882 949 5308058
3883 952 5308061
3845 1069 5308064
3880 950 5308067
3881 954 5308070
3882 957 5308073
3881 944 5308076
3880 953 5308079
3886 950 5308082
3881 950 5308085
3881 950 5308088
3883 949 5308091
3884 952 5308094
3883 949 5308097
3881 951 5308100
3885 949 5308103
3882 1006 5308106
3851 952 5308109
3883 948 5308112
3857 964 5308115
3887 962 5308118
3882 942 5308121
3879 953 5308124
3887 952 5308127
3879 947 5308130
3881 949 5308133
3883 948 5308136
3884 952 5308139
3883 947 5308142
3883 949 5308145
3881 952 5308148
3950 946 5308151
3879 947 5308154
3880 925 5308157
3895 946 5308160
3883 952 5308163
3878 945 5308166
3883 952 5308169
3884 946 5308172
3880 949 5308175
3884 955 5308178
3885 951 5308181
3884 949 5308184
3881 949 5308187
3887 952 5308190
3885 1285 5308193
3880 949 5308196
3882 954 5308199
3866 931 5308202
3883 948 5308205
3885 947 5308208
3869 949 5308211
3885 953 5308214
3884 951 5308217
3880 955 5308220
3885 951 5308223
3882 950 5308226
3881 952 5308229
3882 950 5308232
3883 950 5308235
4095 951 5308238
3883 949 5308241
3882 931 5308244
3867 950 5308247
3881 956 5308250
3881 948 5308253
3884 951 5308256
3884 950 5308259
3882 949 5308262
3883 951 5308265
3884 950 5308268
3881 951 5308271
3882 951 5308274
3883 949 5308277
3883 944 5308280
3877 953 5308283
3879 948 5308286
3862 956 5308289
3879 949 5308292
3889 948 5308295
3879 956 5308298
3884 954 5308301
3882 947 5308304
3883 951 5308307
3880 949 5308310
3883 952 5308313
3884 949 5308316
3878 949 5308319
3882 949 5308322
3884 953 5308325
3871 957 5308328
3883 957 5308331
3864 978 5308334
3889 955 5308337
3886 945 5308340
3878 951 5308343
3883 950 5308346
3881 953 5308349
3883 952 5308352
3884 950 5308355
3883 953 5308358
3883 956 5308361
3883 950 5308364
3883 950 5308367
3891 965 5308370
3879 951 5308373
3898 950 5308376
3864 945 5308379
3890 960 5308382
3881 942 5308385
3880 951 5308388
3884 952 5308391
3880 949 5308394
3882 950 5308397
3885 950 5308400
3883 951 5308403
3882 950 5308406
3880 952 5308409
3881 934 5308412
3918 940 5308415
3880 962 5308418
3917 951 5308421
3868 941 5308424
3886 961 5308427
3885 947 5308430
3878 948 5308433
3885 952 5308436
3880 949 5308439
3880 950 5308442
3886 949 5308445
3885 952 5308448
3879 949 5308451
3880 949 5308454
3879 898 5308457
3892 950 5308460
3876 926 5308463
3902 973 5308466
3884 940 5308469
3870 951 5308472
3888 948 5308475
3883 949 5308478
3885 954 5308481
3880 947 5308484
3881 953 5308487
3884 952 5308490
3882 950 5308493
3884 952 5308496
3883 948 5308499
3897 964 5308502
3878 952 5308505
3903 934 5308508
3856 945 5308511
3896 962 5308514
3881 942 5308517
3878 950 5308520
3886 955 5308523
3881 950 5308526
3888 951 5308529
3883 950 5308532
3883 952 5308535
3889 950 5308538
3882 950 5308541
3884 929 5308544
3789 970 5308547
3876 952 5308550
3885 983 5308553
3898 942 5308556
3861 946 5308559
3888 956 5308562
3881 946 5308565
3882 952 5308568
3883 953 5308571
3882 951 5308574
3882 950 5308577
3883 952 5308580
3879 950 5308583
3883 950 5308586
3886 939 5308589
3914 942 5308592
3886 978 5308595
3906 927 5308598
3863 949 5308601
3892 958 5308604
3881 942 5308607
3883 952 5308610
3884 953 5308613
3880 950 5308616
3882 951 5308619
3883 950 5308622
3883 953 5308625
3882 952 5308628
3884 949 5308631
3881 964 5308634
3880 949 5308637
3882 947 5308640
3851 937 5308643
3893 968 5308646
3885 939 5308649
3879 952 5308652
3888 953 5308655
3882 949 5308658
3882 952 5308661
3884 949 5308664
3884 951 5308667
3882 948 5308670
3882 947 5308673
3886 954 5308676
3885 950 5308679
3853 961 5308682
3881 917 5308685
3855 957 5308688
3901 959 5308691
3878 942 5308694
3883 954 5308697
3885 949 5308700
3881 953 5308703
3886 952 5308706
3881 948 5308709
3883 952 5308712
3880 951 5308715
3884 951 5308718
3884 951 5308721
3884 958 5308724
3855 962 5308727
3882 916 5308730
3854 962 5308733
3898 959 5308736
3877 943 5308739
3881 955 5308742
3885 949 5308745
3870 946 5308748
3885 952 5308751
3884 953 5308754
3884 952 5308757
3883 951 5308760
3881 950 5308763
3881 949 5308766
3883 964 5308769
3880 946 5308772
3883 956 5308775
3852 931 5308778
3886 964 5308781
3889 946 5308784
3879 950 5308787
3886 954 5308790
3881 949 5308793
3883 951 5308796
3882 945 5308799
3884 951 5308802
3883 951 5308805
3880 950 5308808
3884 953 5308811
3882 949 5308814
3909 943 5308817
3888 979 5308820
3886 924 5308823
3869 956 5308826
3896 952 5308829
3879 945 5308832
3882 952 5308835
3888 950 5308838
3880 949 5308841
3884 953 5308844
3882 948 5308847
3884 950 5308850
3884 952 5308853
3882 951 5308856
3884 914 5308859
3932 949 5308862
3880 957 5308865
3922 967 5308868
3872 931 5308871
3879 946 5308874
3891 951 5308877
3877 944 5308880
3883 955 5308883
3878 952 5308886
3884 954 5308889
3884 951 5308892
3883 949 5308895
3885 952 5308898
3883 947 5308901
3882 965 5308904
3876 944 5308907
3892 948 5308910
3844 960 5308913
3905 960 5308916
3877 941 5308919
3883 956 5308922
3887 951 5308925
3881 950 5308928
3885 950 5308931
3885 949 5308934
3884 949 5308937
3885 949 5308940
3884 954 5308943
3882 950 5308946
3883 953 5308949
3899 966 5308952
3879 952 5308955
3893 922 5308958
3862 952 5308961
3899 960 5308964
3878 944 5308967
3886 953 5308970
3884 949 5308973
3882 951 5308976
3881 949 5308979
3885 949 5308982
3887 955 5308985
3884 953 5308988
3884 952 5308991
3885 949 5308994
3869 985 5308997
3870 951 5309001
3903 978 5309004
3865 929 5309007
3881 962 5309010
3888 951 5309013
3877 949 5309016
3883 951 5309019
3885 950 5309022
3882 951 5309025
3885 952 5309028
3886 951 5309031
3885 951 5309033
3885 952 5309036
3885 951 5309039
3863 1019 5309042
3873 950 5309045
3894 993 5309048
3876 930 5309051
3873 949 5309054
3892 956 5309057
3881 947 5309060
3883 959 5309063
3884 950 5309066
3880 958 5309069
3883 952 5309072
3881 950 5309075
3879 954 5309078
3885 950 5309081
3884 950 5309084
3873 990 5309087
3872 953 5309090
3910 972 5309093
3864 932 5309096
3878 961 5309099
3892 953 5309102
3879 947 5309105
3885 954 5309108
3885 953 5309111
3882 950 5309114
3882 952 5309117
3884 950 5309120
3887 951 5309123
3884 950 5309126
3882 952 5309129
3895 945 5309132
3883 950 5309135
3880 913 5309138
3867 961 5309141
3897 953 5309144
3877 945 5309147
4033 1239 5294744
4032 1237 5294747
4033 1236 5294750
4033 1247 5294753
4037 1235 5294756
4030 1233 5294759
4053 1241 5294762
4030 1229 5294765
4033 1242 5294768
4039 1235 5294771
4033 1235 5294774
4035 1236 5294777
4031 1233 5294780
4035 1236 5294783
4036 1238 5294786
4036 1238 5294789
4034 1239 5294792
4032 1237 5294795
4038 1235 5294798
4035 1224 5294801
4042 1230 5294804
4024 1243 5294807
4042 1235 5294810
4033 1227 5294813
4036 1239 5294816
4037 1237 5294819
4034 1239 5294822
4033 1235 5294825
4033 1238 5294828
4036 1238 5294831
4034 1239 5294834
4034 1244 5294837
4036 1238 5294840
4040 1236 5294843
4033 1217 5294846
4045 1246 5294849
4035 1232 5294852
4031 1238 5294855
4035 1235 5294858
4031 1234 5294861
4036 1238 5294864
4036 1236 5294867
4036 1237 5294870
4036 1236 5294873
4035 1237 5294876
4034 1234 5294879
4033 1295 5294882
4036 1236 5294885
4035 1244 5294888
4048 1209 5294891
4030 1228 5294894
4034 1239 5294897
4038 1233 5294900
4034 1238 5294903
4036 1236 5294906
4033 1238 5294909
4031 1236 5294912
4034 1235 5294915
4032 1235 5294918
4036 1236 5294921
4032 1231 5294924
4045 1234 5294927
4037 1241 5294930
4056 1201 5294933
4036 1227 5294936
4031 1243 5294939
4028 1233 5294942
4030 1234 5294945
4035 1237 5294948
4034 1239 5294951
4034 1237 5294954
4032 1235 5294957
4033 1239 5294960
4035 1237 5294963
4034 1237 5294966
4036 1239 5294969
4034 1236 5294972
4053 1193 5294975
4035 1227 5294978
4027 1245 5294981
4043 1234 5294984
4031 1238 5294987
4033 1236 5294990
4033 1235 5294993
4034 1238 5294996
4035 1238 5295000
4035 1238 5295003
4035 1237 5295006
4033 1236 5295009
4033 1234 5295012
4046 1236 5295015
4032 1227 5295018
4030 1236 5295021
4025 1239 5295024
4042 1237 5295027
4030 1233 5295030
4035 1239 5295033
4034 1236 5295036
4031 1236 5295038
4033 1239 5295041
4035 1235 5295044
4033 1235 5295047
4033 1235 5295050
4035 1238 5295053
4035 1250 5295056
4035 1234 5295059
4025 1238 5295062
4031 1226 5295065
4039 1245 5295068
4033 1233 5295071
4030 1238 5295074
4038 1240 5295077
4035 1238 5295080
4035 1238 5295083
4035 1237 5295086
4035 1238 5295089
4033 1236 5295092
4035 1235 5295095
4035 1236 5295098
4035 1235 5295101
4031 1234 5295104
4029 1241 5295107
4025 1238 5295110
4042 1236 5295113
4031 1233 5295116
4034 1239 5295119
4034 1237 5295122
4033 1235 5295125
4033 1237 5295128
4034 1240 5295131
4035 1237 5295134
4033 1236 5295137
4036 1239 5295140
4034 1238 5295143
4031 1236 5295146
4040 1231 5295149
4035 1224 5295152
4034 1242 5295155
4037 1235 5295158
4032 1236 5295161
4037 1239 5295164
4036 1235 5295167
4029 1234 5295170
4033 1236 5295173
4033 1236 5295176
4033 1238 5295179
4033 1237 5295182
4034 1236 5295185
4042 1235 5295188
4035 1201 5295191
4023 1240 5295194
4025 1238 5295197
4040 1238 5295200
4030 1232 5295203
4033 1240 5295206
4037 1237 5295209
4035 1237 5295212
4035 1236 5295215
4034 1235 5295218
4034 1236 5295221
4032 1236 5295224
4034 1233 5295227
4036 1243 5295230
4033 1238 5295233
3996 1223 5295236
4042 1227 5295239
4037 1245 5295242
4038 1235 5295245
4034 1237 5295248
4035 1239 5295251
4032 1240 5295254
4033 1238 5295257
4037 1238 5295260
4034 1237 5295263
4034 1237 5295266
4021 1237 5295269
4035 1238 5295272
4039 1235 5295275
4037 1226 5295278
4039 1225 5295281
4027 1244 5295284
4041 1233 5295287
4030 1233 5295290
4036 1236 5295293
4035 1236 5295296
4034 1239 5295299
4031 1238 5295302
4035 1236 5295305
4035 1236 5295308
4035 1240 5295311
4035 1234 5295314
4037 1227 5295317
4034 1236 5295320
4042 1228 5295323
4022 1242 5295326
4040 1234 5295329
4032 1236 5295332
4032 1236 5295335
4033 1235 5295338
4035 1237 5295341
4034 1239 5295344
4032 1235 5295347
4032 1234 5295350
4035 1236 5295353
4032 1231 5295356
4048 1237 5295359
4028 1243 5295362
4034 1237 5295365
4018 1242 5295368
4046 1240 5295371
4030 1232 5295374
4035 1242 5295377
4034 1237 5295380
4031 1235 5295383
4036 1235 5295386
4035 1235 5295389
4034 1237 5295392
4035 1237 5295395
4035 1237 5295398
4032 1232 5295401
3987 1240 5295404
4035 1236 5295407
4019 1248 5295410
4048 1218 5295413
4031 1232 5295416
4036 1240 5295419
4035 1235 5295422
4034 1236 5295425
4033 1238 5295428
4035 1237 5295431
4035 1235 5295434
4033 1236 5295437
4033 1235 5295440
4035 1241 5295443
4039 1285 5295446
4033 1238 5295449
4035 1258 5295452
4029 1237 5295455
4026 1232 5295458
4038 1240 5295461
4032 1233 5295464
4032 1234 5295467
4035 1236 5295470
4035 1238 5295473
4037 1237 5295476
4035 1236 5295479
4033 1236 5295482
4035 1237 5295485
4032 1235 5295488
4041 1234 5295491
4037 1195 5295494
4023 1241 5295497
4022 1236 5295500
4042 1241 5295503
4032 1233 5295506
4034 1239 5295509
4038 1237 5295512
4035 1236 5295515
4035 1236 5295518
4036 1235 5295521
4034 1235 5295524
4034 1237 5295527
4037 1298 5295530
4032 1230 5295533
4039 1240 5295536
4040 1221 5295539
4032 1250 5295542
4040 1237 5295545
4031 1232 5295548
4037 1238 5295551
4034 1234 5295554
4034 1234 5295557
4035 1237 5295560
4034 1237 5295563
4033 1234 5295566
4032 1235 5295569
4035 1238 5295572
4032 1219 5295575
4035 1238 5295578
4034 1227 5295581
4046 1246 5295584
4026 1233 5295587
4028 1237 5295590
4039 1237 5295593
4037 1233 5295596
4031 1239 5295599
4023 1238 5295602
4020 1238 5295605
4021 1239 5295608
4022 1220 5295611
4009 1161 5295614
3976 1094 5295617
3961 1063 5295620
3950 1081 5295623
3953 1095 5295626
3957 1098 5295629
3975 1099 5295632
3967 1093 5295635
3963 1096 5295638
3964 1091 5295641
3962 1089 5295644
3968 1094 5295647
3963 1092 5295650
3962 1090 5295653
3965 1090 5295656
3966 1110 5295659
3806 1094 5295662
3963 1091 5295665
3951 1093 5295668
3978 1094 5295671
3962 1085 5295674
3960 1093 5295677
3968 1090 5295680
3961 1088 5295683
3962 1093 5295686
3965 1089 5295689
3964 1089 5295692
3964 1091 5295695
3960 1090 5295698
3961 1090 5295701
3964 1103 5295704
3962 1093 5295707
3978 1104 5295710
3957 1084 5295713
3955 1095 5295716
3967 1091 5295719
3958 1087 5295722
3962 1091 5295725
3965 1092 5295728
3961 1092 5295731
3964 1093 5295734
3964 1090 5295737
3963 1096 5295740
3963 1091 5295743
3928 1097 5295746
3964 1094 5295749
3963 1083 5295752
3948 1102 5295755
3973 1092 5295758
3959 1089 5295761
3962 1092 5295764
3963 1089 5295767
3960 1089 5295770
3964 1093 5295773
3963 1089 5295776
3963 1092 5295779
3966 1093 5295782
3962 1091 5295785
3963 1093 5295788
3977 1089 5295791
3968 1109 5295794
3977 1084 5295797
3961 1085 5295800
3968 1101 5295803
3962 1090 5295806
3957 1094 5295809
3961 1090 5295812
3958 1094 5295815
3958 1095 5295818
3954 1092 5295821
3955 1094 5295824
3954 1095 5295827
3951 1052 5295830
3951 1094 5295833
3957 1092 5295836
3940 1083 5295839
3962 1103 5295842
3950 1086 5295845
3948 1096 5295848
3954 1092 5295851
3950 1091 5295854
3948 1096 5295857
3951 1094 5295860
3950 1090 5295863
3948 1095 5295866
3949 1096 5295869
3951 1090 5295872
3969 1095 5295875
3949 1094 5295878
3948 1116 5295881
3956 1088 5295884
3943 1090 5295887
3953 1099 5295890
3950 1093 5295893
3950 1091 5295896
3952 1097 5295899
3952 1095 5295902
3951 1095 5295905
3952 1095 5295908
3953 1092 5295911
3951 1093 5295914
3957 1089 5295917
3953 1099 5295920
3974 1092 5295923
3952 1085 5295926
3947 1102 5295929
3955 1105 5295932
3949 1094 5295935
3952 1098 5295938
3953 1092 5295941
3943 1096 5295944
3954 1095 5295947
3953 1091 5295950
3954 1092 5295953
3954 1090 5295956
3978 1089 5295959
3951 1110 5295962
3974 1086 5295965
3954 1088 5295968
3959 1100 5295971
3955 1091 5295974
3951 1091 5295977
3956 1095 5295980
3953 1092 5295983
3953 1092 5295986
3955 1096 5295989
3957 1093 5295992
3955 1091 5295995
3957 1094 5295999
3962 1091 5296002
3955 1111 5296005
3953 1089 5296008
3946 1093 5296011
3962 1098 5296014
3956 1087 5296017
3956 1094 5296020
3958 1090 5296023
3955 1090 5296026
3959 1091 5296029
3955 1094 5296031
3956 1092 5296034
3957 1093 5296037
3958 1091 5296040
3964 1090 5296043
3958 1084 5296046
3946 1092 5296049
3945 1095 5296052
3968 1094 5296055
3958 1088 5296058
3958 1096 5296061
3963 1092 5296064
3958 1092 5296067
3961 1094 5296070
3956 1093 5296073
3957 1091 5296076
3959 1090 5296079
3959 1096 5296082
3974 1089 5296085
3958 1112 5296088
3964 1096 5296091
3953 1091 5296094
3965 1097 5296097
3959 1090 5296100
3959 1091 5296103
3962 1092 5296106
3960 1089 5296109
3960 1092 5296112
3959 1093 5296115
3961 1092 5296118
3959 1093 5296121
3959 1094 5296124
3966 1091 5296127
3960 1102 5296130
3973 1086 5296133
3955 1083 5296136
3962 1097 5296139
3959 1086 5296142
3956 1089 5296145
3962 1091 5296148
3961 1090 5296151
3956 1090 5296154
3960 1092 5296157
3961 1091 5296160
3958 1095 5296163
3957 1091 5296166
3947 1089 5296169
3959 1093 5296172
3966 1110 5296175
3961 1083 5296178
3955 1093 5296181
3966 1091 5296184
3957 1087 5296187
3961 1093 5296190
3962 1094 5296193
3960 1091 5296196
3961 1093 5296199
3962 1090 5296202
3962 1092 5296205
3960 1018 5296208
3962 1088 5296211
3964 1092 5296214
3959 1075 5296217
3967 1103 5296220
3966 1087 5296223
3957 1094 5296226
3965 1093 5296229
3959 1092 5296232
3962 1092 5296235
3963 1092 5296238
3960 1089 5296241
3960 1091 5296244
3963 1093 5296247
3963 1092 5296250
3960 1102 5296253
3960 1093 5296256
3950 1089 5296259
3955 1082 5296262
3966 1099 5296265
3962 1086 5296268
3955 1091 5296271
3958 1093 5296274
3960 1087 5296277
3963 1091 5296280
3960 1090 5296283
3961 1091 5296286
3961 1088 5296289
3963 1090 5296292
3965 1142 5296295
3964 1089 5296298
3963 1099 5296301
3977 1089 5296304
3954 1083 5296307
3965 1095 5296310
3963 1089 5296313
3960 1091 5296316
3962 1090 5296319
3961 1090 5296322
3962 1092 5296325
3964 1093 5296328
3963 1089 5296331
3962 1091 5296334
3962 1093 5296337
3955 1090 5296340
3964 1099 5296343
3954 1080 5296346
3970 1100 5296349
3961 1083 5296352
3957 1093 5296355
3967 1094 5296358
3958 1091 5296361
3964 1093 5296364
3964 1089 5296367
3961 1091 5296370
3960 1091 5296373
3962 1090 5296376
3961 1089 5296379
3890 1092 5296382
3960 1091 5296385
3962 1110 5296388
3970 1087 5296391
3956 1090 5296394
3965 1095 5296397
3961 1086 5296400
3962 1090 5296403
3961 1092 5296406
3962 1091 5296409
3963 1091 5296412
3963 1090 5296415
3961 1090 5296418
3963 1090 5296421
3965 1099 5296424
3960 1091 5296427
3958 1087 5296430
3959 1081 5296433
3967 1099 5296436
3962 1085 5296439
3958 1086 5296442
3964 1092 5296445
3964 1090 5296448
3963 1090 5296451
3962 1092 5296454
3966 1094 5296457
3964 1093 5296460
3961 1091 5296463
4011 1092 5296466
3960 1091 5296469
3960 1077 5296472
3948 1101 5296475
3969 1091 5296478
3956 1086 5296481
3962 1093 5296484
3968 1092 5296487
3962 1092 5296490
3966 1091 5296493
3962 1091 5296496
3963 1091 5296499
3963 1090 5296502
3963 1086 5296505
3962 1086 5296508
4006 1090 5296511
3966 1095 5296514
3976 1104 5296517
3954 1087 5296520
3965 1097 5296523
3967 1092 5296526
3960 1092 5296529
3965 1092 5296532
3961 1091 5296535
3962 1091 5296538
3963 1087 5296541
3963 1090 5296544
3963 1093 5296547
3961 1090 5296550
3963 1097 5296553
3959 1096 5296556
3959 1083 5296559
3959 1084 5296562
3967 1093 5296565
3964 1089 5296568
3959 1088 5296571
3963 1090 5296574
3965 1090 5296577
3966 1092 5296580
3961 1088 5296583
3963 1098 5296586
3965 1093 5296589
3964 1091 5296592
3893 1090 5296595
3951 1094 5296598
3963 1096 5296601
3948 1088 5296604
3975 1092 5296607
3957 1088 5296610
3963 1092 5296613
3964 1089 5296616
3964 1091 5296619
3965 1092 5296622
3965 1091 5296625
3964 1092 5296628
3963 1091 5296631
3963 1089 5296634
3964 1136 5296637
4059 1092 5296640
3963 1089 5296643
3951 1104 5296646
3973 1081 5296649
3958 1085 5296652
3965 1095 5296655
3964 1091 5296658
3962 1093 5296661
3965 1088 5296664
3963 1091 5296667
3963 1091 5296670
3963 1088 5296673
3964 1093 5296676
3964 1091 5296679
3964 1130 5296682
3960 1089 5296685
3968 1112 5296688
3941 1088 5296691
3957 1089 5296694
3973 1093 5296697
3961 1089 5296700
3963 1091 5296703
3963 1088 5296706
3961 1089 5296709
3965 1090 5296712
3960 1088 5296715
3962 1092 5296718
3965 1092 5296721
3964 1091 5296724
3970 1088 5296727
3965 1095 5296730
3968 1077 5296733
3964 1088 5301142
3965 1092 5301145
3966 1092 5301148
3963 1087 5301151
3966 1091 5301154
3965 1091 5301157
3967 1092 5301160
3957 1088 5301163
3962 1091 5301166
3971 1094 5301169
3964 1090 5301172
3965 1090 5301174
3964 1093 5301177
3966 1090 5301180
3966 1091 5301183
3963 1091 5301186
3965 1091 5301189
3963 1089 5301192
3960 1087 5301195
3963 1089 5301198
3965 1091 5301201
3964 1090 5301205
3961 1087 5301207
4051 1086 5301210
3967 1090 5301213
3966 1092 5301216
3967 1089 5301219
3964 1092 5301222
3966 1090 5301225
3965 1095 5301228
3965 1087 5301231
3966 1090 5301234
3957 1092 5301238
3964 1085 5301240
3964 1090 5301243
3966 1092 5301246
3968 1081 5301249
3960 1138 5301252
3962 1092 5301255
3968 1092 5301258
3964 1091 5301261
3963 1088 5301264
3968 1094 5301267
3964 1092 5301271
3964 1087 5301273
3966 1093 5301276
3966 1091 5301279
3965 1090 5301282
3966 1090 5301285
3966 1092 5301288
3967 1088 5301291
3956 1086 5301294
3963 1080 5301297
3964 1090 5301300
3967 1091 5301304
3964 1088 5301306
3965 1089 5301309
3963 1093 5301312
3965 1088 5301315
3965 1091 5301318
3963 1090 5301321
3964 1087 5301324
3965 1088 5301327
3964 1088 5301330
3965 1091 5301333
3958 1091 5301337
3963 1196 5301339
3966 1091 5301342
3966 1086 5301345
3967 1091 5301348
3965 1088 5301351
3965 1088 5301354
3965 1088 5301357
3964 1088 5301360
3964 1090 5301363
3968 1091 5301366
3965 1090 5301370
3964 1086 5301372
3966 1091 5301375
3966 1092 5301378
3968 1260 5301381
3966 1089 5301384
3965 1085 5301387
3968 1091 5301390
3966 1088 5301393
3965 1090 5301396
3968 1094 5301399
3965 1093 5301403
3965 1088 5301405
3966 1091 5301408
3964 1094 5301411
3965 1088 5301414
3965 1090 5301417
3978 1093 5301420
3965 1220 5301423
3968 1088 5301426
3962 1087 5301429
3967 1089 5301432
3964 1091 5301436
3964 1083 5301438
3963 1087 5301441
3964 1092 5301444
3966 1088 5301447
3966 1090 5301450
3965 1090 5301453
3966 1089 5301456
3964 1089 5301459
3950 1089 5301462
3966 1221 5301465
3964 1091 5301469
3962 1084 5301471
3964 1092 5301474
3962 1090 5301477
3966 1090 5301480
3965 1090 5301483
3963 1087 5301486
3968 1092 5301489
3964 1090 5301492
3964 1088 5301495
3964 1091 5301498
3966 1092 5301502
3961 1089 5301504
3964 1114 5301507
3963 1092 5301510
3967 1089 5301513
3966 1091 5301516
3964 1091 5301519
3966 1092 5301522
3963 1089 5301525
3965 1090 5301528
3964 1096 5301531
3966 1091 5301535
3962 1086 5301537
3964 1092 5301540
3965 1092 5301543
3965 1089 5301546
3965 1101 5301549
3964 1092 5301552
3967 1092 5301555
3962 1089 5301558
3966 1090 5301561
3971 1092 5301564
3963 1090 5301568
3963 1090 5301570
3964 1088 5301573
3965 1092 5301576
3965 1090 5301579
3965 1091 5301582
3963 1092 5301585
3963 926 5301588
3961 1096 5301591
3967 1087 5301594
3964 1094 5301597
3962 1089 5301601
3965 1087 5301603
3963 1089 5301606
3965 1092 5301609
3965 1091 5301612
3963 1089 5301615
3963 1089 5301618
3965 1092 5301621
3962 1089 5301624
3962 1086 5301627
4095 1095 5301630
3967 1089 5301634
3960 1086 5301636
3966 1087 5301639
3968 1095 5301642
3965 1090 5301645
3964 1088 5301648
3964 1091 5301651
3966 1089 5301654
3964 1089 5301657
3965 1088 5301660
3968 1092 5301663
3968 1090 5301667
3966 1089 5301669
3937 1089 5301672
3964 1093 5301675
3964 1087 5301678
3966 1094 5301681
3962 1090 5301684
3967 1091 5301687
3963 1089 5301690
3965 1090 5301693
3967 1092 5301696
3966 1091 5301700
3964 1088 5301702
3965 1088 5301705
3964 1089 5301708
3796 1087 5301711
3964 1090 5301714
3965 1095 5301717
3967 1092 5301720
3962 1087 5301723
3963 1089 5301726
3964 1089 5301729
3963 1090 5301733
3963 1088 5301735
3964 1090 5301738
3963 1091 5301741
3965 1088 5301744
3965 1089 5301747
3964 1089 5301750
3983 1090 5301753
3963 1092 5301756
3965 1089 5301759
3963 1086 5301762
3966 1090 5301766
3965 1088 5301768
3966 1091 5301771
3970 1093 5301774
3967 1092 5301777
3964 1089 5301780
3964 1090 5301783
3965 1091 5301786
3968 1088 5301789
3965 1091 5301792
3964 1093 5301795
3966 1087 5301799
3966 1088 5301801
3965 1095 5301804
3966 1092 5301807
3967 1089 5301810
3964 1090 5301813
3966 1092 5301816
3965 1089 5301819
3964 1089 5301822
3966 1091 5301825
3965 1091 5301828
3964 1091 5301832
3963 1088 5301834
4095 1095 5301837
3965 1091 5301840
3962 1091 5301843
3963 1088 5301846
3967 1090 5301849
3964 1089 5301852
3961 1089 5301855
3964 1090 5301858
3965 1090 5301861
3962 1093 5301865
3961 1086 5301867
3964 1088 5301870
3964 1090 5301873
3965 1089 5301876
3975 1088 5301879
3964 1087 5301882
3966 1090 5301885
3964 1091 5301888
3963 1084 5301891
3965 1090 5301894
3964 1090 5301898
3963 1088 5301900
3963 1092 5301903
3965 1094 5301906
3966 1090 5301909
3959 1089 5301912
3964 1091 5301915
3983 1091 5301918
3964 149 5301921
3965 1089 5301924
3963 1094 5301927
3965 1089 5301931
3963 1087 5301933
3966 1090 5301936
3967 1091 5301939
3966 1092 5301942
3964 1091 5301945
3965 1092 5301948
3968 1091 5301951
3965 1088 5301954
3964 1091 5301957
3969 1090 5301960
3964 1070 5301964
3958 1089 5301966
3966 1090 5301969
3964 1091 5301972
3966 1089 5301975
3966 1091 5301978
3963 1091 5301981
3964 1091 5301984
3962 1090 5301987
3963 1087 5301990
3963 1089 5301993
3965 1091 5301997
3963 1134 5302001
3948 1087 5302004
3965 1091 5302007
3965 1089 5302010
3962 1092 5302013
3967 1090 5302016
3964 1089 5302019
3963 1088 5302022
3965 1088 5302025
3965 1090 5302028
3966 1089 5302031
3964 1092 5302034
3965 1091 5302037
3966 1090 5302040
3964 1090 5302043
4001 1092 5302046
3964 1090 5302049
3966 1091 5302052
3966 1090 5302055
3965 1088 5302058
3967 1090 5302061
3966 1090 5302064
3964 1092 5302067
3965 1088 5302070
3965 1093 5302073
3967 1093 5302076
3967 1092 5302079
3967 1088 5302082
3965 1087 5302085
3969 1090 5302088
3965 1091 5302091
3969 1090 5302094
3964 1089 5302097
3963 1091 5302100
3966 1091 5302103
3966 1091 5302106
3967 1094 5302109
3965 1087 5302112
3964 1088 5302115
3962 1092 5302118
3963 1086 5302121
3964 1089 5302124
3975 1022 5302127
3966 1091 5302130
3961 1085 5302133
3962 1092 5302136
3965 1091 5302139
3962 1091 5302142
3963 1090 5302145
3963 1091 5302148
3963 1090 5302151
3965 1088 5302154
3963 1090 5302157
3965 1092 5302160
3966 1089 5302163
3963 1092 5302166
3971 1091 5302169
3966 1090 5302172
3962 1089 5302175
3964 1092 5302178
3965 1087 5302181
3963 1091 5302184
3964 1092 5302187
3964 1089 5302190
3963 1090 5302193
3964 1091 5302196
3965 1091 5302199
3966 1093 5302202
3965 1090 5302205
3963 1090 5302208
3962 1099 5302211
3966 1091 5302214
3968 1095 5302217
3962 1091 5302220
3962 1090 5302223
3967 1093 5302226
3966 1097 5302229
3962 1090 5302232
3965 1090 5302235
3965 1089 5302238
3971 1092 5302241
3967 1091 5302244
3964 1089 5302247
3964 1089 5302250
3856 1092 5302253
3965 1090 5302256
3963 1089 5302259
3964 1091 5302262
3963 1089 5302265
3961 1088 5302268
3965 1091 5302271
3964 1090 5302274
3962 1091 5302277
3965 1091 5302280
3964 1091 5302283
3964 1088 5302286
3964 1090 5302289
3965 1095 5302292
3930 1091 5302295
3965 1088 5302298
3961 1094 5302301
3967 1090 5302304
3964 1089 5302307
3965 1095 5302310
3964 1089 5302313
3965 1088 5302316
3966 1093 5302319
3964 1089 5302322
3963 1091 5302325
3964 1090 5302328
3964 1092 5302331
3964 1097 5302334
3965 1092 5302337
3966 1095 5302340
3967 1091 5302343
3963 1088 5302346
3964 1090 5302349
3965 1091 5302352
3963 1088 5302355
3966 1091 5302358
3964 1092 5302361
3964 1090 5302364
3964 1091 5302367
3966 1092 5302370
3967 1092 5302373
3899 1091 5302376
3963 1088 5302379
3965 1095 5302382
3963 1088 5302385
3962 1087 5302388
3965 1092 5302391
3964 1090 5302394
3962 1088 5302397
3965 1091 5302400
3966 1093 5302403
3965 1090 5302406
3964 1090 5302409
3963 1088 5302412
3963 1090 5302415
3960 1064 5302418
3962 1088 5302421
3964 1091 5302424
3962 1090 5302427
3963 1091 5302430
3965 1090 5302433
3964 1089 5302436
3964 1095 5302439
3965 1092 5302442
3965 1088 5302445
3965 1089 5302448
3959 1090 5302451
3965 1089 5302454
3965 1090 5302457
3973 1074 5302460
3963 1087 5302463
3963 1090 5302466
3969 1093 5302469
3966 1089 5302472
3964 1092 5302475
3967 1090 5302478
3963 1088 5302481
3963 1090 5302484
3967 1090 5302487
3966 1092 5302490
3965 1095 5302493
3962 1088 5302496
3966 1092 5302499
3966 1081 5302502
3964 1090 5302505
3968 1093 5302508
3964 1086 5302511
3964 1091 5302514
3966 1088 5302517
3965 1087 5302520
3966 1093 5302523
3964 1091 5302526
3961 1090 5302529
3964 1090 5302532
3965 1089 5302535
3964 1092 5302538
3964 1039 5302541
3540 1091 5302544
3966 1090 5302547
3965 1085 5302550
3960 1093 5302553
3959 1101 5302556
3952 1093 5302559
3951 1091 5302562
3950 1053 5302565
3915 987 5302568
3885 940 5302571
3869 928 5302574
3871 933 5302577
3882 955 5302580
3887 955 5302583
3918 952 5302586
3885 947 5302589
3882 953 5302592
3881 950 5302595
3883 952 5302598
3884 950 5302601
3882 951 5302604
3883 951 5302607
3882 947 5302610
3882 953 5302613
3881 952 5302616
3881 946 5302619
3881 951 5302622
3927 952 5302625
3876 948 5302628
3879 954 5302631
3885 948 5302634
3882 955 5302637
3883 951 5302640
3882 949 5302643
3883 953 5302646
3882 950 5302649
3882 950 5302652
3881 952 5302655
3881 951 5302658
3880 951 5302661
3880 950 5302664
3877 964 5302667
3882 949 5302670
3876 949 5302673
3884 953 5302676
3881 948 5302679
3879 950 5302682
3882 951 5302685
3880 951 5302688
3882 950 5302691
3879 950 5302694
3880 951 5302697
3882 950 5302700
3883 950 5302703
3883 957 5302706
3881 951 5302709
3880 944 5302712
3881 950 5302715
3885 950 5302718
3881 948 5302721
3882 950 5302724
3882 950 5302727
3882 950 5302730
3883 953 5302733
3883 951 5302736
3884 952 5302739
3883 947 5302742
3882 952 5302745
3887 951 5302748
3881 950 5302751
3877 950 5302754
3881 954 5302757
3878 949 5302760
3879 954 5302763
3878 956 5302766
3875 953 5302769
3874 952 5302772
3875 953 5302775
3872 954 5302778
3873 953 5302781
3872 951 5302784
3870 956 5302787
3872 953 5302790
3869 953 5302793
3874 959 5302796
3870 956 5302799
3871 956 5302802
3870 954 5302805
3869 951 5302808
3869 956 5302811
3868 953 5302814
3866 952 5302817
3872 955 5302820
3872 953 5302823
3866 995 5302826
4095 955 5302829
3872 956 5302832
3870 954 5302835
3867 959 5302838
3873 954 5302841
3870 955 5302844
3870 954 5302847
3869 954 5302850
3870 953 5302853
3871 957 5302856
3867 955 5302859
3872 957 5302862
3873 957 5302865
3868 950 5302868
3872 954 5302871
3868 953 5302874
3872 956 5302877
3869 951 5302880
3874 948 5302883
3872 955 5302886
3872 955 5302889
3870 953 5302892
3869 955 5302895
3873 955 5302898
3869 954 5302901
3873 958 5302904
3865 851 5302907
3870 956 5302910
3872 950 5302913
3871 954 5302916
3875 954 5302919
3875 954 5302922
3871 953 5302925
3873 953 5302928
3873 953 5302931
3872 954 5302934
3872 954 5302937
3874 954 5302940
3874 953 5302943
3881 1386 5302946
3874 952 5302949
3873 955 5302952
3871 951 5302955
3869 952 5302958
3874 953 5302961
3873 954 5302964
3875 956 5302967
3876 957 5302970
3875 952 5302973
3872 951 5302976
3879 953 5302979
3873 951 5302982
3883 1497 5302985
3876 954 5302988
3875 955 5302991
3874 950 5302994
3877 951 5302997
3877 954 5303001
3877 952 5303004
3877 953 5303007
3876 953 5303010
3879 952 5303013
3877 952 5303016
3877 952 5303019
3895 953 5303022
3879 1107 5303025
3876 952 5303028
3875 952 5303032
3878 948 5303034
3877 954 5303037
3878 949 5303040
3877 952 5303043
3881 952 5303046
3879 952 5303049
3878 952 5303052
3876 949 5303055
3879 948 5303058
3878 951 5303061
3881 948 5303065
3872 948 5303067
3880 953 5303070
3876 953 5303073
3877 950 5303076
3880 953 5303079
3876 951 5303082
3878 953 5303085
3876 949 5303088
3879 949 5303091
3877 954 5303094
3880 951 5303098
4095 946 5303100
3880 953 5303103
3880 948 5303106
3876 951 5303109
3880 951 5303112
3878 952 5303115
3878 950 5303118
3881 951 5303121
3879 951 5303124
3880 947 5303127
3882 952 5303131
3880 949 5303133
3880 951 5303136
3889 949 5303139
3880 951 5303142
3884 945 5303145
3881 952 5303148
3881 952 5303151
3881 949 5303154
3884 950 5303157
3880 950 5303160
3880 952 5303164
3882 947 5303166
3881 951 5303169
3882 949 5303172
3884 953 5303175
3880 1389 5303178
3879 950 5303181
3879 954 5303184
3881 946 5303187
3881 953 5303190
3880 951 5303193
3881 952 5303197
3879 947 5303199
3880 951 5303202
3880 950 5303205
3880 951 5303208
3883 944 5303211
3877 952 5303214
3879 951 5303217
3883 945 5303220
3883 952 5303223
3881 950 5303226
3882 951 5303230
3882 956 5303232
3880 954 5303235
3879 947 5303238
3871 951 5303241
3883 950 5303244
3884 951 5303247
3884 949 5303250
3912 953 5303253
3880 950 5303256
3880 951 5303259
3880 950 5303263
3881 949 5303265
3882 952 5303268
3878 950 5303271
3880 953 5303274
3881 950 5303277
3882 949 5303280
3884 955 5303283
3881 950 5303286
3869 949 5303289
3878 951 5303292
3881 953 5303296
3883 952 5303298
3877 950 5303301
3883 950 5303304
3883 951 5303307
3881 948 5303310
3881 952 5303313
3883 950 5303316
3881 946 5303319
3882 949 5303322
3880 950 5303325
3880 948 5303329
3878 949 5303331
3881 950 5303334
3880 947 5303337
3881 953 5303340
3882 951 5303343
3884 951 5303346
3880 951 5303349
3879 947 5303352
3881 949 5303355
3880 949 5303358
3882 952 5303362
3880 946 5303364
3884 857 5303367
3880 948 5303370
3881 949 5303373
3884 954 5303376
3882 947 5303379
3881 952 5303382
3883 949 5303385
3882 950 5303388
3881 949 5303391
3880 952 5303395
3882 949 5303397
3883 953 5303400
3879 949 5303403
3813 943 5303406
3882 948 5303409
3878 949 5303412
3883 950 5303415
3881 952 5303418
3881 948 5303421
3882 950 5303424
3883 952 5303428
3887 947 5303430
3882 951 5303433
3881 950 5303436
3883 950 5303439
3883 950 5303442
3873 950 5303445
3883 951 5303448
3882 945 5303451
3883 951 5303454
3880 950 5303457
3883 950 5303461
3881 947 5303463
3883 951 5303466
3880 951 5303469
3881 950 5303472
3882 948 5303475
3880 950 5303478
4085 950 5303481
3878 949 5303484
3884 947 5303487
3884 951 5303490
3882 951 5303494
3879 947 5303496
3881 949 5303499
3881 948 5303502
3883 949 5303505
3883 948 5303508
3882 949 5303511
3884 949 5303514
3882 949 5303517
3827 948 5303520
3881 949 5303523
3884 954 5303527
3885 954 5303529
3882 949 5303532
3880 948 5303535
3880 949 5303538
3884 948 5303541
3882 953 5303544
3879 952 5303547
3884 951 5303550
3883 949 5303553
3884 949 5303556
3877 957 5303560
3883 948 5303562
3883 951 5303565
3895 956 5303568
3881 948 5303571
3883 949 5303574
3882 950 5303577
3885 949 5303580
3882 949 5303583
3884 950 5303586
3882 952 5303589
3882 948 5303593
3880 947 5303595
4095 952 5303598
3884 947 5303601
3882 950 5303604
3885 951 5303607
3879 950 5303610
3884 948 5303613
3883 948 5303616
3883 949 5303619
3881 949 5303622
3882 951 5303626
3880 945 5303628
3881 952 5303631
3882 949 5303634
3881 950 5303637
3889 949 5303640
3886 949 5303643
3884 949 5303646
3882 951 5303649
3882 947 5303652
3885 949 5303655
3883 952 5303659
3880 947 5303661
3882 950 5303664
3881 948 5303667
3880 952 5303670
3884 947 5303673
3882 950 5303676
3909 951 5303679
3882 949 5303682
3882 947 5303685
3886 951 5303688
3883 953 5303692
3887 949 5303694
3882 952 5303697
3881 949 5303700
3883 947 5303703
3883 948 5303706
3883 953 5303709
3882 951 5303712
3882 950 5303715
3837 947 5303718
3881 953 5303721
3881 953 5303725
3878 944 5303727
3886 952 5303730
3882 948 5303733
3879 949 5303736
3882 951 5303739
3882 950 5303742
3883 950 5303745
3882 947 5303748
3882 951 5303751
3885 951 5303754
3880 530 5303758
3880 937 5303760
3884 952 5303763
3880 949 5303766
3881 947 5303769
3884 953 5303772
3882 951 5303775
3882 952 5303778
3879 950 5303781
3881 949 5303784
3880 949 5303787
3882 950 5303791
3880 948 5303793
3881 948 5303796
3881 906 5303799
3882 951 5303802
3884 946 5303805
3885 952 5303808
3882 952 5303811
3883 947 5303814
3883 952 5303817
3884 950 5303820
3883 952 5303824
3882 947 5303826
3883 950 5303829
3881 951 5303832
3800 951 5303835
3883 948 5303838
3883 952 5303841
3883 954 5303844
3881 946 5303847
3883 949 5303850
3885 949 5303853
3884 950 5303857
3882 947 5303859
3884 956 5303862
3879 949 5303865
3881 949 5303868
3883 950 5303871
3881 950 5303874
3876 951 5303877
3881 949 5303880
3884 949 5303883
3880 956 5303886
3880 950 5303890
3882 949 5303892
3885 951 5303895
3881 946 5303898
3884 950 5303901
3882 950 5303904
3880 948 5303907
3883 950 5303910
3882 947 5303913
4064 948 5303916
3882 949 5303919
3884 952 5303923
3879 947 5303925
3883 952 5303928
3880 949 5303931
3879 950 5303934
3883 952 5303937
3882 950 5303940
3885 951 5303943
3882 951 5303946
3883 949 5303949
3882 950 5303952
3443 949 5303956
3881 950 5303958
3886 950 5303961
3880 946 5303964
3882 951 5303967
3883 948 5303970
3883 949 5303973
3883 951 5303976
3880 949 5303979
3883 949 5303982
3882 949 5303985
3884 951 5303989
3885 949 5303991
3428 955 5303994
3881 950 5303999
3879 948 5304002
3881 952 5304005
3881 950 5304008
3884 951 5304011
3881 951 5304014
3881 950 5304017
3880 946 5304020
3882 951 5304023
3881 950 5304026
3884 953 5304029
3880 960 5304032
4095 954 5304035
3882 949 5304038
3883 946 5304041
3881 953 5304044
3883 951 5304047
3882 953 5304050
3884 951 5304053
3880 950 5304056
3881 950 5304059
3883 948 5304062
3878 950 5304065
3882 950 5304068
3882 944 5304071
4035 951 5304074
3883 952 5304077
3881 948 5304080
3879 951 5304083
3886 952 5304086
3882 952 5304089
3882 951 5304092
3882 950 5304095
3882 950 5304098
3882 950 5304101
3882 952 5304104
3886 951 5304107
3883 950 5304110
3786 954 5304113
3883 952 5304116
3877 947 5304119
3884 951 5304122
3883 951 5304125
3884 952 5304128
3881 949 5304131
3882 951 5304134
3881 950 5304137
3884 949 5304140
3882 953 5304143
3882 951 5304146
3884 948 5304149
3874 948 5304152
3882 947 5304155
3883 956 5304158
3884 949 5304161
3879 948 5304164
3882 953 5304167
3883 947 5304170
3884 949 5304173
3882 953 5304176
3882 952 5304179
3883 949 5304182
3880 948 5304185
3714 950 5304188
3880 951 5304191
3884 954 5304194
3881 950 5304197
3882 949 5304200
3886 950 5304203
3882 949 5304206
3882 952 5304209
3884 948 5304212
3883 951 5304215
3883 950 5304218
3882 950 5304221
3875 951 5304224
3903 1172 5304227
3883 950 5304230
3883 958 5304233
3880 949 5304236
3885 951 5304239
3881 950 5304242
3884 952 5304245
3885 952 5304248
3882 950 5304251
3882 953 5304254
3884 953 5304257
3885 948 5304260
3881 949 5304263
3888 954 5304266
3883 950 5304269
3882 952 5304272
3884 952 5304275
3881 951 5304278
3884 950 5304281
3883 950 5304284
3883 950 5304287
3883 948 5304290
3880 951 5304293
3877 951 5304296
3883 950 5304299
3881 951 5304302
3697 951 5304305
3881 951 5304308
3885 948 5304311
3881 949 5304314
3881 950 5304317
3881 948 5304320
3881 951 5304323
3884 949 5304326
3877 948 5304329
3883 953 5304332
3881 949 5304335
3881 948 5304338
3883 952 5304341
3872 952 5304344
3882 949 5304347
3883 952 5304350
3882 950 5304353
3881 951 5304356
3885 954 5304359
3878 950 5304362
3882 950 5304365
3881 951 5304368
3884 951 5304371
3884 953 5304374
3883 954 5304377
3883 939 5304380
3883 950 5304383
3883 951 5304386
3881 951 5304389
3884 952 5304392
3880 948 5304395
3881 952 5304398
3883 949 5304401
3884 950 5304404
3883 950 5304407
3881 954 5304410
3883 952 5304413
3882 949 5304416
3883 938 5304419
3881 950 5304422
3878 950 5304425
3883 950 5304428
3883 949 5304431
3885 947 5304434
3882 950 5304437
3881 952 5304440
3881 954 5304443
3883 949 5304446
3881 951 5304449
3882 950 5304452
3880 900 5304455
4095 951 5304458
3881 952 5304461
3886 950 5304464
3876 950 5304467
3884 951 5304470
3881 950 5304473
3881 949 5304476
3881 953 5304479
3883 949 5304482
3880 952 5304485
3884 950 5304488
3883 952 5304491
3881 941 5304494
3887 953 5304497
3883 946 5304500
3879 951 5304503
3885 953 5304506
3879 951 5304509
3882 952 5304512
3883 951 5304515
3884 951 5304518
3880 952 5304521
3884 950 5304524
3881 952 5304527
3882 952 5304530
3803 948 5304533
3878 949 5304536
3883 955 5304539
3886 949 5304542
3878 951 5304545
3882 952 5304548
3886 952 5304551
3882 950 5304554
3883 951 5304557
3881 959 5304560
3881 950 5304563
3881 950 5304566
3881 951 5304569
3867 773 5304572
3881 951 5304575
3884 947 5304578
3876 949 5304581
3882 949 5304584
3881 950 5304587
3884 954 5304590
3882 949 5304593
3882 948 5304596
3883 949 5304599
3881 948 5304602
3882 950 5304605
3884 948 5304608
3882 950 5304611
3883 948 5304614
3884 950 5304617
3884 952 5304620
3882 951 5304623
3882 947 5304626
3882 951 5304629
3881 952 5304632
3883 948 5304635
3882 950 5304638
3882 952 5304641
3886 949 5304644
3883 891 5304647
4095 951 5304650
3886 953 5304653
3888 948 5304656
3879 950 5304659
3885 953 5304662
3882 950 5304665
3883 949 5304668
3883 952 5304671
3883 954 5304674
3883 951 5304677
3883 950 5304680
3883 953 5304683
3883 950 5304686
3864 952 5304689
3875 948 5304692
3880 952 5304695
3882 948 5304698
3881 946 5304701
3884 952 5304704
3883 949 5304707
3882 950 5304710
3883 949 5304713
3882 950 5304716
3883 951 5304719
3885 953 5304722
3879 953 5304725
3889 949 5304728
3881 959 5304731
3899 943 5304734
3872 949 5304737
3887 956 5304740
3883 950 5304743
3878 951 5304746
3883 950 5304749
3880 947 5304752
3883 949 5304755
3880 949 5304758
3876 954 5304761
3973 948 5304764
3883 948 5304767
3882 963 5304770
3866 940 5304773
3889 960 5304776
3888 948 5304779
3879 953 5304782
3886 952 5304785
3884 951 5304788
3880 949 5304791
3883 952 5304794
3882 948 5304797
3883 948 5304800
3875 946 5304803
3882 950 5304806
3882 926 5304809
3900 951 5304812
3889 953 5304815
3876 950 5304818
3887 955 5304821
3881 952 5304824
3883 950 5304827
3880 948 5304830
3883 952 5304833
3884 954 5304836
3883 952 5304839
3866 922 5304842
3881 946 5304845
3881 971 5304848
3882 959 5304851
3879 942 5304854
3881 951 5304857
3887 950 5304860
3879 947 5304863
3882 949 5304866
3881 951 5304869
3884 951 5304872
3883 950 5304875
3882 948 5304878
3884 936 5304881
3879 951 5304884
3883 971 5304887
3885 938 5304890
3878 952 5304893
3885 954 5304896
3893 947 5304899
3881 953 5304902
3885 951 5304905
3882 950 5304908
3880 952 5304911
3882 951 5304914
3882 948 5304917
3882 951 5304920
3879 949 5304923
3897 939 5304926
3869 964 5304929
3889 956 5304932
3881 947 5304935
3881 951 5304938
3884 952 5304941
3883 949 5304944
3879 952 5304947
3885 950 5304950
3884 951 5304953
3883 930 5304956
3979 951 5304959
3882 950 5304962
3859 956 5304965
3883 959 5304968
3881 944 5304971
3880 953 5304974
3885 951 5304977
3885 949 5304980
3882 952 5304983
3886 953 5304986
3883 948 5304989
3883 949 5304992
3882 946 5304995
3889 948 5304999
3880 949 5305002
3880 964 5305005
3879 946 5305008
3882 951 5305011
3886 951 5305014
3878 947 5305017
3882 953 5305020
3879 951 5305023
3884 949 5305026
3882 952 5305029
3882 950 5305032
3866 948 5305035
3882 953 5305038
3884 963 5305041
3872 937 5305044
3884 956 5305046
3887 948 5305049
3881 949 5305052
3883 955 5305055
3883 948 5305058
3882 951 5305061
3884 949 5305064
3880 949 5305067
3879 953 5305070
3874 957 5305073
3884 949 5305076
3883 926 5305079
3894 949 5305082
3892 949 5305085
3875 946 5305088
3885 955 5305091
3883 947 5305094
3882 952 5305097
3882 952 5305100
3882 950 5305103
3883 950 5305106
3886 951 5305109
3873 974 5305112
3882 951 5305115
3880 947 5305118
3895 950 5305121
3873 950 5305124
3883 955 5305127
3884 947 5305130
3884 949 5305133
3883 951 5305136
3885 952 5305139
3884 951 5305142
3877 949 5305145
3883 919 5305148
3880 951 5305151
3883 947 5305154
3899 951 5305157
3870 947 5305160
3885 955 5305163
3883 950 5305166
3880 954 5305169
3886 952 5305172
3880 950 5305175
3884 952 5305178
3885 951 5305181
3880 949 5305184
3882 950 5305187
3862 984 5305190
3882 953 5305193
3882 940 5305196
3878 956 5305199
3889 946 5305202
3875 951 5305205
3887 953 5305208
3880 946 5305211
3880 955 5305214
3882 949 5305217
3882 949 5305220
3882 951 5305223
3873 950 5305226
3884 956 5305229
3888 950 5305232
3882 951 5305235
3896 945 5305238
3872 946 5305241
3883 955 5305244
3884 947 5305247
3880 952 5305250
3884 950 5305253
3881 951 5305256
3882 951 5305259
3882 951 5305262
3881 951 5305265
3886 941 5305268
3908 951 5305271
3881 950 5305274
3873 932 5305277
3881 955 5305280
3889 949 5305283
3878 947 5305286
3886 956 5305289
3884 952 5305292
3883 950 5305295
3882 950 5305298
3881 949 5305301
3882 950 5305304
3884 949 5305307
3864 885 5305310
3882 949 5305313
3880 968 5305316
3883 960 5305319
3882 944 5305322
3881 952 5305325
3886 951 5305328
3880 947 5305331
3883 952 5305334
3882 950 5305337
3883 951 5305340
3881 948 5305343
3883 950 5305346
3884 948 5305349
3893 949 5305352
3881 949 5305355
3891 961 5305358
3876 943 5305361
3883 953 5305364
3885 949 5305367
3877 949 5305370
3883 953 5305373
3882 947 5305376
3884 950 5305379
3883 950 5305382
3884 951 5305385
3883 952 5305388
3887 949 5305391
3885 951 5305394
3893 960 5305397
3873 943 5305400
3888 955 5305403
3891 948 5305406
3878 949 5305409
3887 953 5305412
3881 950 5305415
3883 950 5305418
3883 949 5305421
3881 953 5305424
3884 952 5305427
3881 950 5305430
3888 951 5305433
3883 970 5305436
3888 937 5305439
3875 953 5305442
3887 958 5305445
3880 949 5305448
3882 954 5305451
3885 952 5305454
3883 951 5305457
3884 950 5305460
3881 951 5305463
3882 951 5305466
3881 950 5305469
3884 937 5305472
3880 949 5305475
3879 965 5305478
3887 941 5305481
3874 955 5305484
3883 954 5305487
3879 948 5305490
3884 954 5305493
3882 949 5305496
3880 954 5305499
3883 952 5305502
3882 951 5305505
3882 947 5305508
3883 920 5305511
3861 947 5305514
3881 949 5305517
3861 946 5305520
3885 959 5305523
3880 945 5305526
3880 950 5305529
3888 953 5305532
3880 950 5305535
3882 951 5305538
3880 947 5305541
3883 951 5305544
3880 952 5305547
3883 947 5305550
3881 938 5305553
3888 950 5305556
3883 945 5305559
3877 980 5305562
3880 946 5305565
3883 955 5305568
3887 952 5305571
3878 950 5305574
3887 953 5305577
3883 948 5305580
3882 949 5305583
3886 952 5305586
3883 949 5305589
3884 952 5305592
3883 936 5305595
3898 949 5305598
3881 946 5305601
3877 963 5305604
3876 941 5305607
3893 950 5305610
3886 951 5305613
3881 950 5305616
3883 954 5305619
3885 953 5305622
3884 951 5305625
3882 948 5305628
3881 950 5305631
3882 952 5305634
3882 942 5305637
3973 952 5305640
3882 950 5305643
3859 947 5305646
3883 957 5305649
3885 946 5305652
3880 952 5305655
3884 952 5305658
3879 947 5305661
3881 951 5305664
3885 948 5305667
3885 950 5305670
3882 950 5305673
3884 952 5305676
3881 949 5305679
3873 1056 5305682
3884 952 5305685
3882 963 5305688
3879 962 5305691
3883 945 5305694
3880 953 5305697
3887 949 5305700
3884 947 5305703
3883 953 5305706
3885 950 5305709
3880 950 5305712
3886 951 5305715
3880 952 5305718
3883 951 5305721
3883 968 5305724
3895 950 5305727
3882 950 5305730
3862 961 5305733
3880 958 5305736
3882 942 5305739
3878 953 5305742
3883 949 5305745
3883 948 5305748
3884 957 5305751
3881 951 5305754
3884 952 5305757
3884 949 5305760
3883 951 5305763
3884 953 5305766
3883 932 5305769
3883 947 5305772
3883 949 5305775
3891 954 5305778
3874 942 5305781
3883 954 5305784
3884 948 5305787
3880 952 5305790
3884 949 5305793
3884 950 5305796
3881 951 5305799
3883 952 5305802
3883 950 5305805
3885 955 5305808
3880 948 5305811
3883 932 5305814
3868 952 5305817
3881 949 5305820
3896 946 5305823
3869 946 5305826
3886 958 5305829
3883 945 5305832
3880 955 5305835
3882 953 5305838
3884 951 5305841
3878 949 5305844
3884 948 5305847
3880 952 5305850
3882 952 5305853
3884 949 5305856
3880 944 5305859
3868 948 5305862
3884 949 5305865
3892 950 5305868
3888 947 5305871
3876 948 5305874
3885 952 5305877
3885 949 5305880
3883 955 5305883
3883 952 5305886
3884 970 5305889
3881 949 5305892
3881 951 5305895
3879 951 5305898
3881 951 5305901
3883 949 5305904
3873 943 5305907
3881 948 5305910
3892 955 5305913
3869 940 5305916
3885 957 5305919
3886 948 5305922
3879 948 5305925
3883 952 5305928
3880 950 5305931
3883 949 5305934
3880 949 5305937
3883 950 5305940
3881 949 5305943
3883 950 5305946
3881 954 5305949
3882 954 5305952
3877 951 5305955
3883 952 5305958
3870 976 5305961
3885 959 5305964
3884 948 5305967
3878 950 5305970
3885 950 5305973
3882 949 5305976
3882 951 5305979
3883 951 5305982
3886 951 5305985
3883 952 5305988
3883 949 5305991
3878 950 5305994
3884 950 5305997
3888 954 5306001
3883 949 5306004
3878 932 5306007
3903 959 5306010
3892 952 5306013
3876 950 5306016
3886 952 5306019
3884 951 5306022
3885 948 5306025
3884 951 5306028
3880 949 5306031
3883 950 5306034
3883 951 5306037
3883 954 5306040
3882 950 5306043
3883 954 5306045
3879 955 5306048
3885 956 5306051
3863 941 5306054
3887 958 5306057
3886 948 5306060
3881 951 5306063
3886 949 5306066
3882 951 5306069
3881 948 5306072
3883 948 5306075
3880 952 5306078
3881 949 5306081
3883 949 5306084
3883 948 5306087
3889 951 5306090
3875 930 5306093
3883 949 5306096
3900 946 5306099
3869 948 5306102
3885 952 5306105
3883 946 5306108
3881 953 5306111
3886 952 5306114
3884 949 5306117
3884 948 5306120
3882 952 5306123
3881 951 5306126
3884 952 5306129
3881 950 5306132
3884 949 5306135
3884 932 5306138
3870 947 5306141
3882 963 5306144
3899 940 5306147
3872 955 5306150
3882 956 5306153
3881 947 5306156
3881 952 5306159
3883 954 5306162
3880 947 5306165
3884 951 5306168
3882 951 5306171
3881 951 5306174
3883 952 5306177
3883 950 5306180
3883 951 5306183
3868 930 5306186
3881 950 5306189
3896 968 5306192
3873 938 5306195
3887 946 5306198
3886 951 5306201
3878 948 5306204
3885 950 5306207
3883 950 5306210
3884 952 5306213
3883 955 5306216
3879 950 5306219
3881 953 5306222
3881 951 5306225
3881 951 5306228
3881 949 5306231
3888 952 5306234
3881 971 5306237
3878 933 5306240
3905 951 5306243
3885 953 5306246
3880 948 5306249
3886 953 5306252
3886 950 5306255
3883 951 5306258
3883 953 5306261
3881 948 5306264
3881 951 5306267
3881 951 5306270
3882 950 5306273
3883 904 5306276
3883 951 5306279
3882 953 5306282
3855 994 5306285
3879 954 5306288
3885 948 5306291
3880 953 5306294
3885 952 5306297
3881 951 5306300
3882 952 5306303
3883 949 5306306
3885 950 5306309
3884 951 5306312
3886 952 5306315
3884 948 5306318
3881 952 5306321
3867 942 5306324
3881 951 5306327
3893 968 5306330
3877 942 5306333
3881 950 5306336
3888 947 5306339
3879 950 5306342
3884 953 5306345
3884 950 5306348
3884 950 5306351
3882 950 5306354
3881 951 5306357
3884 950 5306360
3882 950 5306363
3883 952 5306366
3857 998 5306369
3882 948 5306372
3883 977 5306375
3886 959 5306378
3880 946 5306381
3882 953 5306384
3885 952 5306387
3880 951 5306390
3886 953 5306393
3882 951 5306396
3882 951 5306399
3882 948 5306402
3884 949 5306405
3884 952 5306408
3883 951 5306411
3878 898 5306414
3881 951 5306417
3885 1011 5306420
3883 962 5306423
3886 950 5306426
3878 951 5306429
3890 952 5306432
3877 949 5306435
3884 951 5306438
3884 951 5306441
3884 953 5306444
3884 952 5306447
3881 947 5306450
3881 951 5306453
3881 952 5306456
3868 925 5306459
3879 948 5306462
3878 950 5306465
3896 944 5306468
3877 948 5306471
3885 957 5306474
3883 947 5306477
3885 951 5306480
3882 951 5306483
3882 952 5306486
3883 953 5306489
3884 948 5306492
3882 949 5306495
3885 951 5306498
3882 949 5306501
3884 954 5306504
3886 952 5306507
3878 929 5306510
3889 947 5306513
3888 953 5306516
3880 947 5306519
3887 953 5306522
3887 952 5306525
3880 951 5306528
3885 952 5306531
3882 950 5306534
3884 954 5306537
3885 954 5306540
3883 955 5306543
3885 954 5306546
3886 951 5306549
3883 966 5306552
3912 938 5306555
3874 952 5306558
3881 951 5306561
3887 948 5306564
3883 953 5306567
3886 950 5306570
3881 950 5306573
3886 951 5306576
3882 949 5306579
3884 951 5306582
3881 948 5306585
3884 950 5306588
3885 934 5306591
3883 950 5306594
3892 968 5306597
3873 938 5306600
3884 951 5306603
3886 953 5306606
3880 951 5306609
3884 953 5306612
3883 948 5306615
3882 950 5306618
3882 949 5306621
3884 951 5306624
3881 951 5306627
3884 952 5306630
3884 954 5306633
3884 949 5306636
3882 966 5306639
3876 938 5306642
3881 955 5306645
3887 948 5306648
3878 949 5306651
3884 953 5306654
3884 953 5306657
3883 951 5306660
3884 951 5306663
3882 949 5306666
3885 951 5306669
3883 948 5306672
3883 984 5306675
3882 957 5306678
3883 948 5306681
3862 948 5306684
3879 956 5306687
3889 946 5306690
3877 949 5306693
3885 953 5306696
3882 950 5306699
3885 954 5306702
3887 949 5306705
3882 953 5306708
3882 954 5306711
3885 947 5306714
3883 952 5306717
3865 980 5306720
3883 950 5306723
3882 957 5306726
3890 950 5306729
3875 946 5306732
3888 953 5306735
3885 948 5306738
3879 951 5306741
3887 949 5306744
3886 949 5306747
3884 951 5306750
3881 949 5306753
3883 950 5306756
3881 949 5306759
3783 953 5306762
3888 947 5306765
3881 952 5306768
3863 951 5306771
3883 950 5306774
3887 948 5306777
3879 951 5306780
3886 950 5306783
3882 948 5306786
3884 953 5306789
3882 951 5306792
3884 950 5306795
3884 952 5306798
3883 951 5306801
3885 920 5306804
3892 954 5306807
3884 952 5306810
3890 955 5306813
3892 946 5306816
3889 956 5306819
3884 954 5306822
3882 947 5306825
