300 1492 6208301
257 1499 6208304
257 1480 6208307
258 1498 6208310
258 1505 6208313
255 1494 6208316
257 1502 6208319
257 1498 6208322
255 1498 6208325
256 1500 6208328
256 1497 6208331
258 1499 6208334
258 1501 6208337
257 1502 6208340
257 1480 6208343
195 1497 6208346
258 1499 6208349
250 1510 6208352
252 1488 6208355
258 1501 6208358
262 1499 6208361
254 1495 6208364
257 1500 6208367
260 1500 6208370
256 1498 6208373
258 1500 6208376
256 1496 6208379
255 1501 6208382
258 1498 6208385
260 1501 6208388
257 1499 6208391
274 1499 6208394
242 1523 6208397
252 1503 6208400
262 1496 6208403
255 1496 6208406
258 1500 6208409
256 1498 6208412
258 1501 6208415
256 1502 6208418
255 1500 6208421
257 1498 6208424
257 1501 6208427
266 1494 6208430
258 1499 6208433
256 1477 6208436
252 1496 6208439
257 1507 6208442
252 1492 6208445
257 1501 6208448
260 1498 6208451
256 1496 6208454
260 1500 6208457
259 1501 6208460
254 1498 6208463
257 1497 6208466
256 1499 6208469
259 1493 6208472
322 1500 6208475
259 1498 6208478
330 1491 6208481
259 1506 6208484
251 1490 6208487
257 1504 6208490
261 1498 6208493
252 1499 6208496
259 1499 6208499
258 1499 6208502
256 1498 6208505
256 1498 6208508
258 1496 6208511
258 1500 6208514
228 1517 6208517
257 1497 6208520
257 1494 6208523
263 1507 6208526
249 1492 6208529
257 1503 6208532
259 1498 6208535
255 1498 6208538
255 1500 6208541
257 1500 6208544
256 1494 6208547
258 1500 6208550
257 1498 6208553
257 1498 6208556
259 1480 6208559
204 1499 6208562
258 1499 6208565
247 1502 6208568
266 1495 6208571
252 1509 6208574
261 1501 6208577
257 1502 6208580
255 1500 6208583
258 1498 6208586
258 1499 6208589
256 1502 6208592
253 1496 6208595
258 1497 6208598
247 1500 6208601
238 1488 6208604
256 1498 6208607
256 1491 6208610
265 1502 6208613
248 1493 6208616
258 1502 6208619
260 1498 6208622
256 1501 6208625
255 1498 6208628
257 1496 6208631
257 1501 6208634
257 1498 6208637
259 1503 6208640
259 1502 6208643
254 1479 6208646
229 1498 6208649
255 1499 6208652
249 1510 6208655
263 1491 6208658
252 1500 6208661
259 1504 6208664
255 1496 6208667
257 1502 6208670
257 1502 6208673
253 1498 6208676
256 1500 6208679
253 1496 6208682
256 1489 6208685
258 1500 6208688
236 1489 6208691
258 1497 6208694
260 1496 6208697
272 1501 6208700
250 1496 6208703
261 1503 6208706
260 1495 6208709
254 1498 6208712
260 1501 6208715
257 1497 6208718
257 1502 6208721
259 1502 6208724
256 1496 6208727
255 1498 6208730
258 1509 6208733
251 1502 6208736
255 1517 6208739
260 1484 6208742
269 1500 6208745
260 1500 6208748
253 1496 6208751
257 1501 6208754
257 1500 6208757
256 1496 6208760
256 1500 6208763
258 1498 6208766
258 1500 6208769
258 1498 6208772
257 1525 6208775
244 1501 6208778
254 1496 6208781
226 1504 6208784
258 1506 6208787
258 1490 6208790
253 1502 6208793
260 1501 6208796
257 1499 6208799
257 1501 6208802
254 1496 6208805
252 1498 6208808
254 1498 6208811
262 1500 6208814
271 1497 6208817
258 1490 6208820
274 1502 6208823
263 1535 6208826
261 1595 6208829
231 1670 6208832
226 1686 6208835
221 1666 6208838
226 1654 6208841
226 1651 6208844
225 1653 6208847
228 1654 6208850
230 1660 6208853
227 1659 6208856
225 1657 6208859
130 1656 6208862
234 1658 6208865
226 1650 6208868
211 1666 6208871
230 1664 6208874
228 1655 6208877
226 1659 6208880
229 1659 6208883
230 1660 6208886
229 1658 6208889
226 1657 6208892
225 1660 6208895
230 1660 6208898
227 1661 6208901
228 1633 6208904
273 1656 6208907
223 1658 6208910
224 1668 6208913
226 1651 6208916
223 1662 6208919
231 1659 6208922
225 1658 6208925
227 1659 6208928
230 1659 6208931
227 1661 6208934
226 1659 6208937
227 1659 6208940
228 1660 6208943
226 1669 6208946
223 1662 6208949
229 1659 6208952
207 1669 6208955
222 1660 6208958
235 1655 6208961
224 1659 6208964
228 1663 6208967
225 1661 6208970
228 1659 6208973
229 1662 6208976
226 1659 6208979
229 1660 6208982
230 1660 6208985
230 1661 6208988
220 1670 6208991
224 1660 6208994
230 1681 6208997
220 1647 6209001
231 1660 6209004
225 1662 6209007
229 1658 6209010
232 1681 6209014
230 1657 6209016
234 1661 6209019
235 1660 6209022
237 1657 6209025
237 1659 6209028
203 1658 6209031
251 1565 6209034
243 1655 6209037
257 1653 6209040
245 1675 6209043
241 1652 6209047
249 1659 6209049
244 1660 6209052
244 1658 6209055
249 1658 6209058
246 1659 6209061
244 1660 6209064
247 1660 6209067
248 1659 6209070
341 1658 6209073
228 1659 6209076
245 1669 6209080
214 1633 6209082
262 1656 6209085
247 1673 6209088
250 1653 6209091
252 1662 6209094
245 1656 6209097
248 1659 6209100
248 1657 6209103
245 1657 6209106
247 1658 6209109
248 1661 6209113
246 1656 6209115
260 1665 6209118
248 1652 6209121
270 1681 6209124
230 1640 6209127
256 1658 6209130
247 1664 6209133
242 1652 6209136
247 1658 6209139
245 1659 6209142
246 1659 6209146
244 1657 6209148
245 1658 6209151
247 1657 6209154
244 1657 6209157
288 1632 6209160
238 1662 6209163
260 1661 6209166
248 1691 6209169
232 1644 6209172
249 1658 6209175
242 1664 6209179
240 1654 6209181
244 1660 6209184
241 1661 6209187
242 1659 6209190
241 1658 6209193
239 1658 6209196
242 1659 6209199
211 1668 6209202
243 1662 6209205
199 1656 6209208
269 1654 6209212
238 1671 6209214
234 1647 6209217
244 1665 6209220
240 1662 6209223
242 1657 6209226
239 1663 6209229
240 1660 6209232
239 1658 6209235
237 1656 6209238
238 1660 6209241
244 1660 6209245
240 1638 6209247
238 1658 6209250
220 1628 6209253
253 1667 6209256
234 1665 6209259
236 1655 6209262
238 1662 6209265
231 1657 6209268
237 1658 6209271
237 1658 6209274
237 1658 6209278
238 1658 6209280
236 1659 6209283
239 1662 6209286
229 1678 6209289
259 1661 6209292
215 1684 6209295
233 1635 6209298
243 1669 6209301
230 1661 6209304
241 1658 6209307
237 1663 6209311
233 1656 6209313
237 1660 6209316
234 1660 6209319
233 1662 6209322
232 1657 6209325
203 1657 6209328
236 1737 6209331
236 1654 6209334
265 1673 6209337
222 1650 6209340
233 1651 6209344
237 1663 6209346
228 1656 6209349
233 1660 6209352
235 1659 6209355
231 1658 6209358
231 1658 6209361
234 1659 6209364
232 1657 6209367
286 1658 6209370
220 1650 6209373
229 1666 6209377
210 1616 6209379
251 1674 6209382
224 1662 6209385
233 1651 6209388
235 1663 6209391
231 1658 6209394
232 1656 6209397
232 1657 6209400
229 1658 6209403
232 1660 6209406
234 1659 6209410
231 1656 6209412
244 1670 6209415
234 1655 6209418
239 1686 6209421
216 1634 6209424
244 1664 6209427
227 1663 6209430
228 1654 6209433
229 1658 6209436
229 1659 6209439
234 1661 6209443
230 1658 6209445
231 1659 6209448
232 1659 6209451
233 1659 6209454
286 1629 6209457
227 1658 6209460
256 1661 6209463
222 1689 6209466
218 1644 6209469
237 1663 6209472
229 1663 6209476
230 1653 6209478
231 1660 6209481
229 1660 6209484
234 1657 6209487
231 1657 6209490
230 1660 6209493
231 1659 6209496
221 1675 6209499
239 1641 6209502
193 1656 6209505
247 1634 6209509
233 1673 6209511
223 1649 6209514
236 1661 6209517
229 1662 6209520
230 1656 6209523
229 1660 6209526
229 1656 6209529
229 1657 6209532
231 1658 6209535
228 1659 6209538
241 1658 6209542
224 1668 6209544
256 1661 6209547
202 1655 6209550
237 1647 6209553
233 1672 6209556
225 1653 6209559
232 1659 6209562
226 1658 6209565
229 1656 6209568
229 1659 6209571
228 1660 6209575
228 1656 6209577
229 1658 6209580
178 1662 6209583
236 1532 6209586
229 1653 6209589
258 1658 6209592
223 1674 6209595
222 1644 6209598
231 1662 6209601
227 1656 6209604
228 1660 6209608
228 1659 6209610
228 1658 6209613
231 1661 6209616
231 1658 6209619
230 1658 6209622
229 1658 6209625
214 1670 6209628
229 1659 6209631
196 1664 6209634
235 1642 6209637
237 1675 6209641
221 1649 6209643
233 1661 6209646
229 1663 6209649
228 1655 6209652
229 1661 6209655
225 1661 6209658
229 1662 6209661
228 1657 6209664
230 1659 6209667
308 1635 6209670
226 1663 6209674
240 1659 6209676
238 1693 6209679
217 1647 6209682
234 1658 6209685
231 1661 6209688
228 1657 6209691
228 1655 6209694
228 1658 6209697
229 1659 6209700
230 1659 6209703
228 1662 6209707
229 1658 6209709
241 1658 6209712
227 1654 6209715
237 1660 6209718
209 1631 6209721
241 1663 6209724
227 1666 6209727
226 1652 6209730
230 1661 6209733
226 1661 6209736
230 1660 6209740
228 1656 6209742
229 1660 6209745
228 1661 6209748
228 1661 6209751
198 1659 6209754
227 1668 6209757
230 1655 6209760
256 1679 6209763
214 1658 6209766
229 1650 6209769
232 1666 6209773
225 1654 6209775
230 1658 6209778
227 1660 6209781
230 1654 6209784
228 1658 6209787
228 1659 6209790
229 1657 6209793
228 1658 6209796
205 1660 6209799
223 1665 6209802
192 1649 6209806
237 1646 6209808
231 1671 6209811
223 1650 6209814
231 1662 6209817
228 1663 6209820
227 1658 6209823
231 1658 6209826
229 1658 6209829
228 1658 6209832
230 1660 6209835
230 1661 6209839
325 1645 6209841
229 1650 6209844
265 1661 6209847
217 1676 6209850
224 1641 6209853
234 1666 6209856
223 1659 6209859
229 1657 6209862
229 1661 6209865
229 1658 6209868
229 1664 6209872
228 1657 6209874
228 1656 6209877
228 1661 6209880
226 1658 6209883
241 1637 6209886
206 1656 6209889
227 1624 6209892
239 1675 6209895
219 1657 6209898
231 1655 6209901
226 1661 6209905
223 1653 6209907
229 1652 6209910
227 1660 6209913
227 1659 6209916
229 1661 6209919
230 1661 6209922
202 1655 6209925
228 1657 6209928
227 1654 6209931
255 1686 6209934
212 1662 6209938
227 1646 6209940
231 1663 6209943
224 1656 6209946
229 1657 6209949
226 1660 6209952
227 1655 6209955
227 1659 6209958
228 1657 6209961
227 1658 6209964
227 1658 6209967
241 1679 6209971
228 1651 6209973
216 1682 6209976
220 1630 6209979
240 1669 6209982
225 1657 6209985
228 1657 6209988
230 1661 6209991
225 1660 6209994
227 1658 6209999
230 1658 6210002
212 1657 6210005
227 1661 6210008
227 1686 6210011
219 1643 6210014
234 1654 6210017
183 1642 6210020
244 1677 6210023
231 1649 6210026
221 1660 6210029
232 1661 6210032
228 1657 6210035
227 1662 6210038
228 1661 6210041
228 1659 6210044
228 1658 6210047
227 1659 6210050
225 1658 6210053
216 1699 6210056
241 1657 6210059
228 1640 6210062
250 1680 6210065
227 1645 6210068
220 1662 6210071
232 1661 6210074
226 1659 6210077
229 1659 6210080
227 1658 6210083
224 1657 6210086
229 1656 6210089
225 1657 6210092
228 1660 6210095
228 1656 6210098
251 1652 6210101
231 1687 6210104
242 1634 6210107
209 1662 6210110
238 1668 6210113
226 1655 6210116
225 1661 6210119
228 1659 6210122
228 1659 6210125
230 1660 6210128
225 1657 6210131
229 1658 6210134
227 1659 6210137
228 1661 6210140
224 1634 6210143
238 1655 6210146
199 1625 6210149
232 1678 6210152
237 1653 6210155
220 1656 6210158
230 1665 6210161
227 1656 6210164
229 1661 6210167
228 1659 6210170
225 1661 6210173
230 1657 6210176
226 1657 6210179
226 1659 6210182
247 1700 6210185
234 1659 6210188
225 1623 6210191
238 1686 6210194
236 1648 6210197
219 1657 6210200
231 1662 6210203
227 1657 6210206
223 1659 6210209
230 1657 6210212
225 1660 6210215
230 1658 6210218
226 1657 6210221
226 1668 6210224
230 1627 6210227
265 1656 6210230
224 1664 6210233
261 1684 6210236
222 1642 6210239
222 1663 6210242
233 1658 6210245
224 1656 6210248
228 1661 6210251
228 1658 6210254
228 1659 6210257
229 1659 6210260
223 1659 6210263
226 1660 6210266
231 1659 6210269
217 1698 6210272
214 1659 6210275
247 1685 6210278
210 1638 6210281
222 1667 6210284
236 1659 6210287
224 1657 6210290
229 1663 6210293
226 1655 6210296
225 1657 6210299
229 1658 6210302
225 1660 6210305
227 1661 6210308
228 1657 6210311
228 1677 6210314
241 1655 6210317
227 1677 6210320
211 1631 6210323
224 1674 6210326
235 1657 6210329
224 1655 6210332
230 1663 6210335
227 1660 6210338
229 1661 6210341
228 1660 6210344
226 1659 6210347
226 1658 6210350
227 1658 6210353
230 1660 6210356
225 1627 6210359
233 1657 6210362
202 1625 6210365
229 1676 6210368
238 1654 6210371
218 1657 6210374
231 1663 6210377
226 1657 6210380
227 1661 6210383
228 1656 6210386
229 1659 6210389
228 1657 6210392
222 1659 6210395
231 1660 6210398
316 1651 6210401
233 1668 6210404
227 1620 6210407
231 1682 6210410
241 1653 6210413
219 1654 6210416
231 1663 6210419
231 1656 6210422
225 1661 6210425
227 1659 6210428
227 1658 6210431
231 1662 6210434
225 1663 6210437
228 1661 6210440
227 1588 6210443
87 1666 6210446
221 1659 6210449
236 1689 6210452
237 1646 6210455
216 1659 6210458
233 1660 6210461
228 1657 6210464
224 1661 6210467
228 1659 6210470
227 1658 6210473
229 1657 6210476
225 1658 6210479
227 1659 6210482
226 1657 6210485
215 1710 6210488
219 1660 6210491
237 1692 6210494
221 1645 6210497
220 1662 6210500
236 1663 6210503
223 1657 6210506
228 1660 6210509
226 1656 6210512
227 1655 6210515
226 1657 6210518
226 1656 6210521
229 1657 6210524
228 1659 6210527
230 1672 6210530
226 1659 6210533
226 1675 6210536
211 1691 6210539
224 1658 6210542
227 1659 6210545
226 1658 6210548
226 1658 6210551
228 1658 6210554
229 1662 6210557
225 1657 6210560
228 1658 6210563
227 1658 6210566
227 1661 6210569
228 1764 6210572
202 1664 6210575
228 1658 6210578
211 1662 6210581
225 1657 6210584
229 1661 6210587
229 1660 6210590
227 1657 6210593
228 1656 6210596
229 1659 6210599
230 1660 6210602
227 1657 6210605
229 1659 6210608
227 1658 6210611
226 1654 6210614
207 1701 6210617
226 1661 6210620
223 1656 6210623
227 1659 6210626
228 1658 6210629
229 1658 6210632
227 1658 6210635
227 1657 6210638
227 1658 6210641
228 1659 6210644
226 1658 6210647
225 1659 6210650
227 1660 6210653
227 1659 6210656
369 1654 6210659
225 1659 6210662
227 1661 6210665
225 1668 6210668
226 1661 6210671
231 1657 6210674
227 1659 6210677
217 1659 6210680
227 1658 6210683
227 1659 6210686
229 1659 6210689
225 1657 6210692
227 1659 6210695
227 1658 6210698
224 1653 6210701
220 1657 6210704
227 1654 6210707
226 1661 6210710
227 1656 6210713
225 1658 6210716
229 1658 6210719
228 1659 6210722
224 1658 6210725
226 1658 6210728
226 1658 6210731
226 1660 6210734
227 1661 6210737
229 1658 6210740
227 1640 6210743
266 1656 6210746
227 1658 6210749
227 1656 6210752
226 1660 6210755
226 1657 6210758
225 1660 6210761
228 1658 6210764
229 1658 6210767
227 1661 6210770
229 1659 6210773
228 1659 6210776
230 1656 6210779
226 1658 6210782
228 1659 6210785
232 1663 6210788
227 1658 6210791
230 1661 6210794
228 1656 6210797
227 1662 6210800
227 1660 6210803
226 1655 6210806
227 1659 6210809
228 1658 6210812
225 1656 6210815
230 1660 6210818
229 1659 6210821
226 1659 6210824
228 1657 6210827
227 1634 6210830
226 1659 6210833
227 1660 6210836
230 1659 6210839
226 1658 6210842
226 1659 6210845
227 1656 6210848
228 1658 6210851
227 1660 6210854
225 1656 6210857
229 1661 6210860
229 1661 6210863
228 1659 6210866
220 1660 6210869
214 1597 6210872
228 1659 6210875
226 1655 6210878
226 1660 6210881
229 1660 6210884
228 1659 6210887
226 1658 6210890
227 1660 6210893
227 1658 6210896
226 1661 6210899
228 1659 6210902
227 1657 6210905
229 1661 6210908
224 1660 6210911
200 1265 6210914
227 1657 6210917
228 1656 6210920
223 1660 6210923
230 1662 6210926
229 1659 6210929
228 1661 6210932
227 1659 6210935
229 1658 6210938
229 1658 6210941
229 1657 6210944
226 1657 6210947
229 1659 6210950
230 1660 6210953
49 1657 6210956
227 1658 6210959
227 1662 6210962
227 1659 6210965
227 1659 6210968
230 1657 6210971
227 1661 6210974
230 1657 6210977
229 1656 6210980
229 1662 6210983
227 1659 6210986
224 1655 6210989
229 1658 6210992
229 1654 6210995
230 1662 6210999
234 1660 6211002
228 1663 6211005
233 1658 6211008
228 1660 6211011
230 1662 6211014
229 1659 6211017
227 1660 6211020
227 1658 6211023
229 1659 6211026
227 1659 6211029
227 1660 6211031
228 1659 6211034
229 1658 6211037
227 1655 6211040
255 1659 6211043
227 1657 6211046
231 1659 6211049
229 1657 6211052
228 1658 6211055
228 1659 6211058
227 1656 6211061
228 1659 6211064
230 1661 6211067
227 1660 6211070
227 1659 6211073
228 1659 6211076
230 1660 6211079
228 1674 6211082
318 1661 6211085
229 1657 6211088
226 1661 6211091
227 1659 6211094
227 1657 6211097
226 1657 6211100
228 1660 6211103
228 1658 6211106
227 1658 6211109
230 1660 6211112
228 1660 6211115
226 1659 6211118
227 1657 6211121
226 1742 6211124
0 1660 6211127
227 1659 6211130
230 1658 6211133
228 1662 6211136
228 1657 6211139
226 1660 6211142
231 1662 6211145
227 1661 6211148
226 1659 6211151
226 1658 6211154
227 1661 6211157
227 1657 6211160
227 1660 6211163
229 1660 6211166
228 1651 6211169
226 1658 6211172
228 1662 6211175
230 1660 6211178
226 1660 6211181
228 1663 6211184
226 1660 6211187
228 1659 6211190
226 1656 6211193
225 1658 6211196
228 1659 6211199
228 1659 6211202
224 1660 6211205
229 1660 6211208
214 1578 6211211
226 1659 6211214
222 1661 6211217
229 1658 6211220
227 1657 6211223
225 1658 6211226
228 1659 6211229
227 1657 6211232
226 1659 6211235
227 1659 6211238
228 1659 6211241
228 1657 6211244
228 1661 6211247
226 1659 6211250
1030 1657 6211253
225 1663 6211256
231 1661 6211259
225 1656 6211262
226 1660 6211265
231 1660 6211268
225 1657 6211271
227 1658 6211274
227 1660 6211277
229 1658 6211280
228 1659 6211283
226 1658 6211286
227 1659 6211289
229 1657 6211292
228 1665 6211295
181 1658 6211298
229 1659 6211301
226 1660 6211304
228 1659 6211307
228 1659 6211310
225 1658 6211313
229 1658 6211316
227 1660 6211319
225 1650 6211322
226 1656 6211325
227 1660 6211328
229 1660 6211331
234 1659 6211334
226 1496 6211337
227 1660 6211340
229 1660 6211343
228 1660 6211346
224 1660 6211349
228 1658 6211352
228 1657 6211355
226 1661 6211358
226 1657 6211361
227 1659 6211364
229 1658 6211367
225 1657 6211370
228 1659 6211373
230 1659 6211376
228 1663 6211379
214 1741 6211382
229 1659 6211385
228 1658 6211388
225 1659 6211391
229 1657 6211394
227 1659 6211397
227 1661 6211400
227 1657 6211403
229 1661 6211406
229 1662 6211409
229 1661 6211412
228 1659 6211415
227 1658 6211418
228 1659 6211421
226 1656 6211424
243 1653 6211427
228 1658 6211430
230 1662 6211433
227 1656 6211436
230 1661 6211439
228 1659 6211442
228 1660 6211445
228 1658 6211448
226 1658 6211451
226 1657 6211454
226 1656 6211457
227 1660 6211460
230 1659 6211463
229 1659 6211466
233 1693 6211469
228 1661 6211472
230 1657 6211475
226 1658 6211478
224 1661 6211481
228 1657 6211484
229 1658 6211487
225 1660 6211490
230 1658 6211493
228 1659 6211496
231 1662 6211499
224 1657 6211502
228 1658 6211505
228 1659 6211508
225 1661 6211511
235 1613 6211514
227 1656 6211517
224 1659 6211520
227 1661 6211523
227 1657 6211526
227 1661 6211529
230 1663 6211532
225 1658 6211535
229 1662 6211538
229 1659 6211541
228 1659 6211544
227 1657 6211547
227 1659 6211550
229 1659 6211553
229 1658 6211556
232 1655 6211559
228 1661 6211562
231 1659 6211565
224 1656 6211568
228 1660 6211571
230 1659 6211574
230 1658 6211577
226 1656 6211580
227 1659 6211583
228 1657 6211586
227 1658 6211589
226 1659 6211592
229 1659 6211595
228 1659 6211598
225 1643 6211601
385 1659 6211604
228 1659 6211607
224 1659 6211610
227 1661 6211613
229 1656 6211616
227 1659 6211619
228 1657 6211622
227 1656 6211625
228 1658 6211628
230 1659 6211631
227 1659 6211634
228 1658 6211637
234 1660 6211640
228 1662 6211643
227 1661 6211646
222 1656 6211649
229 1663 6211652
229 1658 6211655
226 1657 6211658
221 1660 6211661
228 1658 6211664
226 1659 6211667
231 1671 6211670
229 1658 6211673
227 1657 6211676
227 1660 6211679
232 1659 6211682
228 1661 6211685
229 1659 6211688
232 1784 6211691
228 1659 6211694
228 1656 6211697
224 1658 6211700
229 1660 6211703
230 1659 6211706
230 1661 6211709
229 1660 6211712
229 1659 6211715
226 1659 6211718
226 1657 6211721
227 1657 6211724
230 1657 6211727
229 1656 6211730
225 1657 6211733
229 1651 6211736
229 1657 6211739
234 1663 6211742
227 1656 6211745
228 1657 6211748
226 1656 6211751
225 1658 6211754
225 1658 6211757
228 1657 6211760
227 1661 6211763
222 1660 6211766
228 1658 6211769
229 1658 6211772
228 1660 6211775
227 1661 6211778
209 1655 6211781
227 1656 6211784
225 1660 6211787
228 1657 6211790
226 1660 6211793
231 1663 6211796
225 1657 6211799
228 1659 6211802
228 1660 6211805
226 1659 6211808
228 1659 6211811
229 1660 6211814
228 1660 6211817
227 1658 6211820
241 1833 6211823
224 1661 6211826
230 1656 6211829
225 1659 6211832
230 1662 6211835
226 1657 6211838
228 1659 6211841
227 1660 6211844
227 1660 6211847
229 1659 6211850
226 1658 6211853
226 1657 6211856
229 1653 6211859
229 1660 6211862
224 1935 6211865
227 1660 6211868
225 1658 6211871
228 1659 6211874
224 1659 6211877
229 1659 6211880
226 1657 6211883
225 1659 6211886
228 1657 6211889
228 1658 6211892
229 1658 6211895
224 1657 6211898
229 1659 6211901
228 1660 6211904
226 1659 6211907
226 1657 6211910
241 1657 6211913
225 1662 6211916
229 1656 6211919
225 1656 6211922
228 1662 6211925
227 1660 6211928
226 1658 6211931
228 1663 6211934
228 1660 6211937
227 1658 6211940
226 1660 6211943
228 1660 6211946
229 1660 6211949
229 1658 6211952
222 1655 6211955
228 1658 6211958
230 1660 6211961
226 1657 6211964
228 1660 6211967
228 1659 6211970
228 1657 6211973
226 1658 6211976
227 1657 6211979
228 1656 6211982
226 1660 6211985
231 1659 6211988
231 1658 6211991
229 1656 6211994
224 1673 6211997
232 1657 6212001
225 1659 6212004
228 1662 6212007
230 1658 6212010
227 1659 6212013
228 1660 6212016
227 1660 6212019
228 1659 6212022
228 1662 6212025
229 1659 6212028
227 1656 6212031
227 1656 6212034
229 1657 6212037
229 1659 6212039
226 1662 6212042
231 1661 6212045
230 1660 6212048
227 1656 6212051
226 1659 6212054
227 1659 6212057
227 1656 6212060
227 1658 6212063
228 1657 6212066
227 1659 6212069
227 1661 6212072
228 1659 6212075
230 1658 6212078
229 1659 6212081
0 1659 6212084
226 1658 6212087
229 1662 6212090
231 1657 6212093
224 1660 6212096
228 1662 6212099
229 1658 6212102
227 1661 6212105
229 1660 6212108
229 1659 6212111
229 1658 6212114
228 1659 6212117
226 1658 6212120
228 1658 6212123
228 1740 6212126
0 1659 6212129
229 1659 6212132
225 1656 6212135
227 1662 6212138
228 1659 6212141
224 1657 6212144
227 1658 6212147
227 1656 6212150
227 1658 6212153
229 1659 6212156
225 1660 6212159
228 1656 6212162
228 1659 6212165
227 1661 6212168
234 1680 6212171
225 1660 6212174
226 1655 6212177
227 1660 6212180
228 1655 6212183
224 1657 6212186
226 1661 6212189
228 1660 6212192
223 1658 6212195
228 1661 6212198
227 1660 6212201
227 1661 6212204
228 1658 6212207
227 1658 6212210
226 1657 6212213
238 1657 6212216
227 1661 6212219
231 1659 6212222
229 1657 6212225
227 1664 6212228
228 1659 6212231
229 1660 6212234
228 1659 6212237
226 1660 6212240
228 1657 6212243
224 1659 6212246
226 1660 6212249
228 1659 6212252
230 1662 6212255
357 1659 6212258
228 1658 6212261
228 1656 6212264
226 1658 6212267
228 1657 6212270
226 1657 6212273
228 1656 6212276
228 1660 6212279
228 1657 6212282
229 1656 6212285
229 1661 6212288
227 1658 6212291
223 1656 6212294
228 1657 6212297
233 1686 6212300
228 1663 6212303
224 1659 6212306
228 1660 6212309
224 1658 6212312
229 1655 6212315
227 1658 6212318
230 1659 6212321
228 1650 6212324
226 1658 6212327
228 1657 6212330
228 1660 6212333
221 1660 6212336
226 1659 6212339
52 1658 6212342
226 1661 6212345
227 1663 6212348
227 1656 6212351
228 1658 6212354
228 1659 6212357
226 1660 6212360
228 1659 6212363
230 1661 6212366
227 1660 6212369
228 1661 6212372
229 1658 6212375
226 1659 6212378
228 1660 6212381
229 1658 6212384
380 1659 6212387
228 1658 6212390
224 1656 6212393
228 1660 6212396
229 1658 6212399
226 1659 6212402
226 1658 6212405
228 1657 6212408
227 1660 6212411
228 1659 6212414
226 1656 6212417
232 1660 6212420
229 1658 6212423
225 1657 6212426
230 1680 6212429
226 1658 6212432
224 1661 6212435
230 1661 6212438
228 1657 6212441
227 1660 6212444
228 1657 6212447
226 1658 6212450
229 1661 6212453
230 1660 6212456
225 1655 6212459
225 1658 6212462
230 1660 6212465
227 1660 6212468
1054 1658 6212471
235 1660 6212474
229 1662 6212477
228 1658 6212480
226 1660 6212483
229 1658 6212486
229 1658 6212489
226 1657 6212492
229 1658 6212495
228 1658 6212498
227 1663 6212501
228 1661 6212504
226 1658 6212507
226 1658 6212510
226 1663 6212513
383 1658 6212516
229 1657 6212519
224 1657 6212522
227 1660 6212525
230 1659 6212528
228 1659 6212531
227 1661 6212534
228 1657 6212537
226 1658 6212540
228 1659 6212543
232 1658 6212546
228 1658 6212549
227 1658 6212552
228 1659 6212555
231 1701 6212558
227 1659 6212561
224 1658 6212564
225 1662 6212567
225 1657 6212570
228 1658 6212573
228 1660 6212576
229 1658 6212579
228 1657 6212582
228 1658 6212585
228 1660 6212588
225 1658 6212591
228 1660 6212594
228 1658 6212597
230 1658 6212600
237 1660 6212603
230 1662 6212606
229 1658 6212609
227 1657 6212612
227 1660 6212615
229 1659 6212618
233 1660 6212621
226 1661 6212624
230 1660 6212627
229 1663 6212630
228 1661 6212633
226 1660 6212636
227 1655 6212639
225 1829 6212642
224 1663 6212645
225 1658 6212648
230 1650 6212651
228 1662 6212654
227 1661 6212657
228 1658 6212660
232 1659 6212663
226 1663 6212666
225 1658 6212669
227 1659 6212672
228 1662 6212675
229 1657 6212678
227 1658 6212681
229 1662 6212684
249 1456 6212687
229 1657 6212690
227 1657 6212693
226 1657 6212696
228 1661 6212699
227 1658 6212702
227 1657 6212705
229 1660 6212708
227 1657 6212711
227 1659 6212714
230 1659 6212717
228 1656 6212720
226 1657 6212723
225 1658 6212726
229 1668 6212729
271 1660 6212732
227 1663 6212735
227 1659 6212738
229 1656 6212741
226 1657 6212744
227 1661 6212747
230 1657 6212750
228 1658 6212753
226 1656 6212756
228 1659 6212759
230 1656 6212762
226 1659 6212765
229 1662 6212768
229 1656 6212771
229 1662 6212774
229 1657 6212777
231 1659 6212780
230 1657 6212783
228 1660 6212786
229 1658 6212789
228 1657 6212792
229 1661 6212795
226 1661 6212798
228 1658 6212801
228 1659 6212804
227 1661 6212807
227 1656 6212810
228 1659 6212813
224 1538 6212816
227 1655 6212819
225 1655 6212822
225 1657 6212825
229 1659 6212828
225 1658 6212831
226 1660 6212834
228 1659 6212837
228 1659 6212840
227 1658 6212843
228 1658 6212846
228 1659 6212849
227 1657 6212852
225 1655 6212855
671 1658 6212858
232 1660 6212861
227 1663 6212864
229 1660 6212867
228 1658 6212870
227 1658 6212873
228 1658 6212876
226 1659 6212879
230 1657 6212882
230 1659 6212885
225 1660 6212888
226 1659 6212891
230 1660 6212894
228 1661 6212897
229 1659 6212900
226 1659 6212903
225 1661 6212906
228 1657 6212909
227 1655 6212912
230 1660 6212915
227 1660 6212918
228 1659 6212921
228 1660 6212924
226 1659 6212927
229 1660 6212930
231 1660 6212933
231 1660 6212936
227 1659 6212939
226 1664 6212942
229 1656 6212945
227 1657 6212948
231 1662 6212951
226 1655 6212954
225 1659 6212957
229 1658 6212960
229 1659 6212963
227 1658 6212966
228 1660 6212969
228 1659 6212972
227 1658 6212975
226 1658 6212978
227 1660 6212981
229 1658 6212984
233 1657 6212987
225 1660 6212990
228 1661 6212993
228 1661 6212996
225 1672 6213000
227 1661 6213003
226 1657 6213006
228 1657 6213009
228 1657 6213012
229 1660 6213015
226 1660 6213018
228 1661 6213021
228 1661 6213024
227 1662 6213027
225 1662 6213030
229 1661 6213032
230 1659 6213035
227 1658 6213038
227 1662 6213041
228 1656 6213044
224 1658 6213047
230 1663 6213050
230 1657 6213053
226 1657 6213056
228 1658 6213059
226 1658 6213062
229 1659 6213065
132 1663 6213068
227 1661 6213071
227 1661 6213074
227 1657 6213077
226 1657 6213080
229 1660 6213083
231 1656 6213086
231 1662 6213089
227 1658 6213092
228 1657 6213095
228 1658 6213098
226 1659 6213101
227 1658 6213104
229 1658 6213107
238 1590 6213110
227 1657 6213113
230 1653 6213116
228 1660 6213119
230 1662 6213122
227 1658 6213125
228 1656 6213128
226 1659 6213131
226 1657 6213134
228 1657 6213137
228 1661 6213140
228 1660 6213143
226 1656 6213146
228 1659 6213149
229 1654 6213152
229 1659 6213155
230 1662 6213158
228 1658 6213161
229 1660 6213164
228 1656 6213167
228 1659 6213170
227 1661 6213173
228 1660 6213176
228 1657 6213179
227 1659 6213182
227 1660 6213185
229 1659 6213188
226 1666 6213191
227 1658 6213194
230 1659 6213197
224 1657 6213200
228 1660 6213203
227 1659 6213206
229 1659 6213209
227 1657 6213212
230 1661 6213215
230 1657 6213218
228 1661 6213221
228 1660 6213224
227 1656 6213227
228 1659 6213230
318 1633 6213233
224 1657 6213236
228 1661 6213239
224 1657 6213242
226 1658 6213245
227 1660 6213248
228 1658 6213251
226 1659 6213254
228 1658 6213257
226 1659 6213260
228 1660 6213263
227 1656 6213266
225 1658 6213269
229 1658 6213272
225 1654 6213275
228 1657 6213278
224 1659 6213281
230 1659 6213284
226 1658 6213287
229 1663 6213290
228 1658 6213293
229 1659 6213296
227 1660 6213299
227 1658 6213302
228 1661 6213305
228 1657 6213308
226 1657 6213311
226 1669 6213314
135 1659 6213317
226 1660 6213320
225 1661 6213323
228 1658 6213326
227 1659 6213329
227 1659 6213332
227 1657 6213335
227 1659 6213338
229 1658 6213341
226 1658 6213344
227 1659 6213347
228 1660 6213350
227 1662 6213353
263 1988 6213356
229 1658 6213359
227 1660 6213362
222 1654 6213365
226 1659 6213368
230 1659 6213371
228 1660 6213374
228 1657 6213377
230 1658 6213380
230 1659 6213383
228 1660 6213386
228 1656 6213389
229 1656 6213392
228 1658 6213395
226 1660 6213398
227 1655 6213401
232 1662 6213404
232 1657 6213407
225 1659 6213410
231 1660 6213413
229 1660 6213416
226 1659 6213419
226 1661 6213422
229 1658 6213425
227 1660 6213428
226 1657 6213431
229 1658 6213434
230 1667 6213437
195 1658 6213440
225 1654 6213443
228 1660 6213446
231 1660 6213449
227 1659 6213452
229 1658 6213455
230 1659 6213458
227 1658 6213461
228 1659 6213464
227 1658 6213467
229 1660 6213470
228 1659 6213473
226 1661 6213476
237 1477 6213479
229 1660 6213482
230 1659 6213485
224 1658 6213488
228 1659 6213491
225 1657 6213494
224 1659 6213497
226 1658 6213500
229 1659 6213503
225 1661 6213506
225 1656 6213509
226 1657 6213512
229 1662 6213515
225 1660 6213518
228 1665 6213521
227 1656 6213524
224 1665 6213527
228 1656 6213530
225 1657 6213533
229 1659 6213536
229 1658 6213539
225 1656 6213542
228 1655 6213545
227 1659 6213548
228 1658 6213551
227 1658 6213554
228 1660 6213557
228 1657 6213560
607 1656 6213563
226 1659 6213566
225 1658 6213569
228 1662 6213572
228 1659 6213575
230 1653 6213578
230 1661 6213581
228 1660 6213584
228 1661 6213587
229 1657 6213590
226 1657 6213593
227 1660 6213596
229 1659 6213599
228 1655 6213602
234 1660 6213605
227 1655 6213608
230 1662 6213611
230 1657 6213614
227 1661 6213617
229 1659 6213620
224 1656 6213623
228 1662 6213626
227 1659 6213629
226 1663 6213632
228 1660 6213635
228 1660 6213638
225 1659 6213641
140 1631 6213644
228 1662 6213647
228 1663 6213650
226 1650 6213653
226 1658 6213656
227 1659 6213659
225 1657 6213662
216 1659 6213665
226 1659 6213668
229 1659 6213671
223 1657 6213674
226 1659 6213677
229 1659 6213680
229 1660 6213683
250 1620 6213686
225 1660 6213689
226 1656 6213692
224 1658 6213695
227 1660 6213698
229 1661 6213701
228 1660 6213704
226 1658 6213707
227 1660 6213710
230 1658 6213713
227 1662 6213716
229 1661 6213719
226 1659 6213722
229 1661 6213725
233 1663 6213728
228 1659 6213731
224 1659 6213734
230 1663 6213737
226 1658 6213740
228 1660 6213743
230 1659 6213746
231 1660 6213749
228 1658 6213752
229 1658 6213755
227 1657 6213758
229 1659 6213761
229 1659 6213764
230 1660 6213767
228 1669 6213770
226 1657 6213773
229 1663 6213776
229 1659 6213779
226 1660 6213782
226 1659 6213785
227 1658 6213788
228 1660 6213791
226 1658 6213794
227 1657 6213797
229 1660 6213800
229 1658 6213803
224 1657 6213806
229 1500 6213809
231 1664 6213812
227 1659 6213815
231 1661 6213818
228 1655 6213821
225 1659 6213824
226 1657 6213827
225 1657 6213830
229 1660 6213833
228 1659 6213836
226 1657 6213839
225 1663 6213842
228 1658 6213845
227 1661 6213848
226 1556 6213851
226 1652 6213854
227 1658 6213857
226 1657 6213860
225 1658 6213863
228 1660 6213866
229 1660 6213869
225 1659 6213872
227 1659 6213875
229 1659 6213878
227 1659 6213881
226 1660 6213884
227 1657 6213887
226 1658 6213890
230 1739 6213893
933 1655 6213896
229 1659 6213899
229 1657 6213902
223 1656 6213905
228 1662 6213908
228 1657 6213911
228 1658 6213914
226 1654 6213917
228 1658 6213920
229 1659 6213923
227 1656 6213926
228 1659 6213929
227 1659 6213932
227 1598 6213935
81 1658 6213938
227 1658 6213941
229 1655 6213944
227 1658 6213947
228 1659 6213950
227 1656 6213953
226 1656 6213956
226 1661 6213959
228 1659 6213962
228 1659 6213965
227 1658 6213968
223 1657 6213971
230 1659 6213974
227 1564 6213977
0 1653 6213980
227 1660 6213983
229 1653 6213986
223 1661 6213989
241 1660 6213992
226 1659 6213995
229 1658 6213999
229 1660 6214002
230 1661 6214005
230 1659 6214008
227 1659 6214011
226 1661 6214014
230 1660 6214017
229 1685 6214020
0 1658 6214023
229 1658 6214026
231 1655 6214029
225 1660 6214031
228 1660 6214034
229 1659 6214037
228 1659 6214040
228 1659 6214043
225 1659 6214046
229 1659 6214049
227 1661 6214052
229 1660 6214055
229 1658 6214058
227 1622 6214061
580 1660 6214064
228 1657 6214067
225 1655 6214070
226 1661 6214073
230 1657 6214076
226 1657 6214079
229 1661 6214082
229 1659 6214085
225 1657 6214088
229 1660 6214091
230 1659 6214094
228 1658 6214097
228 1659 6214100
227 1678 6214103
242 1662 6214106
225 1658 6214109
224 1658 6214112
227 1663 6214115
231 1660 6214118
224 1660 6214121
228 1659 6214124
226 1659 6214127
227 1659 6214130
229 1659 6214133
227 1661 6214136
229 1658 6214139
229 1659 6214142
227 1655 6214145
229 1657 6214148
229 1659 6214151
225 1656 6214154
227 1657 6214157
229 1660 6214160
226 1661 6214163
229 1661 6214166
229 1656 6214169
228 1660 6214172
230 1656 6214175
228 1658 6214178
225 1658 6214181
228 1659 6214184
225 1664 6214187
255 1662 6214190
226 1655 6214193
227 1660 6214196
229 1658 6214199
228 1657 6214202
229 1660 6214205
227 1657 6214208
226 1654 6214211
228 1657 6214214
228 1658 6214217
226 1656 6214220
227 1657 6214223
228 1659 6214226
228 1656 6214229
233 1658 6214232
227 1660 6214235
231 1662 6214238
227 1657 6214241
228 1658 6214244
229 1659 6214247
229 1660 6214250
224 1656 6214253
228 1659 6214256
228 1660 6214259
228 1662 6214262
228 1661 6214265
229 1660 6214268
233 1627 6214271
227 1658 6214274
228 1656 6214277
226 1660 6214280
230 1660 6214283
225 1656 6214286
226 1657 6214289
227 1657 6214292
227 1661 6214295
225 1660 6214298
225 1658 6214301
227 1659 6214304
226 1660 6214307
225 1657 6214310
235 1675 6214313
227 1661 6214316
225 1659 6214319
231 1659 6214322
230 1660 6214325
228 1653 6214328
226 1660 6214331
226 1656 6214334
229 1659 6214337
229 1657 6214340
225 1656 6214343
227 1659 6214346
228 1659 6214349
224 1588 6214352
192 1663 6214355
229 1661 6214358
229 1658 6214361
224 1659 6214364
227 1657 6214367
227 1659 6214370
225 1658 6214373
225 1659 6214376
229 1660 6214379
228 1657 6214382
223 1657 6214385
231 1660 6214388
227 1659 6214391
229 1656 6214394
248 1658 6214397
230 1654 6214400
226 1658 6214403
229 1657 6214406
224 1657 6214409
231 1661 6214412
230 1659 6214415
224 1660 6214418
228 1660 6214421
227 1659 6214424
228 1661 6214427
228 1658 6214430
228 1658 6214433
225 1659 6214436
217 1658 6214439
224 1660 6214442
229 1659 6214445
225 1659 6214448
229 1659 6214451
227 1658 6214454
226 1661 6214457
228 1660 6214460
228 1659 6214463
227 1660 6214466
227 1659 6214469
228 1660 6214472
225 1658 6214475
301 1766 6214478
226 1658 6214481
226 1658 6214484
225 1659 6214487
225 1662 6214490
229 1659 6214493
228 1658 6214496
225 1660 6214499
226 1659 6214502
229 1658 6214505
229 1659 6214508
228 1658 6214511
228 1658 6214514
229 1658 6214517
231 1586 6214520
226 1658 6214523
230 1654 6214526
223 1660 6214529
231 1659 6214532
229 1660 6214535
229 1660 6214538
227 1657 6214541
230 1658 6214544
226 1657 6214547
230 1657 6214550
229 1660 6214553
229 1656 6214556
229 1659 6214559
233 1689 6214562
230 1657 6214565
228 1656 6214568
227 1658 6214571
227 1658 6214574
230 1658 6214577
226 1659 6214580
227 1657 6214583
228 1658 6214586
225 1657 6214589
227 1660 6214592
227 1656 6214595
227 1660 6214598
228 1658 6214601
328 1658 6214604
229 1659 6214607
229 1662 6214610
227 1654 6214613
230 1657 6214616
226 1660 6214619
226 1659 6214622
231 1659 6214625
225 1658 6214628
227 1658 6214631
229 1662 6214634
231 1660 6214637
227 1658 6214640
230 1659 6214643
216 1655 6214646
127 1657 6214649
226 1661 6214652
225 1651 6214655
230 1661 6214658
228 1659 6214661
227 1660 6214664
227 1659 6214667
230 1659 6214670
226 1657 6214673
229 1661 6214676
229 1656 6214679
229 1659 6214682
227 1660 6214685
229 1658 6214688
225 1702 6214691
228 1658 6214694
225 1659 6214697
229 1659 6214700
228 1658 6214703
224 1658 6214706
227 1658 6214709
227 1658 6214712
230 1658 6214715
226 1659 6214718
227 1659 6214721
229 1658 6214724
226 1657 6214727
225 1659 6214730
228 1661 6214733
278 1659 6214736
225 1653 6214739
228 1663 6214742
230 1657 6214745
227 1657 6214748
227 1660 6214751
228 1659 6214754
225 1658 6214757
228 1659 6214760
226 1658 6214763
227 1660 6214766
230 1658 6214769
224 1657 6214772
228 1660 6214775
122 1655 6214778
232 1659 6214781
228 1662 6214784
225 1660 6214787
230 1661 6214790
229 1658 6214793
226 1659 6214796
228 1659 6214799
226 1659 6214802
227 1659 6214805
227 1660 6214808
227 1659 6214811
230 1660 6214814
226 1662 6214817
228 1662 6214820
242 1622 6214823
225 1658 6214826
227 1657 6214829
227 1661 6214832
226 1659 6214835
225 1658 6214838
230 1659 6214841
228 1659 6214844
226 1657 6214847
228 1659 6214850
226 1659 6214853
228 1659 6214856
228 1658 6214859
229 1659 6214862
226 1655 6214865
211 1644 6214868
226 1657 6214871
225 1657 6214874
228 1659 6214877
228 1657 6214880
227 1659 6214883
227 1659 6214886
229 1658 6214889
228 1657 6214892
228 1662 6214895
231 1660 6214898
232 1657 6214901
226 1657 6214904
227 1659 6214907
227 1657 6214910
282 1317 6214913
227 1660 6214916
227 1654 6214919
229 1659 6214922
227 1660 6214925
229 1658 6214928
227 1659 6214931
230 1660 6214934
226 1659 6214937
229 1658 6214940
228 1657 6214943
231 1658 6214946
228 1661 6214949
227 1657 6214952
229 1661 6214955
228 1656 6214958
241 1659 6214961
228 1665 6214964
231 1658 6214967
226 1659 6214970
235 1657 6214973
226 1657 6214976
227 1657 6214979
226 1653 6214982
226 1658 6214985
231 1659 6214988
228 1658 6214991
223 1659 6214994
229 1659 6214997
230 1656 6215001
225 1740 6215004
0 1660 6215007
229 1659 6215010
226 1659 6215013
227 1661 6215016
229 1656 6215019
226 1658 6215022
229 1656 6215025
228 1658 6215028
227 1660 6215031
230 1657 6215034
227 1657 6215037
226 1658 6215040
229 1658 6215043
231 1660 6215045
227 1660 6215048
249 1594 6215051
228 1662 6215054
228 1660 6215057
231 1659 6215060
228 1658 6215063
229 1660 6215066
232 1658 6215069
227 1657 6215072
227 1659 6215075
229 1661 6215078
228 1658 6215081
229 1661 6215084
230 1658 6215087
231 1659 6215090
228 1659 6215093
229 1659 6215096
223 1659 6215099
232 1662 6215102
230 1658 6215105
226 1658 6215108
229 1659 6215111
226 1659 6215114
226 1661 6215117
227 1659 6215120
228 1659 6215123
226 1660 6215126
229 1660 6215129
225 1658 6215132
228 1658 6215135
226 1658 6215138
227 1658 6215141
225 1657 6215144
228 1659 6215147
301 1339 6200744
301 1343 6200747
302 1342 6200750
302 1341 6200753
298 1343 6200756
299 1343 6200759
299 1343 6200762
299 1329 6200765
268 1341 6200768
299 1342 6200771
295 1339 6200774
300 1344 6200777
301 1343 6200780
301 1343 6200783
302 1344 6200786
299 1342 6200789
299 1341 6200792
299 1341 6200795
301 1342 6200798
297 1341 6200801
301 1341 6200804
300 1336 6200807
283 1341 6200810
301 1341 6200813
297 1341 6200816
302 1343 6200819
298 1341 6200822
300 1342 6200825
299 1340 6200828
299 1342 6200831
299 1341 6200834
301 1342 6200837
299 1341 6200840
301 1340 6200843
299 1343 6200846
299 1248 6200849
300 1340 6200852
298 1340 6200855
302 1340 6200858
297 1342 6200861
303 1341 6200864
296 1339 6200867
300 1343 6200870
300 1339 6200873
299 1342 6200876
301 1344 6200879
301 1343 6200882
299 1340 6200885
298 1341 6200888
297 1342 6200891
284 1332 6200894
303 1343 6200897
295 1340 6200900
304 1342 6200903
300 1340 6200906
301 1343 6200909
299 1344 6200912
302 1341 6200915
302 1341 6200918
298 1340 6200921
300 1340 6200924
301 1341 6200927
302 1343 6200930
300 1341 6200933
299 1347 6200936
265 1339 6200939
300 1338 6200942
301 1345 6200945
301 1342 6200948
301 1345 6200951
298 1341 6200954
299 1342 6200957
299 1343 6200960
302 1338 6200963
299 1339 6200966
303 1345 6200969
301 1340 6200972
300 1337 6200975
300 1344 6200978
285 1473 6200981
299 1341 6200984
299 1335 6200987
299 1344 6200990
299 1342 6200993
299 1339 6200996
298 1342 6201000
299 1343 6201003
297 1341 6201006
300 1342 6201009
298 1339 6201012
300 1340 6201015
301 1344 6201018
300 1342 6201021
299 1343 6201024
300 1347 6201027
302 1341 6201030
304 1340 6201033
298 1339 6201036
299 1333 6201039
300 1341 6201042
301 1342 6201045
299 1341 6201048
292 1341 6201051
301 1341 6201053
300 1342 6201056
301 1343 6201059
300 1347 6201062
302 1340 6201065
301 1282 6201068
284 1337 6201071
301 1340 6201074
300 1341 6201077
297 1341 6201080
300 1342 6201083
301 1342 6201086
300 1341 6201089
303 1341 6201092
301 1342 6201095
301 1342 6201098
300 1342 6201101
301 1342 6201104
297 1340 6201107
300 1341 6201110
297 1343 6201113
0 1343 6201116
299 1343 6201119
297 1341 6201122
300 1345 6201125
300 1340 6201128
298 1342 6201131
302 1342 6201134
302 1342 6201137
298 1339 6201140
299 1340 6201143
300 1339 6201146
300 1339 6201149
299 1345 6201152
300 1343 6201155
299 1098 6201158
301 1340 6201161
299 1341 6201164
300 1339 6201167
300 1342 6201170
300 1343 6201173
302 1342 6201176
299 1340 6201179
303 1342 6201182
300 1343 6201185
301 1342 6201188
301 1344 6201191
300 1338 6201194
300 1339 6201197
300 1341 6201200
302 1343 6201203
304 1365 6201206
300 1342 6201209
303 1347 6201212
300 1340 6201215
300 1343 6201218
299 1342 6201221
302 1341 6201224
300 1344 6201227
300 1342 6201230
299 1343 6201233
302 1343 6201236
295 1339 6201239
301 1341 6201242
301 1342 6201245
297 1343 6201248
200 1526 6201251
299 1341 6201254
301 1338 6201257
296 1339 6201260
302 1343 6201263
302 1343 6201266
303 1341 6201269
298 1341 6201272
302 1342 6201275
299 1341 6201278
299 1338 6201281
301 1342 6201284
299 1343 6201287
300 1340 6201290
296 1338 6201293
300 1329 6201296
258 1341 6201299
303 1338 6201302
297 1342 6201305
300 1342 6201308
299 1339 6201311
299 1340 6201314
299 1343 6201317
299 1340 6201320
299 1342 6201323
300 1341 6201326
299 1343 6201329
301 1342 6201332
303 1342 6201335
297 1340 6201338
302 1343 6201341
297 1355 6201344
300 1341 6201347
301 1343 6201350
297 1342 6201353
299 1344 6201356
298 1339 6201359
301 1342 6201362
302 1337 6201365
300 1342 6201368
299 1340 6201371
301 1342 6201374
308 1340 6201377
302 1339 6201380
298 1339 6201383
299 1343 6201386
365 1781 6201389
302 1341 6201392
301 1340 6201395
298 1342 6201398
303 1344 6201401
296 1341 6201404
300 1343 6201407
298 1341 6201410
297 1339 6201413
298 1344 6201416
300 1342 6201419
300 1342 6201422
301 1342 6201425
300 1343 6201428
300 1342 6201431
300 1333 6201434
262 1341 6201437
299 1339 6201440
300 1341 6201443
301 1341 6201446
299 1342 6201449
302 1341 6201452
301 1345 6201455
299 1342 6201458
301 1340 6201461
301 1343 6201464
300 1342 6201467
299 1344 6201470
300 1342 6201473
297 1341 6201476
300 1341 6201479
296 1341 6201482
299 1342 6201485
300 1340 6201488
299 1340 6201491
300 1343 6201494
298 1342 6201497
301 1341 6201500
299 1340 6201503
300 1342 6201506
300 1341 6201509
302 1339 6201512
300 1342 6201515
300 1342 6201518
300 1340 6201521
299 1340 6201524
308 1338 6201527
300 1343 6201530
302 1345 6201533
299 1338 6201536
301 1340 6201539
298 1339 6201542
300 1341 6201545
300 1343 6201548
298 1341 6201551
300 1341 6201554
300 1338 6201557
296 1339 6201560
299 1343 6201563
304 1340 6201566
298 1340 6201569
332 817 6201572
298 1339 6201575
303 1338 6201578
298 1344 6201581
301 1342 6201584
300 1343 6201587
298 1340 6201590
297 1340 6201593
297 1339 6201596
300 1341 6201599
298 1340 6201602
303 1343 6201605
300 1344 6201608
301 1342 6201611
302 1343 6201614
617 1342 6201617
298 1342 6201620
298 1339 6201623
296 1341 6201626
301 1346 6201629
302 1341 6201632
299 1342 6201635
304 1345 6201638
299 1342 6201641
301 1341 6201644
299 1343 6201647
300 1341 6201650
299 1342 6201653
298 1337 6201656
299 1343 6201659
682 1341 6201662
301 1340 6201665
300 1342 6201668
300 1340 6201671
297 1340 6201674
300 1340 6201677
298 1342 6201680
301 1343 6201683
298 1339 6201686
298 1339 6201689
301 1342 6201692
299 1341 6201695
302 1343 6201698
298 1340 6201701
299 1343 6201704
377 1314 6201707
296 1340 6201710
299 1343 6201713
297 1338 6201716
302 1342 6201719
300 1341 6201722
298 1338 6201725
301 1342 6201728
300 1343 6201731
300 1341 6201734
301 1342 6201737
298 1340 6201740
299 1342 6201743
300 1344 6201746
299 1344 6201749
302 1364 6201752
267 1339 6201755
300 1339 6201758
298 1344 6201761
302 1341 6201764
298 1340 6201767
302 1343 6201770
301 1342 6201773
301 1341 6201776
297 1343 6201779
298 1343 6201782
301 1343 6201785
301 1342 6201788
300 1344 6201791
299 1340 6201794
299 1345 6201797
297 1345 6201800
301 1343 6201803
303 1340 6201806
297 1341 6201809
298 1346 6201812
299 1340 6201815
298 1340 6201818
299 1342 6201821
298 1341 6201824
299 1342 6201827
303 1339 6201830
295 1340 6201833
299 1341 6201836
299 1339 6201839
300 1340 6201842
301 1353 6201845
299 1342 6201848
296 1344 6201851
298 1343 6201854
297 1340 6201857
305 1344 6201860
313 1345 6201863
317 1344 6201866
317 1348 6201869
304 1376 6201872
290 1445 6201875
267 1508 6201878
257 1526 6201881
256 1510 6201884
255 1494 6201887
262 1374 6201890
257 1494 6201893
257 1494 6201896
255 1499 6201899
260 1500 6201902
258 1498 6201905
256 1498 6201908
260 1502 6201911
258 1499 6201914
257 1500 6201917
256 1498 6201920
256 1499 6201923
255 1499 6201926
256 1498 6201929
255 1497 6201932
280 1660 6201935
254 1498 6201938
257 1496 6201941
256 1502 6201944
257 1498 6201947
257 1499 6201950
255 1498 6201953
256 1499 6201956
256 1497 6201959
257 1499 6201962
255 1498 6201965
255 1498 6201968
255 1498 6201971
259 1499 6201974
256 1501 6201977
267 1478 6201980
256 1499 6201983
255 1496 6201986
252 1498 6201989
257 1500 6201992
258 1500 6201995
254 1497 6201999
257 1498 6202002
258 1500 6202005
257 1496 6202008
257 1497 6202011
259 1498 6202014
258 1501 6202017
257 1500 6202020
259 1497 6202023
262 1457 6202026
258 1498 6202029
247 1500 6202032
261 1500 6202035
257 1495 6202038
257 1505 6202041
256 1501 6202044
257 1498 6202046
257 1500 6202049
243 1498 6202052
256 1500 6202055
260 1498 6202058
262 1499 6202061
261 1501 6202064
264 1501 6202067
263 1495 6202070
265 1499 6202073
267 1502 6202076
269 1498 6202079
269 1498 6202082
270 1500 6202085
272 1498 6202088
271 1501 6202091
274 1501 6202094
273 1499 6202097
275 1501 6202100
274 1503 6202103
276 1502 6202106
276 1501 6202109
276 1400 6202112
275 1505 6202115
276 1499 6202118
274 1498 6202121
277 1501 6202124
277 1498 6202127
278 1498 6202130
277 1502 6202133
277 1501 6202136
278 1502 6202139
275 1499 6202142
276 1502 6202145
276 1502 6202148
276 1500 6202151
275 1500 6202154
276 1513 6202157
374 1500 6202160
276 1499 6202163
271 1501 6202166
276 1502 6202169
276 1499 6202172
273 1503 6202175
274 1501 6202178
277 1500 6202181
276 1502 6202184
274 1502 6202187
274 1501 6202190
274 1500 6202193
274 1500 6202196
274 1501 6202199
273 1492 6202202
314 1501 6202205
268 1495 6202208
271 1501 6202211
275 1500 6202214
274 1501 6202217
273 1501 6202220
273 1500 6202223
270 1497 6202226
269 1498 6202229
271 1499 6202232
270 1499 6202235
271 1502 6202238
273 1499 6202241
271 1499 6202244
269 1501 6202247
274 1498 6202250
267 1500 6202253
271 1502 6202256
267 1497 6202259
269 1499 6202262
268 1500 6202265
268 1500 6202268
270 1497 6202271
268 1500 6202274
266 1503 6202277
267 1501 6202280
268 1499 6202283
267 1500 6202286
268 1500 6202289
267 1498 6202292
274 1500 6202295
267 1505 6202298
270 1499 6202301
265 1498 6202304
268 1499 6202307
266 1499 6202310
265 1498 6202313
268 1501 6202316
262 1498 6202319
265 1498 6202322
264 1498 6202325
264 1498 6202328
264 1498 6202331
263 1499 6202334
0 1503 6202337
268 1499 6202340
267 1502 6202343
264 1503 6202346
266 1502 6202349
262 1499 6202352
263 1498 6202355
267 1501 6202358
265 1496 6202361
264 1499 6202364
262 1491 6202367
264 1500 6202370
261 1498 6202373
261 1498 6202376
253 1500 6202379
262 1502 6202382
257 1499 6202385
263 1506 6202388
264 1496 6202391
261 1497 6202394
263 1503 6202397
263 1498 6202400
262 1502 6202403
263 1499 6202406
259 1500 6202409
262 1501 6202412
262 1499 6202415
258 1501 6202418
265 1501 6202421
261 1497 6202424
263 1507 6202427
253 1501 6202430
264 1501 6202433
264 1500 6202436
259 1498 6202439
262 1501 6202442
262 1498 6202445
259 1501 6202448
260 1499 6202451
261 1498 6202454
259 1499 6202457
261 1500 6202460
261 1502 6202463
260 1501 6202466
262 1501 6202469
257 1505 6202472
302 1501 6202475
260 1501 6202478
257 1501 6202481
259 1498 6202484
261 1500 6202487
259 1500 6202490
260 1497 6202493
259 1502 6202496
261 1500 6202499
260 1499 6202502
257 1497 6202505
257 1498 6202508
258 1497 6202511
261 1498 6202514
258 1011 6202517
260 1502 6202520
260 1497 6202523
258 1495 6202526
255 1498 6202529
259 1501 6202532
259 1496 6202535
258 1497 6202538
260 1500 6202541
260 1499 6202544
261 1499 6202547
257 1500 6202550
259 1500 6202553
257 1493 6202556
259 1499 6202559
258 1501 6202562
254 1523 6202565
261 1497 6202568
256 1500 6202571
261 1500 6202574
259 1500 6202577
259 1503 6202580
256 1498 6202583
259 1499 6202586
259 1499 6202589
257 1499 6202592
260 1500 6202595
259 1501 6202598
258 1502 6202601
258 1498 6202604
258 1499 6202607
0 1501 6202610
260 1501 6202613
259 1499 6202616
258 1498 6202619
257 1496 6202622
259 1498 6202625
257 1500 6202628
259 1500 6202631
260 1500 6202634
257 1495 6202637
257 1499 6202640
259 1500 6202643
260 1498 6202646
255 1498 6202649
259 1500 6202652
256 1483 6202655
428 1498 6202658
258 1498 6202661
255 1499 6202664
260 1499 6202667
256 1498 6202670
259 1503 6202673
256 1497 6202676
258 1498 6202679
258 1497 6202682
258 1500 6202685
258 1497 6202688
258 1498 6202691
256 1504 6202694
259 1497 6202697
258 1501 6202700
265 1444 6202703
257 1499 6202706
259 1502 6202709
261 1500 6202712
254 1497 6202715
257 1499 6202718
256 1498 6202721
259 1499 6202724
257 1499 6202727
256 1499 6202730
258 1501 6202733
257 1505 6207142
277 1498 6207145
240 1499 6207148
262 1493 6207151
262 1509 6207154
255 1496 6207157
257 1500 6207160
254 1499 6207163
256 1497 6207166
257 1499 6207169
256 1500 6207172
257 1498 6207175
257 1502 6207178
192 1501 6207181
257 1497 6207183
257 1502 6207186
244 1477 6207189
257 1507 6207193
252 1502 6207195
258 1495 6207198
257 1500 6207201
257 1499 6207204
258 1500 6207207
257 1500 6207210
257 1498 6207213
256 1498 6207216
256 1497 6207219
259 1496 6207222
202 1492 6207226
256 1496 6207228
254 1500 6207231
265 1491 6207234
248 1502 6207237
260 1493 6207240
258 1502 6207243
258 1499 6207246
256 1499 6207249
257 1498 6207252
260 1498 6207255
258 1501 6207259
258 1495 6207261
257 1498 6207264
240 1496 6207267
256 1351 6207270
258 1496 6207273
273 1491 6207276
249 1497 6207279
259 1495 6207282
259 1502 6207285
256 1495 6207288
258 1498 6207292
256 1495 6207294
258 1499 6207297
259 1501 6207300
258 1500 6207303
261 1499 6207306
255 1500 6207309
289 1489 6207312
254 1495 6207315
274 1497 6207318
247 1497 6207321
260 1498 6207325
258 1500 6207327
255 1497 6207330
261 1494 6207333
257 1503 6207336
256 1499 6207339
258 1498 6207342
259 1500 6207345
256 1498 6207348
258 1496 6207351
247 1498 6207354
257 1515 6207358
256 1496 6207360
264 1494 6207363
250 1508 6207366
254 1491 6207369
260 1501 6207372
255 1498 6207375
260 1499 6207378
256 1498 6207381
256 1497 6207384
258 1497 6207387
257 1501 6207391
257 1495 6207393
259 1498 6207396
253 1560 6207399
256 1497 6207402
232 1499 6207405
257 1517 6207408
259 1507 6207411
252 1488 6207414
260 1498 6207417
255 1500 6207420
257 1497 6207424
256 1495 6207426
258 1500 6207429
259 1499 6207432
258 1498 6207435
257 1499 6207438
258 1499 6207441
263 1507 6207444
256 1497 6207447
245 1517 6207450
261 1483 6207453
262 1502 6207457
256 1498 6207459
261 1500 6207462
257 1500 6207465
257 1500 6207468
259 1500 6207471
258 1500 6207474
257 1497 6207477
256 1497 6207480
257 1497 6207483
246 1499 6207486
256 1527 6207490
254 1497 6207492
254 1517 6207495
256 1487 6207498
260 1502 6207501
256 1499 6207504
258 1496 6207507
261 1501 6207510
259 1498 6207513
255 1497 6207516
260 1500 6207519
257 1501 6207523
257 1495 6207525
254 1499 6207528
349 1462 6207531
253 1497 6207534
248 1497 6207537
263 1512 6207540
255 1489 6207543
259 1500 6207546
254 1499 6207549
258 1495 6207552
258 1500 6207556
255 1497 6207558
257 1499 6207561
256 1498 6207564
254 1502 6207567
257 1499 6207570
247 1500 6207573
260 1574 6207576
258 1497 6207579
258 1495 6207582
252 1507 6207585
257 1494 6207589
260 1499 6207591
254 1502 6207594
254 1497 6207597
257 1501 6207600
258 1498 6207603
256 1498 6207606
256 1499 6207609
257 1500 6207612
258 1498 6207615
275 1478 6207618
257 1501 6207622
250 1494 6207624
265 1504 6207627
251 1493 6207630
259 1506 6207633
258 1500 6207636
256 1499 6207639
257 1500 6207642
255 1496 6207645
258 1496 6207648
257 1497 6207651
256 1502 6207655
254 1496 6207657
233 1500 6207660
254 1438 6207663
252 1498 6207666
263 1501 6207669
254 1497 6207672
259 1501 6207675
257 1500 6207678
256 1494 6207681
259 1503 6207684
259 1499 6207688
257 1494 6207690
257 1504 6207693
256 1495 6207696
257 1499 6207699
260 1499 6207702
250 1507 6207705
259 1498 6207708
261 1510 6207711
250 1486 6207714
260 1496 6207717
254 1502 6207721
258 1494 6207723
260 1503 6207726
258 1497 6207729
255 1499 6207732
259 1499 6207735
259 1498 6207738
257 1500 6207741
258 1497 6207744
254 1562 6207747
257 1495 6207750
235 1501 6207754
253 1547 6207756
261 1501 6207759
254 1494 6207762
257 1501 6207765
259 1498 6207768
252 1499 6207771
257 1500 6207774
253 1496 6207777
257 1495 6207780
258 1500 6207783
258 1500 6207787
238 1494 6207789
256 1514 6207792
249 1498 6207795
265 1501 6207798
252 1494 6207801
258 1505 6207804
257 1504 6207807
253 1494 6207810
258 1500 6207813
256 1496 6207816
257 1497 6207820
257 1497 6207822
258 1501 6207825
258 1499 6207828
329 1502 6207831
260 1497 6207834
258 1499 6207837
256 1477 6207840
258 1498 6207843
252 1503 6207846
259 1492 6207849
257 1505 6207853
256 1495 6207855
257 1501 6207858
256 1499 6207861
254 1499 6207864
257 1500 6207867
256 1497 6207870
259 1499 6207873
244 1497 6207876
259 1497 6207879
272 1498 6207882
248 1497 6207886
257 1503 6207888
258 1503 6207891
256 1494 6207894
256 1500 6207897
258 1499 6207900
255 1499 6207903
256 1499 6207906
256 1497 6207909
259 1499 6207912
257 1502 6207915
264 1479 6207919
256 1495 6207921
259 1499 6207924
263 1495 6207927
249 1500 6207930
259 1496 6207933
260 1506 6207936
256 1500 6207939
259 1498 6207942
257 1500 6207945
258 1499 6207948
255 1498 6207952
257 1496 6207954
257 1500 6207957
255 1547 6207960
257 1497 6207963
249 1500 6207966
259 1481 6207969
263 1496 6207972
251 1497 6207975
259 1497 6207978
259 1498 6207981
255 1500 6207985
258 1497 6207987
257 1505 6207990
255 1496 6207993
256 1501 6207996
256 1497 6208001
261 1511 6208004
259 1501 6208007
264 1502 6208010
250 1489 6208013
260 1500 6208016
263 1498 6208019
270 1496 6208022
258 1502 6208025
257 1498 6208028
260 1501 6208031
258 1500 6208034
258 1501 6208037
258 1498 6208040
256 1499 6208043
239 1575 6208046
257 1500 6208049
259 1491 6208052
265 1499 6208055
253 1497 6208058
258 1498 6208061
258 1495 6208064
255 1502 6208067
258 1499 6208070
257 1499 6208073
256 1497 6208076
256 1500 6208079
258 1498 6208082
258 1499 6208085
244 1670 6208088
254 1498 6208091
256 1497 6208094
250 1502 6208097
262 1494 6208100
253 1501 6208103
260 1501 6208106
257 1497 6208109
255 1498 6208112
258 1499 6208115
258 1501 6208118
253 1499 6208121
257 1501 6208124
259 1501 6208127
257 1504 6208130
263 1500 6208133
258 1516 6208136
244 1488 6208139
260 1500 6208142
260 1498 6208145
252 1499 6208148
260 1499 6208151
257 1498 6208154
260 1503 6208157
257 1498 6208160
257 1496 6208163
256 1501 6208166
260 1501 6208169
257 1485 6208172
337 1497 6208175
255 1500 6208178
249 1510 6208181
261 1491 6208184
251 1500 6208187
262 1502 6208190
252 1495 6208193
261 1501 6208196
256 1498 6208199
256 1500 6208202
259 1502 6208205
253 1498 6208208
262 1500 6208211
258 1561 6208214
252 1497 6208217
255 1498 6208220
237 1553 6208223
250 1499 6208226
261 1494 6208229
254 1501 6208232
260 1501 6208235
254 1499 6208238
256 1500 6208241
256 1501 6208244
257 1501 6208247
257 1500 6208250
253 1497 6208253
258 1501 6208256
246 1505 6208259
256 1495 6208262
253 1512 6208265
258 1491 6208268
253 1501 6208271
259 1500 6208274
254 1498 6208277
256 1501 6208280
258 1498 6208283
256 1498 6208286
260 1500 6208289
257 1498 6208292
258 1499 6208295
257 1500 6208298
