1483 361 6313535
1483 362 6313538
1487 361 6313541
1483 361 6313544
1483 361 6313547
1478 363 6313550
1483 362 6313553
1479 362 6313556
1486 363 6313559
1485 363 6313562
1484 364 6313565
1484 363 6313568
1483 359 6313571
1484 364 6313574
1484 362 6313577
1483 360 6313580
1485 362 6313583
1484 365 6313586
1483 335 6313589
1532 361 6313592
1485 360 6313595
1479 364 6313598
1487 363 6313601
1482 360 6313604
1482 364 6313607
1483 361 6313610
1481 360 6313613
1484 362 6313616
1485 362 6313619
1482 360 6313622
1485 362 6313625
1483 363 6313628
1808 361 6313631
1486 362 6313634
1484 366 6313637
1484 362 6313640
1481 359 6313643
1483 361 6313646
1484 362 6313649
1482 361 6313652
1484 362 6313655
1485 365 6313658
1486 362 6313661
1483 361 6313664
1483 365 6313667
1483 363 6313670
1478 290 6313673
1483 361 6313676
1483 360 6313679
1485 364 6313682
1485 360 6313685
1481 360 6313688
1484 363 6313691
1485 361 6313694
1482 364 6313697
1485 365 6313700
1481 361 6313703
1483 364 6313706
1484 363 6313709
1485 361 6313712
1482 369 6313715
1482 363 6313718
1485 364 6313721
1484 359 6313724
1484 362 6313727
1483 366 6313730
1484 363 6313733
1484 362 6313736
1482 359 6313739
1484 360 6313742
1482 358 6313745
1484 364 6313748
1484 361 6313751
1481 910 6313754
1486 362 6313757
1484 366 6313760
1487 362 6313763
1483 362 6313766
1485 363 6313769
1484 361 6313772
1483 359 6313775
1483 361 6313778
1484 361 6313781
1486 361 6313784
1485 360 6313787
1486 363 6313790
1486 363 6313793
1484 77 6313796
1487 358 6313799
1485 359 6313802
1488 363 6313805
1481 358 6313808
1483 362 6313811
1485 361 6313814
1486 361 6313817
1483 363 6313820
1486 362 6313823
1485 363 6313826
1484 364 6313829
1485 363 6313832
1486 362 6313835
1484 361 6313838
1490 357 6313841
1483 360 6313844
1485 365 6313847
1483 363 6313850
1482 360 6313853
1485 361 6313856
1485 361 6313859
1482 358 6313862
1479 361 6313865
1485 365 6313868
1487 373 6313871
1490 372 6313874
1490 370 6313877
1476 386 6313880
1420 677 6313883
1352 422 6313886
1328 425 6313889
1325 425 6313892
1328 421 6313895
1329 416 6313898
1330 418 6313901
1330 419 6313904
1329 420 6313907
1326 424 6313910
1329 423 6313913
1330 422 6313916
1325 421 6313919
1328 421 6313922
1329 420 6313925
1338 422 6313928
1328 424 6313931
1333 423 6313934
1328 423 6313937
1327 424 6313940
1328 423 6313943
1328 424 6313946
1329 425 6313949
1327 424 6313952
1327 424 6313955
1328 423 6313958
1327 424 6313961
1328 424 6313964
1327 421 6313967
1336 412 6313970
1327 421 6313973
1330 425 6313976
1328 421 6313979
1324 423 6313982
1327 422 6313985
1328 422 6313988
1331 424 6313991
1328 425 6313994
1330 424 6313997
1328 423 6314001
1327 421 6314004
1329 422 6314007
1327 423 6314010
1330 430 6314013
1334 421 6314016
1327 421 6314019
1328 425 6314022
1327 420 6314025
1329 423 6314028
1328 424 6314031
1330 427 6314033
1328 420 6314036
1326 420 6314039
1328 423 6314042
1327 425 6314045
1327 421 6314048
1328 422 6314051
1329 423 6314054
1328 500 6314057
1326 424 6314060
1328 420 6314063
1329 426 6314066
1330 424 6314069
1329 427 6314072
1327 426 6314075
1331 429 6314078
1335 431 6314081
1332 432 6314084
1334 433 6314087
1333 430 6314090
1331 434 6314093
1334 432 6314096
1331 430 6314099
1334 422 6314102
1338 435 6314105
1338 435 6314108
1337 432 6314111
1336 437 6314114
1340 434 6314117
1339 434 6314120
1339 435 6314123
1336 434 6314126
1334 434 6314129
1338 434 6314132
1339 436 6314135
1338 437 6314138
1337 432 6314141
1337 436 6314144
1332 406 6314147
1336 435 6314150
1333 437 6314153
1342 435 6314156
1336 433 6314159
1337 435 6314162
1337 432 6314165
1336 435 6314168
1337 433 6314171
1333 436 6314174
1338 437 6314177
1335 434 6314180
1337 433 6314183
1338 434 6314186
1337 433 6314189
1432 1277 6314192
1338 434 6314195
1336 430 6314198
1332 433 6314201
1336 433 6314204
1332 431 6314207
1336 432 6314210
1334 435 6314213
1340 436 6314216
1334 433 6314219
1336 431 6314222
1337 438 6314225
1335 431 6314228
1334 428 6314231
1337 432 6314234
1328 431 6314237
1344 429 6314240
1333 434 6314243
1338 431 6314246
1334 431 6314249
1333 432 6314252
1333 430 6314255
1333 429 6314258
1333 430 6314261
1334 428 6314264
1333 428 6314267
1336 429 6314270
1332 428 6314273
1332 431 6314276
1335 427 6314279
1333 350 6314282
1596 430 6314285
1333 428 6314288
1331 428 6314291
1333 428 6314294
1331 427 6314297
1331 430 6314300
1334 430 6314303
1332 429 6314306
1332 427 6314309
1333 428 6314312
1331 429 6314315
1332 430 6314318
1334 429 6314321
1330 428 6314324
1330 430 6314327
1326 415 6314330
1334 427 6314333
1334 431 6314336
1329 425 6314339
1331 428 6314342
1332 429 6314345
1330 428 6314348
1332 427 6314351
1329 426 6314354
1329 427 6314357
1331 426 6314360
1331 427 6314363
1332 427 6314366
1331 426 6314369
1330 427 6314372
1313 437 6314375
1334 430 6314378
1325 425 6314381
1332 430 6314384
1332 426 6314387
1331 428 6314390
1329 423 6314393
1329 426 6314396
1331 426 6314399
1333 425 6314402
1328 426 6314405
1331 428 6314408
1332 425 6314411
1329 426 6314414
1330 426 6314417
1241 0 6314420
1331 424 6314423
1332 422 6314426
1329 425 6314429
1333 426 6314432
1330 420 6314435
1329 426 6314438
1343 425 6318846
1324 414 6318849
1328 429 6318852
1332 421 6318855
1323 420 6318858
1332 422 6318861
1331 418 6318864
1325 413 6318866
1327 424 6318869
1328 425 6318872
1330 419 6318875
1348 424 6318878
1336 421 6318881
1327 415 6318884
1325 416 6318887
1322 426 6318890
1334 421 6318893
1325 417 6318896
1329 427 6318899
1331 421 6318902
1327 417 6318905
1328 423 6318908
1328 420 6318911
1326 420 6318914
1331 421 6318917
1328 423 6318920
1306 421 6318923
1331 420 6318926
1325 406 6318929
1336 436 6318932
1330 416 6318935
1324 422 6318938
1331 423 6318941
1328 421 6318944
1329 422 6318947
1330 424 6318950
1329 423 6318953
1324 419 6318956
1326 422 6318959
1328 423 6318962
1332 457 6318965
1327 422 6318968
1329 435 6318971
1343 418 6318974
1324 415 6318977
1329 427 6318980
1331 420 6318983
1326 424 6318986
1328 421 6318989
1329 422 6318992
1330 423 6318995
1328 424 6318999
1329 424 6319002
1331 421 6319005
1326 422 6319008
1332 420 6319011
1327 388 6319014
1324 422 6319017
1319 424 6319020
1334 423 6319023
1326 418 6319026
1324 423 6319029
1328 427 6319031
1330 421 6319034
1330 422 6319037
1328 423 6319040
1328 422 6319043
1325 420 6319046
1329 434 6319049
1327 421 6319052
1332 419 6319055
1329 407 6319058
1332 435 6319061
1333 417 6319064
1315 420 6319067
1332 426 6319070
1327 420 6319073
1327 428 6319076
1328 419 6319079
1327 424 6319082
1329 421 6319085
1325 420 6319088
1328 426 6319091
1315 434 6319094
1320 421 6319097
1329 446 6319100
1339 417 6319103
1319 418 6319106
1333 428 6319109
1328 420 6319112
1327 424 6319115
1329 424 6319118
1330 422 6319121
1328 423 6319124
1329 425 6319127
1326 424 6319130
1330 424 6319133
1299 414 6319136
1322 428 6319139
1324 391 6319142
1306 431 6319145
1343 432 6319148
1322 416 6319151
1328 427 6319154
1331 419 6319157
1324 421 6319160
1330 421 6319163
1326 423 6319166
1329 424 6319169
1325 417 6319172
1328 420 6319175
1330 429 6319178
1330 424 6319181
1329 446 6319184
1327 394 6319187
1316 431 6319190
1336 426 6319193
1320 415 6319196
1328 423 6319199
1329 423 6319202
1341 422 6319205
1328 424 6319208
1329 426 6319211
1326 421 6319214
1329 423 6319217
1328 431 6319220
1338 417 6319223
1328 447 6319226
1344 398 6319229
1309 424 6319232
1341 429 6319235
1327 416 6319238
1325 425 6319241
1331 422 6319244
1327 423 6319247
1330 424 6319250
1329 421 6319253
1330 425 6319256
1328 421 6319259
1402 420 6319262
1315 430 6319265
1325 414 6319268
1300 405 6319271
1337 438 6319274
1335 418 6319277
1324 426 6319280
1330 424 6319283
1327 419 6319286
1325 422 6319289
1324 420 6319292
1328 421 6319295
1328 423 6319298
1330 424 6319301
1313 467 6319304
1321 420 6319307
1332 454 6319310
1349 419 6319313
1315 416 6319316
1334 428 6319319
1330 417 6319322
1323 425 6319325
1329 420 6319328
1328 422 6319331
1330 424 6319334
1325 419 6319337
1327 420 6319340
1329 402 6319343
1350 424 6319346
1328 425 6319349
1304 434 6319352
1351 428 6319355
1317 411 6319358
1327 426 6319361
1330 421 6319364
1328 422 6319367
1328 424 6319370
1330 423 6319373
1330 423 6319376
1328 422 6319379
1325 424 6319382
1312 459 6319385
1323 421 6319388
1329 422 6319391
1355 436 6319394
1323 409 6319397
1327 427 6319400
1330 426 6319403
1325 423 6319406
1330 423 6319409
1329 421 6319412
1320 425 6319415
1329 422 6319418
1329 423 6319421
1443 425 6319424
1313 428 6319427
1328 446 6319430
1338 398 6319433
1314 427 6319436
1339 426 6319439
1327 419 6319442
1328 427 6319445
1327 423 6319448
1328 418 6319451
1328 421 6319454
1328 420 6319457
1328 420 6319460
1330 421 6319463
1374 416 6319466
1326 424 6319469
1341 451 6319472
1335 410 6319475
1318 425 6319478
1333 427 6319481
1327 419 6319484
1328 424 6319487
1329 423 6319490
1326 420 6319493
1327 420 6319496
1330 423 6319499
1327 408 6319502
1368 418 6319505
1327 424 6319508
1318 446 6319511
1348 420 6319514
1318 416 6319517
1330 430 6319520
1328 419 6319523
1327 423 6319526
1327 422 6319529
1333 422 6319532
1329 420 6319535
1329 425 6319538
1327 414 6319541
1361 417 6319544
1328 424 6319547
1349 447 6319550
1328 408 6319553
1319 423 6319556
1335 425 6319559
1327 420 6319562
1332 424 6319565
1329 420 6319568
1329 421 6319571
1327 422 6319574
1329 426 6319577
1633 424 6319580
1321 421 6319583
1326 449 6319586
1353 406 6319589
1308 418 6319592
1338 431 6319595
1326 418 6319598
1323 421 6319601
1331 422 6319604
1329 422 6319607
1327 424 6319610
1330 421 6319613
1328 420 6319616
1304 342 6319619
1334 423 6319622
1327 395 6319625
1298 430 6319628
1345 431 6319631
1325 414 6319634
1322 426 6319637
1332 423 6319640
1328 423 6319643
1330 423 6319646
1330 420 6319649
1328 421 6319652
1330 420 6319655
1337 448 6319658
1324 422 6319661
1334 460 6319664
1343 411 6319667
1317 421 6319670
1334 428 6319673
1328 420 6319676
1327 424 6319679
1331 420 6319682
1327 422 6319685
1325 422 6319688
1328 421 6319691
1330 382 6319694
1027 420 6319697
1328 419 6319700
1317 395 6319703
1318 436 6319706
1339 424 6319709
1323 420 6319712
1328 424 6319715
1329 420 6319718
1327 422 6319721
1331 424 6319724
1330 423 6319727
1328 425 6319730
1324 425 6319733
1350 414 6319736
1330 425 6319739
1345 453 6319742
1329 409 6319745
1320 423 6319748
1334 430 6319751
1327 419 6319754
1327 424 6319757
1327 426 6319760
1329 422 6319763
1326 422 6319766
1330 424 6319769
1368 422 6319772
1313 429 6319775
1325 443 6319778
1321 395 6319781
1322 432 6319784
1336 423 6319787
1323 419 6319790
1332 425 6319793
1330 423 6319796
1323 425 6319799
1328 422 6319802
1330 423 6319805
1327 423 6319808
1298 356 6319811
1332 420 6319814
1329 388 6319817
1308 437 6319820
1347 425 6319823
1321 415 6319826
1329 427 6319829
1329 419 6319832
1327 422 6319835
1328 426 6319838
1325 423 6319841
1328 422 6319844
1329 420 6319847
1312 462 6319850
1328 418 6319853
1329 388 6319856
1327 449 6319859
1337 417 6319862
1317 419 6319865
1334 442 6319868
1329 422 6319871
1326 428 6319874
1329 424 6319877
1330 422 6319880
1327 424 6319883
1328 422 6319886
1302 291 6319889
1329 421 6319892
1327 386 6319895
1309 437 6319898
1342 426 6319901
1323 418 6319904
1330 427 6319907
1330 424 6319910
1328 422 6319913
1330 424 6319916
1327 422 6319919
1327 421 6319922
1329 420 6319925
1331 422 6319928
1316 431 6319931
1329 447 6319934
1331 394 6319937
1318 433 6319940
1338 426 6319943
1322 419 6319946
1330 427 6319949
1327 420 6319952
1328 421 6319955
1330 422 6319958
1327 424 6319961
1327 421 6319964
1329 395 6319967
1366 418 6319970
1325 426 6319973
1309 441 6319976
1348 422 6319979
1316 416 6319982
1330 428 6319985
1332 419 6319988
1325 423 6319991
1330 424 6319994
1326 420 6319997
1327 421 6320001
1328 426 6320004
1331 426 6320007
1335 450 6320010
1319 425 6320013
1338 458 6320016
1337 406 6320019
1313 424 6320022
1337 429 6320025
1327 420 6320028
1327 424 6320031
1330 422 6320034
1330 417 6320037
1328 426 6320039
1327 421 6320042
1327 423 6320045
1329 431 6320048
1339 419 6320051
1327 448 6320054
1354 407 6320057
1310 423 6320060
1334 430 6320063
1329 417 6320066
1326 424 6320069
1331 425 6320072
1327 420 6320075
1331 421 6320078
1327 421 6320081
1323 422 6320084
1329 419 6320087
1334 450 6320090
1323 425 6320093
1343 454 6320096
1323 407 6320099
1321 429 6320102
1336 425 6320105
1323 419 6320108
1324 423 6320111
1327 422 6320114
1328 420 6320117
1326 424 6320120
1329 426 6320123
1330 422 6320126
1324 399 6320129
1355 418 6320132
1328 425 6320135
1342 451 6320138
1338 413 6320141
1319 425 6320144
1333 426 6320147
1326 421 6320150
1327 426 6320153
1327 423 6320156
1326 424 6320159
1325 422 6320162
1330 422 6320165
1330 424 6320168
1313 425 6320171
1321 436 6320174
1324 402 6320177
1299 418 6320180
1339 432 6320183
1330 417 6320186
1328 423 6320189
1331 425 6320192
1326 404 6320195
1330 423 6320198
1330 422 6320201
1325 427 6320204
1339 424 6320207
1330 421 6320210
1319 469 6320213
1320 421 6320216
1330 454 6320219
1347 415 6320222
1316 418 6320225
1331 428 6320228
1327 418 6320231
1327 423 6320234
1331 423 6320237
1327 422 6320240
1329 423 6320243
1326 422 6320246
1325 421 6320249
1331 523 6320252
1329 408 6320255
1337 418 6320258
1316 391 6320261
1317 433 6320264
1341 426 6320267
1323 418 6320270
1329 427 6320273
1330 419 6320276
1326 423 6320279
1328 421 6320282
1326 422 6320285
1332 423 6320288
1328 422 6320291
1324 408 6320294
1374 415 6320297
1331 423 6320300
1352 449 6320303
1327 411 6320306
1322 422 6320309
1332 424 6320312
1325 419 6320315
1328 424 6320318
1327 421 6320321
1328 422 6320324
1326 421 6320327
1329 423 6320330
1327 422 6320333
1295 389 6320336
1323 432 6320339
1326 401 6320342
1298 421 6320345
1340 429 6320348
1325 414 6320351
1327 423 6320354
1332 425 6320357
1326 421 6320360
1330 424 6320363
1330 426 6320366
1328 422 6320369
1326 423 6320372
1328 423 6320375
1333 449 6320378
1322 422 6320381
1345 454 6320384
1324 407 6320387
1324 428 6320390
1334 425 6320393
1327 423 6320396
1329 424 6320399
1330 422 6320402
1327 424 6320405
1328 421 6320408
1327 421 6320411
1327 422 6320414
1329 406 6320417
1298 420 6320420
1326 426 6320423
1313 446 6320426
1348 420 6320429
1318 417 6320432
1330 433 6320435
1329 420 6320438
1328 423 6320441
1329 422 6320444
1326 419 6320447
1328 421 6320450
1327 424 6320453
1328 427 6320456
1286 377 6320459
1333 425 6320462
1326 386 6320465
1311 441 6320468
1345 424 6320471
1322 417 6320474
1327 427 6320477
1330 422 6320480
1325 420 6320483
1329 422 6320486
1329 423 6320489
1327 426 6320492
1328 424 6320495
1330 427 6320498
1460 415 6320501
1334 419 6320504
1304 393 6320507
1328 442 6320510
1338 418 6320513
1320 419 6320516
1331 428 6320519
1330 426 6320522
1327 424 6320525
1329 425 6320528
1328 421 6320531
1324 425 6320534
1325 422 6320537
1289 345 6320540
1330 426 6320543
1326 391 6320546
1303 433 6320549
1348 429 6320552
1324 416 6320555
1324 425 6320558
1331 421 6320561
1330 423 6320564
1328 422 6320567
1327 422 6320570
1329 422 6320573
1328 425 6320576
1326 409 6320579
1336 418 6320582
1326 423 6320585
1304 434 6320588
1346 426 6320591
1322 415 6320594
1329 427 6320597
1328 423 6320600
1328 419 6320603
1329 423 6320606
1330 423 6320609
1325 422 6320612
1328 420 6320615
1329 425 6320618
1334 433 6320621
1325 423 6320624
1341 442 6320627
1319 422 6320630
1323 425 6320633
1333 423 6320636
1329 421 6320639
1329 422 6320642
1325 421 6320645
1327 424 6320648
1330 422 6320651
1329 422 6320654
1326 421 6320657
1317 414 6320660
1333 422 6320663
1327 420 6320666
1324 430 6320669
1325 422 6320672
1328 421 6320675
1326 422 6320678
1329 422 6320681
1329 423 6320684
1327 421 6320687
1326 423 6320690
1330 425 6320693
1332 422 6320696
1263 422 6320699
1326 421 6320702
1328 422 6320705
1333 421 6320708
1325 421 6320711
1330 422 6320714
1332 421 6320717
1326 425 6320720
1327 421 6320723
1328 423 6320726
1329 424 6320729
1328 418 6320732
1330 424 6320735
1329 421 6320738
1333 422 6320741
1327 420 6320744
1338 415 6320747
1329 423 6320750
1328 425 6320753
1328 420 6320756
1329 423 6320759
1330 424 6320762
1329 426 6320765
1329 424 6320768
1328 421 6320771
1329 424 6320774
1327 427 6320777
1337 420 6320780
1328 422 6320783
1323 422 6320786
1329 421 6320789
1329 422 6320792
1330 423 6320795
1326 426 6320798
1331 425 6320801
1328 421 6320804
1330 423 6320807
1329 422 6320810
1327 424 6320813
1329 422 6320816
1331 420 6320819
1325 425 6320822
1328 428 6320825
1336 436 6320828
1337 435 6320831
1334 433 6320834
1313 452 6320837
1249 482 6320840
1194 500 6320843
1178 499 6320846
1177 501 6320849
1179 498 6320852
1179 492 6320855
1173 496 6320858
1174 496 6320861
1177 494 6320864
1179 498 6320867
1181 485 6320870
1177 498 6320873
1178 495 6320876
1177 497 6320879
1182 499 6320882
1177 499 6320885
1177 495 6320888
1180 496 6320891
1182 496 6320894
1181 498 6320897
1179 491 6320900
1180 499 6320903
1180 497 6320906
1178 493 6320909
1177 497 6320912
1180 498 6320915
1180 495 6320918
1177 497 6320921
1178 496 6320924
1181 496 6320927
1179 497 6320930
1281 497 6320933
1181 497 6320936
1181 499 6320939
1180 496 6320942
1177 496 6320945
1179 496 6320948
1179 495 6320951
1178 498 6320954
1179 498 6320957
1178 495 6320960
1177 498 6320963
1180 498 6320966
1179 494 6320969
1186 409 6320972
1180 496 6320975
1178 496 6320978
1177 494 6320981
1180 496 6320984
1176 495 6320987
1178 495 6320990
1179 495 6320993
1179 498 6320996
1177 498 6321000
1178 498 6321003
1176 495 6321006
1179 493 6321009
1187 510 6321012
1179 497 6321015
1178 493 6321018
1180 497 6321021
1181 498 6321024
1180 497 6321027
1182 501 6321030
1184 500 6321032
1182 503 6321035
1182 504 6321038
1185 504 6321041
1187 502 6321044
1184 503 6321047
1191 503 6321050
1186 505 6321053
1179 506 6321056
1191 505 6321059
1186 504 6321062
1190 509 6321065
1189 504 6321068
1188 505 6321071
1189 507 6321074
1188 507 6321077
1186 508 6321080
1190 508 6321083
1189 755 6321086
1190 506 6321089
1190 508 6321092
1192 511 6321095
1189 505 6321098
1188 506 6321101
1188 506 6321104
1190 508 6321107
1189 506 6321110
1189 505 6321113
1189 507 6321116
1190 506 6321119
1189 507 6321122
1188 325 6321125
1189 513 6321128
1191 506 6321131
1189 510 6321134
1189 503 6321137
1187 505 6321140
1194 505 6321143
1186 506 6321146
1188 505 6321149
1190 506 6321152
1187 507 6321155
1187 508 6321158
1188 504 6321161
1188 51 6321164
1189 508 6321167
1185 503 6321170
1188 507 6321173
1189 505 6321176
1182 503 6321179
1188 505 6321182
1188 507 6321185
1186 505 6321188
1185 503 6321191
1187 504 6321194
1184 506 6321197
1183 501 6321200
1184 500 6321203
1187 512 6321206
1185 505 6321209
1184 501 6321212
1187 508 6321215
1187 503 6321218
1183 504 6321221
1184 503 6321224
1184 502 6321227
1185 502 6321230
1185 502 6321233
1184 501 6321236
1183 504 6321239
1187 502 6321242
1199 695 6321245
1185 504 6321248
1183 501 6321251
1182 502 6321254
1184 504 6321257
1184 501 6321260
1182 499 6321263
1182 502 6321266
1183 499 6321269
1184 500 6321272
1184 503 6321275
1181 502 6321278
1184 503 6321281
1184 503 6321284
1187 505 6321287
1184 501 6321290
1187 502 6321293
1182 501 6321296
1181 501 6321299
1184 497 6321302
1184 501 6321305
1184 502 6321308
1181 500 6321311
1183 500 6321314
1182 500 6321317
1181 500 6321320
1182 500 6321323
1059 502 6321326
1182 502 6321329
1183 496 6321332
1179 499 6321335
1182 503 6321338
1184 500 6321341
1179 496 6321344
1182 501 6321347
1184 499 6321350
1181 501 6321353
1181 499 6321356
1182 498 6321359
1183 498 6321362
1182 392 6321365
1180 499 6321368
1180 497 6321371
1180 500 6321374
1183 499 6321377
1181 500 6321380
1183 501 6321383
1182 501 6321386
1180 504 6321389
1181 497 6321392
1181 498 6321395
1182 497 6321398
1181 498 6321401
1182 507 6321404
1165 497 6321407
1179 497 6321410
1177 499 6321413
1185 501 6321416
1177 500 6321419
1183 499 6321422
1183 495 6321425
1182 499 6321428
1180 498 6321431
1179 496 6321434
1182 501 6321437
1181 498 6321440
1178 498 6321443
1178 535 6321446
1181 498 6321449
1183 495 6321452
1180 498 6321455
1182 497 6321458
1180 497 6321461
1180 496 6321464
1179 496 6321467
1181 497 6321470
1182 497 6321473
1179 495 6321476
1180 497 6321479
1180 498 6321482
1182 512 6321485
1314 500 6321488
1180 497 6321491
1177 493 6321494
1178 498 6321497
1180 495 6321500
1180 495 6321503
1182 495 6321506
1176 494 6321509
1178 499 6321512
1183 498 6321515
1180 500 6321518
1181 499 6321521
1180 500 6321524
1125 1446 6321527
1179 496 6321530
1179 499 6321533
1169 495 6321536
1180 499 6321539
1180 498 6321542
1177 495 6321545
1179 500 6321548
1182 500 6321551
1180 498 6321554
1180 496 6321557
1180 498 6321560
1179 497 6321563
1180 182 6321566
1181 502 6321569
1180 498 6321572
1181 498 6321575
1182 495 6321578
1181 498 6321581
1178 499 6321584
1180 498 6321587
1180 497 6321590
1178 498 6321593
1180 495 6321596
1177 492 6321599
1179 498 6321602
1178 497 6321605
1178 496 6321608
1168 501 6321611
1181 494 6321614
1180 496 6321617
1181 498 6321620
1178 495 6321623
1179 496 6321626
1180 496 6321629
1179 497 6321632
1178 495 6321635
1180 496 6321638
1177 498 6321641
1179 499 6321644
1178 497 6321647
1186 489 6321650
1178 498 6321653
1175 495 6321656
1181 498 6321659
1179 500 6321662
1180 497 6321665
1180 496 6321668
1180 497 6321671
1177 495 6321674
1179 497 6321677
1179 499 6321680
1181 501 6321683
1179 498 6321686
1181 492 6321689
1304 498 6321692
1178 496 6321695
1175 494 6321698
1179 500 6321701
1181 500 6321704
1177 493 6321707
1180 496 6321710
1178 497 6321713
1180 496 6321716
1178 495 6321719
1178 494 6321722
1183 496 6321725
1178 492 6321728
1196 657 6321731
1180 494 6321734
1180 494 6321737
1176 497 6321740
1180 498 6321743
1178 495 6321746
1178 497 6321749
1178 497 6321752
1181 495 6321755
1180 495 6321758
1179 497 6321761
1178 497 6321764
1179 495 6321767
1180 487 6321770
1282 495 6321773
1179 495 6321776
1181 491 6321779
1178 497 6321782
1178 497 6321785
1178 492 6321788
1178 498 6321791
1178 496 6321794
1179 493 6321797
1180 497 6321800
1181 496 6321803
1178 495 6321806
1179 493 6321809
1182 672 6321812
1181 499 6321815
1179 493 6321818
1176 497 6321821
1181 499 6321824
1178 494 6321827
1180 500 6321830
1181 497 6321833
1177 497 6321836
1177 492 6321839
1183 494 6321842
1180 497 6321845
1179 497 6321848
1182 481 6321851
1169 497 6321854
1179 497 6321857
1175 495 6321860
1168 497 6321863
1179 495 6321866
1181 498 6321869
1178 495 6321872
1176 498 6321875
1179 497 6321878
1179 497 6321881
1179 496 6321884
1180 495 6321887
1179 496 6321890
1180 501 6321893
1177 497 6321896
1177 499 6321899
1181 496 6321902
1177 495 6321905
1179 496 6321908
1180 495 6321911
1177 497 6321914
1180 496 6321917
1179 493 6321920
1178 496 6321923
1179 495 6321926
1180 495 6321929
1183 807 6321932
1180 497 6321935
1178 496 6321938
1177 494 6321941
1180 501 6321944
1179 499 6321947
1178 496 6321950
1178 496 6321953
1177 499 6321956
1178 495 6321959
1178 498 6321962
1177 498 6321965
1180 499 6321968
1177 492 6321971
1188 497 6321974
1177 494 6321977
1178 501 6321980
1179 498 6321983
1179 496 6321986
1179 497 6321989
1178 493 6321992
1177 497 6321995
1180 497 6321999
1178 494 6322002
1180 497 6322005
1181 497 6322008
1181 494 6322011
1137 496 6322014
1179 497 6322017
1180 494 6322020
1177 494 6322023
1179 493 6322026
1179 496 6322029
1175 496 6322031
1179 496 6322034
1178 499 6322037
1178 495 6322040
1181 498 6322043
1177 496 6322046
1176 377 6322049
1180 503 6322052
1179 495 6322055
1180 498 6322058
1179 498 6322061
1180 498 6322064
1178 497 6322067
1180 495 6322070
1176 496 6322073
1179 497 6322076
1178 497 6322079
1181 496 6322082
1180 496 6322085
1177 496 6322088
1183 482 6322091
1181 495 6322094
1180 496 6322097
1181 499 6322100
1180 494 6322103
1179 496 6322106
1177 495 6322109
1178 495 6322112
1180 497 6322115
1179 499 6322118
1177 494 6322121
1179 496 6322124
1180 496 6322127
1200 625 6322130
1178 495 6322133
1180 493 6322136
1176 495 6322139
1177 494 6322142
1179 493 6322145
1179 499 6322148
1177 492 6322151
1177 494 6322154
1179 497 6322157
1179 495 6322160
1179 499 6322163
1179 496 6322166
1176 0 6322169
1179 496 6322172
1176 497 6322175
1177 498 6322178
1178 498 6322181
1179 495 6322184
1174 497 6322187
1178 498 6322190
1180 497 6322193
1178 496 6322196
1179 495 6322199
1179 498 6322202
1178 496 6322205
1311 495 6322208
1178 495 6322211
1180 498 6322214
1182 497 6322217
1175 496 6322220
1180 497 6322223
1182 496 6322226
1180 496 6322229
1177 496 6322232
1180 493 6322235
1178 497 6322238
1178 496 6322241
1178 496 6322244
1180 492 6322247
1171 496 6322250
1179 492 6322253
1182 500 6322256
1181 495 6322259
1177 497 6322262
1181 496 6322265
1179 494 6322268
1178 496 6322271
1178 492 6322274
1181 496 6322277
1179 496 6322280
1180 496 6322283
1176 495 6322286
1167 496 6322289
1178 496 6322292
1177 497 6322295
1182 497 6322298
1180 495 6322301
1178 495 6322304
1178 493 6322307
1177 496 6322310
1178 496 6322313
1179 496 6322316
1177 498 6322319
1178 497 6322322
1182 497 6322325
1195 498 6322328
1178 497 6322331
1174 492 6322334
1179 497 6322337
1177 497 6322340
1176 495 6322343
1180 497 6322346
1177 499 6322349
1176 495 6322352
1179 499 6322355
1180 497 6322358
1179 497 6322361
1182 519 6322364
1337 490 6322367
1179 498 6322370
1179 493 6322373
1176 495 6322376
1183 497 6322379
1181 497 6322382
1176 495 6322385
1178 496 6322388
1180 498 6322391
1179 497 6322394
1180 496 6322397
1179 497 6322400
1179 418 6322403
1181 498 6322406
1179 494 6322409
1182 501 6322412
1180 494 6322415
1176 493 6322418
1179 495 6322421
1180 496 6322424
1180 498 6322427
1179 502 6322430
1179 496 6322433
1178 497 6322436
1179 494 6322439
1178 494 6322442
1172 498 6322445
1180 495 6322448
1176 491 6322451
1177 499 6322454
1181 495 6322457
1177 497 6322460
1179 499 6322463
1179 494 6322466
1175 495 6322469
1179 496 6322472
1179 494 6322475
1179 496 6322478
1180 495 6322481
1149 0 6322484
1180 495 6322487
1182 500 6322490
1180 497 6322493
1175 496 6322496
1180 495 6322499
1178 498 6322502
1178 499 6322505
1179 495 6322508
1179 497 6322511
1179 496 6322514
1182 495 6322517
1179 496 6322520
1181 502 6322523
1179 495 6322526
1179 492 6322529
1179 496 6322532
1180 496 6322535
1179 493 6322538
1178 494 6322541
1180 497 6322544
1179 495 6322547
1177 495 6322550
1178 500 6322553
1180 496 6322556
1178 494 6322559
1179 535 6322562
1177 499 6322565
1177 496 6322568
1180 497 6322571
1176 495 6322574
1178 494 6322577
1178 494 6322580
1177 497 6322583
1179 498 6322586
1181 496 6322589
1178 498 6322592
1179 498 6322595
1180 495 6322598
1180 494 6322601
1261 529 6322604
1179 495 6322607
1179 498 6322610
1179 496 6322613
1176 496 6322616
1181 497 6322619
1177 497 6322622
1176 496 6322625
1178 497 6322628
1178 494 6322631
1179 495 6322634
1180 496 6322637
1179 495 6322640
1180 650 6322643
1180 499 6322646
1177 493 6322649
1183 498 6322652
1178 496 6322655
1177 498 6322658
1182 495 6322661
1177 495 6322664
1180 497 6322667
1178 494 6322670
1179 497 6322673
1179 498 6322676
1180 493 6322679
1176 494 6322682
1178 496 6322685
1174 495 6322688
1180 496 6322691
1177 503 6322694
1178 495 6322697
1177 494 6322700
1179 496 6322703
1174 497 6322706
1178 495 6322709
1180 499 6322712
1178 501 6322715
1178 497 6322718
1178 494 6322721
1175 497 6322724
1177 500 6322727
1172 493 6322730
1179 498 6322733
1180 498 6322736
1177 494 6322739
1181 496 6322742
1179 498 6322745
1176 495 6322748
1181 496 6322751
1178 495 6322754
1180 497 6322757
1178 497 6322760
1180 494 6322763
1179 499 6322766
1000 498 6322769
1183 495 6322772
1180 500 6322775
1181 497 6322778
1177 494 6322781
1180 496 6322784
1182 496 6322787
1178 499 6322790
1180 496 6322793
1179 494 6322796
1178 497 6322799
1179 496 6322802
1178 496 6322805
1179 494 6322808
1176 498 6322811
1199 492 6322814
1177 493 6322817
1181 499 6322820
1179 497 6322823
1177 500 6322826
1180 498 6322829
1178 491 6322832
1177 494 6322835
1178 495 6322838
1182 496 6322841
1185 496 6322844
1180 494 6322847
1179 497 6322850
1180 501 6322853
1184 505 6322856
1178 497 6322859
1182 494 6322862
1168 495 6322865
1177 494 6322868
1177 494 6322871
1178 496 6322874
1178 496 6322877
1178 494 6322880
1179 495 6322883
1179 496 6322886
1179 497 6322889
1177 494 6322892
1180 495 6322895
1179 505 6322898
1170 495 6322901
1178 493 6322904
1182 498 6322907
1181 496 6322910
1182 496 6322913
1180 497 6322916
1181 497 6322919
1180 496 6322922
1180 497 6322925
1181 495 6322928
1180 498 6322931
1178 493 6322934
1179 493 6322937
1181 499 6322940
1089 1516 6322943
1177 497 6322946
1181 497 6322949
1178 497 6322952
1181 497 6322955
1177 498 6322958
1181 494 6322961
1177 495 6322964
1176 494 6322967
1179 496 6322970
1177 495 6322973
1179 496 6322976
1174 496 6322979
1178 494 6322982
1181 497 6322985
1171 643 6322988
1176 497 6322991
1179 493 6322994
1177 494 6322997
1179 496 6323001
1176 494 6323004
1180 495 6323007
1179 500 6323010
1177 497 6323013
1180 496 6323016
1178 491 6323019
1177 496 6323022
1179 495 6323025
1181 494 6323028
1176 496 6323031
1714 493 6323033
1181 496 6323036
1181 500 6323039
1174 491 6323042
1177 498 6323045
1180 500 6323048
1180 499 6323051
1175 496 6323054
1180 496 6323057
1181 498 6323060
1180 496 6323063
1178 495 6323066
1181 498 6323069
1179 495 6323072
1177 496 6323075
1177 518 6323078
1111 495 6323081
1178 492 6323084
1180 499 6323087
1177 496 6323090
1179 495 6323093
1181 495 6323096
1176 496 6323099
1179 498 6323102
1181 490 6323105
1179 499 6323108
1177 496 6323111
1180 494 6323114
1177 495 6323117
1178 496 6323120
1180 495 6323123
1185 498 6323126
1179 496 6323129
1180 500 6323132
1179 495 6323135
1177 496 6323138
1179 498 6323141
1178 497 6323144
1179 495 6323147
1177 495 6323150
1177 494 6323153
1178 492 6323156
1178 500 6323159
1180 497 6323162
1178 495 6323165
1180 496 6323168
1186 495 6323171
1190 496 6323174
1180 500 6323177
1182 491 6323180
1178 496 6323183
1179 495 6323186
1179 497 6323189
1174 497 6323192
1180 497 6323195
1176 496 6323198
1179 496 6323201
1179 497 6323204
1178 497 6323207
1176 496 6323210
1181 494 6323213
1176 495 6323216
1186 537 6323219
1179 496 6323222
1180 497 6323225
1182 496 6323228
1177 496 6323231
1180 497 6323234
1180 493 6323237
1177 496 6323240
1178 496 6323243
1178 494 6323246
1179 497 6323249
1181 497 6323252
1179 494 6323255
1179 496 6323258
1181 496 6323261
1179 472 6323264
1212 495 6323267
1180 490 6323270
1178 500 6323273
1183 496 6323276
1178 494 6323279
1180 499 6323282
1176 494 6323285
1178 495 6323288
1182 498 6323291
1179 497 6323294
1177 493 6323297
1178 495 6323300
1178 497 6323303
1180 499 6323306
1179 495 6323309
1186 597 6323312
1182 497 6323315
1178 491 6323318
1180 497 6323321
1181 496 6323324
1178 496 6323327
1177 494 6323330
1180 498 6323333
1180 499 6323336
1176 495 6323339
1181 498 6323342
1180 498 6323345
1178 497 6323348
1177 495 6323351
1177 495 6323354
1179 480 6323357
1272 497 6323360
1177 496 6323363
1176 497 6323366
1182 497 6323369
1179 496 6323372
1177 496 6323375
1177 496 6323378
1179 496 6323381
1178 494 6323384
1177 495 6323387
1180 496 6323390
1178 496 6323393
1179 495 6323396
1179 496 6323399
1182 498 6323402
1187 559 6323405
1177 496 6323408
1178 492 6323411
1180 498 6323414
1178 492 6323417
1177 498 6323420
1181 497 6323423
1181 496 6323426
1177 494 6323429
1180 498 6323432
1180 498 6323435
1180 496 6323438
1178 497 6323441
1184 495 6323444
1180 496 6323447
1176 504 6323450
1187 497 6323453
1177 495 6323456
1183 498 6323459
1178 495 6323462
1179 497 6323465
1181 495 6323468
1179 495 6323471
1179 499 6323474
1180 496 6323477
1179 494 6323480
1177 493 6323483
1177 499 6323486
1178 496 6323489
1180 496 6323492
1177 647 6323495
1175 502 6323498
1179 497 6323501
1180 495 6323504
1177 499 6323507
1182 495 6323510
1178 496 6323513
1177 496 6323516
1183 493 6323519
1178 493 6323522
1181 499 6323525
1178 494 6323528
1181 497 6323531
1179 494 6323534
1177 496 6323537
1176 495 6323540
1177 497 6323543
1176 494 6323546
1182 498 6323549
1178 493 6323552
1179 496 6323555
1179 497 6323558
1175 494 6323561
1180 497 6323564
1179 497 6323567
1179 497 6323570
1178 495 6323573
1176 495 6323576
1177 498 6323579
1179 495 6323582
1180 496 6323585
1187 490 6323588
1181 497 6323591
1178 497 6323594
1180 496 6323597
1178 496 6323600
1178 499 6323603
1179 497 6323606
1179 495 6323609
1179 494 6323612
1179 494 6323615
1180 497 6323618
1179 496 6323621
1179 497 6323624
1176 494 6323627
1180 496 6323630
1180 489 6323633
1179 498 6323636
1181 499 6323639
1179 491 6323642
1178 497 6323645
1180 497 6323648
1179 494 6323651
1181 495 6323654
1180 496 6323657
1178 493 6323660
1179 496 6323663
1179 496 6323666
1178 498 6323669
1179 497 6323672
1177 560 6323675
1514 497 6323678
1178 496 6323681
1174 492 6323684
1176 496 6323687
1180 494 6323690
1175 494 6323693
1180 498 6323696
1179 499 6323699
1179 498 6323702
1179 494 6323705
1176 496 6323708
1179 496 6323711
1176 493 6323714
1178 499 6323717
1182 506 6323720
1183 497 6323723
1178 496 6323726
1180 499 6323729
1179 495 6323732
1179 499 6323735
1180 496 6323738
1176 496 6323741
1178 498 6323744
1179 496 6323747
1177 495 6323750
1182 498 6323753
1181 495 6323756
1178 496 6323759
1181 497 6323762
1168 563 6323765
1177 497 6323768
1179 495 6323771
1179 498 6323774
1181 498 6323777
1177 497 6323780
1177 494 6323783
1179 495 6323786
1179 495 6323789
1178 496 6323792
1181 496 6323795
1180 498 6323798
1178 496 6323801
1178 496 6323804
1179 577 6323807
715 497 6323810
1176 492 6323813
1175 491 6323816
1177 497 6323819
1179 496 6323822
1171 492 6323825
1179 497 6323828
1180 497 6323831
1179 500 6323834
1180 496 6323837
1179 495 6323840
1178 497 6323843
1170 494 6323846
1176 494 6323849
1181 0 6323852
1179 507 6323855
1178 494 6323858
1177 496 6323861
1181 497 6323864
1179 496 6323867
1179 497 6323870
1179 498 6323873
1177 495 6323876
1177 493 6323879
1179 496 6323882
1179 496 6323885
1179 497 6323888
1179 498 6323891
1177 526 6323894
843 497 6323897
1178 498 6323900
1177 493 6323903
1178 494 6323906
1179 495 6323909
1176 495 6323912
1179 496 6323915
1178 497 6323918
1179 498 6323921
1177 495 6323924
1179 497 6323927
1180 496 6323930
1175 496 6323933
1176 496 6323936
1178 470 6323939
1177 495 6323942
1178 491 6323945
1176 493 6323948
1178 496 6323951
1179 498 6323954
1177 494 6323957
1178 494 6323960
1179 493 6323963
1179 496 6323966
1181 495 6323969
1179 494 6323972
1179 496 6323975
1178 494 6323978
1178 486 6323981
1203 493 6323984
1180 496 6323987
1173 493 6323990
1181 500 6323993
1180 496 6323996
1179 498 6324000
1180 495 6324003
1182 497 6324006
1177 496 6324009
1179 494 6324012
1180 496 6324015
1177 497 6324018
1178 496 6324021
1180 491 6324024
1196 602 6324027
1179 495 6324030
1181 493 6324033
1180 499 6324036
1181 495 6324038
1178 496 6324041
1178 490 6324044
1179 495 6324047
1176 496 6324050
1178 497 6324053
1183 499 6324056
1177 493 6324059
1177 493 6324062
1177 498 6324065
1178 490 6324068
1151 495 6324071
1180 497 6324074
1177 493 6324077
1178 497 6324080
1179 496 6324083
1177 497 6324086
1180 496 6324089
1177 496 6324092
1178 499 6324095
1180 496 6324098
1175 492 6324101
1178 497 6324104
1176 496 6324107
1180 496 6324110
1097 277 6324113
1178 498 6324116
1180 496 6324119
1174 494 6324122
1178 498 6324125
1178 496 6324128
1181 498 6324131
1177 495 6324134
1180 497 6324137
1177 496 6324140
1178 495 6324143
1178 499 6324146
1178 498 6324149
1178 496 6324152
1177 0 6324155
1177 501 6324158
1179 495 6324161
1183 498 6324164
1176 496 6324167
1180 497 6324170
1184 494 6324173
1178 496 6324176
1178 496 6324179
1178 508 6324182
1180 498 6324185
1180 493 6324188
1179 494 6324191
1176 499 6324194
1179 497 6324197
1177 502 6324200
1169 497 6324203
1177 495 6324206
1181 495 6324209
1177 494 6324212
1177 497 6324215
1180 496 6324218
1179 494 6324221
1179 498 6324224
1176 498 6324227
1179 495 6324230
1176 493 6324233
1178 496 6324236
1177 496 6324239
1179 494 6324242
1100 0 6324245
1178 498 6324248
1181 494 6324251
1177 495 6324254
1181 498 6324257
1178 495 6324260
1181 496 6324263
1177 495 6324266
1178 497 6324269
1177 496 6324272
1179 497 6324275
1181 498 6324278
1179 494 6324281
1179 496 6324284
1178 495 6324287
1183 449 6324290
1181 499 6324293
1178 499 6324296
1177 495 6324299
1178 495 6324302
1178 495 6324305
1177 494 6324308
1177 497 6324311
1180 496 6324314
1180 498 6324317
1178 494 6324320
1178 495 6324323
1180 496 6324326
1180 496 6324329
1175 494 6324332
1183 487 6324335
1177 494 6324338
1183 493 6324341
1176 494 6324344
1181 498 6324347
1181 496 6324350
1175 495 6324353
1180 496 6324356
1179 495 6324359
1180 496 6324362
1179 494 6324365
1179 494 6324368
1178 493 6324371
1177 494 6324374
1178 331 6324377
1179 496 6324380
1181 496 6324383
1179 494 6324386
1178 496 6324389
1179 493 6324392
1180 493 6324395
1175 497 6324398
1183 496 6324401
1178 493 6324404
1179 496 6324407
1177 498 6324410
1178 494 6324413
1178 496 6324416
1177 495 6324419
1177 836 6324422
1177 497 6324425
1178 495 6324428
1179 493 6324431
1177 495 6324434
1178 496 6324437
1179 495 6324440
1179 500 6324443
1181 494 6324446
1179 497 6324449
1177 494 6324452
1178 495 6324455
1174 496 6324458
1181 499 6324461
1176 496 6324464
1180 497 6324467
1175 505 6324470
1180 495 6324473
1182 497 6324476
1177 494 6324479
1179 496 6324482
1178 493 6324485
1176 493 6324488
1178 498 6324491
1179 497 6324494
1176 494 6324497
1181 497 6324500
1178 496 6324503
1179 494 6324506
1179 500 6324509
1180 497 6324512
1175 442 6324515
1180 493 6324518
1176 497 6324521
1181 498 6324524
1178 496 6324527
1177 499 6324530
1180 496 6324533
1177 497 6324536
1178 496 6324539
1178 497 6324542
1179 496 6324545
1177 497 6324548
1176 497 6324551
1176 497 6324554
1177 497 6324557
1142 1394 6324560
1179 494 6324563
1180 493 6324566
1174 495 6324569
1180 496 6324572
1179 498 6324575
1180 496 6324578
1178 499 6324581
1176 495 6324584
1178 495 6324587
1176 497 6324590
1180 498 6324593
1176 494 6324596
1181 497 6324599
1176 494 6324602
1180 487 6324605
1183 494 6324608
1179 498 6324611
1181 498 6324614
1178 494 6324617
1179 499 6324620
1178 495 6324623
1176 494 6324626
1176 496 6324629
1180 498 6324632
1178 494 6324635
1177 493 6324638
1177 497 6324641
1179 499 6324644
1177 494 6324647
1177 463 6324650
1222 496 6324653
1179 495 6324656
1177 493 6324659
1177 497 6324662
1180 495 6324665
1176 494 6324668
1179 495 6324671
1178 498 6324674
1179 495 6324677
1181 497 6324680
1177 496 6324683
1180 495 6324686
1179 497 6324689
1179 496 6324692
1178 496 6324695
1182 532 6324698
1177 495 6324701
1176 498 6324704
1182 497 6324707
1179 497 6324710
1184 495 6324713
1178 494 6324716
1177 494 6324719
1178 498 6324722
1179 494 6324725
1177 494 6324728
1184 495 6324731
1178 494 6324734
1181 493 6324737
1178 498 6324740
994 495 6324743
1182 495 6324746
1179 494 6324749
1173 495 6324752
1176 496 6324755
1180 494 6324758
1177 495 6324761
1181 496 6324764
1178 493 6324767
1179 496 6324770
1179 498 6324773
1175 497 6324776
1181 495 6324779
1178 496 6324782
1181 498 6324785
1178 489 6324788
1190 496 6324791
1175 496 6324794
1181 499 6324797
1178 495 6324800
1177 499 6324803
1182 500 6324806
1177 495 6324809
1178 497 6324812
1177 497 6324815
1179 496 6324818
1178 496 6324821
1178 499 6324824
1174 493 6324827
1180 497 6324830
1178 590 6324833
1618 486 6324836
1178 499 6324839
1177 494 6324842
1180 498 6324845
1182 495 6324848
1178 496 6324851
1179 498 6324854
1182 496 6324857
1176 494 6324860
1181 497 6324863
1179 495 6324866
1178 494 6324869
1178 497 6324872
1178 495 6324875
1179 499 6324878
1183 483 6324881
1177 497 6324884
1181 497 6324887
1179 496 6324890
1178 497 6324893
1182 498 6324896
1177 494 6324899
1177 496 6324902
1179 496 6324905
1180 496 6324908
1180 497 6324911
1179 496 6324914
1178 498 6324917
1176 496 6324920
1178 502 6324923
1165 494 6324926
1181 498 6324929
1178 498 6324932
1178 495 6324935
1177 498 6324938
1178 495 6324941
1179 497 6324944
1178 494 6324947
1179 496 6324950
1177 496 6324953
1182 499 6324956
1177 495 6324959
1179 496 6324962
1180 495 6324965
1175 490 6324968
1178 496 6324971
1182 498 6324974
1178 497 6324977
1177 494 6324980
1178 496 6324983
1179 498 6324986
1181 497 6324989
1177 494 6324992
1179 496 6324995
1178 496 6324999
1180 495 6325002
1177 494 6325005
1180 498 6325008
1145 494 6325011
1176 492 6325014
1181 498 6325017
1177 490 6325020
1180 497 6325023
1179 493 6325026
1179 494 6325029
1178 495 6325032
1179 495 6325035
1180 497 6325038
1178 496 6325040
1178 496 6325043
1179 497 6325046
1177 498 6325049
1178 486 6325052
1178 496 6325055
1180 496 6325058
1181 497 6325061
1179 494 6325064
1178 494 6325067
1182 495 6325070
1179 496 6325073
1178 497 6325076
1180 497 6325079
1178 495 6325082
1181 496 6325085
1179 496 6325088
1179 495 6325091
1177 475 6325094
1190 495 6325097
1179 497 6325100
1176 493 6325103
1180 500 6325106
1176 496 6325109
1181 498 6325112
1180 496 6325115
1178 497 6325118
1179 496 6325121
1178 496 6325124
1177 495 6325127
1178 497 6325130
1178 495 6325133
1180 488 6325136
1172 497 6325139
1177 494 6325142
1176 494 6325145
1180 494 6325148
1177 495 6325151
1175 494 6325154
1180 497 6325157
1176 495 6325160
1180 502 6325163
1175 497 6325166
1179 496 6325169
1179 497 6325172
1174 496 6325175
1178 522 6325178
1085 494 6325181
1178 510 6325184
1175 496 6325187
1180 498 6325190
1176 494 6325193
1179 496 6325196
1178 497 6325199
1180 494 6325202
1176 497 6325205
1177 496 6325208
1179 499 6325211
1179 497 6325214
1179 496 6325217
1178 490 6325220
1142 494 6325223
1177 492 6325226
1180 500 6325229
1180 496 6325232
1178 494 6325235
1177 500 6325238
1179 496 6325241
1178 497 6325244
1179 495 6325247
1175 495 6325250
1180 496 6325253
1179 494 6325256
1178 495 6325259
1179 494 6325262
1194 496 6325265
1179 491 6325268
1178 500 6325271
1181 496 6325274
1178 493 6325277
1175 496 6325280
1178 494 6325283
1177 495 6325286
1178 497 6325289
1174 497 6325292
1178 496 6325295
1177 493 6325298
1178 494 6325301
1179 500 6325304
1204 496 6325307
1179 493 6325310
1176 497 6325313
1179 493 6325316
1177 498 6325319
1179 497 6325322
1177 494 6325325
1181 498 6325328
1179 495 6325331
1179 496 6325334
1177 495 6325337
1181 495 6325340
1179 496 6325343
1179 511 6325346
1280 498 6325349
1181 495 6325352
1176 498 6325355
1176 494 6325358
1181 496 6325361
1180 495 6325364
1179 494 6325367
1178 498 6325370
1179 498 6325373
1179 496 6325376
1177 496 6325379
1181 496 6325382
1179 496 6325385
1178 443 6325388
1178 492 6325391
1180 497 6325394
1178 491 6325397
1177 496 6325400
1179 497 6325403
1179 496 6325406
1178 498 6325409
1179 494 6325412
1179 497 6325415
1179 494 6325418
1181 495 6325421
1177 494 6325424
1177 496 6325427
1176 495 6325430
1182 524 6325433
1179 497 6325436
1175 497 6325439
1181 498 6325442
1179 493 6325445
1178 497 6325448
1179 495 6325451
1180 496 6325454
1176 494 6325457
1176 495 6325460
1176 494 6325463
1179 494 6325466
1179 497 6325469
1179 498 6325472
1180 495 6325475
1177 493 6325478
1180 508 6325481
1177 486 6325484
1196 496 6325487
1182 492 6325490
1176 496 6325493
1179 498 6325496
1181 495 6325499
1181 498 6325502
1178 499 6325505
1181 496 6325508
1177 507 6325511
1180 498 6325514
1180 497 6325517
1179 488 6325520
1176 495 6325523
1198 493 6325526
1164 489 6325529
1183 500 6325532
1180 495 6325535
1175 497 6325538
1184 499 6325541
1176 494 6325544
1179 498 6325547
1180 496 6325550
1179 498 6325553
1177 496 6325556
1179 495 6325559
1177 473 6325562
1202 497 6325565
1178 493 6325568
1177 510 6325571
1177 484 6325574
1174 497 6325577
1182 496 6325580
1176 493 6325583
1179 498 6325586
1177 494 6325589
1179 496 6325592
1178 494 6325595
1179 495 6325598
1177 499 6325601
1180 497 6325604
1179 501 6325607
1179 493 6325610
1177 478 6325613
1165 505 6325616
1183 500 6325619
1174 490 6325622
1178 499 6325625
1181 495 6325628
1180 494 6325631
1179 498 6325634
1179 498 6325637
1179 496 6325640
1179 494 6325643
1177 497 6325646
1179 496 6325649
1161 598 6325652
1179 495 6325655
1179 496 6325658
1178 506 6325661
1179 491 6325664
1176 500 6325667
1181 496 6325670
1177 497 6325673
1178 495 6325676
1179 493 6325679
1180 496 6325682
1181 499 6325685
1176 495 6325688
1179 494 6325691
1179 496 6325694
1236 672 6325697
1180 493 6325700
1178 529 6325703
1177 507 6325706
1180 487 6325709
1178 499 6325712
1183 495 6325715
1179 494 6325718
1177 497 6325721
1181 495 6325724
1177 492 6325727
1177 497 6325730
1176 495 6325733
1177 497 6325736
1181 496 6325739
1178 500 6325742
1177 497 6325745
1177 474 6325748
1167 500 6325751
1180 502 6325754
1176 491 6325757
1177 498 6325760
1179 497 6325763
1177 497 6325766
1177 496 6325769
1179 497 6325772
1180 497 6325775
1179 499 6325778
1178 496 6325781
1181 497 6325784
1178 481 6325787
1202 496 6325790
1176 512 6325793
1188 482 6325796
1172 503 6325799
1185 500 6325802
1179 494 6325805
1174 496 6325808
1181 495 6325811
1179 497 6325814
1182 494 6325817
1177 494 6325820
1178 495 6325823
1175 496 6325826
1184 497 6325829
1180 595 6325832
1238 499 6325835
1178 493 6325838
1178 489 6325841
1189 498 6325844
1171 495 6325847
1174 500 6325850
1179 491 6325853
1177 495 6325856
1178 495 6325859
1178 494 6325862
1178 496 6325865
1179 501 6325868
1180 495 6325871
1176 495 6325874
1179 496 6325877
1156 492 6325880
1179 496 6325883
1186 511 6325886
1170 488 6325889
1181 498 6325892
1182 494 6325895
1177 499 6325898
1180 498 6325901
1181 496 6325904
1179 495 6325907
1178 496 6325910
1179 496 6325913
1180 496 6325916
1175 497 6325919
1181 498 6325922
1176 499 6325925
1187 494 6325928
1179 476 6325931
1167 500 6325934
1181 504 6325937
1178 491 6325940
1178 496 6325943
1181 493 6325946
1178 497 6325949
1176 493 6325952
1180 499 6325955
1179 496 6325958
1179 495 6325961
1179 497 6325964
1180 496 6325967
1181 512 6325970
1161 492 6325973
1178 497 6325976
1169 511 6325979
1187 488 6325982
1172 493 6325985
1184 500 6325988
1179 493 6325991
1178 499 6325994
1179 496 6325997
1182 493 6326001
1179 496 6326004
1179 493 6326007
1176 498 6326010
1182 498 6326013
1179 494 6326016
1169 502 6326019
1177 495 6326022
1190 481 6326025
1166 502 6326028
1182 500 6326031
1176 491 6326034
1179 493 6326037
1181 496 6326040
1180 497 6326043
1177 493 6326046
1179 496 6326049
1177 498 6326051
1180 495 6326054
1181 494 6326057
1179 496 6326060
1176 537 6326063
1177 492 6326066
1177 493 6326069
1186 506 6326072
1173 491 6326075
1181 499 6326078
1184 497 6326081
1176 495 6326084
1179 497 6326087
1178 493 6326090
1181 496 6326093
1179 497 6326096
1177 496 6326099
1179 498 6326102
1179 494 6326105
1179 499 6326108
1171 498 6326111
1181 487 6326114
1162 505 6326117
1179 503 6326120
1178 490 6326123
1177 497 6326126
1182 499 6326129
1176 495 6326132
1178 496 6326135
1177 494 6326138
1179 497 6326141
1179 497 6326144
1180 496 6326147
1179 496 6326150
1181 478 6326153
1184 495 6326156
1179 506 6326159
1188 488 6326162
1172 503 6326165
1186 500 6326168
1177 492 6326171
1177 496 6326174
1181 496 6326177
1180 496 6326180
1176 493 6326183
1180 496 6326186
1180 495 6326189
1179 498 6326192
1178 498 6326195
1178 476 6326198
1179 497 6326201
1180 505 6326204
1197 489 6326207
1166 497 6326210
1181 501 6326213
1177 493 6326216
1178 497 6326219
1178 498 6326222
1180 495 6326225
1178 496 6326228
1180 498 6326231
1178 497 6326234
1175 494 6326237
1179 496 6326240
1179 483 6326243
1168 495 6326246
1176 505 6326249
1190 485 6326252
1167 496 6326255
1182 499 6326258
1177 493 6326261
1178 499 6326264
1181 498 6326267
1177 494 6326270
1178 499 6326273
1179 497 6326276
1180 496 6326279
1176 494 6326282
1178 498 6326285
1178 501 6326288
1178 495 6326291
1175 490 6326294
1164 498 6326297
1178 503 6326300
1179 491 6326303
1175 497 6326306
1181 496 6326309
1178 495 6326312
1176 498 6326315
1180 496 6326318
1175 496 6326321
1181 495 6326324
1178 496 6326327
1178 498 6326330
1181 490 6326333
1074 495 6326336
1178 495 6326339
1176 494 6326342
1190 500 6326345
1168 491 6326348
1183 499 6326351
1181 494 6326354
1178 495 6326357
1179 497 6326360
1179 496 6326363
1177 495 6326366
1179 497 6326369
1179 496 6326372
1178 496 6326375
1181 494 6326378
1181 491 6326381
1180 497 6326384
1186 479 6326387
1170 499 6326390
1182 503 6326393
1177 493 6326396
1179 499 6326399
1178 493 6326402
1175 499 6326405
1179 498 6326408
1178 496 6326411
1178 494 6326414
1180 495 6326417
1177 493 6326420
1178 494 6326423
1161 476 6326426
1178 497 6326429
1178 513 6326432
1177 485 6326435
1174 499 6326438
1184 496 6326441
1177 494 6326444
1179 496 6326447
1180 497 6326450
1179 495 6326453
1183 494 6326456
1181 498 6326459
1180 498 6326462
1178 499 6326465
1178 494 6326468
1159 488 6326471
1179 495 6326474
1175 512 6326477
1176 484 6326480
1176 499 6326483
1184 499 6326486
1176 493 6326489
1182 496 6326492
1178 495 6326495
1179 496 6326498
1178 494 6326501
1179 496 6326504
1179 497 6326507
1180 496 6326510
1178 495 6326513
1177 491 6326516
1175 495 6326519
1192 505 6326522
1171 488 6326525
1182 501 6326528
1182 492 6326531
1176 495 6326534
1179 498 6326537
1177 497 6326540
1180 497 6326543
1178 497 6326546
1179 496 6326549
1176 496 6326552
1178 494 6326555
1177 498 6326558
1181 495 6326561
1180 496 6326564
1176 479 6326567
1197 494 6326570
1185 501 6326573
1176 494 6326576
1178 500 6326579
1181 494 6326582
1177 493 6326585
1179 494 6326588
1178 492 6326591
1177 498 6326594
1180 504 6326597
1179 495 6326600
1178 470 6326603
1286 499 6326606
1180 497 6326609
1154 497 6326612
1176 502 6326615
1173 491 6326618
1176 495 6326621
1181 495 6326624
1178 495 6326627
1180 496 6326630
1178 495 6326633
1177 495 6326636
1176 497 6326639
1180 495 6326642
1180 494 6326645
1179 483 6326648
1162 494 6326651
1178 492 6326654
1182 511 6326657
1175 488 6326660
1176 499 6326663
1179 494 6326666
1178 494 6326669
1178 497 6326672
1181 499 6326675
1178 498 6326678
1180 494 6326681
1179 496 6326684
1180 499 6326687
1179 499 6326690
1178 500 6326693
1188 495 6326696
1179 509 6326699
1168 475 6326702
1182 497 6326705
1186 497 6326708
1174 495 6326711
1187 499 6326714
1178 493 6326717
1181 496 6326720
1179 496 6326723
1179 496 6326726
1179 497 6326729
1176 493 6326732
1178 496 6326735
1249 494 6326738
1181 496 6326741
1177 470 6326744
1183 497 6326747
1187 499 6326750
1174 489 6326753
1180 501 6326756
1180 497 6326759
1180 496 6326762
1180 493 6326765
1180 497 6326768
1178 498 6326771
1183 494 6326774
1179 500 6326777
1181 496 6326780
1151 553 6326783
1180 494 6326786
1177 505 6326789
1179 508 6326792
1178 488 6326795
1176 498 6326798
1183 498 6326801
1179 495 6326804
1182 498 6326807
1177 496 6326810
1181 500 6326813
1180 496 6326816
1181 491 6326819
1179 500 6326822
1179 495 6326825
1158 455 6326828
1179 495 6326831
1176 491 6326834
1191 506 6326837
1173 506 6326840
1178 499 6326843
1180 496 6326846
1482 362 6312449
1484 365 6312452
1482 361 6312455
1484 361 6312458
1484 362 6312461
1486 363 6312464
1487 362 6312467
1484 359 6312470
1482 363 6312473
1484 357 6312476
1416 358 6312479
1483 361 6312482
1481 362 6312485
1483 361 6312488
1483 359 6312491
1483 362 6312494
1483 364 6312497
1484 360 6312500
1480 361 6312503
1482 362 6312506
1482 360 6312509
1485 364 6312512
1482 361 6312515
1487 362 6312518
1484 353 6312521
1484 360 6312524
1487 364 6312527
1483 362 6312530
1483 364 6312533
1484 361 6312536
1486 363 6312539
1484 363 6312542
1484 362 6312545
1484 360 6312548
1486 364 6312551
1484 362 6312554
1484 361 6312557
1482 363 6312560
1466 273 6312563
1484 363 6312566
1483 370 6312569
1485 366 6312572
1483 363 6312575
1484 362 6312578
1482 360 6312581
1485 365 6312584
1485 361 6312587
1484 361 6312590
1484 361 6312593
1484 366 6312596
1485 361 6312599
1480 358 6312602
1485 363 6312605
1478 363 6312608
1483 366 6312611
1482 362 6312614
1485 364 6312617
1484 361 6312620
1483 360 6312623
1482 365 6312626
1486 361 6312629
1482 361 6312632
1483 362 6312635
1486 363 6312638
1485 363 6312641
1485 363 6312644
1482 332 6312647
1465 361 6312650
1483 359 6312653
1480 361 6312656
1484 365 6312659
1484 360 6312662
1483 365 6312665
1485 362 6312668
1483 361 6312671
1484 361 6312674
1486 362 6312677
1481 361 6312680
1485 360 6312683
1484 360 6312686
1486 0 6312689
1484 365 6312692
1484 363 6312695
1488 364 6312698
1483 359 6312701
1485 363 6312704
1485 363 6312707
1485 365 6312710
1482 359 6312713
1483 361 6312716
1483 363 6312719
1486 360 6312722
1486 365 6312725
1486 362 6312728
1484 361 6312731
1477 378 6312734
1484 363 6312737
1478 365 6312740
1488 365 6312743
1482 361 6312746
1483 362 6312749
1484 359 6312752
1484 362 6312755
1484 365 6312758
1483 362 6312761
1483 363 6312764
1482 361 6312767
1481 361 6312770
1484 361 6312773
1465 385 6312776
1479 362 6312779
1485 358 6312782
1483 363 6312785
1485 361 6312788
1482 362 6312791
1485 362 6312794
1485 362 6312797
1483 361 6312800
1484 361 6312803
1486 362 6312806
1485 362 6312809
1480 360 6312812
1485 362 6312815
1454 718 6312818
1485 361 6312821
1484 361 6312824
1482 361 6312827
1487 363 6312830
1484 363 6312833
1483 363 6312836
1485 364 6312839
1485 361 6312842
1482 362 6312845
1486 363 6312848
1484 361 6312851
1487 362 6312854
1483 363 6312857
1486 708 6312860
1488 364 6312863
1482 357 6312866
1480 363 6312869
1486 364 6312872
1485 359 6312875
1484 363 6312878
1486 362 6312881
1483 360 6312884
1489 360 6312887
1485 362 6312890
1484 361 6312893
1484 367 6312896
1483 363 6312899
1471 410 6312902
1482 362 6312905
1480 360 6312908
1484 363 6312911
1485 362 6312914
1482 362 6312917
1484 360 6312920
1483 361 6312923
1485 362 6312926
1486 365 6312929
1484 362 6312932
1484 360 6312935
1483 364 6312938
1488 364 6312941
1481 370 6312944
1487 363 6312947
1484 363 6312950
1485 358 6312953
1483 361 6312956
1484 363 6312959
1483 363 6312962
1482 362 6312965
1484 364 6312968
1484 364 6312971
1486 361 6312974
1483 361 6312977
1486 362 6312980
1486 368 6312983
1411 359 6312986
1483 363 6312989
1484 360 6312992
1484 362 6312995
1484 362 6312999
1484 364 6313002
1484 361 6313005
1485 363 6313008
1484 359 6313011
1485 364 6313014
1483 361 6313017
1484 361 6313020
1485 363 6313023
1579 358 6313026
1484 362 6313029
1486 367 6313032
1486 360 6313035
1484 362 6313038
1485 362 6313041
1485 359 6313044
1482 363 6313046
1485 359 6313049
1484 362 6313052
1481 361 6313055
1484 360 6313058
1485 364 6313061
1485 349 6313064
1484 362 6313067
1483 363 6313070
1487 365 6313073
1482 359 6313076
1485 362 6313079
1485 362 6313082
1487 362 6313085
1482 360 6313088
1485 363 6313091
1484 362 6313094
1480 363 6313097
1484 361 6313100
1482 361 6313103
1273 361 6313106
1485 363 6313109
1482 367 6313112
1487 361 6313115
1484 358 6313118
1486 362 6313121
1485 362 6313124
1487 362 6313127
1487 363 6313130
1484 361 6313133
1485 363 6313136
1486 360 6313139
1485 362 6313142
1483 450 6313145
1486 355 6313148
1484 362 6313151
1488 360 6313154
1482 361 6313157
1486 363 6313160
1486 362 6313163
1483 360 6313166
1484 360 6313169
1485 362 6313172
1487 363 6313175
1481 361 6313178
1486 362 6313181
1482 362 6313184
1485 445 6313187
1484 362 6313190
1482 363 6313193
1481 362 6313196
1483 358 6313199
1483 364 6313202
1484 363 6313205
1484 361 6313208
1485 362 6313211
1489 364 6313214
1482 358 6313217
1484 360 6313220
1484 357 6313223
1483 362 6313226
1522 362 6313229
1484 360 6313232
1471 363 6313235
1485 362 6313238
1482 363 6313241
1482 363 6313244
1486 363 6313247
1483 361 6313250
1485 361 6313253
1483 360 6313256
1485 363 6313259
1484 363 6313262
1484 364 6313265
1484 371 6313268
1484 367 6313271
1485 368 6313274
1486 362 6313277
1485 363 6313280
1483 361 6313283
1485 356 6313286
1485 363 6313289
1483 361 6313292
1485 363 6313295
1481 359 6313298
1486 364 6313301
1484 364 6313304
1397 364 6313307
1479 362 6313310
1485 366 6313313
1483 360 6313316
1484 361 6313319
1484 362 6313322
1483 364 6313325
1486 361 6313328
1486 361 6313331
1485 365 6313334
1484 362 6313337
1483 362 6313340
1481 363 6313343
1485 384 6313346
1363 357 6313349
1483 361 6313352
1483 361 6313355
1486 364 6313358
1485 361 6313361
1483 361 6313364
1483 361 6313367
1483 362 6313370
1485 362 6313373
1482 362 6313376
1486 363 6313379
1483 362 6313382
1485 362 6313385
1478 355 6313388
1483 363 6313391
1482 362 6313394
1485 361 6313397
1486 362 6313400
1483 363 6313403
1486 364 6313406
1484 362 6313409
1487 368 6313412
1483 360 6313415
1485 362 6313418
1485 363 6313421
1483 365 6313424
1485 360 6313427
1479 359 6313430
1482 362 6313433
1487 364 6313436
1484 360 6313439
1481 361 6313442
1482 362 6313445
1484 361 6313448
1485 360 6313451
1483 363 6313454
1485 361 6313457
1486 360 6313460
1482 360 6313463
1485 363 6313466
1482 354 6313469
1485 359 6313472
1481 363 6313475
1489 359 6313478
1482 360 6313481
1486 364 6313484
1485 362 6313487
1485 362 6313490
1484 360 6313493
1484 360 6313496
1485 359 6313499
1485 362 6313502
1485 362 6313505
1482 359 6313508
1496 362 6313511
1484 363 6313514
1487 362 6313517
1485 363 6313520
1484 362 6313523
1486 364 6313526
1483 358 6313529
1483 362 6313532
