272 1751 763475
270 1746 763478
270 1750 763481
270 1747 763484
266 1747 763487
271 1747 763490
264 1747 763493
267 1746 763496
264 1749 763499
268 1748 763502
280 1745 763505
266 1746 763508
287 1751 763511
257 1743 763514
271 1754 763517
269 1745 763520
265 1748 763523
267 1748 763526
268 1747 763529
268 1754 763532
271 1746 763535
269 1748 763538
268 1748 763541
270 1730 763544
358 1749 763547
267 1747 763550
289 1738 763553
278 1747 763556
261 1743 763559
272 1752 763562
271 1745 763565
265 1747 763568
271 1749 763571
265 1746 763574
270 1747 763577
271 1749 763580
273 1750 763583
269 1748 763586
274 1746 763589
270 1750 763592
289 1739 763595
256 1746 763598
271 1755 763601
271 1744 763604
264 1747 763607
274 1749 763610
268 1747 763613
267 1750 763616
270 1746 763619
270 1749 763622
270 1748 763625
269 1746 763628
277 1394 763631
272 1748 763634
272 1723 763637
278 1745 763640
278 1749 763643
265 1745 763646
272 1751 763649
266 1745 763652
270 1744 763655
271 1745 763658
269 1747 763661
268 1746 763664
270 1750 763667
271 1747 763670
268 1715 763673
259 1747 763676
271 1748 763679
293 1741 763682
280 1748 763685
262 1740 763688
272 1754 763691
269 1745 763694
271 1747 763697
271 1749 763700
271 1747 763703
268 1739 763706
269 1747 763709
270 1746 763712
269 1752 763715
357 1748 763718
272 1749 763721
268 1724 763724
276 1742 763727
277 1749 763730
265 1746 763733
272 1749 763736
266 1744 763739
267 1748 763742
272 1751 763745
268 1750 763748
270 1749 763751
268 1750 763754
269 1761 763757
267 1748 763760
273 1758 763763
269 1749 763766
284 1755 763769
258 1757 763772
268 1751 763775
274 1744 763778
269 1750 763781
271 1750 763784
268 1746 763787
276 1748 763790
270 1746 763793
267 1748 763796
269 1746 763799
271 1746 763802
267 1837 763805
269 1749 763808
272 1749 763811
243 1753 763814
264 1755 763817
270 1740 763820
267 1749 763823
270 1750 763826
269 1744 763829
270 1748 763832
270 1748 763835
266 1746 763838
272 1749 763841
273 1751 763844
270 1752 763847
270 1715 763850
284 1746 763853
269 1747 763856
275 1759 763859
266 1737 763862
273 1752 763865
274 1748 763868
267 1740 763871
269 1751 763874
270 1748 763877
269 1750 763880
270 1750 763883
273 1747 763886
267 1748 763889
268 1745 763892
267 1738 763895
267 1749 763898
275 1755 763901
275 1741 763904
260 1753 763907
270 1751 763910
269 1743 763913
269 1751 763916
270 1745 763919
271 1746 763922
269 1745 763925
269 1746 763928
268 1746 763931
270 1749 763934
269 1748 763937
268 1754 763940
276 1748 763943
270 1765 763946
256 1744 763949
268 1747 763952
273 1747 763955
260 1746 763958
271 1747 763961
270 1748 763964
271 1750 763967
269 1748 763970
269 1748 763973
272 1750 763976
271 1748 763979
268 1749 763982
648 1747 763985
266 1749 763988
269 1729 763991
257 1745 763994
269 1756 763997
269 1739 764001
269 1750 764004
271 1745 764007
269 1748 764010
269 1748 764013
269 1748 764016
271 1747 764019
273 1747 764022
271 1748 764025
271 1751 764028
271 1753 764031
265 1749 764033
269 1755 764036
252 1753 764039
264 1749 764042
272 1743 764045
260 1750 764048
287 1753 764051
289 1746 764054
286 1750 764057
279 1773 764060
269 1845 764063
258 1891 764066
251 1905 764069
249 1904 764072
246 1907 764075
252 1899 764078
244 1913 764081
237 1878 764084
253 1899 764087
254 1897 764090
245 1899 764093
276 1902 764096
246 1898 764099
246 1900 764102
250 1898 764105
251 1901 764108
249 1897 764111
247 1895 764114
249 1901 764117
247 1908 764120
254 1899 764123
249 1911 764126
238 1891 764129
244 1900 764132
254 1897 764135
249 1902 764138
250 1903 764141
249 1901 764144
250 1902 764147
250 1901 764150
248 1896 764153
250 1900 764156
249 1901 764159
249 1902 764162
248 1899 764165
246 1902 764168
250 1898 764171
233 1913 764174
245 1906 764177
251 1895 764180
245 1900 764183
253 1898 764186
247 1898 764189
251 1902 764192
249 1899 764195
244 1901 764198
250 1901 764201
250 1900 764204
246 1904 764207
298 1875 764210
252 1898 764213
249 1874 764216
255 1901 764219
254 1900 764222
243 1896 764225
247 1904 764228
246 1900 764231
248 1895 764234
249 1904 764237
249 1902 764240
247 1900 764243
251 1899 764246
253 1900 764249
253 1900 764252
233 1948 764255
257 1899 764258
255 1899 764261
266 1902 764264
254 1895 764267
264 1902 764270
264 1898 764273
260 1897 764276
268 1897 764279
263 1897 764282
258 1898 764285
265 1895 764288
270 1901 764291
268 1901 764294
266 1897 764297
265 1876 764300
267 1899 764303
278 1910 764306
258 1891 764309
268 1900 764312
273 1898 764315
264 1898 764318
269 1898 764321
269 1898 764324
268 1900 764327
267 1897 764330
270 1897 764333
269 1899 764336
266 1898 764339
268 1972 764342
265 1895 764345
266 1897 764348
242 1922 764351
260 1904 764354
272 1881 764357
263 1902 764360
265 1899 764363
266 1896 764366
267 1897 764369
264 1898 764372
266 1898 764375
267 1897 764378
267 1898 764381
264 1897 764384
264 1874 764387
247 1901 764390
265 1898 764393
258 1908 764396
266 1890 764399
261 1900 764402
269 1900 764405
259 1896 764408
263 1900 764411
264 1897 764414
259 1896 764417
262 1899 764420
253 1900 764423
265 1901 764426
260 1896 764429
263 1889 764432
264 1898 764435
262 1918 764438
252 1887 764441
263 1896 764444
263 1897 764447
257 1897 764450
263 1900 764453
260 1898 764456
262 1898 764459
259 1899 764462
259 1899 764465
261 1899 764468
257 1900 764471
259 1900 764474
264 1969 764477
258 1898 764480
258 1892 764483
254 1903 764486
262 1892 764489
257 1902 764492
259 1902 764495
259 1895 764498
257 1900 764501
258 1900 764504
255 1899 764507
258 1900 764510
253 1900 764513
255 1899 764516
256 1898 764519
243 1877 764522
256 1900 764525
249 1913 764528
257 1891 764531
252 1899 764534
257 1902 764537
254 1896 764540
255 1899 764543
254 1897 764546
255 1897 764549
253 1897 764552
255 1899 764555
257 1901 764558
258 1898 764561
254 1902 764564
260 1901 764567
255 1900 764570
256 1882 764573
270 1896 764576
259 1906 764579
246 1895 764582
253 1901 764585
254 1899 764588
255 1903 764591
253 1902 764594
257 1900 764597
255 1898 764600
251 1901 764603
252 1898 764606
251 1877 764609
189 1898 764612
253 1899 764615
275 1890 764618
264 1911 764621
247 1895 764624
255 1903 764627
257 1897 764630
252 1897 764633
254 1904 764636
251 1898 764639
250 1899 764642
254 1901 764645
252 1896 764648
251 1896 764651
254 1888 764654
273 1899 764657
249 1894 764660
270 1898 764663
245 1900 764666
251 1904 764669
252 1897 764672
249 1900 764675
254 1901 764678
249 1897 764681
252 1899 764684
253 1901 764687
252 1899 764690
250 1898 764693
251 1902 764696
649 1899 764699
253 1900 764702
250 1887 764705
234 1907 764708
250 1909 764711
253 1891 764714
247 1901 764717
253 1899 764720
250 1899 764723
249 1901 764726
253 1901 764729
253 1898 764732
245 1900 764735
252 1902 764738
252 1898 764741
227 1876 764744
252 1900 764747
249 1896 764750
262 1905 764753
245 1896 764756
252 1882 764759
254 1894 764762
251 1901 764765
251 1898 764768
250 1899 764771
252 1897 764774
250 1901 764777
251 1897 764780
250 1896 764783
252 2237 764786
250 1900 764789
247 1898 764792
241 1881 764795
259 1896 764798
256 1900 764801
245 1897 764804
251 1902 764807
251 1899 764810
249 1898 764813
249 1900 764816
253 1899 764819
247 1892 764822
248 1899 764825
249 1899 764828
249 1899 764831
242 1900 764834
249 1901 764837
270 1893 764840
237 1899 764843
249 1905 764846
250 1896 764849
250 1901 764852
250 1899 764855
246 1899 764858
250 1900 764861
252 1901 764864
251 1902 764867
251 1900 764870
250 1896 764873
216 1899 764876
248 1898 764879
248 1889 764882
256 1906 764885
242 1896 764888
249 1902 764891
254 1899 764894
248 1899 764897
250 1902 764900
250 1899 764903
247 1899 764906
247 1901 764909
246 1898 764912
249 1900 764915
247 1864 764918
210 1898 764921
246 1900 764924
244 1897 764927
255 1905 764930
243 1895 764933
249 1904 764936
252 1899 764939
246 1900 764942
249 1901 764945
249 1898 764948
248 1900 764951
250 1899 764954
242 1898 764957
250 1901 764960
216 1996 764963
248 1902 764966
249 1912 764969
247 1908 764972
251 1893 764975
245 1901 764978
252 1900 764981
248 1897 764984
249 1899 764987
246 1898 764990
248 1901 764993
251 1899 764996
250 1904 765000
248 1902 765003
248 1867 765006
342 1897 765009
248 1897 765012
264 1906 765015
257 1901 765018
244 1902 765021
254 1902 765024
251 1898 765027
248 1899 765030
254 1899 765033
248 1896 765036
248 1903 765038
250 1900 765041
248 1899 765044
249 1899 765047
231 1912 765050
246 1901 765053
248 1898 765056
258 1910 765059
242 1893 765062
251 1898 765065
251 1897 765068
247 1899 765071
250 1902 765074
251 1898 765077
246 1902 765080
251 1900 765083
248 1890 765086
248 1902 765089
246 1884 765092
271 1898 765095
247 1896 765098
256 1912 765101
241 1890 765104
252 1901 765107
250 1901 765110
245 1901 765113
252 1900 765116
249 1900 765119
248 1900 765122
247 1899 765125
249 1898 765128
249 1900 765131
250 1902 765134
257 1916 765137
245 1901 765140
256 1902 765143
242 1890 765146
250 1898 765149
252 1898 765152
248 1901 765155
249 1900 765158
308 1596 750758
307 1600 750761
307 1596 750764
308 1598 750767
311 1599 750770
308 1598 750773
310 1599 750776
309 1596 750779
308 1597 750782
307 1600 750785
308 1593 750788
307 1605 750791
329 1596 750794
306 1591 750797
306 1601 750800
307 1598 750803
312 1597 750806
309 1597 750809
308 1599 750812
306 1607 750815
309 1597 750818
307 1596 750821
309 1598 750824
301 1595 750827
305 1597 750830
308 1510 750833
0 1600 750836
304 1596 750839
306 1595 750842
307 1598 750845
310 1601 750848
308 1599 750851
308 1598 750854
306 1597 750857
305 1597 750860
309 1594 750863
307 1599 750866
310 1601 750869
304 1598 750872
306 1601 750875
304 1602 750878
309 1598 750881
304 1601 750884
310 1600 750887
307 1598 750890
308 1596 750893
308 1596 750896
309 1596 750899
308 1597 750902
304 1599 750905
308 1596 750908
309 1597 750911
306 1602 750914
307 1599 750917
323 1606 750920
306 1598 750923
307 1593 750926
306 1594 750929
308 1598 750932
305 1598 750935
305 1597 750938
308 1596 750941
308 1599 750944
306 1597 750947
305 1597 750950
308 1597 750953
306 1595 750956
304 1595 750959
198 0 750962
308 1597 750965
308 1599 750968
303 1595 750971
306 1600 750974
308 1597 750977
304 1598 750980
307 1597 750983
306 1597 750986
306 1600 750989
303 1596 750992
305 1597 750995
307 1599 750999
307 1597 751002
247 1599 751005
304 1599 751008
306 1602 751011
305 1595 751014
307 1602 751017
309 1597 751020
305 1598 751023
309 1596 751026
309 1595 751029
306 1597 751031
306 1599 751034
308 1601 751037
307 1595 751040
307 1596 751043
324 1599 751046
306 1599 751049
305 1601 751052
308 1597 751055
304 1597 751058
308 1597 751061
307 1596 751064
305 1592 751067
305 1596 751070
305 1596 751073
306 1596 751076
305 1596 751079
308 1598 751082
308 1595 751085
380 2042 751088
308 1598 751091
307 1599 751094
302 1598 751097
305 1600 751100
304 1596 751103
304 1599 751106
306 1598 751109
304 1602 751112
307 1598 751115
305 1598 751118
302 1599 751121
305 1597 751124
308 1600 751127
318 1546 751130
310 1598 751133
306 1595 751136
302 1597 751139
305 1596 751142
307 1597 751145
308 1599 751148
306 1597 751151
305 1596 751154
308 1598 751157
308 1598 751160
304 1598 751163
307 1598 751166
305 1597 751169
311 1473 751172
305 1596 751175
304 1593 751178
306 1600 751181
308 1598 751184
303 1599 751187
307 1600 751190
308 1596 751193
306 1596 751196
305 1597 751199
304 1595 751202
305 1596 751205
304 1596 751208
305 1597 751211
311 1577 751214
306 1600 751217
303 1596 751220
308 1599 751223
308 1598 751226
307 1599 751229
302 1597 751232
306 1596 751235
306 1597 751238
304 1600 751241
308 1595 751244
307 1598 751247
306 1597 751250
303 1595 751253
302 1533 751256
305 1599 751259
305 1596 751262
302 1599 751265
306 1594 751268
305 1599 751271
307 1597 751274
307 1596 751277
307 1599 751280
307 1597 751283
304 1595 751286
306 1600 751289
307 1598 751292
309 1601 751295
312 1463 751298
304 1601 751301
307 1594 751304
301 1595 751307
306 1597 751310
304 1598 751313
309 1597 751316
305 1596 751319
306 1598 751322
307 1598 751325
309 1597 751328
304 1597 751331
308 1596 751334
305 1598 751337
385 1618 751340
303 1598 751343
305 1601 751346
303 1596 751349
304 1599 751352
307 1597 751355
306 1596 751358
305 1600 751361
305 1600 751364
306 1596 751367
305 1598 751370
306 1597 751373
305 1597 751376
306 1598 751379
309 1598 751382
308 1594 751385
305 1598 751388
309 1601 751391
306 1597 751394
304 1596 751397
305 1597 751400
306 1598 751403
314 1596 751406
307 1598 751409
306 1598 751412
308 1598 751415
304 1591 751418
304 1598 751421
305 1605 751424
306 1595 751427
308 1599 751430
305 1597 751433
309 1599 751436
306 1595 751439
305 1596 751442
309 1599 751445
306 1599 751448
303 1596 751451
304 1599 751454
307 1599 751457
306 1603 751460
307 1600 751463
307 1597 751466
304 1593 751469
302 1595 751472
304 1598 751475
306 1597 751478
301 1598 751481
306 1596 751484
305 1595 751487
306 1597 751490
306 1603 751493
304 1597 751496
306 1597 751499
306 1596 751502
302 1595 751505
305 1597 751508
188 1203 751511
306 1601 751514
304 1591 751517
301 1607 751520
285 1603 751523
302 1595 751526
307 1598 751529
305 1593 751532
304 1600 751535
304 1596 751538
305 1596 751541
313 1600 751544
306 1596 751547
307 1593 751550
307 1597 751553
323 1597 751556
306 1601 751559
327 1596 751562
306 1589 751565
305 1604 751568
310 1595 751571
302 1594 751574
308 1599 751577
305 1595 751580
303 1598 751583
303 1601 751586
306 1597 751589
306 1600 751592
305 1604 751595
308 1600 751598
303 1598 751601
292 1607 751604
291 1587 751607
315 1603 751610
306 1593 751613
302 1601 751616
308 1597 751619
305 1596 751622
306 1599 751625
306 1599 751628
306 1596 751631
304 1599 751634
305 1598 751637
304 1550 751640
310 1597 751643
306 1589 751646
318 1605 751649
304 1592 751652
302 1601 751655
307 1598 751658
305 1595 751661
306 1598 751664
305 1598 751667
305 1597 751670
304 1598 751673
306 1598 751676
306 1598 751679
303 1599 751682
309 1597 751685
305 1557 751688
297 1600 751691
294 1603 751694
313 1599 751697
302 1593 751700
306 1599 751703
306 1597 751706
306 1598 751709
308 1596 751712
304 1597 751715
304 1599 751718
306 1597 751721
304 1599 751724
267 1596 751727
304 1597 751730
314 1615 751733
289 1593 751736
299 1598 751739
309 1599 751742
303 1597 751745
304 1599 751748
305 1597 751751
305 1598 751754
307 1601 751757
304 1596 751760
307 1595 751763
301 1560 751766
0 1599 751769
304 1591 751772
292 1585 751775
317 1608 751778
294 1592 751781
305 1601 751784
307 1597 751787
303 1596 751790
304 1597 751793
305 1599 751796
307 1598 751799
305 1598 751802
305 1594 751805
312 1597 751808
306 1593 751811
303 1594 751814
305 1581 751817
303 1608 751820
314 1595 751823
300 1590 751826
308 1601 751829
304 1597 751832
304 1600 751835
306 1594 751838
305 1597 751841
306 1598 751844
301 1597 751847
303 1615 751850
306 1596 751853
310 1602 751856
304 1581 751859
306 1610 751862
310 1593 751865
301 1597 751868
310 1597 751871
307 1597 751874
308 1598 751877
304 1594 751880
303 1597 751883
308 1598 751886
305 1601 751889
305 1593 751892
220 1598 751895
305 1600 751898
288 1609 751901
317 1589 751904
300 1593 751907
307 1602 751910
306 1593 751913
305 1598 751916
308 1599 751919
304 1599 751922
304 1598 751925
306 1599 751928
305 1599 751931
304 1597 751934
306 1592 751937
305 1600 751940
323 1609 751943
301 1593 751946
301 1606 751949
314 1599 751952
304 1596 751955
305 1600 751958
302 1596 751961
304 1598 751964
303 1589 751967
304 1598 751970
307 1597 751973
309 1599 751976
326 1595 751979
305 1601 751982
329 1559 751985
307 1592 751988
301 1605 751991
307 1595 751994
302 1597 751997
306 1597 752001
305 1596 752004
305 1591 752007
307 1599 752010
304 1599 752013
303 1601 752016
311 1596 752019
311 1594 752022
307 1610 752025
326 1592 752028
307 1591 752031
306 1602 752033
308 1596 752036
301 1598 752039
305 1598 752042
299 1593 752045
305 1599 752048
305 1600 752051
304 1599 752054
304 1597 752057
305 1599 752060
310 1600 752063
302 1615 752066
314 1601 752069
304 1589 752072
307 1603 752075
307 1597 752078
303 1596 752081
304 1598 752084
304 1593 752087
303 1597 752090
305 1598 752093
306 1599 752096
310 1597 752099
307 1599 752102
305 1596 752105
305 1612 752108
319 1589 752111
300 1588 752114
309 1603 752117
305 1592 752120
302 1593 752123
304 1595 752126
303 1597 752129
305 1600 752132
309 1597 752135
308 1600 752138
311 1599 752141
305 1610 752144
309 1592 752147
304 1608 752150
325 1589 752153
305 1588 752156
308 1606 752159
306 1596 752162
300 1595 752165
307 1596 752168
303 1599 752171
303 1599 752174
306 1599 752177
304 1595 752180
304 1598 752183
305 1592 752186
274 1598 752189
304 1599 752192
290 1607 752195
316 1593 752198
302 1593 752201
307 1602 752204
305 1597 752207
302 1594 752210
306 1596 752213
304 1596 752216
303 1598 752219
304 1598 752222
306 1597 752225
305 1597 752228
306 1599 752231
306 1598 752234
296 1601 752237
296 1592 752240
317 1605 752243
305 1593 752246
304 1598 752249
313 1600 752252
304 1597 752255
305 1598 752258
304 1594 752261
300 1597 752264
304 1594 752267
305 1599 752270
304 1555 752273
308 1598 752276
307 1582 752279
317 1610 752282
302 1591 752285
299 1597 752288
308 1601 752291
304 1595 752294
302 1596 752297
304 1597 752300
306 1597 752303
309 1599 752306
303 1596 752309
304 1600 752312
303 1596 752315
304 1595 752318
304 1619 752321
297 1606 752324
297 1599 752327
308 1601 752330
302 1593 752333
302 1598 752336
305 1598 752339
304 1599 752342
304 1599 752345
302 1597 752348
303 1596 752351
305 1592 752354
306 1599 752357
304 1596 752360
300 1597 752363
294 1600 752366
296 1592 752369
316 1603 752372
303 1594 752375
308 1598 752378
306 1598 752381
302 1597 752384
305 1596 752387
305 1599 752390
305 1598 752393
301 1599 752396
307 1596 752399
305 1599 752402
310 1595 752405
303 1589 752408
311 1590 752411
297 1604 752414
309 1596 752417
298 1595 752420
306 1600 752423
309 1599 752426
302 1594 752429
305 1594 752432
307 1599 752435
305 1600 752438
303 1598 752441
307 1598 752444
304 1604 752447
302 1597 752450
321 1603 752453
308 1593 752456
298 1604 752459
313 1595 752462
304 1596 752465
307 1600 752468
307 1588 752471
308 1599 752474
307 1598 752477
305 1596 752480
301 1592 752483
306 1598 752486
306 1599 752489
263 1602 752492
309 1598 752495
298 1615 752498
314 1587 752501
300 1594 752504
307 1602 752507
305 1593 752510
308 1598 752513
306 1598 752516
304 1597 752519
307 1595 752522
302 1599 752525
303 1598 752528
305 1598 752531
305 1597 752534
310 1598 752537
305 1590 752540
308 1584 752543
301 1609 752546
307 1595 752549
302 1596 752552
307 1601 752555
305 1598 752558
304 1596 752561
304 1599 752564
309 1598 752567
305 1599 752570
306 1598 752573
302 1589 752576
329 1748 752579
306 1597 752582
304 1583 752585
304 1612 752588
314 1595 752591
298 1594 752594
309 1603 752597
307 1597 752600
304 1598 752603
311 1596 752606
305 1597 752609
304 1598 752612
306 1596 752615
302 1598 752618
308 1597 752621
308 1556 752624
304 1599 752627
305 1614 752630
319 1595 752633
301 1592 752636
308 1604 752639
306 1593 752642
300 1598 752645
306 1599 752648
306 1594 752651
303 1597 752654
305 1599 752657
303 1595 752660
304 1595 752663
304 1596 752666
302 1612 752669
302 1595 752672
326 1597 752675
308 1596 752678
300 1609 752681
308 1595 752684
301 1598 752687
304 1598 752690
305 1596 752693
303 1597 752696
305 1600 752699
306 1598 752702
304 1598 752705
306 1598 752708
302 1597 752711
301 1601 752714
300 1594 752717
297 1605 752720
292 1592 752723
309 1602 752726
306 1593 752729
305 1600 752732
309 1599 752735
305 1597 752738
306 1594 752741
305 1598 752744
305 1597 752747
270 1745 757156
273 1748 757159
269 1751 757162
270 1748 757165
270 1747 757168
271 1749 757171
269 1745 757174
270 1746 757177
277 1752 757180
267 1746 757182
262 1748 757185
269 1746 757188
271 1747 757191
270 1742 757194
275 1750 757198
269 1745 757200
272 1746 757203
269 1750 757206
269 1746 757209
270 1748 757212
269 1745 757215
270 1748 757218
267 1746 757221
267 1745 757224
174 1748 757227
269 1784 757231
268 1744 757233
270 1754 757236
268 1747 757239
270 1747 757242
271 1747 757245
270 1747 757248
271 1752 757251
269 1746 757254
267 1745 757257
269 1749 757260
270 1749 757264
268 1744 757266
276 1748 757269
270 1753 757272
266 1746 757275
273 1749 757278
270 1750 757281
272 1746 757284
273 1745 757287
275 1746 757290
275 1748 757293
280 1747 757297
276 1743 757299
281 1749 757302
281 1749 757305
283 1746 757308
218 1760 757311
284 1748 757314
284 1746 757317
285 1742 757320
284 1747 757323
286 1748 757326
286 1748 757330
282 1747 757332
288 1748 757335
289 1748 757338
289 1748 757341
292 1748 757344
288 1749 757347
289 1748 757350
288 1745 757353
290 1747 757356
291 1749 757359
289 1749 757363
289 1746 757365
293 1747 757368
291 1750 757371
286 1749 757374
289 1745 757377
288 1748 757380
288 1745 757383
287 1749 757386
288 1749 757389
308 1749 757392
289 1702 757396
288 1743 757398
287 1745 757401
290 1751 757404
284 1745 757407
287 1746 757410
287 1749 757413
287 1746 757416
283 1746 757419
286 1746 757422
287 1748 757425
286 1745 757429
286 1742 757431
0 1722 757434
285 1750 757437
283 1753 757440
285 1744 757443
283 1751 757446
278 1744 757449
285 1746 757452
284 1747 757455
284 1747 757458
284 1750 757462
284 1746 757464
283 1747 757467
285 1751 757470
0 1748 757473
280 1748 757476
281 1752 757479
282 1751 757482
282 1746 757485
279 1744 757488
283 1750 757491
282 1751 757495
284 1744 757497
284 1753 757500
280 1749 757503
283 1748 757506
279 1747 757509
277 1746 757512
277 1749 757515
279 1743 757518
279 1746 757521
281 1749 757524
278 1748 757528
280 1744 757530
280 1748 757533
278 1748 757536
278 1745 757539
278 1745 757542
277 1751 757545
277 1746 757548
280 1742 757551
283 1749 757554
273 1742 757557
278 1747 757561
276 1738 757563
279 1748 757566
277 1749 757569
280 1747 757572
278 1750 757575
275 1746 757578
272 1749 757581
275 1747 757584
276 1746 757587
277 1748 757590
274 1748 757594
272 1743 757596
276 1747 757599
271 1748 757602
283 1751 757605
277 1750 757608
274 1745 757611
273 1749 757614
276 1746 757617
275 1748 757620
275 1747 757623
277 1751 757627
273 1744 757629
273 1747 757632
276 1748 757635
277 1747 757638
274 1746 757641
278 1749 757644
272 1750 757647
274 1745 757650
274 1749 757653
276 1749 757656
275 1749 757660
273 1742 757662
275 1747 757665
274 1749 757668
275 1746 757671
273 1750 757674
248 1855 757677
273 1746 757680
276 1748 757683
272 1746 757686
275 1747 757689
276 1748 757693
273 1744 757695
275 1749 757698
274 1748 757701
273 1749 757704
273 1749 757707
274 1749 757710
271 1746 757713
272 1747 757716
273 1741 757719
271 1747 757722
273 1747 757726
269 1747 757728
275 1745 757731
274 1750 757734
276 1748 757737
273 1749 757740
270 1747 757743
271 1748 757746
269 1745 757749
271 1743 757752
298 1748 757755
272 2108 757759
271 1743 757761
270 1748 757764
271 1748 757767
274 1747 757770
272 1748 757773
269 1747 757776
271 1745 757779
269 1742 757782
269 1745 757785
272 1747 757788
274 1748 757792
271 1747 757794
273 1751 757797
271 1749 757800
269 1748 757803
271 1746 757806
271 1748 757809
272 1747 757812
271 1745 757815
273 1748 757818
274 1748 757821
273 1746 757825
270 1747 757827
270 1746 757830
232 1750 757833
273 1998 757836
274 1747 757839
270 1751 757842
270 1746 757845
273 1748 757848
269 1747 757851
272 1748 757854
271 1749 757858
274 1745 757860
269 1747 757863
270 1747 757866
271 1748 757869
260 1747 757872
270 1657 757875
273 1745 757878
269 1744 757881
270 1746 757884
270 1749 757887
271 1747 757891
267 1747 757893
272 1746 757896
271 1748 757899
273 1746 757902
273 1747 757905
271 1748 757908
267 1747 757911
271 1752 757914
266 1745 757917
274 1748 757920
271 1750 757924
272 1743 757926
271 1749 757929
271 1747 757932
272 1748 757935
271 1745 757938
267 1750 757941
270 1746 757944
270 1746 757947
271 1900 757950
272 1754 757953
276 1749 757957
272 1749 757959
271 1749 757962
269 1748 757965
269 1748 757968
269 1745 757971
270 1749 757974
270 1751 757977
272 1752 757980
269 1748 757983
271 1747 757986
210 1736 757990
270 1745 757992
271 1746 757995
269 1748 758000
272 1748 758003
270 1748 758006
272 1749 758009
273 1747 758012
269 1748 758015
268 1746 758018
270 1748 758021
271 1747 758024
271 1752 758027
264 1750 758030
272 1749 758033
268 1747 758036
272 1751 758039
272 1746 758042
268 1746 758045
268 1748 758048
272 1745 758051
269 1745 758054
272 1749 758057
271 1749 758060
269 1746 758063
269 1753 758066
267 1750 758069
272 1748 758072
271 1752 758075
274 1746 758078
270 1749 758081
265 1746 758084
271 1748 758087
270 1749 758090
271 1750 758093
269 1751 758096
270 1749 758099
271 1750 758102
272 1753 758105
272 1750 758108
271 1746 758111
268 1756 758114
273 1747 758117
267 1747 758120
272 1751 758123
251 1747 758126
268 1748 758129
271 1749 758132
272 1744 758135
269 1748 758138
271 1748 758141
271 1766 758144
354 1749 758147
271 1748 758150
265 1746 758153
271 1747 758156
268 1746 758159
268 1748 758162
271 1745 758165
272 1748 758168
269 1751 758171
270 1748 758174
270 1746 758177
269 1747 758180
268 2376 758183
268 1750 758186
271 1748 758189
274 1752 758192
270 1746 758195
270 1748 758198
274 1748 758201
269 1748 758204
269 1748 758207
272 1746 758210
269 1749 758213
271 1747 758216
268 1746 758219
273 1750 758222
354 1725 758225
265 1749 758228
273 1751 758231
271 1747 758234
269 1750 758237
270 1747 758240
268 1747 758243
271 1749 758246
271 1748 758249
271 1749 758252
273 1749 758255
271 1747 758258
270 1749 758261
272 1763 758264
0 1748 758267
271 1745 758270
267 1746 758273
270 1749 758276
272 1748 758279
273 1749 758282
269 1751 758285
272 1748 758288
271 1746 758291
266 1747 758294
268 1748 758297
270 1745 758300
269 1749 758303
913 1745 758306
273 1746 758309
269 1753 758312
267 1747 758315
268 1746 758318
273 1747 758321
268 1745 758324
266 1744 758327
269 1748 758330
272 1750 758333
271 1749 758336
271 1748 758339
273 1749 758342
269 1750 758345
266 1708 758348
271 1747 758351
266 1751 758354
273 1751 758357
267 1746 758360
272 1750 758363
273 1746 758366
274 1751 758369
270 1750 758372
273 1748 758375
271 1748 758378
269 1748 758381
269 1748 758384
273 1749 758387
269 1741 758390
267 1747 758393
274 1752 758396
268 1746 758399
269 1749 758402
272 1748 758405
270 1747 758408
268 1747 758411
269 1745 758414
270 1747 758417
269 1751 758420
271 1747 758423
269 1748 758426
269 1794 758429
0 1750 758432
270 1750 758435
267 1745 758438
267 1742 758441
271 1748 758444
267 1746 758447
271 1747 758450
279 1748 758453
271 1753 758456
268 1745 758459
271 1748 758462
268 1748 758465
269 1751 758468
271 1748 758471
342 1747 758474
271 1749 758477
266 1744 758480
271 1748 758483
271 1746 758486
271 1748 758489
268 1747 758492
271 1749 758495
274 1748 758498
273 1749 758501
273 1748 758504
270 1747 758507
270 1746 758510
264 1768 758513
203 1747 758516
271 1746 758519
269 1750 758522
271 1747 758525
270 1749 758528
270 1747 758531
270 1750 758534
266 1749 758537
272 1747 758540
270 1745 758543
269 1749 758546
270 1748 758549
270 1746 758552
272 1755 758555
290 1748 758558
271 1744 758561
271 1750 758564
271 1751 758567
269 1748 758570
270 1746 758573
273 1748 758576
269 1748 758579
268 1746 758582
271 1747 758585
271 1751 758588
267 1745 758591
268 1747 758594
0 1749 758597
266 1748 758600
269 1752 758603
273 1746 758606
267 1749 758609
271 1747 758612
271 1747 758615
273 1749 758618
272 1749 758621
270 1746 758624
272 1747 758627
272 1749 758630
273 1749 758633
272 1750 758636
244 1826 758639
270 1748 758642
270 1740 758645
267 1748 758648
270 1743 758651
272 1748 758654
269 1748 758657
270 1749 758660
273 1748 758663
270 1747 758666
267 1747 758669
270 1746 758672
270 1749 758675
269 1908 758678
270 1745 758681
272 1748 758684
275 1750 758687
268 1744 758690
272 1748 758693
273 1746 758696
266 1749 758699
270 1749 758702
273 1747 758705
269 1750 758708
268 1747 758711
269 1747 758714
270 1750 758717
272 1722 758720
451 1745 758723
270 1747 758726
267 1746 758729
271 1750 758732
272 1747 758735
270 1749 758738
270 1749 758741
270 1745 758744
271 1746 758747
273 1749 758750
270 1749 758753
267 1746 758756
269 1748 758759
205 1750 758762
269 1749 758765
269 1755 758768
274 1749 758771
269 1748 758774
268 1747 758777
268 1745 758780
269 1748 758783
271 1746 758786
267 1747 758789
271 1747 758792
271 1745 758795
271 1751 758798
271 1751 758801
275 1746 758804
269 1750 758807
269 1749 758810
267 1744 758813
267 1746 758816
272 1748 758819
267 1750 758822
274 1749 758825
270 1749 758828
270 1748 758831
267 1746 758834
269 1745 758837
268 1748 758840
0 1746 758843
268 1745 758846
270 1752 758849
272 1748 758852
268 1743 758855
271 1749 758858
272 1749 758861
268 1746 758864
268 1747 758867
268 1745 758870
269 1748 758873
268 1747 758876
271 1747 758879
271 1750 758882
283 1749 758885
267 1747 758888
269 1745 758891
269 1749 758894
272 1751 758897
270 1751 758900
270 1747 758903
271 1750 758906
269 1746 758909
270 1747 758912
274 1747 758915
271 1748 758918
268 1749 758921
274 1751 758924
270 1748 758927
269 1753 758930
273 1747 758933
270 1746 758936
270 1746 758939
270 1747 758942
270 1745 758945
268 1746 758948
271 1750 758951
269 1747 758954
270 1749 758957
271 1746 758960
266 1660 758963
268 1748 758966
271 1741 758969
266 1750 758972
272 1746 758975
269 1746 758978
271 1751 758981
271 1747 758984
269 1746 758987
272 1748 758990
269 1747 758993
268 1747 758996
268 1742 759000
338 1312 759003
271 1747 759006
273 1749 759009
274 1743 759012
270 1750 759015
271 1749 759018
271 1746 759021
269 1747 759024
270 1753 759027
270 1746 759030
269 1747 759032
270 1748 759035
270 1747 759038
877 1750 759041
268 1746 759044
271 1747 759047
275 1749 759050
268 1746 759053
267 1749 759056
270 1745 759059
269 1748 759062
271 1749 759065
269 1745 759068
271 1750 759071
273 1750 759074
270 1749 759077
268 1739 759080
285 1748 759083
273 1744 759086
268 1749 759089
270 1748 759092
271 1743 759095
272 1747 759098
270 1749 759101
269 1747 759104
268 1747 759107
270 1748 759110
268 1747 759113
272 1757 759116
270 1756 759119
436 1749 759122
272 1750 759125
274 1744 759128
269 1750 759131
270 1749 759134
269 1746 759137
270 1748 759140
269 1747 759143
268 1743 759146
269 1747 759149
269 1748 759152
267 1751 759155
272 1748 759158
272 1742 759161
270 1748 759164
266 1749 759167
270 1747 759170
268 1746 759173
271 1751 759176
269 1747 759179
269 1746 759182
268 1749 759185
271 1748 759188
271 1749 759191
270 1748 759194
270 1748 759197
290 2620 759200
270 1748 759203
270 1750 759206
271 1746 759209
264 1746 759212
273 1749 759215
273 1746 759218
269 1749 759221
267 1748 759224
269 1750 759227
276 1749 759230
269 1748 759233
270 1748 759236
271 1720 759239
379 1747 759242
268 1750 759245
267 1743 759248
271 1748 759251
272 1750 759254
272 1748 759257
269 1746 759260
269 1748 759263
268 1747 759266
269 1746 759269
269 1747 759272
271 1749 759275
270 1747 759278
276 1651 759281
275 1747 759284
270 1745 759287
268 1750 759290
270 1746 759293
270 1748 759296
271 1748 759299
268 1747 759302
269 1744 759305
270 1749 759308
268 1746 759311
271 1747 759314
275 1750 759317
272 1743 759320
135 1746 759323
273 1748 759326
268 1748 759329
271 1747 759332
270 1747 759335
269 1748 759338
269 1746 759341
271 1746 759344
270 1751 759347
274 1749 759350
270 1746 759353
271 1748 759356
270 1747 759359
283 1805 759362
273 1746 759365
269 1744 759368
268 1747 759371
274 1746 759374
268 1746 759377
272 1751 759380
269 1749 759383
269 1746 759386
267 1749 759389
271 1747 759392
269 1747 759395
268 1747 759398
269 1836 759401
253 1744 759404
267 1747 759407
272 1747 759410
266 1746 759413
272 1751 759416
274 1747 759419
269 1745 759422
271 1744 759425
267 1748 759428
271 1746 759431
275 1746 759434
273 1752 759437
272 1751 759440
0 1754 759443
271 1749 759446
273 1746 759449
274 1749 759452
269 1747 759455
271 1747 759458
270 1748 759461
269 1745 759464
272 1747 759467
272 1749 759470
272 1748 759473
270 1746 759476
271 1748 759479
268 1749 759482
269 1749 759485
269 1745 759488
267 1750 759491
271 1747 759494
266 1745 759497
270 1748 759500
271 1747 759503
272 1749 759506
267 1747 759509
268 1749 759512
270 1746 759515
268 1749 759518
269 1747 759521
271 1742 759524
281 1748 759527
271 1750 759530
269 1744 759533
272 1748 759536
270 1747 759539
264 1745 759542
270 1747 759545
269 1747 759548
269 1753 759551
268 1745 759554
270 1748 759557
268 1749 759560
268 1745 759563
274 1718 759566
271 1748 759569
271 1744 759572
266 1750 759575
272 1747 759578
269 1745 759581
272 1751 759584
270 1749 759587
269 1750 759590
271 1746 759593
269 1747 759596
268 1747 759599
271 1749 759602
275 1767 759605
229 1746 759608
269 1750 759611
269 1744 759614
270 1751 759617
269 1749 759620
273 1747 759623
267 1747 759626
271 1747 759629
269 1746 759632
268 1746 759635
270 1749 759638
270 1747 759641
272 1747 759644
271 1601 759647
266 1751 759650
271 1739 759653
266 1748 759656
269 1745 759659
270 1747 759662
268 1748 759665
271 1745 759668
269 1748 759671
271 1747 759674
268 1744 759677
270 1747 759680
269 1749 759683
271 1737 759686
460 1749 759689
267 1747 759692
267 1745 759695
272 1746 759698
270 1747 759701
270 1749 759704
272 1745 759707
269 1748 759710
270 1748 759713
270 1748 759716
273 1749 759719
272 1748 759722
269 1749 759725
255 1626 759728
268 1746 759731
272 1745 759734
267 1749 759737
273 1748 759740
272 1747 759743
269 1746 759746
270 1750 759749
269 1749 759752
270 1749 759755
269 1746 759758
267 1745 759761
268 1747 759764
270 1740 759767
307 1752 759770
270 1749 759773
265 1746 759776
271 1749 759779
289 1747 759782
270 1745 759785
270 1749 759788
268 1745 759791
271 1750 759794
270 1746 759797
269 1746 759800
271 1747 759803
267 1748 759806
275 1744 759809
270 1747 759812
270 1746 759815
268 1750 759818
272 1746 759821
268 1747 759824
271 1748 759827
270 1746 759830
272 1747 759833
269 1749 759836
272 1748 759839
273 1745 759842
269 1747 759845
269 1742 759848
291 1746 759851
272 1748 759854
266 1747 759857
273 1746 759860
269 1748 759863
270 1748 759866
269 1748 759869
273 1748 759872
271 1747 759875
269 1746 759878
269 1748 759881
269 1752 759884
272 1747 759887
272 1718 759890
271 1750 759893
266 1745 759896
266 1749 759899
271 1748 759902
272 1751 759905
272 1750 759908
269 1745 759911
269 1748 759914
267 1748 759917
270 1747 759920
269 1748 759923
272 1748 759926
268 1745 759929
253 1746 759932
269 1748 759935
266 1748 759938
273 1747 759941
267 1747 759944
272 1747 759947
269 1747 759950
271 1748 759953
268 1747 759956
273 1748 759959
268 1747 759962
266 1747 759965
269 1748 759968
264 1873 759971
268 1747 759974
268 1743 759977
271 1749 759980
270 1749 759983
273 1748 759986
270 1748 759989
273 1748 759992
270 1746 759995
272 1753 759999
270 1748 760002
271 1749 760005
272 1750 760008
338 1743 760011
274 1751 760014
271 1750 760017
274 1747 760020
267 1746 760023
273 1746 760026
268 1748 760029
268 1746 760032
270 1749 760035
271 1749 760038
269 1746 760041
273 1743 760044
271 1749 760046
272 1750 760049
224 1746 760052
268 1748 760055
269 1748 760058
271 1747 760061
265 1745 760064
268 1749 760067
270 1749 760070
273 1747 760073
272 1749 760076
271 1746 760079
271 1743 760082
270 1747 760085
271 1748 760088
273 1745 760091
273 1750 760094
272 1751 760097
270 1745 760100
269 1749 760103
273 1750 760106
272 1748 760109
266 1748 760112
271 1747 760115
270 1746 760118
269 1745 760121
272 1747 760124
271 1749 760127
248 1855 760130
271 1745 760133
269 1745 760136
269 1750 760139
275 1748 760142
269 1749 760145
274 1751 760148
270 1747 760151
270 1746 760154
269 1746 760157
271 1746 760160
273 1747 760163
269 1750 760166
271 1752 760169
268 1752 760172
272 1748 760175
272 1749 760178
270 1744 760181
267 1747 760184
272 1748 760187
269 1750 760190
270 1747 760193
269 1748 760196
271 1748 760199
270 1747 760202
270 1748 760205
274 1751 760208
340 1745 760211
267 1749 760214
266 1741 760217
270 1748 760220
269 1748 760223
270 1747 760226
270 1749 760229
268 1746 760232
262 1749 760235
272 1750 760238
271 1749 760241
266 1745 760244
271 1747 760247
265 1740 760250
270 1745 760253
268 1750 760256
272 1753 760259
271 1749 760262
268 1746 760265
269 1747 760268
265 1746 760271
270 1748 760274
270 1745 760277
271 1752 760280
271 1746 760283
270 1748 760286
279 1636 760289
272 1749 760292
270 1747 760295
266 1746 760298
271 1748 760301
267 1748 760304
271 1747 760307
266 1748 760310
275 1748 760313
271 1746 760316
274 1747 760319
271 1748 760322
269 1747 760325
273 1752 760328
269 1746 760331
273 1751 760334
273 1749 760337
269 1747 760340
267 1747 760343
272 1745 760346
269 1747 760349
266 1748 760352
271 1747 760355
269 1749 760358
271 1744 760361
269 1746 760364
266 1736 760367
294 1749 760370
271 1750 760373
265 1743 760376
270 1752 760379
271 1747 760382
270 1747 760385
271 1750 760388
269 1750 760391
272 1750 760394
268 1745 760397
269 1750 760400
271 1747 760403
269 1844 760406
273 1743 760409
273 1748 760412
271 1748 760415
268 1748 760418
271 1751 760421
272 1750 760424
274 1748 760427
270 1746 760430
270 1750 760433
269 1744 760436
268 1749 760439
269 1748 760442
270 1731 760445
275 1756 760448
269 1746 760451
267 1750 760454
273 1745 760457
269 1747 760460
269 1751 760463
270 1747 760466
270 1748 760469
272 1750 760472
270 1747 760475
274 1747 760478
270 1748 760481
269 1750 760484
281 1680 760487
269 1746 760490
273 1747 760493
268 1744 760496
270 1750 760499
272 1748 760502
272 1747 760505
268 1748 760508
269 1746 760511
269 1746 760514
271 1747 760517
269 1749 760520
271 1748 760523
271 1749 760526
271 1747 760529
272 1749 760532
274 1747 760535
271 1746 760538
263 1747 760541
270 1747 760544
270 1746 760547
270 1745 760550
269 1750 760553
272 1747 760556
271 1750 760559
272 1749 760562
269 1760 760565
219 1748 760568
269 1746 760571
266 1745 760574
270 1749 760577
269 1746 760580
270 1747 760583
268 1747 760586
268 1749 760589
274 1751 760592
272 1749 760595
271 1746 760598
270 1748 760601
270 1748 760604
268 1753 760607
272 1747 760610
267 1752 760613
275 1748 760616
269 1746 760619
270 1746 760622
268 1749 760625
268 1746 760628
270 1749 760631
270 1753 760634
273 1748 760637
267 1747 760640
271 1749 760643
190 1747 760646
271 1748 760649
271 1750 760652
270 1745 760655
267 1745 760658
267 1745 760661
270 1747 760664
272 1749 760667
271 1748 760670
267 1747 760673
273 1748 760676
268 1747 760679
271 1748 760682
270 1762 760685
235 1748 760688
272 1747 760691
266 1745 760694
271 1749 760697
271 1748 760700
267 1747 760703
267 1745 760706
272 1748 760709
270 1747 760712
271 1749 760715
269 1750 760718
272 1747 760721
270 1748 760724
289 1728 760727
268 1748 760730
269 1743 760733
271 1751 760736
267 1746 760739
268 1745 760742
269 1746 760745
270 1748 760748
269 1742 760751
273 1748 760754
271 1748 760757
268 1745 760760
276 1747 760763
272 1770 760766
266 1746 760769
270 1753 760772
267 1749 760775
269 1746 760778
273 1748 760781
269 1747 760784
270 1749 760787
272 1746 760790
267 1744 760793
271 1747 760796
270 1746 760799
274 1748 760802
271 1748 760805
226 1826 760808
271 1742 760811
268 1746 760814
267 1748 760817
270 1748 760820
272 1745 760823
268 1749 760826
272 1749 760829
270 1746 760832
271 1751 760835
269 1747 760838
271 1749 760841
269 1743 760844
270 1825 760847
270 1749 760850
271 1747 760853
276 1749 760856
269 1745 760859
270 1744 760862
270 1747 760865
274 1748 760868
268 1746 760871
272 1745 760874
271 1748 760877
270 1746 760880
270 1749 760883
271 1746 760886
271 1753 760889
267 1748 760892
271 1747 760895
272 1751 760898
271 1746 760901
268 1747 760904
273 1748 760907
269 1745 760910
270 1747 760913
270 1748 760916
269 1745 760919
273 1749 760922
270 1747 760925
270 1751 760928
253 1749 760931
269 1748 760934
270 1744 760937
271 1745 760940
270 1744 760943
269 1746 760946
271 1749 760949
266 1747 760952
271 1748 760955
273 1747 760958
271 1747 760961
271 1746 760964
273 1750 760967
269 1747 760970
268 1754 760973
270 1748 760976
270 1746 760979
271 1747 760982
269 1749 760985
272 1751 760988
269 1747 760991
270 1748 760994
269 1748 760997
268 1745 761001
270 1745 761004
271 1746 761007
270 1750 761010
274 1742 761013
188 1748 761016
271 1747 761019
270 1749 761022
273 1749 761025
270 1748 761028
269 1746 761031
268 1745 761034
269 1747 761037
270 1748 761040
272 1747 761043
271 1746 761045
270 1748 761048
274 1746 761051
424 1747 761054
272 1748 761057
271 1753 761060
270 1745 761063
271 1746 761066
269 1749 761069
270 1747 761072
270 1748 761075
270 1750 761078
271 1747 761081
269 1746 761084
273 1748 761087
276 1746 761090
271 1750 761093
272 1747 761096
270 1746 761099
271 1753 761102
272 1743 761105
269 1746 761108
273 1749 761111
270 1747 761114
272 1749 761117
271 1745 761120
269 1749 761123
272 1749 761126
271 1747 761129
268 1748 761132
273 1747 761135
233 1747 761138
271 1744 761141
268 1749 761144
271 1747 761147
271 1749 761150
268 1746 761153
274 1749 761156
271 1748 761159
269 1748 761162
268 1741 761165
269 1748 761168
269 1749 761171
271 1744 761174
275 1775 761177
270 1747 761180
272 1746 761183
272 1746 761186
270 1747 761189
270 1750 761192
272 1747 761195
267 1744 761198
273 1749 761201
270 1747 761204
269 1747 761207
271 1749 761210
271 1748 761213
273 1746 761216
258 1741 761219
269 1748 761222
272 1748 761225
272 1746 761228
269 1748 761231
272 1748 761234
264 1746 761237
269 1746 761240
272 1749 761243
271 1749 761246
271 1747 761249
268 1747 761252
271 1775 761255
503 1747 761258
272 1749 761261
265 1745 761264
269 1749 761267
269 1747 761270
267 1749 761273
271 1748 761276
269 1746 761279
268 1749 761282
269 1747 761285
269 1750 761288
270 1749 761291
271 1749 761294
94 1746 761297
269 1747 761300
268 1750 761303
270 1746 761306
270 1756 761309
271 1750 761312
271 1748 761315
268 1746 761318
271 1751 761321
269 1750 761324
269 1750 761327
267 1746 761330
267 1749 761333
268 1658 761336
270 1745 761339
267 1750 761342
275 1750 761345
270 1746 761348
267 1749 761351
266 1749 761354
266 1749 761357
271 1750 761360
274 1750 761363
269 1749 761366
269 1746 761369
270 1748 761372
269 1750 761375
245 1606 761378
272 1746 761381
269 1744 761384
267 1746 761387
269 1748 761390
271 1748 761393
271 1749 761396
270 1749 761399
266 1745 761402
271 1748 761405
268 1748 761408
264 1749 761411
270 1750 761414
0 1751 761417
271 1748 761420
267 1749 761423
272 1746 761426
267 1744 761429
270 1749 761432
270 1747 761435
276 1748 761438
268 1749 761441
270 1750 761444
269 1750 761447
269 1747 761450
270 1747 761453
268 1746 761456
271 1747 761459
267 1745 761462
268 1749 761465
270 1748 761468
269 1746 761471
268 1750 761474
271 1749 761477
271 1747 761480
268 1749 761483
269 1750 761486
269 1746 761489
271 1745 761492
268 1754 761495
452 1747 761498
267 1746 761501
269 1745 761504
269 1750 761507
272 1750 761510
270 1747 761513
268 1747 761516
267 1744 761519
266 1748 761522
269 1748 761525
266 1746 761528
273 1745 761531
269 1738 761534
225 1748 761537
268 1745 761540
255 1746 761543
269 1753 761546
273 1745 761549
267 1747 761552
268 1748 761555
269 1747 761558
268 1748 761561
271 1749 761564
270 1746 761567
270 1744 761570
265 1741 761573
233 1745 761576
271 1746 761579
251 1732 761582
274 1751 761585
271 1748 761588
268 1748 761591
268 1749 761594
274 1747 761597
268 1749 761600
270 1746 761603
270 1748 761606
268 1748 761609
270 1731 761612
374 1748 761615
269 1749 761618
259 1733 761621
281 1755 761624
269 1746 761627
265 1747 761630
269 1748 761633
270 1750 761636
269 1749 761639
269 1748 761642
271 1749 761645
265 1747 761648
268 1784 761651
272 1743 761654
271 1748 761657
274 1734 761660
258 1760 761663
275 1753 761666
270 1742 761669
268 1751 761672
270 1748 761675
268 1749 761678
271 1746 761681
268 1747 761684
268 1750 761687
271 1748 761690
269 1754 761693
272 1751 761696
281 1765 761699
261 1737 761702
269 1754 761705
271 1746 761708
266 1748 761711
270 1746 761714
270 1748 761717
269 1749 761720
271 1746 761723
267 1746 761726
273 1749 761729
249 1569 761732
273 1744 761735
269 1814 761738
266 1760 761741
275 1741 761744
265 1748 761747
275 1753 761750
269 1748 761753
270 1750 761756
268 1745 761759
270 1749 761762
261 1746 761765
269 1747 761768
274 1754 761771
267 1760 761774
268 1753 761777
284 1742 761780
258 1744 761783
276 1753 761786
273 1746 761789
266 1746 761792
272 1748 761795
270 1745 761798
268 1748 761801
271 1743 761804
269 1751 761807
270 1755 761810
268 1747 761813
268 1749 761816
289 1748 761819
256 1744 761822
272 1752 761825
273 1744 761828
266 1749 761831
271 1744 761834
266 1748 761837
266 1749 761840
270 1746 761843
267 1746 761846
269 1748 761849
271 1752 761852
263 1747 761855
269 1755 761858
286 1742 761861
262 1744 761864
274 1753 761867
270 1748 761870
270 1747 761873
272 1749 761876
268 1747 761879
273 1748 761882
272 1750 761885
271 1747 761888
267 1749 761891
255 1768 761894
268 1747 761897
271 1750 761900
265 1759 761903
270 1742 761906
266 1750 761909
271 1747 761912
267 1743 761915
269 1746 761918
270 1748 761921
264 1748 761924
270 1746 761927
274 1749 761930
271 1748 761933
273 1765 761936
271 1747 761939
267 1765 761942
270 1734 761945
261 1748 761948
273 1751 761951
268 1748 761954
268 1749 761957
270 1746 761960
265 1742 761963
269 1747 761966
269 1750 761969
268 1748 761972
272 1750 761975
269 1745 761978
269 1748 761981
284 1742 761984
257 1766 761987
273 1754 761990
271 1745 761993
268 1747 761996
273 1748 762000
267 1747 762003
269 1747 762006
270 1744 762009
269 1745 762012
268 1750 762015
269 1654 762018
273 1751 762021
271 1750 762024
284 1735 762027
260 1748 762030
275 1753 762033
266 1744 762036
269 1748 762039
270 1751 762042
271 1749 762044
270 1746 762047
270 1752 762050
274 1747 762053
271 1750 762056
270 1747 762059
272 1747 762062
270 1747 762065
288 1749 762068
252 1746 762071
270 1753 762074
272 1744 762077
267 1743 762080
269 1749 762083
270 1746 762086
270 1747 762089
271 1748 762092
266 1748 762095
270 1748 762098
269 1764 762101
254 1755 762104
268 1746 762107
265 1743 762110
282 1744 762113
261 1743 762116
271 1750 762119
272 1746 762122
269 1748 762125
270 1748 762128
266 1747 762131
267 1749 762134
270 1748 762137
268 1745 762140
267 1748 762143
251 1739 762146
270 1746 762149
266 1726 762152
269 1751 762155
276 1745 762158
262 1745 762161
271 1752 762164
270 1747 762167
271 1749 762170
269 1748 762173
269 1749 762176
271 1748 762179
270 1747 762182
266 1748 762185
271 1755 762188
266 1749 762191
270 1764 762194
269 1736 762197
266 1748 762200
275 1752 762203
266 1744 762206
271 1748 762209
272 1741 762212
269 1749 762215
267 1746 762218
270 1746 762221
267 1747 762224
270 1745 762227
268 1736 762230
277 1748 762233
271 1750 762236
324 1742 762239
276 1751 762242
260 1744 762245
270 1746 762248
268 1743 762251
270 1748 762254
263 1747 762257
271 1746 762260
273 1750 762263
270 1748 762266
268 1745 762269
268 1746 762272
270 1737 762275
269 1747 762278
274 1763 762281
258 1736 762284
271 1752 762287
275 1746 762290
269 1745 762293
270 1751 762296
271 1749 762299
266 1748 762302
269 1745 762305
267 1749 762308
270 1744 762311
270 1747 762314
323 1748 762317
268 1746 762320
267 1740 762323
253 1749 762326
267 1754 762329
271 1742 762332
267 1750 762335
270 1751 762338
268 1747 762341
272 1749 762344
271 1749 762347
269 1747 762350
272 1749 762353
268 1748 762356
267 1744 762359
343 1748 762362
268 1748 762365
254 1748 762368
270 1755 762371
268 1743 762374
264 1752 762377
272 1747 762380
265 1744 762383
271 1749 762386
268 1748 762389
269 1747 762392
272 1751 762395
267 1746 762398
269 1747 762401
253 1714 762404
269 1748 762407
270 1762 762410
272 1757 762413
259 1741 762416
271 1754 762419
272 1745 762422
269 1749 762425
274 1744 762428
272 1749 762431
270 1746 762434
265 1751 762437
253 1749 762440
270 1745 762443
270 1723 762446
251 1746 762449
269 1747 762452
296 1742 762455
277 1753 762458
261 1745 762461
269 1751 762464
270 1747 762467
266 1747 762470
270 1747 762473
268 1746 762476
272 1750 762479
268 1746 762482
267 1749 762485
270 1746 762488
341 1744 762491
264 1747 762494
269 1728 762497
275 1746 762500
271 1750 762503
264 1744 762506
269 1752 762509
272 1747 762512
267 1743 762515
270 1750 762518
270 1746 762521
268 1745 762524
268 1747 762527
268 1748 762530
272 1743 762533
262 1725 762536
268 1748 762539
278 1761 762542
261 1739 762545
278 1750 762548
271 1745 762551
265 1743 762554
270 1749 762557
270 1749 762560
271 1748 762563
271 1747 762566
267 1748 762569
270 1747 762572
270 1749 762575
271 1729 762578
434 1748 762581
269 1747 762584
247 1752 762587
267 1755 762590
268 1742 762593
268 1749 762596
272 1749 762599
267 1749 762602
268 1749 762605
269 1748 762608
269 1749 762611
272 1748 762614
270 1746 762617
267 1750 762620
269 1731 762623
247 1748 762626
271 1756 762629
289 1740 762632
258 1745 762635
273 1753 762638
270 1745 762641
265 1750 762644
267 1745 762647
275 1748 762650
269 1745 762653
266 1745 762656
270 1751 762659
271 1751 762662
269 1746 762665
268 1748 762668
270 1747 762671
269 1736 762674
254 1751 762677
268 1749 762680
271 1742 762683
267 1748 762686
273 1745 762689
270 1750 762692
271 1748 762695
271 1749 762698
268 1747 762701
269 1747 762704
268 1746 762707
269 1748 762710
323 1748 762713
270 1746 762716
271 1724 762719
287 1744 762722
276 1753 762725
266 1746 762728
272 1751 762731
269 1747 762734
269 1746 762737
269 1751 762740
272 1746 762743
266 1746 762746
271 1748 762749
269 1747 762752
270 1742 762755
173 1749 762758
269 1748 762761
270 1727 762764
267 1751 762767
268 1753 762770
265 1744 762773
270 1750 762776
269 1749 762779
270 1756 762782
268 1747 762785
271 1746 762788
265 1744 762791
270 1748 762794
270 1745 762797
268 1748 762800
267 1755 762803
267 1747 762806
270 1753 762809
244 1740 762812
273 1753 762815
271 1745 762818
266 1747 762821
271 1748 762824
267 1746 762827
269 1748 762830
272 1748 762833
270 1748 762836
277 1748 762839
270 1748 762842
268 1747 762845
270 1734 762848
302 1747 762851
272 1759 762854
285 1739 762857
260 1746 762860
276 1754 762863
267 1743 762866
269 1749 762869
269 1750 762872
268 1750 762875
267 1746 762878
271 1747 762881
268 1748 762884
271 1748 762887
269 1748 762890
268 1717 762893
351 1747 762896
267 1737 762899
267 1754 762902
279 1741 762905
264 1749 762908
271 1749 762911
270 1748 762914
268 1747 762917
270 1744 762920
268 1750 762923
268 1748 762926
271 1748 762929
270 1746 762932
268 1748 762935
272 2078 762938
271 1747 762941
268 1744 762944
248 1738 762947
266 1749 762950
275 1742 762953
266 1746 762956
273 1747 762959
271 1750 762962
269 1749 762965
272 1749 762968
270 1749 762971
271 1750 762974
270 1744 762977
268 1747 762980
268 1748 762983
274 1746 762986
270 1749 762989
261 1728 762992
285 1750 762995
277 1749 762999
264 1745 763002
270 1751 763005
272 1750 763008
268 1744 763011
272 1750 763014
270 1749 763017
270 1748 763020
269 1751 763023
269 1747 763026
268 1749 763029
270 1749 763032
269 1746 763035
257 1733 763038
277 1748 763041
276 1744 763044
261 1749 763046
273 1747 763049
270 1745 763052
268 1751 763055
271 1747 763058
270 1747 763061
270 1746 763064
268 1746 763067
267 1747 763070
265 1757 763073
407 1746 763076
269 1749 763079
333 1744 763082
279 1754 763085
262 1743 763088
274 1750 763091
285 1747 763094
270 1748 763097
268 1746 763100
272 1747 763103
267 1748 763106
270 1746 763109
270 1747 763112
271 1749 763115
267 1752 763118
275 1747 763121
267 1770 763124
269 1735 763127
262 1750 763130
273 1750 763133
269 1748 763136
270 1750 763139
271 1749 763142
264 1747 763145
269 1750 763148
267 1747 763151
268 1750 763154
271 1749 763157
269 1747 763160
254 1743 763163
265 1746 763166
265 1754 763169
281 1738 763172
261 1752 763175
273 1749 763178
268 1744 763181
266 1743 763184
271 1748 763187
269 1747 763190
268 1749 763193
268 1747 763196
268 1749 763199
270 1747 763202
272 1735 763205
268 1748 763208
267 1741 763211
285 1752 763214
257 1740 763217
271 1751 763220
272 1745 763223
267 1748 763226
269 1750 763229
267 1744 763232
266 1748 763235
269 1751 763238
275 1749 763241
267 1749 763244
268 1748 763247
276 1752 763250
269 1747 763253
285 1736 763256
256 1750 763259
270 1749 763262
270 1741 763265
268 1754 763268
273 1749 763271
270 1748 763274
266 1748 763277
270 1747 763280
270 1748 763283
272 1746 763286
269 1750 763289
252 1728 763292
269 1748 763295
268 1742 763298
276 1756 763301
261 1742 763304
271 1754 763307
270 1745 763310
267 1747 763313
272 1746 763316
270 1746 763319
272 1750 763322
271 1749 763325
271 1749 763328
270 1747 763331
269 1819 763334
271 1746 763337
269 1722 763340
266 1743 763343
274 1750 763346
261 1745 763349
272 1746 763352
269 1746 763355
271 1747 763358
271 1749 763361
267 1746 763364
268 1751 763367
269 1746 763370
268 1746 763373
648 1746 763376
272 1756 763379
268 1754 763382
249 1731 763385
274 1757 763388
276 1746 763391
267 1748 763394
272 1748 763397
266 1746 763400
269 1749 763403
270 1749 763406
266 1750 763409
272 1750 763412
267 1746 763415
269 1754 763418
266 1750 763421
269 1767 763424
273 1732 763427
263 1755 763430
274 1751 763433
269 1744 763436
269 1750 763439
270 1747 763442
270 1747 763445
268 1745 763448
269 1745 763451
270 1749 763454
270 1750 763457
270 1753 763460
257 1743 763463
271 1756 763466
283 1739 763469
258 1759 763472
