3824 3064 8732243
3879 3084 8732246
3822 3095 8732249
3866 3105 8732252
3810 3075 8732255
3824 3098 8732258
3830 3092 8732261
3820 3092 8732264
3823 3090 8732267
3821 3089 8732270
3822 3091 8732273
3823 3092 8732276
3816 3090 8732279
3822 3093 8732282
3823 3094 8732285
3823 3091 8732288
3845 3085 8732291
3824 3121 8732294
3815 3062 8732297
3812 3100 8732300
3834 3095 8732303
3818 3089 8732306
3822 3096 8732309
3824 3093 8732312
3822 3090 8732315
3825 3091 8732318
3820 3090 8732321
3821 3091 8732324
3823 3093 8732327
3822 3092 8732330
3820 3103 8732333
3816 3095 8732336
3823 3084 8732339
3788 3083 8732342
3832 3107 8732345
3827 3084 8732348
3818 3091 8732351
3825 3095 8732354
3823 3090 8732357
3823 3092 8732360
3828 3096 8732363
3821 3092 8732366
3821 3093 8732369
3823 3082 8732372
3822 3095 8732375
3823 3105 8732378
3818 3091 8732381
3825 3087 8732384
3787 3077 8732387
3833 3104 8732390
3824 3084 8732393
3818 3093 8732396
3823 3091 8732399
3820 3091 8732402
3819 3092 8732405
3824 3093 8732408
3823 3093 8732411
3822 3094 8732414
3823 3092 8732417
3823 3089 8732420
3824 3089 8732423
3838 3088 8732426
3822 3104 8732429
3811 3072 8732432
3823 3097 8732435
3826 3094 8732438
3824 3094 8732441
3824 3094 8732444
3823 3092 8732447
3822 3093 8732450
3823 3094 8732453
3822 3092 8732456
3823 3092 8732459
3822 3091 8732462
3822 3091 8732465
3823 3081 8732468
3849 3088 8732471
3823 3100 8732474
3831 3085 8732477
3827 3089 8732480
3823 3094 8732483
3822 3090 8732486
3820 3089 8732489
3822 3094 8732492
3823 3094 8732495
3824 3092 8732498
3827 3091 8732501
3824 3095 8732504
3822 3094 8732507
3825 3101 8732510
3825 3071 8732513
3800 3089 8732516
3821 3085 8732519
3819 3091 8732522
3825 3091 8732525
3823 3094 8732528
3822 3089 8732531
3823 3094 8732534
3824 3093 8732537
3819 3093 8732540
3824 3091 8732543
3823 3093 8732546
3823 3094 8732549
3823 3088 8732552
3820 3090 8732555
3823 3174 8732558
3818 3090 8732561
3818 3091 8732564
3819 3093 8732567
3825 3093 8732570
3823 3093 8732573
3821 3091 8732576
3822 3091 8732579
3825 3095 8732582
3819 3090 8732585
3821 3091 8732588
3823 3089 8732591
3823 3093 8732594
3820 3090 8732597
3825 3092 8732600
3825 3094 8732603
3829 3102 8732606
3823 3092 8732609
3827 3091 8732612
3818 3090 8732615
3821 3092 8732618
3823 3090 8732621
3822 3093 8732624
3822 3094 8732627
3821 3091 8732630
3822 3092 8732633
3825 3093 8732636
3823 3091 8732639
3822 3092 8732642
3822 3091 8732645
3823 3092 8732648
3816 3058 8732651
3821 3090 8732654
3821 3095 8732657
3823 3092 8732660
3819 3088 8732663
3823 3090 8732666
3823 3094 8732669
3821 3092 8732672
3822 3091 8732675
3825 3092 8732678
3821 3094 8732681
3822 3092 8732684
3823 3092 8732687
3823 3092 8732690
3823 3093 8732693
3898 3089 8732696
3824 3091 8732699
3822 3090 8732702
3818 3085 8732705
3822 3092 8732708
3816 3091 8732711
3822 3090 8732714
3823 3094 8732717
3825 3094 8732720
3822 3092 8732723
3825 3090 8732726
3819 3090 8732729
3822 3092 8732732
3825 3091 8732735
3822 3095 8732738
3823 3094 8732741
3801 3091 8732744
3823 3092 8732747
3825 3095 8732750
3822 3090 8732753
3822 3094 8732756
3821 3091 8732759
3821 3089 8732762
3824 3092 8732765
3824 3092 8732768
3821 3095 8732771
3822 3093 8732774
3823 3091 8732777
3822 3092 8732780
3821 3091 8732783
3822 3133 8732786
3697 3096 8732789
3824 3095 8732792
3817 3088 8732795
3821 3093 8732798
3824 3093 8732801
3822 3094 8732804
3823 3092 8732807
3823 3093 8732810
3825 3093 8732813
3822 3092 8732816
3822 3093 8732819
3822 3096 8732822
3824 3092 8732825
3818 3090 8732828
3822 3092 8732831
3820 3104 8732834
3824 3092 8732837
3826 3094 8732840
3819 3090 8732843
3822 3094 8732846
3846 3094 8732849
3825 3091 8732852
3819 3084 8732855
3815 3079 8732858
3812 3076 8732861
3813 3081 8732864
3824 3059 8732867
3857 3001 8732870
3897 2947 8732873
3923 2936 8732876
3913 2903 8732879
3914 2959 8732882
3912 2961 8732885
3914 2957 8732888
3913 2956 8732891
3911 2953 8732894
3916 2953 8732897
3915 2956 8732900
3915 2959 8732903
3917 2953 8732906
3916 2954 8732909
3918 2957 8732912
3911 2954 8732915
3915 2954 8732918
3914 2955 8732921
4007 2753 8732924
3915 2953 8732927
3915 2952 8732930
3916 2958 8732933
3917 2955 8732936
3916 2954 8732939
3917 2954 8732942
3914 2953 8732945
3913 2954 8732948
3914 2954 8732951
3915 2954 8732954
3919 2956 8732957
3913 2953 8732960
3914 2956 8732963
3916 2951 8732966
3856 2954 8732969
3916 2953 8732972
3917 2951 8732975
3914 2954 8732978
3912 2953 8732981
3915 2953 8732984
3916 2955 8732987
3915 2954 8732990
3913 2954 8732993
3918 2955 8732996
3916 2955 8733000
3917 2953 8733003
3915 2954 8733006
3914 2955 8733009
3915 2954 8733012
3916 2954 8733015
3908 2955 8733018
3915 2956 8733021
3920 2956 8733024
3913 2954 8733027
3917 2957 8733029
3919 2952 8733032
3915 2954 8733035
3913 2955 8733038
3917 2955 8733041
3913 2954 8733044
3917 2956 8733047
3919 2953 8733050
3915 2955 8733053
3914 2953 8733056
3924 2941 8733059
3895 2948 8733062
3910 2953 8733065
3913 2950 8733068
3909 2942 8733071
3908 2947 8733074
3909 2946 8733077
3906 2943 8733080
3904 2944 8733083
3907 2944 8733086
3907 2943 8733089
3906 2942 8733092
3904 2942 8733095
3903 2944 8733098
3904 2939 8733101
3902 2961 8733104
3857 2942 8733107
3904 2938 8733110
3903 2944 8733113
3903 2941 8733116
3902 2939 8733119
3901 2940 8733122
3905 2939 8733125
3903 2940 8733128
3903 2942 8733131
3901 2939 8733134
3901 2941 8733137
3905 2940 8733140
3906 2945 8733143
3906 2943 8733146
3904 2941 8733149
3991 2942 8733152
3904 2942 8733155
3899 2941 8733158
3908 2942 8733161
3903 2940 8733164
3904 2944 8733167
3905 2942 8733170
3906 2942 8733173
3901 2944 8733176
3906 2946 8733179
3906 2943 8733182
3906 2943 8733185
3907 2945 8733188
3906 2942 8733191
3906 3029 8733194
4059 2948 8733197
3907 2945 8733200
3902 2939 8733203
3907 2948 8733206
3907 2943 8733209
3906 2944 8733212
3907 2943 8733215
3905 2946 8733218
3904 2944 8733221
3905 2942 8733224
3903 2943 8733227
3907 2946 8733230
3907 2943 8733233
3906 2945 8733236
3909 3288 8733239
3908 2947 8733242
3908 2946 8733245
3905 2943 8733248
3907 2946 8733251
3908 2946 8733254
3906 2947 8733257
3910 2947 8733260
3910 2947 8733263
3910 2948 8733266
3903 2947 8733269
3909 2947 8733272
3908 2947 8733275
3907 2950 8733278
3909 2946 8733281
3909 2947 8733284
3908 2939 8733287
3908 2948 8733290
3913 2947 8733293
3907 2947 8733296
3912 2949 8733299
3906 2947 8733302
3909 2948 8733305
3910 2948 8733308
3912 2950 8733311
3911 2951 8733314
3910 2947 8733317
3909 2949 8733320
3906 2947 8733323
3910 2947 8733326
3911 2951 8733329
3914 2976 8733332
3909 2949 8733335
3913 2953 8733338
3913 2950 8733341
3909 2951 8733344
3911 2949 8733347
3912 2951 8733350
3912 2952 8733353
3912 2946 8733356
3912 2950 8733359
3913 2951 8733362
3910 2951 8733365
3909 2948 8733368
3912 2952 8733371
3912 2950 8733374
3913 2957 8733377
3911 2950 8733380
3909 2951 8733383
3913 2949 8733386
3909 2949 8733389
3910 2952 8733392
3912 2950 8733395
3912 2950 8733398
3909 2949 8733401
3910 2950 8733404
3913 2951 8733407
3912 2952 8733410
3913 2953 8733413
3913 2948 8733416
3913 2953 8733419
3886 3017 8733422
3915 2951 8733425
3909 2951 8733428
3916 2956 8733431
3911 2947 8733434
3911 2948 8733437
3913 2953 8733440
3912 2954 8733443
3916 2951 8733446
3914 2953 8733449
3913 2953 8733452
3913 2949 8733455
3913 2950 8733458
3911 2953 8733461
3915 2953 8733464
3892 3040 8733467
3914 2953 8733470
3910 2952 8733473
3914 2954 8733476
3915 2954 8733479
3917 2953 8733482
3914 2953 8733485
3909 2950 8733488
3913 2950 8733491
3912 2954 8733494
3912 2955 8733497
3912 2951 8733500
3907 2952 8733503
3913 2952 8733506
3913 2953 8733509
3934 2917 8733512
3912 2951 8733515
3909 2952 8733518
3913 2952 8733521
3913 2951 8733524
3912 2952 8733527
3915 2952 8733530
3912 2952 8733533
3913 2952 8733536
3916 2953 8733539
3914 2956 8733542
3914 2954 8733545
3914 2950 8733548
3913 2954 8733551
3914 2954 8733554
3918 2949 8733557
3915 2953 8733560
3914 2958 8733563
3914 2953 8733566
3912 2953 8733569
3915 2956 8733572
3914 2956 8733575
3916 2953 8733578
3917 2954 8733581
3914 2954 8733584
3914 2952 8733587
3916 2951 8733590
3915 2955 8733593
3916 2956 8733596
3915 2952 8733599
3921 2957 8733602
3916 2955 8733605
3916 2959 8733608
3915 2955 8733611
3916 2954 8733614
3915 2957 8733617
3913 2952 8733620
3908 2952 8733623
3915 2953 8733626
3914 2952 8733629
3912 2953 8733632
3915 2954 8733635
3916 2955 8733638
3915 2953 8733641
3911 2950 8733644
3912 2964 8733647
3915 2953 8733650
3915 2953 8733653
3911 2949 8733656
3911 2954 8733659
3915 2953 8733662
3913 2953 8733665
3912 2952 8733668
3916 2952 8733671
3913 2953 8733674
3913 2953 8733677
3915 2953 8733680
3914 2953 8733683
3913 2955 8733686
3914 2953 8733689
3922 2960 8733692
3916 2955 8733695
3914 2951 8733698
3914 2953 8733701
3915 2956 8733704
3915 2956 8733707
3915 2954 8733710
3916 2954 8733713
3914 2956 8733716
3915 2952 8733719
3915 2953 8733722
3917 2957 8733725
3919 2954 8733728
3914 2952 8733731
3915 2954 8733734
3913 2952 8733737
3916 2954 8733740
3918 2951 8733743
3911 2956 8733746
3915 2956 8733749
3915 2952 8733752
3916 2955 8733755
3917 2954 8733758
3916 2951 8733761
3913 2953 8733764
3917 2956 8733767
3916 2953 8733770
3914 2952 8733773
3914 2952 8733776
3916 2953 8733779
3916 2950 8733782
3914 2953 8733785
3916 2952 8733788
3911 2952 8733791
3916 2953 8733794
3911 2953 8733797
3917 2954 8733800
3917 2955 8733803
3916 2954 8733806
3913 2951 8733809
3915 2954 8733812
3914 2955 8733815
3913 2952 8733818
3914 2952 8733821
3915 2955 8733824
3920 3007 8733827
3914 2953 8733830
3916 2956 8733833
3918 2955 8733836
3915 2969 8733839
3914 2952 8733842
3917 2954 8733845
3914 2957 8733848
3916 2955 8733851
3918 2953 8733854
3917 2955 8733857
3914 2955 8733860
3911 2953 8733863
3915 2956 8733866
3915 2955 8733869
3815 3171 8733872
3917 2956 8733875
3917 2953 8733878
3915 2955 8733881
3917 2954 8733884
3914 2952 8733887
3914 2954 8733890
3916 2954 8733893
3913 2953 8733896
3915 2957 8733899
3917 2953 8733902
3917 2955 8733905
3919 2956 8733908
3915 2955 8733911
3915 2953 8733914
3910 2949 8733917
3919 2954 8733920
3915 2954 8733923
3912 2952 8733926
3910 2956 8733929
3915 2952 8733932
3918 2951 8733935
3916 2958 8733938
3915 2954 8733941
3914 2952 8733944
3915 2955 8733947
3913 2954 8733950
3914 2952 8733953
3913 2953 8733956
3913 2955 8733959
3913 2945 8733962
3930 2956 8733965
3918 2956 8733968
3918 2959 8733971
3917 2953 8733974
3911 2955 8733977
3916 2957 8733980
3916 2954 8733983
3916 2956 8733986
3915 2956 8733989
3914 2957 8733992
3913 2951 8733995
3912 2956 8733999
3916 2957 8734002
3916 2955 8734005
3916 2955 8734008
3914 2958 8734011
3914 2955 8734014
3918 2953 8734017
3916 2955 8734020
3916 2955 8734023
3916 2952 8734026
3921 2952 8734029
3913 2956 8734031
3915 2954 8734034
3916 2954 8734037
3918 2955 8734040
3914 2955 8734043
3914 2954 8734046
3912 2952 8734049
3911 2952 8734052
3951 3332 8734055
3917 2953 8734058
3917 2952 8734061
3915 2956 8734064
3915 2953 8734067
3913 2952 8734070
3916 2954 8734073
3914 2952 8734076
3914 2952 8734079
3913 2958 8734082
3917 2954 8734085
3913 2952 8734088
3916 2954 8734091
3918 2953 8734094
3916 2955 8734097
3915 2887 8734100
3856 2955 8734103
3915 2954 8734106
3911 2952 8734109
3916 2952 8734112
3918 2956 8734115
3916 2955 8734118
3916 2956 8734121
3916 2952 8734124
3917 2955 8734127
3917 2955 8734130
3917 2957 8734133
3917 2954 8734136
3915 2955 8734139
3914 2954 8734142
3915 2957 8734145
3874 3910 8734148
3919 2954 8734151
3917 2953 8734154
3915 2956 8734157
3917 2955 8734160
3916 2954 8734163
3914 2951 8734166
3916 2952 8734169
3913 2955 8734172
3914 2955 8734175
3897 2952 8734178
3916 2955 8734181
3915 2955 8734184
3913 2953 8734187
3915 2954 8734190
3915 2954 8734193
3916 2958 8734196
3915 2952 8734199
3917 2950 8734202
3912 2956 8734205
3918 2953 8734208
3916 2954 8734211
3915 2956 8734214
3913 2952 8734217
3912 2953 8734220
3914 2955 8734223
3915 2956 8734226
3918 2956 8734229
3915 2954 8734232
3915 2954 8734235
3916 2952 8734238
3916 2929 8734241
3850 2954 8734244
3915 2955 8734247
3919 2959 8734250
3915 2953 8734253
3917 2956 8734256
3916 2955 8734259
3917 2955 8734262
3915 2959 8734265
3916 2955 8734268
3913 2951 8734271
3915 2955 8734274
3914 2953 8734277
3916 2956 8734280
3917 2956 8734283
3914 2954 8734286
3831 2958 8734289
3916 2955 8734292
3915 2954 8734295
3912 2955 8734298
3917 2955 8734301
3916 2956 8734304
3914 2955 8734307
3918 2953 8734310
3915 2956 8734313
3913 2955 8734316
3913 2954 8734319
3916 2952 8734322
3915 2955 8734325
3915 2955 8734328
3911 2952 8734331
3912 2956 8734334
3931 2965 8734337
3914 2955 8734340
3914 2955 8734343
3915 2955 8734346
3914 2955 8734349
3911 2952 8734352
3914 2955 8734355
3915 2955 8734358
3916 2956 8734361
3915 2956 8734364
3914 2954 8734367
3913 2955 8734370
3915 2954 8734373
3916 2965 8734376
3916 2955 8734379
3915 2953 8734382
3916 2956 8734385
3915 2958 8734388
3915 2952 8734391
3919 2958 8734394
3918 2957 8734397
3913 2953 8734400
3915 2953 8734403
3914 2954 8734406
3916 2957 8734409
3917 2955 8734412
3919 2955 8734415
3914 2956 8734418
3918 2956 8734421
3918 2956 8734424
3918 2959 8734427
3917 2960 8734430
4008 2953 8734433
3916 2952 8734436
3915 2957 8734439
3916 2952 8734442
3914 2954 8734445
3915 2955 8734448
3913 2952 8734451
3917 2955 8734454
3915 2955 8734457
3915 2954 8734460
3915 2953 8734463
3914 2953 8734466
3915 2954 8734469
3913 2956 8734472
3912 2953 8734475
3914 2951 8734478
3905 2954 8734481
3913 2954 8734484
3913 2954 8734487
3916 2954 8734490
3915 2948 8734493
3913 2954 8734496
3916 2952 8734499
3913 2954 8734502
3922 2953 8734505
3915 2954 8734508
3916 2958 8734511
3916 2955 8734514
3914 2950 8734517
3916 2956 8734520
3918 2953 8734523
3913 2954 8734526
3920 2958 8734529
3913 2956 8734532
3918 2956 8734535
3913 2951 8734538
3916 2956 8734541
3918 2954 8734544
3916 2956 8734547
3916 2956 8734550
3714 3220 8720153
3720 3222 8720156
3718 3221 8720159
3718 3221 8720162
3714 3220 8720165
3718 3222 8720168
3744 3221 8720171
3712 3222 8720174
3718 3222 8720177
3703 3226 8720180
3729 3227 8720183
3712 3214 8720186
3721 3224 8720189
3719 3221 8720192
3716 3221 8720195
3714 3218 8720198
3716 3217 8720201
3718 3224 8720204
3719 3220 8720207
3719 3223 8720210
3754 3221 8720213
3712 3224 8720216
3715 3219 8720219
3703 3225 8720222
3728 3225 8720225
3716 3217 8720228
3718 3225 8720231
3738 3222 8720234
3719 3222 8720237
3719 3222 8720240
3716 3220 8720243
3717 3223 8720246
3719 3222 8720249
3716 3219 8720252
3635 3220 8720255
3716 3222 8720258
3719 3225 8720261
3704 3219 8720264
3730 3230 8720267
3716 3216 8720270
3713 3224 8720273
3718 3223 8720276
3718 3217 8720279
3716 3225 8720282
3717 3221 8720285
3717 3223 8720288
3718 3221 8720291
3719 3221 8720294
3718 3223 8720297
3719 3219 8720300
3718 3227 8720303
3717 3210 8720306
3720 3231 8720309
3720 3216 8720312
3716 3223 8720315
3715 3222 8720318
3717 3219 8720321
3719 3219 8720324
3717 3226 8720327
3712 3217 8720330
3717 3221 8720333
3720 3223 8720336
3719 3219 8720339
3727 3217 8720342
3716 3241 8720345
3714 3216 8720348
3708 3219 8720351
3726 3224 8720354
3717 3219 8720357
3719 3224 8720360
3717 3221 8720363
3717 3223 8720366
3721 3220 8720369
3717 3223 8720372
3717 3224 8720375
3721 3222 8720378
3721 3224 8720381
3692 3222 8720384
3716 3221 8720387
3724 3240 8720390
3722 3217 8720393
3709 3222 8720396
3722 3224 8720399
3718 3217 8720402
3718 3224 8720405
3717 3220 8720408
3717 3219 8720411
3721 3223 8720414
3718 3222 8720417
3717 3220 8720420
3718 3221 8720423
3712 3249 8720426
3717 3222 8720429
3718 3223 8720432
3735 3224 8720435
3711 3214 8720438
3716 3225 8720441
3717 3219 8720444
3715 3223 8720447
3721 3222 8720450
3718 3219 8720453
3719 3222 8720456
3720 3220 8720459
3715 3219 8720462
3716 3222 8720465
3719 3259 8720468
3706 3222 8720471
3721 3217 8720474
3701 3217 8720477
3731 3228 8720480
3714 3213 8720483
3718 3223 8720486
3719 3224 8720489
3716 3219 8720492
3717 3221 8720495
3717 3221 8720498
3718 3224 8720501
3719 3222 8720504
3717 3221 8720507
3717 3222 8720510
3716 3221 8720513
3724 3217 8720516
3719 3212 8720519
3722 3213 8720522
3713 3230 8720525
3722 3221 8720528
3715 3220 8720531
3721 3224 8720534
3719 3220 8720537
3718 3223 8720540
3719 3221 8720543
3719 3222 8720546
3718 3224 8720549
3720 3221 8720552
3718 3223 8720555
3729 3171 8720558
3721 3221 8720561
3717 3222 8720564
3735 3227 8720567
3714 3212 8720570
3717 3225 8720573
3724 3218 8720576
3715 3222 8720579
3717 3222 8720582
3716 3220 8720585
3718 3221 8720588
3717 3222 8720591
3713 3219 8720594
3718 3221 8720597
3719 3222 8720600
3718 3236 8720603
3715 3222 8720606
3706 3223 8720609
3709 3216 8720612
3722 3228 8720615
3718 3218 8720618
3716 3223 8720621
3720 3221 8720624
3710 3218 8720627
3718 3223 8720630
3721 3222 8720633
3717 3223 8720636
3720 3222 8720639
3718 3223 8720642
3718 3161 8720645
3715 3218 8720648
3721 3225 8720651
3715 3207 8720654
3726 3231 8720657
3718 3217 8720660
3714 3223 8720663
3720 3222 8720666
3720 3223 8720669
3718 3223 8720672
3718 3220 8720675
3717 3221 8720678
3716 3222 8720681
3720 3220 8720684
3717 3221 8720687
3721 3228 8720690
3656 3223 8720693
3721 3222 8720696
3718 3238 8720699
3726 3219 8720702
3712 3220 8720705
3722 3225 8720708
3717 3221 8720711
3718 3220 8720714
3717 3220 8720717
3714 3218 8720720
3718 3224 8720723
3717 3222 8720726
3718 3222 8720729
3720 3222 8720732
3716 3223 8720735
3729 3219 8720738
3715 3227 8720741
3736 3202 8720744
3713 3211 8720747
3716 3227 8720750
3721 3221 8720753
3717 3221 8720756
3718 3221 8720759
3719 3221 8720762
3719 3223 8720765
3719 3222 8720768
3718 3220 8720771
3718 3219 8720774
3718 3223 8720777
3716 3219 8720780
3724 3220 8720783
3719 3237 8720786
3715 3219 8720789
3707 3218 8720792
3726 3226 8720795
3719 3217 8720798
3716 3224 8720801
3721 3221 8720804
3718 3221 8720807
3717 3222 8720810
3717 3219 8720813
3716 3221 8720816
3719 3222 8720819
3719 3225 8720822
3719 3223 8720825
3714 3223 8720828
3718 3224 8720831
3705 3220 8720834
3726 3225 8720837
3712 3217 8720840
3716 3224 8720843
3719 3220 8720846
3715 3219 8720849
3718 3222 8720852
3719 3224 8720855
3716 3218 8720858
3716 3222 8720861
3720 3221 8720864
3717 3222 8720867
3708 3225 8720870
3715 3220 8720873
3719 3241 8720876
3724 3214 8720879
3711 3217 8720882
3722 3227 8720885
3717 3219 8720888
3716 3218 8720891
3717 3222 8720894
3719 3237 8720897
3717 3223 8720900
3716 3221 8720903
3716 3222 8720906
3720 3224 8720909
3717 3198 8720912
3578 3220 8720915
3726 3221 8720918
3686 3228 8720921
3740 3230 8720924
3712 3213 8720927
3715 3228 8720930
3721 3223 8720933
3716 3222 8720936
3722 3225 8720939
3719 3222 8720942
3717 3222 8720945
3718 3221 8720948
3716 3224 8720951
3718 3221 8720954
3723 3221 8720957
3699 3232 8720960
3719 3192 8720963
3690 3226 8720966
3734 3234 8720969
3716 3215 8720972
3717 3225 8720975
3723 3222 8720978
3712 3219 8720981
3718 3224 8720984
3718 3219 8720987
3715 3224 8720990
3717 3219 8720993
3717 3223 8720996
3718 3297 8721000
3712 3207 8721003
3726 3219 8721006
3681 3204 8721009
3731 3239 8721012
3718 3214 8721015
3709 3223 8721018
3720 3223 8721021
3717 3218 8721024
3718 3223 8721027
3719 3219 8721030
3718 3220 8721033
3717 3220 8721036
3718 3222 8721038
3719 3222 8721041
3706 3150 8721044
3720 3222 8721047
3716 3200 8721050
3734 3244 8721053
3720 3214 8721056
3711 3221 8721059
3724 3226 8721062
3721 3220 8721065
3717 3223 8721068
3719 3222 8721071
3718 3223 8721074
3717 3224 8721077
3718 3222 8721080
3720 3223 8721083
3720 3212 8721086
3765 3216 8721089
3714 3239 8721092
3753 3214 8721095
3700 3214 8721098
3725 3232 8721101
3719 3217 8721104
3715 3221 8721107
3720 3223 8721110
3715 3221 8721113
3716 3220 8721116
3718 3222 8721119
3717 3223 8721122
3718 3221 8721125
3718 3301 8721128
3717 3207 8721131
3725 3219 8721134
3680 3197 8721137
3726 3239 8721140
3722 3216 8721143
3712 3222 8721146
3723 3225 8721149
3718 3220 8721152
3717 3221 8721155
3721 3222 8721158
3716 3220 8721161
3719 3223 8721164
3717 3219 8721167
3714 3220 8721170
3706 3272 8721173
3710 3222 8721176
3731 3263 8721179
3723 3203 8721182
3704 3223 8721185
3725 3226 8721188
3715 3218 8721191
3718 3224 8721194
3720 3223 8721197
3719 3225 8721200
3717 3223 8721203
3719 3223 8721206
3719 3223 8721209
3719 3225 8721212
3690 3232 8721215
3715 3226 8721218
3714 3184 8721221
3709 3231 8721224
3732 3218 8721227
3709 3221 8721230
3721 3225 8721233
3738 3218 8721236
3718 3220 8721239
3719 3223 8721242
3720 3221 8721245
3717 3222 8721248
3719 3224 8721251
3721 3223 8721254
3718 3221 8721257
3748 3211 8721260
3718 3248 8721263
3738 3202 8721266
3697 3220 8721269
3727 3230 8721272
3719 3218 8721275
3718 3225 8721278
3720 3222 8721281
3717 3222 8721284
3716 3219 8721287
3719 3219 8721290
3719 3223 8721293
3717 3222 8721296
3718 3208 8721299
3673 3228 8721302
3718 3222 8721305
3693 3234 8721308
3742 3227 8721311
3709 3216 8721314
3717 3225 8721317
3718 3219 8721320
3715 3221 8721323
3720 3223 8721326
3719 3220 8721329
3719 3222 8721332
3713 3220 8721335
3721 3221 8721338
3719 3222 8721341
3720 3255 8721344
3710 3223 8721347
3744 3239 8721350
3699 3202 8721353
3712 3230 8721356
3722 3218 8721359
3713 3221 8721362
3719 3227 8721365
3718 3219 8721368
3717 3224 8721371
3718 3223 8721374
3718 3221 8721377
3718 3222 8721380
3719 3221 8721383
3835 3220 8721386
3708 3229 8721389
3715 3182 8721392
3700 3238 8721395
3735 3223 8721398
3711 3213 8721401
3719 3225 8721404
3717 3218 8721407
3716 3221 8721410
3719 3222 8721413
3717 3222 8721416
3718 3224 8721419
3717 3219 8721422
3720 3220 8721425
3717 3178 8721428
3608 3226 8721431
3717 3220 8721434
3708 3247 8721437
3738 3218 8721440
3705 3216 8721443
3720 3228 8721446
3719 3217 8721449
3715 3221 8721452
3717 3221 8721455
3718 3223 8721458
3719 3221 8721461
3718 3221 8721464
3716 3219 8721467
3717 3219 8721470
3698 3207 8721473
3720 3218 8721476
3718 3238 8721479
3747 3230 8721482
3705 3210 8721485
3716 3226 8721488
3720 3216 8721491
3715 3222 8721494
3722 3226 8721497
3719 3221 8721500
3717 3221 8721503
3720 3223 8721506
3720 3223 8721509
3718 3222 8721512
3719 3210 8721515
3629 3228 8721518
3719 3214 8721521
3702 3243 8721524
3741 3221 8721527
3707 3214 8721530
3722 3224 8721533
3720 3219 8721536
3717 3223 8721539
3720 3222 8721542
3716 3220 8721545
3717 3223 8721548
3717 3225 8721551
3717 3221 8721554
3717 3222 8721557
3679 3229 8721560
3719 3229 8721563
3714 3193 8721566
3687 3224 8721569
3733 3231 8721572
3716 3215 8721575
3712 3221 8721578
3723 3221 8721581
3717 3225 8721584
3719 3221 8721587
3717 3219 8721590
3718 3221 8721593
3717 3223 8721596
3715 3221 8721599
3716 3222 8721602
3703 3262 8721605
3712 3221 8721608
3739 3254 8721611
3708 3200 8721614
3712 3231 8721617
3725 3224 8721620
3715 3218 8721623
3719 3221 8721626
3720 3221 8721629
3717 3221 8721632
3719 3220 8721635
3718 3222 8721638
3717 3223 8721641
3719 3221 8721644
3722 3318 8721647
3721 3205 8721650
3728 3218 8721653
3685 3194 8721656
3726 3240 8721659
3725 3216 8721662
3709 3219 8721665
3719 3226 8721668
3717 3221 8721671
3719 3222 8721674
3718 3223 8721677
3720 3222 8721680
3717 3221 8721683
3717 3219 8721686
3715 3220 8721689
3717 3216 8721692
3596 3224 8721695
3717 3220 8721698
3718 3252 8721701
3735 3214 8721704
3707 3218 8721707
3721 3224 8721710
3717 3219 8721713
3714 3221 8721716
3716 3221 8721719
3718 3219 8721722
3717 3220 8721725
3716 3221 8721728
3710 3220 8721731
3719 3222 8721734
3720 3214 8721737
3731 3226 8721740
3717 3223 8721743
3742 3249 8721746
3719 3206 8721749
3707 3223 8721752
3724 3223 8721755
3716 3218 8721758
3716 3230 8721761
3717 3221 8721764
3720 3220 8721767
3720 3224 8721770
3719 3225 8721773
3718 3220 8721776
3720 3220 8721779
3716 3197 8721782
3755 3223 8721785
3715 3221 8721788
3740 3247 8721791
3721 3210 8721794
3711 3224 8721797
3725 3225 8721800
3715 3219 8721803
3717 3223 8721806
3719 3221 8721809
3717 3222 8721812
3710 3222 8721815
3719 3220 8721818
3717 3219 8721821
3718 3221 8721824
3719 3210 8721827
3713 3224 8721830
3717 3225 8721833
3747 3247 8721836
3717 3208 8721839
3711 3225 8721842
3723 3220 8721845
3717 3219 8721848
3716 3221 8721851
3717 3220 8721854
3719 3223 8721857
3719 3223 8721860
3713 3222 8721863
3720 3220 8721866
3721 3220 8721869
3719 3190 8721872
3619 3223 8721875
3718 3222 8721878
3730 3248 8721881
3727 3213 8721884
3710 3219 8721887
3719 3229 8721890
3717 3221 8721893
3716 3219 8721896
3720 3214 8721899
3720 3221 8721902
3718 3224 8721905
3718 3222 8721908
3718 3220 8721911
3716 3226 8721914
3716 3240 8721917
3779 3215 8721920
3726 3220 8721923
3690 3238 8721926
3741 3223 8721929
3708 3213 8721932
3718 3227 8721935
3720 3222 8721938
3718 3222 8721941
3718 3223 8721944
3720 3225 8721947
3717 3220 8721950
3720 3220 8721953
3718 3224 8721956
3722 3224 8721959
3719 3231 8721962
3716 3205 8721965
3728 3220 8721968
3678 3215 8721971
3738 3236 8721974
3716 3214 8721977
3714 3225 8721980
3724 3223 8721983
3714 3220 8721986
3717 3223 8721989
3717 3219 8721992
3714 3222 8721995
3719 3219 8721999
3716 3221 8722002
3717 3223 8722005
3718 3223 8722008
3728 3204 8722011
3719 3222 8722014
3691 3196 8722017
3719 3238 8722020
3726 3218 8722023
3712 3219 8722026
3723 3223 8722029
3718 3222 8722031
3716 3220 8722034
3719 3226 8722037
3720 3220 8722040
3719 3222 8722043
3715 3224 8722046
3716 3222 8722049
3721 3224 8722052
3722 3237 8722055
3713 3222 8722058
3726 3199 8722061
3694 3223 8722064
3730 3230 8722067
3715 3214 8722070
3716 3226 8722073
3722 3220 8722076
3719 3221 8722079
3719 3223 8722082
3716 3219 8722085
3716 3219 8722088
3717 3222 8722091
3720 3221 8722094
3718 3223 8722097
3719 3255 8722100
3710 3221 8722103
3735 3209 8722106
3691 3216 8722109
3724 3229 8722112
3717 3215 8722115
3711 3222 8722118
3718 3222 8722121
3716 3219 8722124
3721 3224 8722127
3717 3223 8722130
3720 3222 8722133
3721 3219 8722136
3717 3223 8722139
3717 3221 8722142
3824 3092 8726550
3822 3089 8726553
3823 3091 8726556
3823 3131 8726559
3822 3093 8726562
3819 3087 8726565
3824 3088 8726567
3819 3091 8726570
3826 3091 8726573
3822 3089 8726576
3819 3093 8726579
3820 3088 8726582
3820 3092 8726585
3823 3089 8726588
3820 3088 8726591
3823 3089 8726594
3822 3088 8726597
3819 2591 8726600
3818 3090 8726603
3822 3090 8726606
3823 3093 8726609
3820 3090 8726612
3823 3088 8726615
3822 3090 8726618
3819 3089 8726621
3820 3090 8726624
3822 3092 8726627
3820 3093 8726630
3818 3089 8726633
3820 3089 8726636
3823 3094 8726639
3822 3091 8726642
3819 3085 8726645
3823 3090 8726648
3825 3093 8726651
3818 3088 8726654
3820 3090 8726657
3823 3093 8726660
3823 3090 8726663
3821 3092 8726666
3824 3093 8726669
3823 3094 8726672
3824 3093 8726675
3825 3094 8726678
3825 3092 8726681
3821 3092 8726684
3818 3084 8726687
3821 3091 8726690
3825 3095 8726693
3824 3088 8726696
3819 3092 8726699
3825 3092 8726702
3823 3091 8726705
3825 3092 8726708
3820 3092 8726711
3822 3092 8726714
3821 3090 8726717
3822 3092 8726720
3821 3089 8726723
3822 3091 8726726
3820 3075 8726729
3818 3090 8726732
3825 3093 8726735
3821 3090 8726738
3831 3093 8726741
3822 3092 8726744
3820 3088 8726747
3817 3091 8726750
3822 3090 8726753
3821 3089 8726756
3822 3095 8726759
3825 3093 8726762
3823 3091 8726765
3823 3092 8726768
3814 3048 8726771
3820 3091 8726774
3818 3093 8726777
3822 3095 8726780
3821 3091 8726783
3821 3092 8726786
3822 3090 8726789
3821 3097 8726792
3826 3093 8726795
3821 3090 8726798
3823 3092 8726801
3822 3090 8726804
3823 3092 8726807
3821 3091 8726810
3821 3099 8726813
3825 3094 8726816
3820 3092 8726819
3826 3092 8726822
3823 3091 8726825
3823 3092 8726828
3820 3091 8726831
3824 3093 8726834
3821 3093 8726837
3821 3093 8726840
3821 3093 8726843
3821 3094 8726846
3823 3092 8726849
3822 3092 8726852
3818 3098 8726855
3823 3091 8726858
3824 3095 8726861
3820 3089 8726864
3820 3085 8726867
3824 3090 8726870
3820 3094 8726873
3822 3090 8726876
3807 3090 8726879
3820 3092 8726882
3821 3090 8726885
3820 3090 8726888
3822 3093 8726891
3821 3044 8726894
2283 3090 8726897
3821 3091 8726900
3824 3091 8726903
3820 3093 8726906
3826 3091 8726909
3823 3092 8726912
3822 3095 8726915
3820 3091 8726918
3823 3089 8726921
3824 3094 8726924
3826 3093 8726927
3822 3090 8726930
3822 3093 8726933
3823 3092 8726936
3810 3091 8726939
3823 3093 8726942
3827 3097 8726945
3826 3093 8726948
3821 3093 8726951
3822 3091 8726954
3822 3089 8726957
3824 3091 8726960
3823 3092 8726963
3821 3094 8726966
3823 3093 8726969
3823 3091 8726972
3822 3092 8726975
3823 3097 8726978
3823 3092 8726981
3817 3093 8726984
3824 3091 8726987
3818 3089 8726990
3822 3093 8726993
3821 3094 8726996
3822 3092 8727000
3824 3093 8727003
3823 3091 8727006
3824 3090 8727009
3820 3091 8727012
3821 3093 8727015
3906 3092 8727018
3820 3092 8727021
3822 3092 8727024
3826 3090 8727027
3824 3090 8727030
3823 3092 8727032
3823 3094 8727035
3821 3092 8727038
3822 3091 8727041
3822 3091 8727044
3822 3094 8727047
3821 3092 8727050
3822 3090 8727053
3824 3099 8727056
3814 3090 8727059
3824 3088 8727062
3822 3094 8727065
3821 3094 8727068
3822 3088 8727071
3821 3093 8727074
3820 3091 8727077
3821 3091 8727080
3824 3093 8727083
3822 3093 8727086
3821 3093 8727089
3822 3093 8727092
3823 3096 8727095
3853 3094 8727098
3822 3092 8727101
3818 3090 8727104
3823 3095 8727107
3821 3088 8727110
3821 3092 8727113
3822 3094 8727116
3822 3094 8727119
3821 3090 8727122
3819 3091 8727125
3821 3093 8727128
3820 3090 8727131
3821 3095 8727134
3811 3092 8727137
3820 3086 8727140
3822 3091 8727143
3820 3089 8727146
3821 3090 8727149
3824 3090 8727152
3822 3090 8727155
3820 3091 8727158
3823 3091 8727161
3820 3093 8727164
3823 3094 8727167
3823 3092 8727170
3823 3098 8727173
3743 3088 8727176
3817 3092 8727179
3825 3091 8727182
3819 3093 8727185
3822 3093 8727188
3823 3091 8727191
3824 3090 8727194
3822 3092 8727197
3823 3092 8727200
3823 3091 8727203
3833 3095 8727206
3823 3094 8727209
3825 3122 8727212
4095 3093 8727215
3823 3095 8727218
3824 3090 8727221
3822 3092 8727224
3822 3097 8727227
3822 3092 8727230
3822 3093 8727233
3822 3092 8727236
3820 3092 8727239
3824 3090 8727242
3824 3093 8727245
3823 3096 8727248
3826 3081 8727251
3812 3089 8727254
3821 3093 8727257
3823 3091 8727260
3822 3093 8727263
3823 3092 8727266
3822 3093 8727269
3825 3092 8727272
3823 3090 8727275
3821 3092 8727278
3826 3095 8727281
3825 3092 8727284
3821 3090 8727287
3819 3096 8727290
3817 3090 8727293
3821 3086 8727296
3828 3103 8727299
3817 3088 8727302
3823 3095 8727305
3825 3093 8727308
3820 3088 8727311
3824 3095 8727314
3824 3091 8727317
3820 3093 8727320
3824 3093 8727323
3825 3090 8727326
3799 3142 8727329
3824 3093 8727332
3825 3068 8727335
3846 3091 8727338
3827 3097 8727341
3816 3087 8727344
3824 3095 8727347
3823 3092 8727350
3818 3094 8727353
3823 3093 8727356
3823 3092 8727359
3822 3095 8727362
3821 3092 8727365
3825 3093 8727368
3824 3095 8727371
3833 3084 8727374
3809 3095 8727377
3829 3098 8727380
3821 3088 8727383
3817 3092 8727386
3823 3091 8727389
3822 3094 8727392
3818 3093 8727395
3823 3090 8727398
3825 3093 8727401
3854 3093 8727404
3822 3088 8727407
3823 3108 8727410
3836 3079 8727413
3813 3094 8727416
3826 3097 8727419
3821 3088 8727422
3823 3093 8727425
3823 3094 8727428
3824 3093 8727431
3824 3092 8727434
3822 3095 8727437
3822 3082 8727440
3824 3093 8727443
3822 3092 8727446
3828 3108 8727449
3819 3081 8727452
3819 3097 8727455
3829 3095 8727458
3820 3092 8727461
3824 3095 8727464
3821 3094 8727467
3824 3092 8727470
3822 3092 8727473
3823 3094 8727476
3818 3093 8727479
3827 3094 8727482
3822 3088 8727485
3821 3106 8727488
3821 3084 8727491
3823 3097 8727494
3826 3094 8727497
3818 3089 8727500
3823 3093 8727503
3822 3091 8727506
3823 3091 8727509
3824 3092 8727512
3823 3093 8727515
3816 3084 8727518
3822 3092 8727521
3825 3111 8727524
3820 3103 8727527
3820 3084 8727530
3809 3094 8727533
3824 3093 8727536
3820 3088 8727539
3822 3075 8727542
3821 3093 8727545
3824 3093 8727548
3821 3091 8727551
3823 3071 8727554
3861 3089 8727557
3821 3093 8727560
3803 3084 8727563
3829 3095 8727566
3826 3088 8727569
3819 3090 8727572
3822 3096 8727575
3824 3091 8727578
3824 3094 8727581
3820 3090 8727584
3823 3091 8727587
3825 3094 8727590
3719 3091 8727593
3825 3091 8727596
3824 3098 8727599
3840 3090 8727602
3811 3090 8727605
3827 3096 8727608
3822 3089 8727611
3820 3093 8727614
3823 3091 8727617
3822 3092 8727620
3821 3096 8727623
3824 3093 8727626
3823 3091 8727629
3795 3257 8727632
3822 3093 8727635
3823 3079 8727638
3808 3098 8727641
3824 3099 8727644
3823 3087 8727647
3820 3089 8727650
3822 3092 8727653
3826 3096 8727656
3823 3094 8727659
3823 3091 8727662
3821 3089 8727665
3823 3092 8727668
3803 3130 8727671
3823 3092 8727674
3824 3076 8727677
3820 3097 8727680
3828 3088 8727683
3816 3093 8727686
3826 3092 8727689
3822 3091 8727692
3820 3091 8727695
3824 3091 8727698
3824 3092 8727701
3821 3091 8727704
3823 3093 8727707
3806 3123 8727710
3823 3090 8727713
3820 3069 8727716
3817 3096 8727719
3830 3087 8727722
3816 3091 8727725
3823 3096 8727728
3825 3095 8727731
3823 3093 8727734
3821 3093 8727737
3822 3089 8727740
3822 3093 8727743
3822 3092 8727746
3788 3058 8727749
3821 3090 8727752
3824 3076 8727755
3809 3100 8727758
3823 3097 8727761
3824 3086 8727764
3821 3094 8727767
3825 3091 8727770
3819 3089 8727773
3824 3094 8727776
3822 3091 8727779
3820 3090 8727782
3823 3090 8727785
3824 3096 8727788
3824 3093 8727791
3822 3087 8727794
3830 3103 8727797
3814 3085 8727800
3822 3095 8727803
3823 3090 8727806
3819 3093 8727809
3824 3093 8727812
3819 3090 8727815
3822 3092 8727818
3825 3096 8727821
3825 3093 8727824
3822 3099 8727827
3790 3093 8727830
3820 3091 8727833
3821 3075 8727836
3830 3091 8727839
3827 3096 8727842
3819 3090 8727845
3821 3095 8727848
3825 3092 8727851
3820 3091 8727854
3822 3096 8727857
3826 3094 8727860
3823 3094 8727863
3823 3093 8727866
3805 3110 8727869
3822 3092 8727872
3822 3073 8727875
3831 3093 8727878
3830 3090 8727881
3818 3088 8727884
3823 3095 8727887
3824 3092 8727890
3821 3091 8727893
3823 3090 8727896
3821 3093 8727899
3824 3092 8727902
3822 3090 8727905
3819 3072 8727908
3658 3092 8727911
3821 3089 8727914
3842 3086 8727917
3834 3094 8727920
3819 3089 8727923
3824 3094 8727926
3823 3090 8727929
3820 3091 8727932
3822 3091 8727935
3825 3090 8727938
3823 3095 8727941
3823 3092 8727944
3821 3091 8727947
3806 3115 8727950
3823 3093 8727953
3823 3156 8727956
3819 3102 8727959
3828 3086 8727962
3814 3094 8727965
3821 3091 8727968
3821 3090 8727971
3823 3093 8727974
3827 3094 8727977
3819 3093 8727980
3825 3093 8727983
3823 3091 8727986
3823 3067 8727989
3766 3092 8727992
3824 3091 8727995
3801 3093 8727999
3819 3102 8728002
3826 3084 8728005
3821 3093 8728008
3822 3097 8728011
3821 3091 8728014
3825 3092 8728017
3822 3092 8728020
3821 3090 8728023
3823 3092 8728026
3823 3092 8728029
3883 3095 8728031
3819 3094 8728034
3824 3094 8728037
3806 3102 8728040
3822 3100 8728043
3826 3090 8728046
3819 3096 8728049
3826 3093 8728052
3822 3088 8728055
3823 3092 8728058
3822 3091 8728061
3823 3091 8728064
3824 3091 8728067
3827 3093 8728070
3825 3091 8728073
3822 3092 8728076
3834 3106 8728079
3810 3086 8728082
3826 3093 8728085
3825 3091 8728088
3820 3091 8728091
3823 3094 8728094
3820 3090 8728097
3823 3092 8728100
3825 3097 8728103
3823 3093 8728106
3821 3091 8728109
3822 3085 8728112
3804 3090 8728115
3821 3086 8728118
3830 3103 8728121
3819 3087 8728124
3822 3096 8728127
3824 3091 8728130
3822 3092 8728133
3825 3096 8728136
3823 3093 8728139
3823 3094 8728142
3822 3093 8728145
3824 3093 8728148
3821 3092 8728151
3807 3105 8728154
3822 3093 8728157
3822 3100 8728160
3816 3101 8728163
3825 3089 8728166
3822 3094 8728169
3825 3093 8728172
3822 3096 8728175
3820 3092 8728178
3822 3094 8728181
3820 3091 8728184
3820 3092 8728187
3822 3091 8728190
3823 3079 8728193
3819 3090 8728196
3825 3091 8728199
3798 3106 8728202
3821 3100 8728205
3817 3085 8728208
3821 3092 8728211
3827 3094 8728214
3821 3092 8728217
3821 3092 8728220
3824 3093 8728223
3823 3094 8728226
3820 3090 8728229
3825 3092 8728232
3813 3129 8728235
3822 3092 8728238
3820 3071 8728241
3816 3088 8728244
3825 3098 8728247
3817 3085 8728250
3825 3094 8728253
3825 3095 8728256
3822 3090 8728259
3822 3091 8728262
3823 3093 8728265
3825 3093 8728268
3825 3095 8728271
3825 3106 8728274
3482 3095 8728277
3824 3091 8728280
3806 3079 8728283
3827 3095 8728286
3830 3092 8728289
3820 3091 8728292
3822 3092 8728295
3823 3090 8728298
3824 3094 8728301
3824 3094 8728304
3821 3093 8728307
3823 3094 8728310
3823 3088 8728313
3795 3000 8728316
3823 3091 8728319
3822 3071 8728322
3824 3088 8728325
3824 3097 8728328
3820 3088 8728331
3826 3094 8728334
3823 3093 8728337
3822 3094 8728340
3824 3091 8728343
3823 3092 8728346
3822 3091 8728349
3820 3091 8728352
3824 3072 8728355
3810 3091 8728358
3821 3091 8728361
3802 3095 8728364
3824 3099 8728367
3819 3088 8728370
3821 3093 8728373
3825 3096 8728376
3822 3093 8728379
3822 3091 8728382
3825 3096 8728385
3824 3093 8728388
3822 3092 8728391
3823 3088 8728394
3801 3061 8728397
3823 3091 8728400
3824 3112 8728403
3823 3102 8728406
3822 3085 8728409
3822 3095 8728412
3826 3091 8728415
3820 3089 8728418
3825 3093 8728421
3823 3090 8728424
3822 3091 8728427
3823 3094 8728430
3823 3091 8728433
3826 3101 8728436
3822 3092 8728439
3823 3103 8728442
3835 3081 8728445
3810 3093 8728448
3825 3095 8728451
3825 3090 8728454
3820 3092 8728457
3825 3093 8728460
3822 3092 8728463
3826 3092 8728466
3821 3093 8728469
3824 3093 8728472
3821 3055 8728475
3807 3091 8728478
3825 3092 8728481
3801 3085 8728484
3819 3093 8728487
3828 3089 8728490
3819 3092 8728493
3825 3093 8728496
3822 3091 8728499
3823 3096 8728502
3824 3092 8728505
3821 3092 8728508
3821 3092 8728511
3823 3093 8728514
3824 3079 8728517
3823 3090 8728520
3818 3090 8728523
3835 3083 8728526
3815 3095 8728529
3827 3101 8728532
3848 3091 8728535
3823 3092 8728538
3823 3094 8728541
3821 3093 8728544
3824 3093 8728547
3823 3094 8728550
3824 3093 8728553
3832 3095 8728556
3826 3091 8728559
3819 3085 8728562
3805 3094 8728565
3828 3098 8728568
3822 3090 8728571
3821 3096 8728574
3824 3092 8728577
3821 3092 8728580
3817 3091 8728583
3826 3093 8728586
3825 3092 8728589
3824 3095 8728592
3823 3096 8728595
3831 3091 8728598
3823 3089 8728601
3831 3099 8728604
3811 3084 8728607
3823 3096 8728610
3826 3089 8728613
3816 3090 8728616
3826 3094 8728619
3822 3091 8728622
3828 3091 8728625
3822 3092 8728628
3822 3094 8728631
3824 3070 8728634
3830 3089 8728637
3821 3093 8728640
3797 3105 8728643
3826 3101 8728646
3821 3082 8728649
3821 3095 8728652
3827 3091 8728655
3823 3090 8728658
3824 3094 8728661
3824 3094 8728664
3824 3092 8728667
3825 3089 8728670
3824 3020 8728673
3825 3092 8728676
3825 3092 8728679
3834 3101 8728682
3813 3086 8728685
3825 3098 8728688
3828 3089 8728691
3821 3094 8728694
3826 3093 8728697
3823 3091 8728700
3820 3091 8728703
3824 3095 8728706
3824 3093 8728709
3824 3095 8728712
3809 3106 8728715
3823 3092 8728718
3821 3086 8728721
3827 3101 8728724
3813 3086 8728727
3822 3096 8728730
3825 3091 8728733
3820 3089 8728736
3828 3095 8728739
3822 3091 8728742
3824 3093 8728745
3821 3087 8728748
3820 3091 8728751
3791 3166 8728754
3821 3094 8728757
3823 3072 8728760
3817 3093 8728763
3827 3098 8728766
3819 3084 8728769
3821 3094 8728772
3823 3099 8728775
3821 3092 8728778
3819 3090 8728781
3821 3093 8728784
3821 3090 8728787
3823 3092 8728790
3792 3091 8728793
3825 3092 8728796
3824 3113 8728799
3821 3078 8728802
3821 3097 8728805
3827 3093 8728808
3819 3090 8728811
3820 3093 8728814
3821 3092 8728817
3819 3092 8728820
3824 3090 8728823
3825 3094 8728826
3825 3095 8728829
3825 3096 8728832
3813 3093 8728835
3823 3092 8728838
3828 3104 8728841
3819 3084 8728844
3819 3095 8728847
3826 3096 8728850
3821 3089 8728853
3824 3094 8728856
3825 3095 8728859
3820 3091 8728862
3824 3095 8728865
3823 3093 8728868
3820 3054 8728871
3653 3092 8728874
3823 3092 8728877
3847 3088 8728880
3831 3099 8728883
3814 3087 8728886
3822 3095 8728889
3826 3091 8728892
3820 3093 8728895
3826 3094 8728898
3822 3091 8728901
3819 3092 8728904
3823 3092 8728907
3822 3097 8728910
3776 3091 8728913
3821 3090 8728916
3820 3071 8728919
3838 3090 8728922
3829 3097 8728925
3822 3093 8728928
3825 3095 8728931
3823 3089 8728934
3817 3091 8728937
3823 3095 8728940
3824 3091 8728943
3820 3091 8728946
3824 3093 8728949
3825 3085 8728952
3825 3092 8728955
3831 3109 8728958
3814 3084 8728961
3831 3098 8728964
3828 3092 8728967
3820 3094 8728970
3827 3095 8728973
3824 3090 8728976
3823 3093 8728979
3824 3094 8728982
3825 3093 8728985
3822 3092 8728988
3812 3111 8728991
3822 3093 8728994
3825 3090 8728997
3831 3100 8729001
3813 3085 8729004
3823 3096 8729007
3825 3092 8729010
3821 3095 8729013
3822 3094 8729016
3823 3092 8729019
3823 3093 8729022
3824 3090 8729025
3825 3093 8729028
3805 3254 8729031
3822 3092 8729034
3824 3076 8729037
3807 3098 8729040
3824 3099 8729043
3823 3088 8729045
3821 3097 8729048
3826 3091 8729051
3823 3092 8729054
3825 3092 8729057
3823 3089 8729060
3820 3091 8729063
3822 3087 8729066
3822 3101 8729069
3820 3091 8729072
3826 3097 8729075
3838 3086 8729078
3814 3096 8729081
3826 3098 8729084
3824 3087 8729087
3821 3095 8729090
3828 3093 8729093
3824 3091 8729096
3822 3093 8729099
3824 3092 8729102
3820 3090 8729105
3825 3076 8729108
3836 3094 8729111
3821 3094 8729114
3837 3092 8729117
3831 3088 8729120
3812 3088 8729123
3825 3094 8729126
3824 3089 8729129
3819 3093 8729132
3827 3093 8729135
3821 3091 8729138
3821 3092 8729141
3823 3094 8729144
3825 3081 8729147
3863 3093 8729150
3824 3090 8729153
3817 3075 8729156
3823 3092 8729159
3831 3094 8729162
3818 3090 8729165
3825 3093 8729168
3821 3091 8729171
3821 3093 8729174
3822 3096 8729177
3821 3089 8729180
3821 3092 8729183
3823 3093 8729186
3824 3081 8729189
3821 3090 8729192
3819 3110 8729195
3826 3071 8729198
3818 3097 8729201
3823 3095 8729204
3823 3091 8729207
3824 3096 8729210
3824 3093 8729213
3822 3093 8729216
3822 3090 8729219
3823 3092 8729222
3822 3093 8729225
3799 3156 8729228
3818 3091 8729231
3825 3068 8729234
3830 3088 8729237
3832 3091 8729240
3816 3090 8729243
3824 3095 8729246
3823 3092 8729249
3823 3092 8729252
3822 3094 8729255
3822 3094 8729258
3825 3095 8729261
3820 3094 8729264
3824 3100 8729267
3814 3090 8729270
3822 3089 8729273
3838 3089 8729276
3811 3088 8729279
3828 3100 8729282
3822 3093 8729285
3822 3094 8729288
3820 3091 8729291
3822 3095 8729294
3823 3093 8729297
3823 3095 8729300
3823 3091 8729303
3822 3069 8729306
3916 3091 8729309
3820 3090 8729312
3803 3089 8729315
3819 3096 8729318
3828 3088 8729321
3817 3094 8729324
3827 3095 8729327
3820 3090 8729330
3823 3093 8729333
3821 3091 8729336
3822 3092 8729339
3824 3090 8729342
3822 3093 8729345
3827 3121 8729348
3823 3089 8729351
3821 3092 8729354
3836 3089 8729357
3817 3093 8729360
3824 3092 8729363
3823 3090 8729366
3820 3092 8729369
3823 3092 8729372
3823 3093 8729375
3823 3093 8729378
3823 3093 8729381
3822 3092 8729384
3883 3093 8729387
3822 3094 8729390
3823 3107 8729393
3805 3081 8729396
3820 3093 8729399
3826 3089 8729402
3818 3088 8729405
3821 3094 8729408
3823 3092 8729411
3823 3094 8729414
3823 3094 8729417
3824 3093 8729420
3823 3093 8729423
3825 3076 8729426
3853 3091 8729429
3822 3094 8729432
3877 3083 8729435
3826 3101 8729438
3818 3087 8729441
3821 3095 8729444
3827 3094 8729447
3821 3095 8729450
3826 3093 8729453
3826 3089 8729456
3824 3093 8729459
3821 3090 8729462
3822 3092 8729465
3833 3083 8729468
3823 3091 8729471
3818 3108 8729474
3825 3080 8729477
3817 3092 8729480
3826 3091 8729483
3822 3090 8729486
3825 3094 8729489
3825 3094 8729492
3818 3091 8729495
3824 3094 8729498
3822 3092 8729501
3824 3090 8729504
3856 3095 8729507
3819 3093 8729510
3823 3096 8729513
3805 3088 8729516
3820 3100 8729519
3826 3090 8729522
3821 3081 8729525
3821 3092 8729528
3823 3093 8729531
3822 3092 8729534
3822 3092 8729537
3823 3096 8729540
3824 3092 8729543
3822 3071 8729546
3892 3091 8729549
3822 3093 8729552
3801 3089 8729555
3821 3099 8729558
3820 3086 8729561
3822 3093 8729564
3824 3092 8729567
3823 3091 8729570
3823 3096 8729573
3823 3092 8729576
3822 3092 8729579
3822 3091 8729582
3822 3094 8729585
3826 3117 8729588
3824 3093 8729591
3818 3090 8729594
3834 3087 8729597
3814 3100 8729600
3826 3097 8729603
3822 3089 8729606
3821 3094 8729609
3823 3094 8729612
3823 3091 8729615
3823 3092 8729618
3827 3092 8729621
3822 3094 8729624
3797 3088 8729627
3824 3092 8729630
3822 3109 8729633
3815 3083 8729636
3829 3091 8729639
3828 3094 8729642
3818 3092 8729645
3824 3093 8729648
3822 3092 8729651
3825 3096 8729654
3827 3093 8729657
3823 3092 8729660
3824 3094 8729663
3818 3055 8729666
3768 3091 8729669
3822 3095 8729672
3800 3111 8729675
3819 3096 8729678
3828 3088 8729681
3820 3095 8729684
3827 3095 8729687
3824 3092 8729690
3822 3094 8729693
3824 3089 8729696
3822 3089 8729699
3822 3094 8729702
3822 3092 8729705
3807 3174 8729708
3820 3092 8729711
3820 3076 8729714
3825 3089 8729717
3830 3092 8729720
3819 3092 8729723
3822 3092 8729726
3825 3091 8729729
3821 3092 8729732
3823 3091 8729735
3824 3091 8729738
3822 3092 8729741
3823 3093 8729744
3822 3077 8729747
3906 3092 8729750
3824 3093 8729753
3848 3085 8729756
3829 3092 8729759
3817 3088 8729762
3824 3093 8729765
3824 3090 8729768
3821 3092 8729771
3822 3096 8729774
3825 3092 8729777
3820 3089 8729780
3822 3093 8729783
3824 3093 8729786
3814 3082 8729789
3821 3090 8729792
3824 3091 8729795
3833 3097 8729798
3817 3087 8729801
3825 3096 8729804
3824 3091 8729807
3821 3090 8729810
3821 3093 8729813
3824 3093 8729816
3820 3092 8729819
3827 3094 8729822
3821 3091 8729825
3824 3102 8729828
3822 3086 8729831
3821 3089 8729834
3836 3089 8729837
3814 3091 8729840
3829 3099 8729843
3822 3088 8729846
3820 3092 8729849
3826 3079 8729852
3823 3091 8729855
3820 3091 8729858
3823 3091 8729861
3799 3090 8729864
3824 3076 8729867
3822 3089 8729870
3823 3094 8729873
3829 3078 8729876
3825 3089 8729879
3826 3096 8729882
3817 3088 8729885
3824 3092 8729888
3819 3091 8729891
3822 3095 8729894
3823 3092 8729897
3822 3090 8729900
3824 3095 8729903
3823 3091 8729906
3807 3125 8729909
3823 3091 8729912
3822 3150 8729915
3821 3093 8729918
3829 3088 8729921
3819 3093 8729924
3826 3096 8729927
3822 3090 8729930
3822 3092 8729933
3824 3094 8729936
3823 3090 8729939
3823 3091 8729942
3822 3091 8729945
3823 3100 8729948
3830 3092 8729951
3825 3087 8729954
3835 3096 8729957
3818 3091 8729960
3824 3093 8729963
3826 3088 8729966
3821 3092 8729969
3824 3092 8729972
3824 3091 8729975
3823 3092 8729978
3823 3092 8729981
3823 3090 8729984
3825 3079 8729987
3854 3092 8729990
3823 3094 8729993
3822 3074 8729996
3831 3088 8730000
3828 3092 8730003
3819 3088 8730006
3822 3098 8730009
3826 3091 8730012
3823 3093 8730015
3824 3090 8730018
3821 3092 8730021
3824 3093 8730024
3827 3093 8730027
3816 3079 8730030
3825 3093 8730033
3820 3084 8730036
3835 3099 8730039
3814 3090 8730042
3826 3095 8730044
3825 3090 8730047
3821 3092 8730050
3835 3093 8730053
3823 3091 8730056
3825 3095 8730059
3825 3097 8730062
3823 3092 8730065
3864 3091 8730068
3823 3091 8730071
3822 3100 8730074
3810 3082 8730077
3822 3095 8730080
3828 3089 8730083
3819 3090 8730086
3825 3096 8730089
3821 3089 8730092
3824 3091 8730095
3826 3094 8730098
3822 3091 8730101
3824 3093 8730104
3824 3081 8730107
3843 3092 8730110
3822 3093 8730113
3814 3094 8730116
3828 3087 8730119
3818 3095 8730122
3824 3092 8730125
3822 3089 8730128
3824 3094 8730131
3822 3090 8730134
3824 3091 8730137
3821 3090 8730140
3823 3095 8730143
3824 3155 8730146
3818 3092 8730149
3822 3093 8730152
3842 3082 8730155
3810 3097 8730158
3823 3099 8730161
3822 3089 8730164
3822 3090 8730167
3824 3093 8730170
3822 3092 8730173
3826 3091 8730176
3824 3095 8730179
3825 3095 8730182
3822 3089 8730185
3805 3046 8730188
3827 3090 8730191
3823 3106 8730194
3829 3105 8730197
3822 3083 8730200
3822 3096 8730203
3828 3087 8730206
3821 3091 8730209
3823 3095 8730212
3825 3093 8730215
3821 3091 8730218
3825 3092 8730221
3821 3092 8730224
3884 3087 8730227
3819 3092 8730230
3823 3112 8730233
3814 3083 8730236
3825 3091 8730239
3827 3093 8730242
3820 3092 8730245
3825 3095 8730248
3821 3088 8730251
3822 3094 8730254
3822 3090 8730257
3822 3090 8730260
3823 3093 8730263
3820 3075 8730266
3653 3091 8730269
3822 3093 8730272
3846 3084 8730275
3831 3095 8730278
3816 3090 8730281
3821 3095 8730284
3824 3092 8730287
3820 3091 8730290
3824 3092 8730293
3819 3091 8730296
3824 3091 8730299
3824 3093 8730302
3823 3093 8730305
3829 3097 8730308
3822 3091 8730311
3821 3108 8730314
3816 3081 8730317
3831 3092 8730320
3824 3093 8730323
3819 3091 8730326
3826 3092 8730329
3822 3093 8730332
3825 3094 8730335
3823 3092 8730338
3822 3093 8730341
3823 3092 8730344
3922 3091 8730347
3820 3090 8730350
3821 3099 8730353
3802 3103 8730356
3821 3095 8730359
3828 3091 8730362
3820 3097 8730365
3825 3095 8730368
3820 3090 8730371
3818 3091 8730374
3822 3093 8730377
3825 3090 8730380
3822 3092 8730383
3823 3171 8730386
3819 3091 8730389
3824 3092 8730392
3828 3073 8730395
3824 3091 8730398
3821 3096 8730401
3819 3086 8730404
3820 3094 8730407
3824 3092 8730410
3820 3090 8730413
3821 3093 8730416
3824 3091 8730419
3822 3089 8730422
3826 3091 8730425
3823 3101 8730428
3823 3091 8730431
3821 3101 8730434
3840 3082 8730437
3814 3093 8730440
3824 3095 8730443
3822 3088 8730446
3820 3093 8730449
3826 3093 8730452
3822 3093 8730455
3823 3092 8730458
3825 3093 8730461
3825 3092 8730464
3823 3091 8730467
3807 3143 8730470
3822 3091 8730473
3822 3088 8730476
3832 3099 8730479
3816 3085 8730482
3826 3095 8730485
3822 3089 8730488
3821 3091 8730491
3824 3093 8730494
3825 3093 8730497
3825 3093 8730500
3823 3090 8730503
3823 3093 8730506
3822 3064 8730509
3820 3090 8730512
3821 3091 8730515
3826 3078 8730518
3857 3086 8730521
3825 3095 8730524
3819 3089 8730527
3824 3095 8730530
3824 3092 8730533
3819 3090 8730536
3824 3093 8730539
3824 3089 8730542
3824 3093 8730545
3823 3093 8730548
3828 3059 8730551
3809 3089 8730554
3821 3091 8730557
3796 3089 8730560
3819 3100 8730563
3821 3085 8730566
3819 3096 8730569
3827 3092 8730572
3822 3092 8730575
3825 3095 8730578
3820 3092 8730581
3823 3092 8730584
3819 3089 8730587
3824 3091 8730590
3821 3075 8730593
3925 3091 8730596
3822 3095 8730599
3824 3091 8730602
3833 3098 8730605
3814 3088 8730608
3824 3099 8730611
3819 3089 8730614
3823 3093 8730617
3823 3095 8730620
3823 3092 8730623
3823 3093 8730626
3822 3094 8730629
3824 3095 8730632
3823 3080 8730635
3906 3096 8730638
3824 3093 8730641
3801 3102 8730644
3819 3098 8730647
3828 3083 8730650
3816 3094 8730653
3827 3090 8730656
3820 3091 8730659
3821 3094 8730662
3825 3091 8730665
3823 3091 8730668
3824 3094 8730671
3824 3089 8730674
3823 3091 8730677
3828 3082 8730680
3822 3091 8730683
3831 3105 8730686
3815 3083 8730689
3824 3094 8730692
3828 3089 8730695
3820 3097 8730698
3824 3095 8730701
3821 3092 8730704
3820 3092 8730707
3824 3094 8730710
3819 3091 8730713
3824 3095 8730716
3823 3090 8730719
3886 3086 8730722
3819 3095 8730725
3821 3071 8730728
3835 3091 8730731
3824 3099 8730734
3819 3089 8730737
3824 3094 8730740
3827 3093 8730743
3820 3090 8730746
3823 3092 8730749
3821 3093 8730752
3824 3092 8730755
3823 3091 8730758
3821 3093 8730761
3823 3130 8730764
3823 3094 8730767
3824 3093 8730770
3798 3098 8730773
3821 3097 8730776
3824 3082 8730779
3820 3095 8730782
3824 3092 8730785
3821 3090 8730788
3826 3097 8730791
3824 3094 8730794
3825 3092 8730797
3823 3092 8730800
3821 3093 8730803
3824 3094 8730806
3824 3090 8730809
3828 3091 8730812
3824 3095 8730815
3804 3094 8730818
3822 3097 8730821
3824 3089 8730824
3821 3093 8730827
3825 3094 8730830
3820 3089 8730833
3820 3092 8730836
3825 3091 8730839
3821 3090 8730842
3823 3093 8730845
3826 3092 8730848
3821 3093 8730851
3806 3130 8730854
3821 3093 8730857
3821 3097 8730860
3835 3084 8730863
3814 3097 8730866
3824 3095 8730869
3823 3091 8730872
3824 3094 8730875
3822 3092 8730878
3823 3091 8730881
3824 3094 8730884
3825 3093 8730887
3822 3093 8730890
3824 3091 8730893
3822 3093 8730896
3833 3101 8730899
3821 3092 8730902
3845 3085 8730905
3807 3089 8730908
3826 3095 8730911
3824 3086 8730914
3818 3092 8730917
3823 3092 8730920
3822 3094 8730923
3825 3093 8730926
3827 3091 8730929
3823 3092 8730932
3822 3092 8730935
3822 3092 8730938
3823 3092 8730941
3832 3089 8730944
3821 3095 8730947
3832 3061 8730950
3800 3097 8730953
3837 3103 8730956
3819 3087 8730959
3822 3095 8730962
3822 3091 8730965
3820 3092 8730968
3821 3090 8730971
3823 3093 8730974
3821 3094 8730977
3823 3092 8730980
3820 3091 8730983
3822 3090 8730986
3812 3133 8730989
3814 3091 8730992
3847 3114 8730995
3803 3072 8730999
3821 3101 8731002
3830 3090 8731005
3819 3090 8731008
3823 3091 8731011
3825 3092 8731014
3819 3092 8731017
3827 3096 8731020
3823 3094 8731023
3824 3089 8731026
3822 3093 8731029
3823 3091 8731032
3836 3075 8731035
3825 3093 8731038
3813 3055 8731041
3816 3102 8731044
3833 3094 8731046
3816 3087 8731049
3827 3097 8731052
3821 3089 8731055
3823 3094 8731058
3823 3095 8731061
3823 3092 8731064
3823 3093 8731067
3820 3096 8731070
3823 3091 8731073
3824 3093 8731076
3824 3069 8731079
3830 3090 8731082
3789 3067 8731085
3834 3109 8731088
3832 3088 8731091
3815 3092 8731094
3829 3097 8731097
3820 3090 8731100
3818 3092 8731103
3825 3094 8731106
3822 3094 8731109
3821 3091 8731112
3823 3093 8731115
3821 3092 8731118
3824 3091 8731121
3836 3081 8731124
3824 3094 8731127
3807 3054 8731130
3817 3105 8731133
3835 3092 8731136
3814 3087 8731139
3829 3095 8731142
3821 3088 8731145
3822 3094 8731148
3825 3093 8731151
3822 3089 8731154
3823 3095 8731157
3822 3094 8731160
3824 3091 8731163
3826 3092 8731166
3818 3109 8731169
3813 3095 8731172
3849 3082 8731175
3792 3082 8731178
3834 3111 8731181
3824 3086 8731184
3818 3091 8731187
3823 3097 8731190
3804 3091 8731193
3823 3092 8731196
3823 3091 8731199
3823 3092 8731202
3821 3093 8731205
3824 3092 8731208
3820 3093 8731211
3764 3035 8731214
3828 3083 8731217
3826 3124 8731220
3850 3092 8731223
3807 3085 8731226
3827 3101 8731229
3825 3091 8731232
3822 3095 8731235
3824 3090 8731238
3824 3092 8731241
3822 3093 8731244
3822 3093 8731247
3822 3092 8731250
3824 3093 8731253
3827 3094 8731256
3827 3104 8731259
3803 3100 8731262
3821 3059 8731265
3791 3094 8731268
3839 3098 8731271
3820 3085 8731274
3821 3096 8731277
3830 3094 8731280
3820 3090 8731283
3824 3091 8731286
3822 3089 8731289
3824 3091 8731292
3820 3095 8731295
3823 3091 8731298
3822 3092 8731301
3822 3071 8731304
3824 3094 8731307
3817 3094 8731310
3866 3107 8731313
3810 3074 8731316
3821 3098 8731319
3830 3092 8731322
3820 3090 8731325
3824 3095 8731328
3823 3092 8731331
3821 3094 8731334
3822 3092 8731337
3822 3093 8731340
3820 3092 8731343
3824 3092 8731346
3822 3090 8731349
3833 3067 8731352
3829 3093 8731355
3785 3067 8731358
3832 3111 8731361
3829 3088 8731364
3814 3093 8731367
3827 3093 8731370
3824 3092 8731373
3820 3093 8731376
3825 3093 8731379
3826 3090 8731382
3825 3094 8731385
3823 3091 8731388
3822 3092 8731391
3824 3094 8731394
3790 3172 8731397
3816 3091 8731400
3838 3135 8731403
3817 3075 8731406
3809 3094 8731409
3832 3096 8731412
3822 3087 8731415
3825 3093 8731418
3825 3089 8731421
3825 3093 8731424
3826 3093 8731427
3825 3091 8731430
3823 3100 8731433
3820 3095 8731436
3823 3094 8731439
3891 3080 8731442
3824 3103 8731445
3818 3063 8731448
3840 3116 8731451
3827 3082 8731454
3810 3091 8731457
3829 3096 8731460
3821 3088 8731463
3820 3095 8731466
3827 3094 8731469
3823 3090 8731472
3822 3092 8731475
3823 3091 8731478
3822 3090 8731481
3821 3091 8731484
3822 3108 8731487
3835 3088 8731490
3824 3098 8731493
3790 3071 8731496
3825 3111 8731499
3830 3088 8731502
3819 3093 8731505
3824 3089 8731508
3820 3092 8731511
3823 3091 8731514
3819 3094 8731517
3843 3093 8731520
3823 3091 8731523
3823 3093 8731526
3822 3089 8731529
3823 3074 8731532
3884 3081 8731535
3824 3116 8731538
3847 3072 8731541
3805 3090 8731544
3831 3101 8731547
3824 3089 8731550
3820 3093 8731553
3824 3092 8731556
3823 3094 8731559
3823 3090 8731562
3822 3092 8731565
3821 3093 8731568
3822 3092 8731571
3821 3090 8731574
3822 3062 8731577
3879 3091 8731580
3821 3095 8731583
3864 3105 8731586
3810 3076 8731589
3820 3098 8731592
3826 3088 8731595
3818 3092 8731598
3823 3092 8731601
3822 3091 8731604
3823 3091 8731607
3822 3094 8731610
3827 3093 8731613
3823 3092 8731616
3824 3096 8731619
3822 3033 8731622
3835 3097 8731625
3816 3093 8731628
3852 3121 8731631
3823 3078 8731634
3815 3094 8731637
3827 3093 8731640
3821 3086 8731643
3822 3092 8731646
3824 3092 8731649
3821 3095 8731652
3823 3093 8731655
3821 3093 8731658
3821 3091 8731661
3824 3093 8731664
3822 3054 8731667
3905 3100 8731670
3816 3095 8731673
3854 3116 8731676
3818 3076 8731679
3816 3096 8731682
3830 3100 8731685
3823 3090 8731688
3822 3095 8731691
3822 3091 8731694
3821 3093 8731697
3823 3092 8731700
3823 3094 8731703
3822 3094 8731706
3823 3091 8731709
3820 3074 8731712
3870 3078 8731715
3824 3108 8731718
3855 3079 8731721
3803 3085 8731724
3827 3101 8731727
3822 3088 8731730
3821 3096 8731733
3829 3097 8731736
3821 3090 8731739
3825 3095 8731742
3822 3090 8731745
3824 3095 8731748
3823 3094 8731751
3822 3093 8731754
3823 3104 8731757
3816 3091 8731760
3821 3089 8731763
3789 3076 8731766
3837 3109 8731769
3830 3087 8731772
3818 3093 8731775
3826 3090 8731778
3822 3089 8731781
3821 3095 8731784
3824 3091 8731787
3821 3094 8731790
3823 3091 8731793
3822 3093 8731796
3823 3094 8731799
3800 2990 8731802
3836 3088 8731805
3824 3093 8731808
3850 3106 8731811
3816 3078 8731814
3819 3099 8731817
3825 3093 8731820
3822 3093 8731823
3827 3092 8731826
3823 3092 8731829
3820 3093 8731832
3823 3092 8731835
3819 3092 8731838
3827 3093 8731841
3823 3091 8731844
3827 3105 8731847
3820 3092 8731850
3840 3071 8731853
3796 3088 8731856
3835 3100 8731859
3822 3088 8731862
3821 3095 8731865
3826 3092 8731868
3818 3088 8731871
3822 3093 8731874
3822 3091 8731877
3823 3089 8731880
3819 3091 8731883
3822 3092 8731886
3823 3037 8731889
3806 3097 8731892
3816 3095 8731895
3838 3124 8731898
3826 3077 8731901
3806 3091 8731904
3832 3100 8731907
3821 3088 8731910
3822 3093 8731913
3826 3093 8731916
3824 3092 8731919
3825 3094 8731922
3823 3091 8731925
3823 3093 8731928
3825 3090 8731931
3823 3100 8731934
3798 3099 8731937
3823 3074 8731940
3790 3088 8731943
3838 3105 8731946
3825 3085 8731949
3819 3097 8731952
3827 3094 8731955
3823 3089 8731958
3823 3094 8731961
3825 3092 8731964
3823 3091 8731967
3824 3089 8731970
3824 3092 8731973
3820 3090 8731976
3804 3150 8731979
3813 3095 8731982
3834 3135 8731985
3823 3073 8731988
3810 3093 8731991
3834 3095 8731994
3818 3086 8731997
3823 3092 8732001
3823 3088 8732004
3823 3093 8732007
3824 3096 8732010
3823 3092 8732013
3821 3095 8732016
3823 3090 8732019
3823 3222 8732022
3778 3097 8732025
3828 3088 8732028
3783 3100 8732031
3849 3099 8732034
3815 3084 8732037
3821 3096 8732040
3827 3091 8732043
3822 3095 8732045
3822 3095 8732048
3821 3090 8732051
3821 3093 8732054
3833 3092 8732057
3822 3099 8732060
3825 3089 8732063
3822 3089 8732066
3841 3086 8732069
3823 3120 8732072
3834 3064 8732075
3806 3099 8732078
3834 3097 8732081
3821 3086 8732084
3823 3094 8732087
3826 3091 8732090
3821 3091 8732093
3825 3093 8732096
3819 3091 8732099
3824 3093 8732102
3822 3092 8732105
3823 3093 8732108
3811 3050 8732111
3833 3090 8732114
3822 3073 8732117
3846 3113 8732120
3821 3081 8732123
3816 3095 8732126
3828 3094 8732129
3819 3087 8732132
3822 3094 8732135
3822 3089 8732138
3821 3092 8732141
3823 3094 8732144
3820 3092 8732147
3821 3091 8732150
3821 3091 8732153
3829 3116 8732156
3814 3096 8732159
3851 3086 8732162
3794 3078 8732165
3833 3105 8732168
3824 3086 8732171
3823 3094 8732174
3825 3093 8732177
3822 3094 8732180
3824 3107 8732183
3822 3090 8732186
3821 3092 8732189
3825 3092 8732192
3824 3092 8732195
3821 3128 8732198
3814 3087 8732201
3828 3087 8732204
3781 3094 8732207
3844 3107 8732210
3818 3080 8732213
3816 3095 8732216
3824 3091 8732219
3821 3091 8732222
3823 3095 8732225
3827 3094 8732228
3821 3094 8732231
3821 3092 8732234
3822 3092 8732237
3823 3092 8732240
