299 1599 7090946
285 1588 7090949
289 1595 7090952
295 1593 7090955
289 1593 7090958
287 1594 7090961
287 1588 7090964
289 1593 7090967
290 1595 7090970
289 1593 7090973
299 1605 7090976
280 1595 7090979
306 1572 7090982
266 1590 7090985
303 1605 7090988
287 1591 7090991
285 1599 7090994
289 1591 7090997
288 1593 7091001
286 1593 7091004
288 1594 7091007
288 1594 7091010
288 1594 7091013
288 1594 7091016
290 1592 7091019
255 1667 7091022
286 1588 7091025
294 1639 7091028
295 1576 7091031
273 1595 7091033
296 1600 7091036
287 1589 7091039
288 1595 7091042
290 1595 7091045
289 1596 7091048
289 1596 7091051
288 1590 7091054
290 1590 7091057
291 1592 7091060
289 1594 7091063
288 1560 7091066
358 1585 7091069
287 1609 7091072
324 1585 7091075
270 1582 7091078
292 1603 7091081
292 1588 7091084
285 1591 7091087
291 1595 7091090
291 1592 7091093
288 1595 7091096
288 1593 7091099
290 1596 7091102
291 1592 7091105
288 1595 7091108
288 1596 7091111
378 1633 7091114
299 1595 7091117
285 1587 7091120
320 1610 7091123
281 1578 7091126
284 1597 7091129
288 1594 7091132
288 1596 7091135
292 1595 7091138
289 1599 7091141
289 1598 7091144
290 1590 7091147
287 1591 7091150
285 1593 7091153
288 1593 7091156
287 1593 7091159
293 1604 7091162
284 1593 7091165
290 1568 7091168
279 1600 7091171
300 1597 7091174
289 1592 7091177
287 1591 7091180
288 1591 7091183
286 1593 7091186
288 1591 7091189
289 1594 7091192
295 1595 7091195
285 1589 7091198
291 1595 7091201
289 1593 7091204
286 1548 7091207
356 1594 7091210
286 1593 7091213
305 1599 7091216
285 1583 7091219
286 1591 7091222
289 1595 7091225
290 1594 7091228
273 1592 7091231
288 1594 7091234
290 1593 7091237
289 1595 7091240
288 1593 7091243
287 1592 7091246
289 1593 7091249
290 1593 7091252
287 1594 7091255
284 1594 7091258
290 1660 7091261
284 1591 7091264
288 1594 7091267
292 1592 7091270
287 1594 7091273
288 1593 7091276
289 1594 7091279
289 1593 7091282
287 1594 7091285
289 1592 7091288
291 1595 7091291
291 1596 7091294
286 1589 7091297
288 1591 7091300
297 1603 7091303
289 1593 7091306
293 1594 7091309
287 1592 7091312
291 1596 7091315
288 1588 7091318
285 1591 7091321
290 1592 7091324
290 1595 7091327
287 1591 7091330
289 1592 7091333
288 1593 7091336
290 1593 7091339
289 1591 7091342
288 1593 7091345
320 1593 7091348
284 1590 7091351
287 1593 7091354
288 1592 7091357
289 1596 7091360
289 1592 7091363
287 1593 7091366
286 1594 7091369
286 1592 7091372
287 1594 7091375
290 1592 7091378
289 1594 7091381
292 1594 7091384
292 1593 7091387
286 1594 7091390
288 1589 7091393
261 1593 7091396
287 1591 7091399
291 1594 7091402
288 1594 7091405
288 1596 7091408
288 1590 7091411
289 1593 7091414
289 1593 7091417
287 1591 7091420
288 1593 7091423
288 1594 7091426
288 1590 7091429
289 1591 7091432
288 1595 7091435
287 1591 7091438
311 1594 7091441
290 1593 7091444
287 1596 7091447
289 1593 7091450
286 1590 7091453
289 1592 7091456
291 1593 7091459
286 1590 7091462
287 1592 7091465
289 1593 7091468
288 1593 7091471
286 1596 7091474
291 1591 7091477
287 1592 7091480
617 1593 7091483
284 1592 7091486
290 1597 7091489
287 1591 7091492
284 1596 7091495
290 1595 7091498
287 1592 7091501
288 1595 7091504
285 1594 7091507
288 1591 7091510
288 1596 7091513
288 1592 7091516
287 1592 7091519
287 1594 7091522
290 1487 7091525
286 1594 7091528
289 1594 7091531
293 1593 7091534
282 1593 7091537
286 1595 7091540
288 1591 7091543
287 1590 7091546
291 1596 7091549
288 1591 7091552
287 1594 7091555
301 1593 7091558
287 1593 7091561
291 1592 7091564
290 1596 7091567
301 1506 7091570
290 1594 7091573
288 1590 7091576
287 1596 7091579
290 1592 7091582
287 1589 7091585
289 1594 7091588
290 1591 7091591
287 1591 7091594
289 1596 7091597
288 1595 7091600
290 1594 7091603
289 1591 7091606
288 1591 7091609
291 1696 7091612
287 1591 7091615
287 1591 7091618
287 1593 7091621
291 1594 7091624
286 1591 7091627
289 1594 7091630
290 1592 7091633
287 1593 7091636
290 1592 7091639
288 1594 7091642
290 1591 7091645
286 1592 7091648
289 1592 7091651
292 1601 7091654
291 1593 7091657
284 1593 7091660
290 1596 7091663
290 1596 7091666
289 1595 7091669
289 1591 7091672
287 1593 7091675
288 1592 7091678
289 1593 7091681
289 1593 7091684
289 1595 7091687
292 1595 7091690
288 1703 7091693
261 1591 7091696
292 1594 7091699
290 1593 7091702
284 1593 7091705
291 1592 7091708
288 1593 7091711
287 1595 7091714
290 1592 7091717
289 1595 7091720
289 1595 7091723
286 1591 7091726
289 1593 7091729
290 1593 7091732
1052 1593 7091735
288 1593 7091738
290 1597 7091741
289 1593 7091744
279 1590 7091747
289 1594 7091750
290 1594 7091753
291 1594 7091756
287 1591 7091759
289 1595 7091762
290 1591 7091765
289 1593 7091768
288 1594 7091771
290 1594 7091774
288 1597 7091777
289 1591 7091780
287 1595 7091783
291 1591 7091786
287 1595 7091789
288 1592 7091792
288 1593 7091795
292 1593 7091798
288 1594 7091801
288 1595 7091804
290 1591 7091807
290 1596 7091810
288 1592 7091813
1067 1590 7091816
293 1596 7091819
286 1597 7091822
289 1593 7091825
285 1592 7091828
291 1595 7091831
291 1594 7091834
288 1592 7091837
289 1592 7091840
290 1596 7091843
288 1591 7091846
291 1595 7091849
292 1596 7091852
291 1134 7091855
287 1594 7091858
284 1590 7091861
291 1595 7091864
288 1592 7091867
288 1596 7091870
291 1596 7091873
288 1592 7091876
289 1592 7091879
288 1593 7091882
290 1594 7091885
289 1594 7091888
288 1588 7091891
288 1582 7091894
556 1594 7091897
288 1596 7091900
293 1598 7091903
292 1591 7091906
287 1592 7091909
289 1589 7091912
286 1593 7091915
289 1591 7091918
287 1592 7091921
288 1594 7091924
290 1594 7091927
289 1593 7091930
290 1595 7091933
289 1594 7091936
291 1591 7091939
288 1595 7091942
288 1594 7091945
288 1590 7091948
287 1593 7091951
291 1597 7091954
288 1592 7091957
291 1594 7091960
291 1595 7091963
286 1593 7091966
287 1593 7091969
288 1593 7091972
286 1593 7091975
290 1589 7091978
313 1591 7091981
289 1596 7091984
288 1595 7091987
289 1592 7091990
287 1594 7091993
290 1595 7091996
290 1593 7092000
290 1594 7092003
291 1594 7092006
289 1592 7092009
290 1589 7092012
288 1596 7092015
291 1597 7092018
0 1593 7092021
294 1593 7092024
286 1595 7092027
286 1591 7092030
287 1594 7092033
290 1594 7092036
291 1596 7092038
290 1595 7092041
290 1595 7092044
291 1590 7092047
288 1593 7092050
289 1596 7092053
288 1595 7092056
289 1592 7092059
340 1568 7092062
292 1594 7092065
292 1595 7092068
288 1590 7092071
288 1593 7092074
290 1596 7092077
286 1593 7092080
288 1591 7092083
291 1592 7092086
289 1594 7092089
289 1593 7092092
288 1592 7092095
291 1595 7092098
289 1591 7092101
287 1592 7092104
291 1594 7092107
291 1598 7092110
290 1595 7092113
291 1595 7092116
288 1593 7092119
289 1594 7092122
288 1594 7092125
290 1593 7092128
290 1593 7092131
289 1593 7092134
287 1593 7092137
286 1593 7092140
291 1595 7092143
290 1601 7092146
220 1593 7092149
292 1592 7092152
284 1593 7092155
288 1594 7092158
287 1591 7092161
289 1596 7092164
289 1594 7092167
285 1593 7092170
290 1593 7092173
289 1595 7092176
290 1593 7092179
290 1594 7092182
290 1594 7092185
289 1594 7092188
289 1596 7092191
287 1591 7092194
287 1597 7092197
293 1597 7092200
289 1593 7092203
291 1596 7092206
290 1595 7092209
287 1595 7092212
286 1594 7092215
291 1593 7092218
290 1573 7092221
287 1594 7092224
289 1594 7092227
290 1593 7092230
291 1594 7092233
310 1594 7092236
289 1593 7092239
293 1598 7092242
290 1593 7092245
285 1594 7092248
289 1592 7092251
290 1592 7092254
291 1594 7092257
288 1593 7092260
289 1594 7092263
291 1593 7092266
286 1592 7092269
289 1593 7092272
291 1590 7092275
391 2093 7092278
288 1595 7092281
290 1588 7092284
285 1595 7092287
289 1592 7092290
288 1590 7092293
292 1595 7092296
289 1596 7092299
287 1593 7092302
290 1594 7092305
289 1595 7092308
289 1595 7092311
290 1592 7092314
284 1595 7092317
290 1594 7092320
281 1641 7092323
288 1594 7092326
283 1596 7092329
294 1595 7092332
288 1591 7092335
288 1598 7092338
290 1592 7092341
289 1594 7092344
288 1594 7092347
287 1592 7092350
289 1593 7092353
288 1594 7092356
291 1595 7092359
292 1593 7092362
290 1593 7092365
293 1605 7092368
291 1595 7092371
290 1594 7092374
292 1596 7092377
286 1591 7092380
287 1591 7092383
288 1594 7092386
290 1594 7092389
292 1594 7092392
291 1593 7092395
289 1594 7092398
284 1588 7092401
286 1593 7092404
288 1593 7092407
289 1594 7092410
320 1971 7092413
291 1595 7092416
290 1593 7092419
287 1592 7092422
290 1591 7092425
290 1592 7092428
290 1594 7092431
284 1592 7092434
289 1592 7092437
289 1595 7092440
289 1598 7092443
291 1596 7092446
292 1596 7092449
290 1592 7092452
283 1589 7092455
288 1589 7092458
286 1593 7092461
290 1596 7092464
287 1589 7092467
288 1596 7092470
293 1594 7092473
289 1594 7092476
290 1596 7092479
290 1593 7092482
289 1591 7092485
287 1593 7092488
289 1593 7092491
289 1592 7092494
288 1594 7092497
288 1595 7092500
288 1568 7092503
355 1594 7092506
287 1590 7092509
285 1596 7092512
290 1589 7092515
284 1594 7092518
288 1593 7092521
290 1592 7092524
291 1594 7092527
292 1595 7092530
286 1592 7092533
289 1593 7092536
294 1595 7092539
290 1593 7092542
289 1593 7092545
288 1485 7092548
271 1589 7092551
288 1592 7092554
287 1591 7092557
290 1596 7092560
292 1594 7092563
289 1592 7092566
285 1592 7092569
290 1593 7092572
289 1596 7092575
287 1596 7092578
288 1594 7092581
288 1594 7092584
288 1591 7092587
285 1591 7092590
289 1596 7092593
285 1588 7092596
286 1593 7092599
292 1595 7092602
288 1594 7092605
289 1597 7092608
291 1595 7092611
289 1594 7092614
288 1595 7092617
287 1590 7092620
285 1593 7092623
286 1594 7092626
289 1593 7092629
290 1596 7092632
290 1593 7092635
289 1593 7092638
298 1594 7092641
288 1594 7092644
291 1595 7092647
291 1591 7092650
289 1594 7092653
286 1591 7092656
287 1592 7092659
290 1596 7092662
289 1592 7092665
290 1593 7092668
289 1595 7092671
289 1596 7092674
288 1593 7092677
287 1591 7092680
288 1596 7092683
285 1641 7092686
288 1592 7092689
289 1598 7092692
293 1594 7092695
287 1591 7092698
288 1596 7092701
290 1592 7092704
288 1594 7092707
290 1591 7092710
290 1595 7092713
290 1591 7092716
289 1591 7092719
288 1594 7092722
288 1595 7092725
291 1594 7092728
284 1584 7092731
289 1594 7092734
293 1593 7092737
289 1592 7092740
286 1596 7092743
294 1593 7092746
289 1592 7092749
288 1594 7092752
288 1590 7092755
288 1594 7092758
290 1595 7092761
285 1591 7092764
291 1593 7092767
290 1592 7092770
289 1533 7092773
323 1594 7092776
290 1592 7092779
286 1593 7092782
290 1595 7092785
288 1592 7092788
288 1594 7092791
290 1595 7092794
288 1594 7092797
293 1595 7092800
290 1594 7092803
287 1595 7092806
286 1592 7092809
289 1593 7092812
288 1595 7092815
288 1599 7092818
287 1593 7092821
291 1596 7092824
290 1594 7092827
285 1590 7092830
290 1594 7092833
288 1594 7092836
289 1594 7092839
289 1594 7092842
290 1594 7092845
285 1593 7092848
288 1591 7092851
286 1592 7092854
290 1594 7092857
289 1592 7092860
291 1616 7092863
289 1593 7092866
290 1592 7092869
290 1597 7092872
288 1594 7092875
292 1594 7092878
290 1593 7092881
287 1592 7092884
289 1593 7092887
288 1590 7092890
288 1593 7092893
286 1594 7092896
290 1592 7092899
289 1593 7092902
287 1600 7092905
295 1591 7092908
286 1597 7092911
291 1591 7092914
286 1592 7092917
289 1593 7092920
288 1593 7092923
288 1595 7092926
288 1594 7092929
286 1596 7092932
292 1594 7092935
288 1595 7092938
291 1593 7092941
286 1592 7092944
289 1587 7092947
270 1594 7092950
288 1591 7092953
288 1597 7092956
293 1593 7092959
287 1591 7092962
290 1596 7092965
293 1595 7092968
291 1593 7092971
289 1593 7092974
288 1592 7092977
286 1592 7092980
288 1592 7092983
290 1594 7092986
290 1581 7092989
238 1594 7092992
287 1591 7092995
288 1595 7092999
292 1595 7093002
290 1592 7093005
292 1594 7093008
290 1594 7093011
287 1592 7093014
290 1595 7093017
286 1593 7093020
287 1590 7093023
290 1593 7093026
293 1591 7093029
288 1586 7093031
252 1590 7093034
288 1590 7093037
289 1592 7093040
291 1590 7093043
287 1595 7093046
290 1595 7093049
289 1592 7093052
290 1595 7093055
291 1595 7093058
291 1592 7093061
290 1594 7093064
288 1594 7093067
288 1589 7093070
290 1592 7093073
293 1593 7093076
288 1595 7093079
295 1595 7093082
291 1593 7093085
289 1594 7093088
291 1591 7093091
292 1592 7093094
291 1594 7093097
288 1594 7093100
291 1591 7093103
290 1594 7093106
287 1592 7093109
286 1591 7093112
341 1593 7093115
291 1597 7093118
291 1596 7093121
290 1592 7093124
290 1595 7093127
291 1594 7093130
288 1593 7093133
290 1591 7093136
287 1593 7093139
289 1591 7093142
290 1593 7093145
289 1595 7093148
291 1595 7093151
291 1592 7093154
296 1809 7093157
289 1594 7093160
286 1590 7093163
286 1595 7093166
289 1595 7093169
288 1594 7093172
289 1595 7093175
288 1595 7093178
293 1594 7093181
289 1594 7093184
285 1590 7093187
288 1592 7093190
290 1595 7093193
289 1593 7093196
307 1506 7093199
291 1593 7093202
291 1591 7093205
289 1595 7093208
289 1593 7093211
305 1593 7093214
289 1594 7093217
287 1593 7093220
288 1592 7093223
290 1594 7093226
289 1596 7093229
288 1593 7093232
289 1593 7093235
286 1595 7093238
290 1738 7093241
288 1592 7093244
288 1592 7093247
289 1596 7093250
287 1591 7093253
290 1592 7093256
290 1595 7093259
289 1596 7093262
288 1594 7093265
292 1595 7093268
291 1596 7093271
290 1593 7093274
288 1594 7093277
289 1595 7093280
257 1596 7093283
285 1593 7093286
288 1601 7093289
293 1594 7093292
288 1594 7093295
289 1595 7093298
289 1592 7093301
290 1593 7093304
288 1597 7093307
287 1593 7093310
289 1594 7093313
291 1593 7093316
284 1591 7093319
289 1595 7093322
290 1592 7093325
508 1594 7093328
290 1594 7093331
289 1592 7093334
290 1598 7093337
291 1592 7093340
289 1592 7093343
289 1594 7093346
289 1591 7093349
286 1590 7093352
289 1594 7093355
289 1594 7093358
292 1597 7093361
290 1595 7093364
289 1594 7093367
313 1596 7093370
287 1591 7093373
287 1589 7093376
290 1594 7093379
291 1595 7093382
287 1591 7093385
290 1594 7093388
290 1592 7093391
291 1595 7093394
290 1593 7093397
289 1593 7093400
288 1593 7093403
289 1592 7093406
289 1591 7093409
290 1595 7093412
294 1596 7093415
288 1592 7093418
294 1597 7093421
289 1593 7093424
289 1593 7093427
289 1593 7093430
289 1592 7093433
292 1593 7093436
290 1592 7093439
290 1594 7093442
292 1593 7093445
292 1592 7093448
287 1592 7093451
293 1594 7093454
291 1556 7093457
278 1590 7093460
289 1592 7093463
283 1589 7093466
290 1593 7093469
291 1592 7093472
292 1592 7093475
291 1593 7093478
291 1592 7093481
286 1589 7093484
289 1595 7093487
290 1593 7093490
287 1596 7093493
289 1594 7093496
288 1592 7093499
287 1594 7093502
285 1596 7093505
289 1591 7093508
290 1595 7093511
289 1597 7093514
289 1593 7093517
293 1594 7093520
287 1593 7093523
290 1596 7093526
291 1594 7093529
289 1593 7093532
290 1595 7093535
286 1590 7093538
282 1594 7093541
291 1596 7093544
290 1595 7093547
301 1631 7093550
290 1594 7093553
285 1596 7093556
289 1594 7093559
289 1592 7093562
288 1593 7093565
289 1593 7093568
288 1593 7093571
287 1595 7093574
286 1593 7093577
292 1595 7093580
288 1593 7093583
288 1593 7093586
291 1594 7093589
288 1594 7093592
428 1595 7093595
282 1591 7093598
287 1593 7093601
287 1595 7093604
290 1594 7093607
290 1593 7093610
289 1594 7093613
286 1593 7093616
286 1592 7093619
290 1593 7093622
287 1596 7093625
290 1594 7093628
291 1592 7093631
288 1597 7093634
290 1595 7093637
289 1595 7093640
377 1594 7093643
284 1590 7093646
288 1593 7093649
288 1592 7093652
287 1594 7093655
290 1596 7093658
290 1595 7093661
290 1596 7093664
288 1597 7093667
287 1593 7093670
284 1592 7093673
288 1593 7093676
291 1592 7093679
286 1592 7093682
288 1594 7093685
266 1529 7093688
291 1594 7093691
289 1599 7093694
293 1593 7093697
288 1594 7093700
288 1590 7093703
285 1592 7093706
290 1590 7093709
288 1591 7093712
290 1594 7093715
290 1593 7093718
293 1593 7093721
290 1593 7093724
289 1595 7093727
293 1593 7093730
290 1576 7093733
253 1593 7093736
288 1588 7093739
294 1594 7093742
289 1593 7093745
287 1593 7093748
292 1591 7093751
290 1595 7093754
288 1597 7093757
289 1593 7093760
291 1593 7093763
284 1593 7093766
288 1593 7093769
289 1591 7093772
288 1594 7093775
288 1593 7093778
305 1503 7093781
288 1595 7093784
282 1594 7093787
291 1596 7093790
289 1592 7093793
289 1594 7093796
289 1592 7093799
289 1591 7093802
285 1591 7093805
291 1595 7093808
290 1595 7093811
286 1593 7093814
290 1596 7093817
292 1592 7093820
288 1594 7093823
288 1573 7093826
1194 1593 7093829
288 1593 7093832
283 1593 7093835
287 1590 7093838
288 1593 7093841
290 1594 7093844
291 1594 7093847
289 1593 7093850
288 1592 7093853
289 1590 7093856
288 1590 7093859
290 1592 7093862
288 1591 7093865
282 1594 7093868
288 1592 7093871
289 1596 7093874
292 1604 7093877
290 1592 7093880
290 1592 7093883
290 1594 7093886
290 1594 7093889
285 1591 7093892
291 1590 7093895
288 1593 7093898
289 1596 7093901
289 1593 7093904
290 1597 7093907
292 1594 7093910
286 1590 7093913
288 1594 7093916
290 1594 7093919
287 1598 7093922
291 1593 7093925
292 1592 7093928
287 1593 7093931
288 1593 7093934
290 1593 7093937
291 1594 7093940
290 1593 7093943
284 1593 7093946
291 1594 7093949
290 1592 7093952
288 1594 7093955
288 1595 7093958
289 1594 7093961
290 1594 7093964
288 1592 7093967
280 1592 7093970
291 1594 7093973
287 1593 7093976
286 1594 7093979
290 1595 7093982
290 1592 7093985
288 1594 7093988
290 1595 7093991
289 1592 7093994
289 1597 7093997
289 1594 7094001
288 1593 7094004
283 1587 7094007
290 1596 7094010
285 2374 7094013
285 1601 7094016
291 1593 7094019
288 1592 7094022
289 1593 7094025
289 1594 7094028
290 1593 7094031
289 1595 7094033
291 1595 7094036
289 1595 7094039
288 1592 7094042
287 1593 7094045
288 1594 7094048
290 1597 7094051
290 1591 7094054
288 1590 7094057
308 1531 7094060
289 1594 7094063
286 1593 7094066
296 1598 7094069
291 1593 7094072
290 1596 7094075
288 1590 7094078
285 1594 7094081
288 1594 7094084
288 1593 7094087
289 1596 7094090
290 1594 7094093
288 1594 7094096
284 1595 7094099
290 1594 7094102
290 1596 7094105
289 1594 7094108
289 1595 7094111
287 1589 7094114
287 1594 7094117
289 1593 7094120
289 1593 7094123
291 1593 7094126
291 1595 7094129
286 1592 7094132
287 1594 7094135
289 1594 7094138
288 1592 7094141
288 1593 7094144
290 1591 7094147
289 1589 7094150
241 1594 7094153
290 1595 7094156
294 1596 7094159
290 1593 7094162
288 1593 7094165
291 1591 7094168
288 1593 7094171
290 1596 7094174
290 1591 7094177
293 1593 7094180
293 1596 7094183
290 1592 7094186
290 1591 7094189
292 1594 7094192
287 1567 7094195
373 1591 7094198
286 1589 7094201
295 1596 7094204
290 1592 7094207
287 1595 7094210
290 1594 7094213
305 1594 7094216
290 1593 7094219
289 1593 7094222
292 1592 7094225
288 1594 7094228
286 1592 7094231
289 1595 7094234
293 1594 7094237
289 1610 7094240
284 1597 7094243
287 1586 7094246
290 1596 7094249
289 1593 7094252
286 1595 7094255
292 1595 7094258
288 1592 7094261
285 1595 7094264
289 1590 7094267
289 1594 7094270
290 1596 7094273
290 1595 7094276
288 1592 7094279
289 1593 7094282
285 1588 7094285
278 1593 7094288
289 1595 7094291
291 1596 7094294
287 1592 7094297
289 1595 7094300
292 1596 7094303
293 1593 7094306
291 1594 7094309
290 1593 7094312
289 1593 7094315
289 1591 7094318
286 1592 7094321
290 1596 7094324
288 1593 7094327
436 1593 7094330
292 1595 7094333
288 1593 7094336
289 1595 7094339
290 1593 7094342
289 1593 7094345
285 1593 7094348
290 1593 7094351
289 1593 7094354
292 1595 7094357
290 1592 7094360
290 1594 7094363
290 1596 7094366
290 1595 7094369
291 1594 7094372
295 1546 7094375
289 1593 7094378
286 1595 7094381
289 1594 7094384
289 1593 7094387
289 1596 7094390
293 1595 7094393
287 1592 7094396
290 1593 7094399
289 1593 7094402
280 1595 7094405
290 1593 7094408
290 1592 7094411
288 1595 7094414
287 1588 7094417
564 1594 7094420
292 1596 7094423
289 1595 7094426
289 1593 7094429
291 1589 7094432
287 1594 7094435
289 1596 7094438
290 1593 7094441
292 1592 7094444
286 1594 7094447
288 1591 7094450
289 1592 7094453
289 1595 7094456
291 1593 7094459
204 1591 7094462
288 1593 7094465
289 1594 7094468
286 1593 7094471
288 1595 7094474
289 1594 7094477
289 1593 7094480
289 1594 7094483
288 1592 7094486
290 1592 7094489
289 1593 7094492
287 1593 7094495
291 1594 7094498
289 1594 7094501
290 1597 7094504
290 1592 7094507
289 1594 7094510
292 1595 7094513
287 1591 7094516
289 1593 7094519
291 1595 7094522
289 1597 7094525
286 1593 7094528
288 1591 7094531
289 1591 7094534
292 1597 7094537
289 1592 7094540
296 1590 7094543
287 1594 7094546
286 1591 7094549
289 1592 7094552
292 1597 7094555
296 1595 7094558
286 1588 7094561
287 1593 7094564
289 1592 7094567
287 1595 7094570
291 1594 7094573
290 1594 7094576
290 1594 7094579
287 1592 7094582
289 1593 7094585
287 1593 7094588
289 1594 7094591
284 1582 7094594
288 1594 7094597
286 1594 7094600
289 1594 7094603
287 1594 7094606
290 1594 7094609
289 1593 7094612
288 1593 7094615
290 1594 7094618
288 1593 7094621
290 1593 7094624
286 1593 7094627
289 1595 7094630
291 1594 7094633
288 1601 7094636
387 1595 7094639
290 1588 7094642
289 1595 7094645
290 1593 7094648
289 1593 7094651
289 1594 7094654
290 1595 7094657
287 1592 7094660
290 1592 7094663
292 1595 7094666
290 1596 7094669
289 1593 7094672
288 1592 7094675
289 1592 7094678
315 1483 7094681
288 1591 7094684
290 1590 7094687
290 1595 7094690
289 1591 7094693
289 1593 7094696
287 1593 7094699
289 1593 7094702
287 1597 7094705
290 1595 7094708
290 1595 7094711
288 1591 7094714
288 1593 7094717
289 1594 7094720
290 1594 7094723
290 1593 7094726
290 1595 7094729
293 1594 7094732
286 1593 7094735
290 1595 7094738
288 1594 7094741
290 1596 7094744
289 1593 7094747
284 1592 7094750
286 1593 7094753
287 1594 7094756
287 1593 7094759
290 1594 7094762
289 1593 7094765
288 1596 7094768
254 1595 7094771
290 1590 7094774
291 1597 7094777
289 1594 7094780
287 1591 7094783
288 1594 7094786
288 1596 7094789
285 1593 7094792
288 1594 7094795
293 1596 7094798
288 1594 7094801
287 1595 7094804
288 1591 7094807
286 1596 7094810
140 1592 7094813
285 1592 7094816
291 1594 7094819
288 1592 7094822
287 1592 7094825
288 1591 7094828
291 1594 7094831
291 1594 7094834
290 1591 7094837
288 1595 7094840
290 1594 7094843
289 1591 7094846
290 1594 7094849
289 1594 7094852
286 1592 7094855
284 1628 7094858
299 1593 7094861
300 1594 7094864
308 1595 7094867
293 1604 7094870
292 1657 7094873
271 1721 7094876
260 1740 7094879
254 1750 7094882
254 1746 7094885
255 1745 7094888
254 1741 7094891
254 1743 7094894
256 1743 7094897
255 1744 7094900
251 1745 7094903
255 1742 7094906
259 1747 7094909
255 1744 7094912
254 1743 7094915
255 1745 7094918
256 1742 7094921
251 1743 7094924
254 1743 7094927
255 1742 7094930
257 1745 7094933
253 1744 7094936
254 1744 7094939
254 1745 7094942
254 1808 7094945
253 1737 7094948
256 1746 7094951
253 1743 7094954
250 1742 7094957
255 1746 7094960
253 1752 7094963
254 1744 7094966
254 1745 7094969
252 1745 7094972
251 1742 7094975
255 1743 7094978
253 1743 7094981
254 1748 7094984
257 1744 7094987
250 1655 7094990
0 1745 7094993
256 1740 7094996
250 1745 7095000
251 1747 7095003
255 1744 7095006
252 1743 7095009
251 1743 7095012
256 1745 7095015
256 1746 7095018
252 1744 7095021
254 1744 7095024
257 1745 7095027
253 1744 7095030
255 1745 7095033
254 1741 7095036
129 1745 7095038
253 1745 7095041
253 1742 7095044
253 1745 7095047
254 1747 7095050
254 1746 7095053
255 1744 7095056
252 1745 7095059
261 1743 7095062
259 1744 7095065
260 1745 7095068
260 1745 7095071
263 1746 7095074
265 1745 7095077
267 1745 7095080
265 1747 7095083
271 1744 7095086
267 1744 7095089
271 1743 7095092
270 1745 7095095
273 1748 7095098
273 1745 7095101
268 1744 7095104
271 1745 7095107
269 1742 7095110
271 1749 7095113
273 1747 7095116
276 1744 7095119
273 1745 7095122
272 1745 7095125
272 1744 7095128
273 1745 7095131
275 1745 7095134
269 1747 7095137
277 1740 7095140
270 1746 7095143
274 1747 7095146
272 1744 7095149
275 1748 7095152
272 1747 7095155
272 1743 7095158
274 1742 7095161
273 1745 7095164
273 1746 7095167
271 1742 7095170
273 1748 7095173
275 1745 7095176
279 1771 7095179
270 1747 7095182
273 1746 7095185
272 1747 7095188
268 1744 7095191
268 1743 7095194
267 1743 7095197
270 1745 7095200
266 1746 7095203
270 1755 7095206
269 1744 7095209
268 1747 7095212
270 1743 7095215
270 1743 7095218
266 1745 7095221
266 1745 7095224
342 1742 7095227
266 1740 7095230
265 1749 7095233
269 1742 7095236
267 1744 7095239
267 1746 7095242
269 1745 7095245
265 1745 7095248
266 1744 7095251
265 1745 7095254
264 1744 7095257
263 1742 7095260
265 1744 7095263
269 1747 7095266
265 1742 7095269
223 1499 7095272
268 1745 7095275
261 1741 7095278
263 1744 7095281
266 1744 7095284
266 1746 7095287
262 1743 7095290
261 1743 7095293
263 1748 7095296
263 1745 7095299
265 1743 7095302
264 1745 7095305
263 1745 7095308
261 1746 7095311
263 1745 7095314
262 1996 7095317
262 1749 7095320
262 1742 7095323
263 1745 7095326
261 1746 7095329
261 1744 7095332
260 1745 7095335
262 1748 7095338
264 1745 7095341
262 1746 7095344
263 1745 7095347
260 1743 7095350
263 1747 7095353
260 1744 7095356
260 1745 7095359
260 1745 7095362
261 1743 7095365
249 1743 7095368
260 1747 7095371
263 1744 7095374
258 1746 7095377
260 1745 7095380
260 1745 7095383
257 1747 7095386
258 1742 7095389
260 1743 7095392
260 1749 7095395
258 1746 7095398
256 1742 7095401
258 1745 7095404
260 1745 7095407
258 1745 7095410
258 1740 7095413
257 1743 7095416
262 1746 7095419
257 1743 7095422
256 1745 7095425
259 1747 7095428
258 1747 7095431
258 1742 7095434
259 1745 7095437
258 1745 7095440
256 1743 7095443
256 1745 7095446
259 1745 7095449
257 1747 7095452
258 1744 7095455
255 1744 7095458
255 1745 7095461
254 1747 7095464
258 1743 7095467
256 1745 7095470
259 1747 7095473
255 1746 7095476
257 1745 7095479
259 1742 7095482
257 1746 7095485
256 1746 7095488
256 1746 7095491
258 1744 7095494
256 1745 7095497
256 1744 7095500
256 1746 7095503
256 1748 7095506
258 1747 7095509
259 1741 7095512
256 1740 7095515
257 1749 7095518
255 1743 7095521
256 1744 7095524
260 1748 7095527
256 1744 7095530
256 1740 7095533
256 1743 7095536
256 1745 7095539
256 1746 7095542
249 1746 7095545
255 1744 7095548
237 1743 7095551
254 1744 7095554
255 1743 7095557
253 1742 7095560
257 1746 7095563
254 1742 7095566
253 1743 7095569
256 1744 7095572
256 1747 7095575
253 1745 7095578
259 1745 7095581
256 1746 7095584
255 1744 7095587
255 1743 7095590
256 1745 7095593
254 1755 7095596
277 1742 7095599
256 1746 7095602
254 1746 7095605
256 1750 7095608
255 1744 7095611
254 1745 7095614
255 1743 7095617
255 1744 7095620
255 1744 7095623
256 1744 7095626
258 1744 7095629
254 1743 7095632
253 1744 7095635
254 1745 7095638
256 1746 7095641
255 1734 7095644
256 1743 7095647
257 1744 7095650
253 1741 7095653
253 1743 7095656
257 1744 7095659
256 1745 7095662
254 1743 7095665
254 1744 7095668
255 1744 7095671
256 1746 7095674
255 1743 7095677
256 1743 7095680
252 1746 7095683
253 1744 7095686
206 1558 7095689
256 1747 7095692
255 1744 7095695
252 1743 7095698
257 1747 7095701
251 1744 7095704
255 1744 7095707
254 1744 7095710
253 1743 7095713
254 1745 7095716
253 1743 7095719
253 1747 7095722
255 1743 7095725
255 1745 7095728
252 1743 7095731
248 1747 7095734
251 1743 7095737
254 1752 7095740
256 1743 7095743
255 1743 7095746
254 1744 7095749
253 1745 7095752
254 1744 7095755
255 1745 7095758
256 1747 7095761
253 1743 7095764
255 1746 7095767
256 1746 7095770
257 1747 7095773
254 1748 7095776
254 1749 7095779
247 1748 7095782
254 1734 7095785
255 1746 7095788
256 1747 7095791
254 1746 7095794
253 1744 7095797
255 1744 7095800
253 1746 7095803
253 1748 7095806
255 1743 7095809
254 1747 7095812
254 1745 7095815
250 1741 7095818
254 1745 7095821
255 1830 7095824
571 1748 7095827
252 1745 7095830
253 1744 7095833
254 1747 7095836
253 1745 7095839
253 1744 7095842
253 1743 7095845
256 1743 7095848
254 1744 7095851
255 1745 7095854
255 1745 7095857
256 1741 7095860
253 1746 7095863
254 1745 7095866
256 1737 7095869
259 1747 7095872
252 1746 7095875
256 1743 7095878
253 1740 7095881
253 1748 7095884
253 1740 7095887
255 1742 7095890
253 1745 7095893
251 1744 7095896
257 1744 7095899
254 1746 7095902
254 1748 7095905
254 1743 7095908
255 1745 7095911
257 1747 7095914
252 1748 7095917
256 1746 7095920
256 1748 7095923
255 1746 7095926
253 1744 7095929
255 1747 7095932
257 1744 7095935
254 1744 7095938
256 1746 7095941
254 1743 7095944
254 1743 7095947
254 1743 7095950
253 1744 7095953
255 1745 7095956
256 1745 7095959
270 1742 7095962
254 1746 7095965
255 1742 7095968
256 1747 7095971
255 1747 7095974
255 1744 7095977
256 1746 7095980
252 1743 7095983
253 1744 7095986
252 1743 7095989
253 1743 7095992
256 1745 7095995
253 1743 7095999
254 1745 7096002
255 1745 7096005
85 1742 7096008
251 1742 7096011
252 1746 7096014
255 1744 7096017
255 1746 7096020
256 1742 7096023
253 1742 7096026
257 1743 7096029
254 1746 7096031
256 1744 7096034
253 1746 7096037
256 1745 7096040
253 1745 7096043
251 1746 7096046
254 1746 7096049
250 1743 7096052
258 1743 7096055
251 1742 7096058
260 1740 7096061
244 1753 7096064
262 1748 7096067
251 1734 7096070
250 1747 7096073
252 1743 7096076
252 1743 7096079
253 1744 7096082
254 1745 7096085
254 1746 7096088
252 1744 7096091
256 1747 7096094
254 1742 7096097
258 1743 7096100
253 1744 7096103
272 1761 7096106
246 1739 7096109
247 1745 7096112
260 1747 7096115
252 1743 7096118
253 1746 7096121
245 1746 7096124
254 1746 7096127
256 1746 7096130
254 1746 7096133
253 1745 7096136
253 1746 7096139
253 1677 7096142
252 1737 7096145
255 1747 7096148
255 1728 7096151
257 1759 7096154
257 1742 7096157
251 1746 7096160
255 1746 7096163
253 1743 7096166
255 1745 7096169
250 1743 7096172
253 1746 7096175
256 1743 7096178
257 1749 7096181
257 1743 7096184
252 1746 7096187
260 1786 7096190
250 1745 7096193
262 1770 7096196
238 1742 7096199
245 1743 7096202
261 1745 7096205
252 1740 7096208
254 1745 7096211
255 1744 7096214
255 1745 7096217
254 1747 7096220
253 1743 7096223
255 1743 7096226
257 1747 7096229
255 1746 7096232
255 1743 7096235
245 1748 7096238
251 1743 7096241
235 1742 7096244
268 1754 7096247
250 1742 7096250
251 1748 7096253
256 1746 7096256
254 1745 7096259
254 1748 7096262
255 1744 7096265
252 1745 7096268
252 1744 7096271
252 1745 7096274
252 1745 7096277
253 1744 7096280
280 1746 7096283
251 1743 7096286
277 1761 7096289
248 1746 7096292
251 1749 7096295
257 1744 7096298
252 1742 7096301
338 1444 7081901
338 1446 7081904
338 1449 7081907
340 1446 7081910
336 1441 7081913
339 1454 7081916
341 1444 7081919
338 1445 7081922
336 1443 7081925
346 1443 7081928
337 1446 7081931
338 1444 7081934
339 1445 7081937
340 1445 7081940
339 1444 7081943
336 1443 7081946
340 1444 7081949
345 1451 7081952
338 1447 7081955
340 1450 7081958
338 1444 7081961
337 1445 7081964
339 1447 7081967
338 1444 7081970
343 1446 7081973
340 1445 7081976
335 1442 7081979
337 1446 7081982
340 1446 7081985
340 1449 7081988
340 1446 7081991
338 1444 7081994
340 1441 7081997
321 1442 7082001
336 1447 7082004
342 1444 7082007
337 1445 7082010
338 1447 7082013
339 1446 7082016
338 1444 7082019
340 1446 7082022
339 1443 7082025
337 1447 7082028
337 1444 7082031
338 1444 7082033
340 1446 7082036
338 1445 7082039
337 1442 7082042
340 1452 7082045
337 1449 7082048
345 1448 7082051
339 1442 7082054
338 1446 7082057
339 1444 7082060
337 1442 7082063
336 1445 7082066
340 1446 7082069
339 1446 7082072
340 1448 7082075
338 1446 7082078
339 1444 7082081
338 1446 7082084
336 1443 7082087
338 144 7082090
336 1443 7082093
337 1444 7082096
334 1445 7082099
340 1449 7082102
339 1446 7082105
334 1448 7082108
339 1447 7082111
336 1444 7082114
335 1443 7082117
335 1445 7082120
337 1447 7082123
339 1447 7082126
338 1446 7082129
337 1446 7082132
339 1437 7082135
341 1445 7082138
338 1446 7082141
339 1444 7082144
335 1442 7082147
339 1445 7082150
338 1444 7082153
341 1445 7082156
341 1447 7082159
339 1446 7082162
336 1441 7082165
337 1446 7082168
341 1446 7082171
338 1447 7082174
340 1447 7082177
338 1465 7082180
351 1445 7082183
337 1443 7082186
334 1445 7082189
339 1445 7082192
338 1444 7082195
338 1444 7082198
339 1447 7082201
338 1446 7082204
337 1445 7082207
337 1445 7082210
336 1443 7082213
336 1444 7082216
336 1442 7082219
337 1445 7082222
338 1467 7082225
288 1444 7082228
338 1443 7082231
335 1445 7082234
340 1449 7082237
339 1446 7082240
337 1442 7082243
337 1443 7082246
337 1445 7082249
339 1445 7082252
339 1444 7082255
340 1446 7082258
342 1448 7082261
337 1462 7082264
337 1446 7082267
339 1345 7082270
0 1446 7082273
338 1444 7082276
337 1439 7082279
338 1449 7082282
340 1442 7082285
337 1443 7082288
342 1447 7082291
340 1446 7082294
337 1443 7082297
339 1441 7082300
338 1445 7082303
337 1446 7082306
337 1445 7082309
339 1445 7082312
338 1367 7082315
0 1445 7082318
337 1445 7082321
337 1445 7082324
338 1445 7082327
335 1443 7082330
335 1446 7082333
339 1443 7082336
338 1446 7082339
336 1449 7082342
342 1444 7082345
336 1444 7082348
336 1444 7082351
333 1444 7082354
338 1445 7082357
339 1447 7082360
358 1446 7082363
339 1445 7082366
337 1443 7082369
338 1449 7082372
339 1445 7082375
336 1444 7082378
340 1445 7082381
336 1442 7082384
335 1445 7082387
341 1443 7082390
336 1447 7082393
337 1444 7082396
338 1445 7082399
338 1444 7082402
339 1459 7082405
370 1444 7082408
340 1446 7082411
336 1446 7082414
339 1446 7082417
337 1442 7082420
338 1449 7082423
341 1448 7082426
335 1441 7082429
339 1446 7082432
338 1447 7082435
340 1444 7082438
337 1446 7082441
339 1445 7082444
336 1446 7082447
339 1435 7082450
395 1443 7082453
337 1442 7082456
338 1448 7082459
339 1445 7082462
337 1446 7082465
335 1443 7082468
337 1447 7082471
336 1453 7082474
339 1446 7082477
339 1446 7082480
335 1445 7082483
335 1443 7082486
338 1443 7082489
338 1446 7082492
336 1434 7082495
376 1444 7082498
338 1441 7082501
339 1448 7082504
340 1444 7082507
336 1445 7082510
336 1446 7082513
338 1445 7082516
337 1441 7082519
336 1447 7082522
338 1445 7082525
336 1442 7082528
343 1448 7082531
339 1445 7082534
338 1445 7082537
336 1452 7082540
297 1445 7082543
338 1441 7082546
338 1447 7082549
340 1445 7082552
339 1447 7082555
338 1445 7082558
335 1445 7082561
337 1445 7082564
338 1444 7082567
337 1445 7082570
339 1445 7082573
339 1445 7082576
339 1445 7082579
334 1444 7082582
338 1445 7082585
318 1445 7082588
338 1442 7082591
335 1446 7082594
339 1446 7082597
337 1444 7082600
337 1446 7082603
337 1447 7082606
338 1444 7082609
340 1445 7082612
337 1444 7082615
338 1442 7082618
337 1442 7082621
339 1442 7082624
338 1445 7082627
337 1453 7082630
288 1441 7082633
337 1447 7082636
334 1446 7082639
341 1445 7082642
339 1448 7082645
338 1445 7082648
336 1444 7082651
336 1442 7082654
338 1445 7082657
335 1444 7082660
339 1444 7082663
341 1444 7082666
339 1446 7082669
338 1445 7082672
337 1249 7082675
338 1443 7082678
338 1443 7082681
338 1441 7082684
334 1444 7082687
338 1445 7082690
338 1444 7082693
335 1446 7082696
342 1447 7082699
337 1444 7082702
337 1445 7082705
336 1445 7082708
337 1446 7082711
337 1445 7082714
337 1446 7082717
338 1446 7082720
338 1498 7082723
339 1445 7082726
333 1446 7082729
341 1444 7082732
335 1444 7082735
340 1446 7082738
338 1446 7082741
337 1445 7082744
340 1446 7082747
337 1444 7082750
338 1446 7082753
336 1446 7082756
338 1444 7082759
334 1442 7082762
340 1446 7082765
251 1449 7082768
340 1445 7082771
339 1448 7082774
335 1443 7082777
339 1446 7082780
338 1443 7082783
334 1444 7082786
340 1447 7082789
341 1445 7082792
336 1444 7082795
340 1448 7082798
337 1444 7082801
337 1444 7082804
338 1448 7082807
339 1448 7082810
339 1436 7082813
272 1444 7082816
337 1448 7082819
334 1441 7082822
343 1444 7082825
337 1446 7082828
338 1450 7082831
332 1444 7082834
338 1445 7082837
338 1448 7082840
335 1444 7082843
337 1443 7082846
335 1444 7082849
339 1446 7082852
339 1442 7082855
339 1447 7082858
332 1576 7082861
341 1446 7082864
333 1442 7082867
339 1446 7082870
341 1445 7082873
336 1442 7082876
340 1446 7082879
339 1445 7082882
340 1448 7082885
340 1446 7082888
339 1446 7082891
336 1442 7082894
337 1447 7082897
335 1444 7082900
339 1443 7082903
338 1457 7082906
525 1446 7082909
339 1444 7082912
333 1442 7082915
340 1442 7082918
338 1445 7082921
339 1442 7082924
336 1445 7082927
345 1448 7082930
334 1444 7082933
337 1444 7082936
337 1445 7082939
337 1447 7082942
338 1446 7082945
337 1444 7082948
339 1446 7082951
320 0 7082954
341 1445 7082957
338 1442 7082960
335 1445 7082963
341 1445 7082966
339 1443 7082969
336 1447 7082972
338 1443 7082975
339 1444 7082978
339 1446 7082981
339 1446 7082984
337 1444 7082987
337 1445 7082990
336 1443 7082993
337 1445 7082996
338 1445 7083000
337 1450 7083003
339 1445 7083006
338 1440 7083009
336 1446 7083012
340 1443 7083015
338 1445 7083018
342 1445 7083021
338 1444 7083024
335 1444 7083027
336 1440 7083030
338 1446 7083033
339 1443 7083036
340 1446 7083039
337 1444 7083041
337 1445 7083044
339 1436 7083047
285 1446 7083050
338 1446 7083053
340 1447 7083056
338 1442 7083059
336 1444 7083062
339 1446 7083065
337 1443 7083068
339 1448 7083071
338 1447 7083074
337 1444 7083077
337 1445 7083080
337 1445 7083083
339 1445 7083086
338 1444 7083089
340 1448 7083092
429 982 7083095
342 1445 7083098
336 1441 7083101
338 1445 7083104
338 1444 7083107
339 1443 7083110
341 1445 7083113
338 1444 7083116
337 1445 7083119
337 1446 7083122
340 1447 7083125
336 1443 7083128
339 1446 7083131
338 1445 7083134
336 1444 7083137
337 1445 7083140
338 1448 7083143
337 1445 7083146
341 1444 7083149
335 1444 7083152
338 1447 7083155
337 1443 7083158
335 1444 7083161
339 1446 7083164
338 1444 7083167
338 1444 7083170
337 1446 7083173
338 1444 7083176
338 1446 7083179
337 1442 7083182
338 1448 7083185
339 1427 7083188
327 1448 7083191
337 1439 7083194
336 1447 7083197
340 1445 7083200
337 1443 7083203
336 1448 7083206
339 1445 7083209
337 1447 7083212
337 1444 7083215
338 1444 7083218
339 1444 7083221
339 1445 7083224
334 1443 7083227
337 1444 7083230
336 1445 7083233
822 1442 7083236
342 1449 7083239
337 1445 7083242
336 1446 7083245
338 1442 7083248
337 1445 7083251
337 1446 7083254
349 1445 7083257
337 1443 7083260
338 1447 7083263
336 1445 7083266
337 1445 7083269
339 1445 7083272
338 1448 7083275
340 1446 7083278
339 1444 7083281
347 1453 7083284
337 1445 7083287
342 1448 7083290
336 1442 7083293
339 1445 7083296
337 1445 7083299
337 1443 7083302
337 1449 7083305
340 1445 7083308
339 1444 7083311
340 1444 7083314
338 1445 7083317
336 1447 7083320
339 1447 7083323
335 1443 7083326
337 1461 7083329
251 1442 7083332
340 1440 7083335
338 1448 7083338
340 1443 7083341
337 1446 7083344
338 1443 7083347
338 1446 7083350
338 1446 7083353
340 1448 7083356
337 1444 7083359
337 1441 7083362
335 1445 7083365
337 1443 7083368
338 1444 7083371
341 1447 7083374
291 1635 7083377
335 1443 7083380
335 1442 7083383
337 1448 7083386
343 1445 7083389
336 1442 7083392
340 1445 7083395
336 1443 7083398
340 1442 7083401
339 1446 7083404
342 1446 7083407
339 1445 7083410
338 1446 7083413
336 1445 7083416
339 1444 7083419
340 1343 7083422
0 1445 7083425
341 1445 7083428
336 1441 7083431
338 1445 7083434
338 1447 7083437
338 1444 7083440
338 1445 7083443
339 1445 7083446
339 1445 7083449
338 1445 7083452
338 1445 7083455
336 1445 7083458
340 1444 7083461
336 1444 7083464
337 1444 7083467
270 207 7083470
339 1445 7083473
340 1441 7083476
336 1445 7083479
338 1448 7083482
339 1446 7083485
340 1444 7083488
335 1442 7083491
341 1447 7083494
336 1445 7083497
338 1445 7083500
336 1446 7083503
337 1445 7083506
335 1446 7083509
336 1446 7083512
336 1530 7083515
276 1449 7083518
338 1445 7083521
333 1444 7083524
341 1449 7083527
334 1445 7083530
336 1443 7083533
338 1445 7083536
337 1447 7083539
339 1447 7083542
337 1444 7083545
337 1448 7083548
337 1444 7083551
338 1444 7083554
335 1446 7083557
339 1449 7083560
342 1501 7083563
340 1444 7083566
335 1448 7083569
337 1447 7083572
341 1444 7083575
335 1444 7083578
339 1445 7083581
331 1443 7083584
338 1445 7083587
333 1444 7083590
340 1427 7083593
337 1443 7083596
336 1445 7083599
336 1445 7083602
339 1443 7083605
338 1445 7083608
324 1443 7083611
338 1451 7083614
339 1443 7083617
341 1446 7083620
339 1442 7083623
339 1447 7083626
337 1446 7083629
338 1445 7083632
338 1446 7083635
337 1446 7083638
339 1445 7083641
336 1444 7083644
338 1446 7083647
339 1447 7083650
338 1426 7083653
0 1444 7083656
341 1445 7083659
334 1440 7083662
339 1445 7083665
340 1443 7083668
336 1446 7083671
337 1445 7083674
338 1445 7083677
337 1445 7083680
338 1445 7083683
338 1445 7083686
331 1446 7083689
340 1445 7083692
338 1444 7083695
338 1443 7083698
329 1457 7083701
338 1447 7083704
344 1448 7083707
337 1444 7083710
337 1445 7083713
338 1442 7083716
338 1446 7083719
336 1443 7083722
339 1444 7083725
338 1446 7083728
337 1446 7083731
337 1447 7083734
338 1443 7083737
338 1448 7083740
337 1443 7083743
333 1482 7083746
337 1445 7083749
339 1442 7083752
336 1442 7083755
339 1442 7083758
337 1445 7083761
338 1443 7083764
338 1445 7083767
335 1446 7083770
339 1444 7083773
339 1444 7083776
337 1446 7083779
339 1443 7083782
338 1445 7083785
335 1443 7083788
144 1444 7083791
340 1444 7083794
338 1445 7083797
336 1447 7083800
339 1449 7083803
339 1444 7083806
336 1444 7083809
338 1445 7083812
338 1445 7083815
337 1445 7083818
335 1445 7083821
341 1447 7083824
337 1443 7083827
337 1444 7083830
339 1447 7083833
334 1442 7083836
333 1445 7083839
336 1445 7083842
338 1444 7083845
334 1442 7083848
339 1445 7083851
337 1444 7083854
337 1445 7083857
338 1446 7083860
337 1444 7083863
336 1445 7083866
336 1444 7083869
340 1446 7083872
336 1445 7083875
335 1447 7083878
338 1451 7083881
334 1446 7083884
334 1443 7083887
342 1447 7083890
299 1564 7088299
299 1597 7088302
311 1593 7088305
292 1600 7088308
298 1603 7088311
304 1595 7088314
296 1593 7088317
303 1591 7088320
298 1596 7088323
299 1591 7088326
303 1595 7088329
297 1593 7088332
297 1593 7088335
302 1594 7088338
298 1591 7088341
294 1592 7088343
310 1601 7088346
292 1590 7088349
300 1595 7088352
298 1597 7088355
298 1593 7088358
298 1595 7088361
294 1591 7088364
295 1594 7088367
296 1593 7088370
279 1591 7088374
296 1680 7088376
296 1593 7088379
337 1573 7088382
299 1588 7088385
292 1601 7088388
297 1589 7088391
296 1597 7088394
293 1593 7088397
295 1593 7088400
297 1593 7088403
295 1595 7088407
294 1593 7088409
295 1680 7088412
293 1594 7088415
305 1593 7088418
284 1595 7088421
289 1617 7088424
297 1598 7088427
292 1589 7088430
292 1595 7088433
294 1596 7088436
295 1595 7088440
295 1592 7088442
295 1592 7088445
292 1592 7088448
285 1600 7088451
291 1591 7088454
290 1594 7088457
293 1604 7088460
303 1584 7088463
297 1596 7088466
292 1596 7088469
297 1597 7088473
290 1593 7088475
292 1595 7088478
293 1592 7088481
291 1593 7088484
289 1588 7088487
291 1601 7088490
295 1593 7088493
288 1607 7088496
292 1599 7088499
292 1586 7088502
297 1598 7088506
291 1592 7088508
293 1592 7088511
290 1590 7088514
291 1592 7088517
296 1597 7088520
292 1593 7088523
367 1581 7088526
289 1592 7088529
268 1593 7088532
288 1589 7088535
289 1601 7088539
287 1588 7088541
293 1597 7088544
293 1592 7088547
292 1594 7088550
293 1593 7088553
292 1594 7088556
292 1595 7088559
262 1582 7088562
291 1667 7088565
294 1591 7088568
322 1574 7088572
296 1586 7088574
286 1601 7088577
290 1590 7088580
291 1596 7088583
291 1591 7088586
286 1595 7088589
291 1593 7088592
290 1594 7088595
289 1592 7088598
255 1579 7088601
290 1593 7088605
266 1590 7088607
282 1600 7088610
294 1596 7088613
288 1589 7088616
294 1594 7088619
292 1598 7088622
293 1594 7088625
289 1595 7088628
289 1592 7088631
291 1593 7088634
297 1595 7088638
293 1588 7088640
288 1592 7088643
300 1597 7088646
283 1595 7088649
292 1603 7088652
290 1596 7088655
292 1591 7088658
292 1592 7088661
288 1592 7088664
290 1591 7088667
294 1596 7088671
296 1590 7088673
292 1577 7088676
289 1593 7088679
292 1589 7088682
287 1599 7088685
290 1587 7088688
290 1596 7088691
289 1592 7088694
291 1592 7088697
291 1596 7088700
288 1594 7088704
293 1591 7088706
291 1589 7088709
290 1589 7088712
292 1593 7088715
285 1605 7088718
294 1584 7088721
294 1597 7088724
287 1590 7088727
292 1591 7088730
291 1594 7088733
295 1594 7088737
290 1592 7088739
356 1595 7088742
291 1591 7088745
291 1592 7088748
289 1591 7088751
285 1603 7088754
291 1584 7088757
292 1593 7088760
288 1594 7088763
295 1592 7088766
291 1596 7088770
290 1592 7088772
293 1595 7088775
282 1597 7088778
290 1593 7088781
266 1594 7088784
291 1595 7088787
291 1602 7088790
288 1588 7088793
294 1594 7088796
290 1593 7088799
290 1597 7088803
288 1591 7088805
289 1592 7088808
293 1594 7088811
290 1592 7088814
312 1592 7088817
299 1590 7088820
290 1595 7088823
291 1589 7088826
288 1595 7088829
285 1591 7088832
290 1596 7088836
290 1589 7088838
296 1596 7088841
290 1561 7088844
289 1590 7088847
333 1576 7088850
293 1590 7088853
285 1598 7088856
289 1586 7088859
290 1598 7088862
288 1590 7088865
290 1591 7088869
229 1591 7088871
288 1593 7088874
288 1592 7088877
291 1592 7088880
297 1597 7088883
285 1591 7088886
291 1593 7088889
290 1595 7088892
288 1592 7088895
293 1592 7088898
290 1595 7088902
315 1600 7088904
291 1594 7088907
268 1593 7088910
283 1613 7088913
292 1598 7088916
287 1589 7088919
294 1596 7088922
289 1596 7088925
288 1591 7088928
267 1594 7088931
288 1587 7088935
289 1591 7088937
313 1593 7088940
292 1588 7088943
283 1596 7088946
293 1591 7088949
289 1597 7088952
290 1597 7088955
290 1591 7088958
275 1594 7088961
285 1641 7088964
287 1593 7088968
288 1604 7088970
315 1583 7088973
294 1592 7088976
285 1595 7088979
289 1591 7088982
289 1595 7088985
288 1594 7088988
292 1552 7088991
288 1586 7088994
289 1591 7088999
298 1594 7089002
282 1589 7089005
294 1595 7089008
289 1592 7089011
288 1598 7089014
289 1592 7089017
262 1593 7089020
281 1594 7089023
290 1593 7089026
288 1601 7089029
294 1591 7089032
283 1601 7089035
289 1591 7089038
289 1592 7089041
289 1594 7089044
292 1601 7089047
287 1604 7089050
291 1599 7089053
289 1603 7089056
285 1600 7089059
288 1588 7089062
286 1595 7089065
292 1592 7089068
288 1593 7089071
290 1596 7089074
357 1591 7089077
300 1592 7089080
289 1592 7089083
299 1583 7089086
296 1598 7089089
284 1588 7089092
289 1598 7089095
291 1596 7089098
289 1593 7089101
289 1593 7089104
291 1593 7089107
290 1592 7089110
289 1567 7089113
293 1584 7089116
294 1594 7089119
285 1587 7089122
290 1595 7089125
291 1593 7089128
289 1591 7089131
291 1583 7089134
188 1592 7089137
289 1592 7089140
308 1590 7089143
279 1593 7089146
284 1598 7089149
293 1588 7089152
287 1595 7089155
290 1591 7089158
287 1592 7089161
306 1590 7089164
285 1595 7089167
289 1593 7089170
301 1591 7089173
294 1599 7089176
282 1589 7089179
287 1594 7089182
287 1594 7089185
287 1593 7089188
291 1594 7089191
288 1596 7089194
298 1593 7089197
291 1593 7089200
279 1605 7089203
288 1583 7089206
285 1596 7089209
293 1593 7089212
285 1594 7089215
291 1596 7089218
287 1592 7089221
385 1589 7089224
293 1593 7089227
288 1591 7089230
283 1596 7089233
298 1581 7089236
282 1596 7089239
294 1596 7089242
290 1592 7089245
287 1595 7089248
294 1594 7089251
289 1592 7089254
241 1593 7089257
288 1594 7089260
283 1578 7089263
294 1587 7089266
293 1593 7089269
284 1591 7089272
291 1595 7089275
292 1593 7089278
288 1592 7089281
291 1595 7089284
298 1572 7089287
291 1592 7089290
290 1568 7089293
287 1595 7089296
298 1593 7089299
284 1591 7089302
292 1595 7089305
288 1595 7089308
290 1597 7089311
288 1592 7089314
291 1597 7089317
255 1589 7089320
289 1591 7089323
267 1644 7089326
287 1601 7089329
298 1589 7089332
284 1592 7089335
293 1597 7089338
285 1592 7089341
291 1595 7089344
289 1593 7089347
256 1568 7089350
293 1591 7089353
290 1597 7089356
304 1585 7089359
280 1595 7089362
292 1598 7089365
290 1590 7089368
287 1595 7089371
290 1595 7089374
290 1595 7089377
288 1593 7089380
294 1623 7089383
288 1592 7089386
289 1568 7089389
307 1586 7089392
295 1600 7089395
286 1590 7089398
290 1594 7089401
293 1592 7089404
287 1595 7089407
292 1595 7089410
288 1590 7089413
297 1610 7089416
289 1593 7089419
289 1569 7089422
284 1587 7089425
297 1590 7089428
285 1594 7089431
290 1592 7089434
293 1593 7089437
289 1596 7089440
292 1594 7089443
288 1592 7089446
301 1610 7089449
287 1593 7089452
289 1566 7089455
287 1592 7089458
295 1592 7089461
284 1592 7089464
291 1594 7089467
290 1591 7089470
290 1596 7089473
290 1592 7089476
286 1590 7089479
276 1730 7089482
289 1590 7089485
288 1582 7089488
272 1598 7089491
289 1601 7089494
292 1593 7089497
288 1598 7089500
291 1593 7089503
288 1590 7089506
290 1593 7089509
288 1591 7089512
260 1881 7089515
292 1591 7089518
289 1612 7089521
283 1582 7089524
302 1589 7089527
294 1596 7089530
282 1594 7089533
289 1595 7089536
289 1594 7089539
289 1592 7089542
288 1593 7089545
359 1591 7089548
290 1593 7089551
288 1589 7089554
298 1603 7089557
280 1586 7089560
289 1608 7089563
291 1591 7089566
286 1596 7089569
291 1597 7089572
291 1594 7089575
286 1591 7089578
289 1591 7089581
287 1593 7089584
290 1593 7089587
246 1600 7089590
300 1590 7089593
284 1601 7089596
292 1595 7089599
289 1592 7089602
287 1593 7089605
292 1592 7089608
288 1593 7089611
291 1600 7089614
299 1588 7089617
289 1593 7089620
286 1609 7089623
299 1594 7089626
282 1593 7089629
294 1597 7089632
292 1592 7089635
286 1594 7089638
290 1594 7089641
284 1593 7089644
310 1586 7089647
283 1596 7089650
288 1598 7089653
312 1604 7089656
290 1582 7089659
287 1599 7089662
293 1595 7089665
287 1590 7089668
287 1595 7089671
286 1596 7089674
286 1592 7089677
268 1590 7089680
296 1595 7089683
289 1622 7089686
289 1565 7089689
280 1600 7089692
297 1596 7089695
286 1588 7089698
288 1597 7089701
287 1594 7089704
289 1591 7089707
288 1594 7089710
294 1610 7089713
283 1597 7089716
288 1573 7089719
315 1617 7089722
289 1578 7089725
282 1596 7089728
292 1594 7089731
285 1593 7089734
293 1595 7089737
291 1594 7089740
287 1608 7089743
306 1585 7089746
289 1594 7089749
254 1569 7089752
302 1612 7089755
295 1585 7089758
283 1595 7089761
290 1594 7089764
286 1592 7089767
287 1594 7089770
292 1594 7089773
298 1609 7089776
287 1595 7089779
287 1557 7089782
301 1618 7089785
294 1585 7089788
281 1590 7089791
293 1597 7089794
288 1593 7089797
288 1595 7089800
292 1595 7089803
262 1395 7089806
290 1591 7089809
288 1620 7089812
309 1571 7089815
270 1595 7089818
299 1601 7089821
289 1589 7089824
289 1597 7089827
288 1589 7089830
287 1592 7089833
306 1584 7089836
288 1591 7089839
285 1590 7089842
290 1627 7089845
303 1583 7089848
281 1588 7089851
292 1600 7089854
290 1590 7089857
291 1591 7089860
288 1593 7089863
287 1596 7089866
310 1589 7089869
294 1596 7089872
253 1606 7089875
314 1600 7089878
283 1578 7089881
284 1597 7089884
293 1594 7089887
287 1594 7089890
291 1594 7089893
315 1585 7089896
292 1593 7089899
280 1597 7089902
280 1624 7089905
305 1589 7089908
278 1588 7089911
289 1598 7089914
288 1594 7089917
287 1593 7089920
289 1598 7089923
234 1599 7089926
277 1600 7089929
286 1597 7089932
330 1609 7089935
277 1579 7089938
285 1600 7089941
296 1592 7089944
285 1590 7089947
292 1591 7089950
290 1596 7089953
278 1686 7089956
297 1589 7089959
289 1614 7089962
271 1565 7089965
286 1605 7089968
300 1591 7089971
281 1588 7089974
294 1598 7089977
289 1591 7089980
287 1592 7089983
301 1610 7089986
284 1598 7089989
291 1552 7089992
284 1610 7089995
300 1590 7089999
280 1590 7090002
293 1598 7090005
292 1595 7090008
290 1599 7090011
291 1592 7090014
287 1577 7090017
296 1593 7090020
291 1623 7090023
315 1589 7090026
270 1584 7090029
295 1599 7090032
292 1590 7090035
287 1599 7090038
292 1596 7090041
291 1573 7090043
190 1605 7090046
282 1594 7090049
316 1598 7090052
263 1578 7090055
297 1608 7090058
294 1589 7090061
289 1591 7090064
293 1597 7090067
288 1590 7090070
289 1599 7090073
363 1589 7090076
289 1595 7090079
280 1556 7090082
278 1603 7090085
307 1596 7090088
285 1589 7090091
289 1596 7090094
288 1589 7090097
287 1592 7090100
288 1606 7090103
307 1583 7090106
291 1594 7090109
270 1561 7090112
292 1612 7090115
298 1590 7090118
279 1589 7090121
292 1597 7090124
288 1591 7090127
285 1592 7090130
291 1605 7090133
324 1586 7090136
292 1595 7090139
259 1559 7090142
292 1612 7090145
300 1592 7090148
283 1591 7090151
292 1595 7090154
288 1589 7090157
291 1594 7090160
285 1579 7090163
322 1596 7090166
285 1595 7090169
297 1560 7090172
270 1599 7090175
304 1602 7090178
288 1589 7090181
285 1594 7090184
289 1592 7090187
288 1595 7090190
290 1584 7090193
291 1581 7090196
298 1592 7090199
292 1636 7090202
298 1575 7090205
272 1596 7090208
295 1600 7090211
285 1588 7090214
285 1590 7090217
291 1594 7090220
288 1595 7090223
301 1656 7090226
288 1593 7090229
286 1562 7090232
257 1592 7090235
305 1603 7090238
286 1587 7090241
289 1599 7090244
295 1594 7090247
285 1594 7090250
287 1592 7090253
289 1588 7090256
300 1590 7090259
290 1593 7090262
275 1624 7090265
307 1589 7090268
276 1585 7090271
290 1599 7090274
291 1592 7090277
287 1595 7090280
287 1592 7090283
289 1613 7090286
277 1582 7090289
292 1592 7090292
291 1614 7090295
322 1600 7090298
276 1581 7090301
290 1598 7090304
291 1593 7090307
285 1596 7090310
290 1596 7090313
288 1591 7090316
281 1588 7090319
287 1588 7090322
292 1596 7090325
301 1625 7090328
296 1582 7090331
279 1590 7090334
295 1595 7090337
287 1592 7090340
289 1597 7090343
289 1593 7090346
287 1592 7090349
301 1605 7090352
281 1597 7090355
289 1565 7090358
309 1616 7090361
295 1585 7090364
278 1588 7090367
293 1593 7090370
287 1593 7090373
288 1593 7090376
292 1593 7090379
286 1580 7090382
297 1596 7090385
282 1594 7090388
280 1557 7090391
276 1605 7090394
304 1594 7090397
281 1587 7090400
287 1596 7090403
292 1592 7090406
289 1594 7090409
291 1600 7090412
274 1587 7090415
281 1603 7090418
287 1599 7090421
330 1598 7090424
271 1579 7090427
287 1602 7090430
293 1590 7090433
289 1592 7090436
290 1595 7090439
289 1595 7090442
292 1595 7090445
286 1683 7090448
281 1593 7090451
292 1560 7090454
257 1602 7090457
302 1599 7090460
287 1587 7090463
288 1596 7090466
293 1597 7090469
285 1594 7090472
290 1592 7090475
290 1635 7090478
283 1589 7090481
290 1592 7090484
292 1625 7090487
319 1594 7090490
275 1583 7090493
293 1602 7090496
288 1589 7090499
289 1591 7090502
290 1596 7090505
289 1591 7090508
290 1598 7090511
284 1578 7090514
294 1590 7090517
299 1637 7090520
287 1573 7090523
275 1597 7090526
297 1595 7090529
286 1590 7090532
292 1597 7090535
290 1592 7090538
288 1593 7090541
290 1596 7090544
284 1589 7090547
288 1591 7090550
289 1627 7090553
329 1590 7090556
271 1581 7090559
295 1601 7090562
290 1592 7090565
286 1593 7090568
292 1593 7090571
288 1594 7090574
288 1595 7090577
257 1487 7090580
300 1587 7090583
292 1593 7090586
256 1573 7090589
297 1607 7090592
296 1588 7090595
284 1595 7090598
295 1593 7090601
285 1592 7090604
289 1595 7090607
293 1591 7090610
288 1530 7090613
284 1582 7090616
295 1589 7090619
316 1597 7090622
263 1581 7090625
295 1604 7090628
292 1587 7090631
285 1591 7090634
290 1595 7090637
288 1591 7090640
288 1592 7090643
288 1595 7090646
287 1560 7090649
272 1611 7090652
288 1598 7090655
267 1554 7090658
286 1608 7090661
297 1590 7090664
281 1588 7090667
290 1598 7090670
291 1594 7090673
288 1594 7090676
291 1592 7090679
287 1595 7090682
291 1594 7090685
302 1603 7090688
283 1594 7090691
291 1637 7090694
297 1577 7090697
276 1591 7090700
299 1599 7090703
288 1590 7090706
289 1598 7090709
290 1593 7090712
289 1594 7090715
288 1596 7090718
289 1592 7090721
287 1589 7090724
322 1583 7090727
288 1593 7090730
299 1623 7090733
299 1586 7090736
279 1593 7090739
297 1597 7090742
284 1591 7090745
288 1597 7090748
289 1593 7090751
289 1597 7090754
286 1590 7090757
289 1593 7090760
285 1601 7090763
309 1586 7090766
292 1594 7090769
328 1606 7090772
274 1577 7090775
282 1599 7090778
295 1593 7090781
287 1592 7090784
289 1598 7090787
288 1592 7090790
289 1595 7090793
286 1592 7090796
287 1592 7090799
292 1673 7090802
286 1589 7090805
300 1590 7090808
262 1558 7090811
289 1612 7090814
294 1590 7090817
283 1593 7090820
289 1596 7090823
289 1590 7090826
288 1593 7090829
290 1591 7090832
289 1595 7090835
291 1596 7090838
292 1595 7090841
286 1609 7090844
305 1590 7090847
291 1623 7090850
310 1572 7090853
270 1590 7090856
299 1603 7090859
283 1588 7090862
287 1592 7090865
292 1596 7090868
288 1596 7090871
289 1595 7090874
289 1591 7090877
288 1596 7090880
292 1593 7090883
292 1581 7090886
377 1585 7090889
289 1612 7090892
327 1610 7090895
279 1578 7090898
285 1604 7090901
296 1593 7090904
286 1591 7090907
295 1597 7090910
287 1591 7090913
290 1593 7090916
290 1594 7090919
287 1591 7090922
289 1594 7090925
289 1593 7090928
272 1688 7090931
281 1595 7090934
295 1638 7090937
297 1579 7090940
271 1587 7090943
