466 2932 8560601
462 2929 8560604
463 2931 8560607
464 2929 8560610
463 2927 8560613
464 2932 8560616
462 2960 8560619
461 2931 8560622
466 2944 8560625
483 2917 8560628
456 2926 8560631
468 2936 8560634
465 2929 8560637
463 2931 8560640
463 2932 8560643
463 2929 8560646
465 2933 8560649
466 2932 8560652
465 2929 8560655
464 2929 8560658
465 2933 8560661
477 2930 8560664
464 2949 8560667
476 2923 8560670
459 2926 8560673
469 2935 8560676
463 2925 8560679
462 2932 8560682
465 2931 8560685
463 2929 8560688
466 2931 8560691
466 2934 8560694
465 2930 8560697
463 2933 8560700
464 2929 8560703
466 2937 8560706
461 2929 8560709
455 2936 8560712
455 2928 8560715
473 2936 8560718
459 2925 8560721
464 2933 8560724
468 2933 8560727
465 2929 8560730
463 2931 8560733
466 2931 8560736
460 2932 8560739
462 2929 8560742
464 2932 8560745
510 2932 8560748
459 2932 8560751
461 2928 8560754
452 2940 8560757
471 2933 8560760
461 2929 8560763
465 2935 8560766
466 2931 8560769
463 2930 8560772
464 2934 8560775
465 2930 8560778
464 2931 8560781
467 2934 8560784
462 2929 8560787
467 2918 8560790
486 2929 8560793
465 2932 8560796
462 2948 8560799
475 2924 8560802
456 2930 8560805
466 2933 8560808
335 2652 8546411
332 2649 8546414
333 2653 8546417
334 2651 8546420
330 2652 8546423
334 2651 8546426
335 2652 8546429
334 2652 8546432
335 2654 8546435
333 2651 8546438
334 2652 8546441
335 2659 8546444
328 2651 8546447
332 2657 8546450
338 2649 8546453
333 2652 8546456
335 2653 8546459
336 2651 8546462
335 2652 8546465
336 2653 8546468
331 2649 8546471
332 2651 8546474
335 2652 8546477
334 2655 8546480
339 2651 8546483
335 2653 8546486
341 2825 8546489
336 2650 8546492
330 2647 8546495
336 2653 8546498
336 2654 8546501
333 2652 8546504
334 2652 8546507
335 2651 8546510
333 2651 8546513
337 2653 8546516
335 2651 8546519
335 2653 8546522
333 2649 8546525
331 2650 8546528
336 2904 8546531
333 2655 8546534
334 2650 8546537
334 2651 8546540
335 2652 8546543
332 2652 8546546
334 2651 8546549
335 2652 8546552
336 2653 8546555
335 2650 8546558
332 2651 8546561
334 2653 8546564
336 2650 8546567
330 2650 8546570
335 2653 8546573
0 2652 8546576
334 2655 8546579
336 2654 8546582
331 2647 8546585
334 2652 8546588
335 2652 8546591
334 2650 8546594
335 2651 8546597
333 2652 8546600
332 2650 8546603
333 2650 8546606
336 2652 8546609
336 2655 8546612
335 2653 8546615
336 2590 8546618
0 2654 8546621
331 2650 8546624
332 2646 8546627
336 2655 8546630
337 2654 8546633
330 2650 8546636
333 2657 8546639
336 2653 8546642
333 2653 8546645
334 2653 8546648
312 2652 8546651
332 2652 8546654
333 2648 8546657
330 2648 8546660
333 2697 8546663
335 2651 8546666
329 2656 8546669
339 2656 8546672
335 2650 8546675
334 2651 8546678
332 2653 8546681
334 2651 8546684
333 2651 8546687
331 2651 8546690
334 2653 8546693
334 2649 8546696
334 2653 8546699
337 2654 8546702
334 2570 8546705
335 2652 8546708
335 2646 8546711
330 2651 8546714
333 2649 8546717
333 2651 8546720
334 2655 8546723
334 2652 8546726
337 2652 8546729
337 2654 8546732
334 2651 8546735
336 2652 8546738
333 2653 8546741
336 2652 8546744
294 3051 8546747
335 2651 8546750
333 2652 8546753
331 2651 8546756
336 2650 8546759
334 2654 8546762
335 2654 8546765
334 2652 8546768
335 2651 8546771
334 2653 8546774
336 2653 8546777
334 2650 8546780
334 2653 8546783
332 2653 8546786
352 2744 8546789
333 2651 8546792
333 2649 8546795
334 2653 8546798
334 2650 8546801
334 2652 8546804
334 2652 8546807
333 2650 8546810
331 2652 8546813
334 2650 8546816
335 2651 8546819
332 2650 8546822
334 2651 8546825
335 2651 8546828
334 2660 8546831
333 2650 8546834
339 2654 8546837
337 2650 8546840
330 2649 8546843
336 2651 8546846
334 2649 8546849
333 2653 8546852
332 2652 8546855
335 2651 8546858
334 2652 8546861
337 2654 8546864
332 2648 8546867
334 2735 8546870
0 2650 8546873
336 2655 8546876
331 2647 8546879
333 2653 8546882
339 2655 8546885
334 2652 8546888
336 2652 8546891
336 2653 8546894
337 2652 8546897
329 2651 8546900
336 2653 8546903
334 2654 8546906
336 2654 8546909
334 2650 8546912
338 2652 8546915
334 2654 8546918
337 2652 8546921
335 2649 8546924
335 2653 8546927
334 2653 8546930
332 2649 8546933
332 2654 8546936
335 2654 8546939
334 2652 8546942
334 2651 8546945
335 2653 8546948
334 2651 8546951
358 2464 8546954
334 2653 8546957
335 2651 8546960
330 2651 8546963
332 2654 8546966
333 2653 8546969
336 2651 8546972
334 2653 8546975
342 2651 8546978
333 2650 8546981
334 2651 8546984
332 2652 8546987
334 2650 8546990
336 2653 8546993
335 2659 8546996
332 2652 8547000
336 2657 8547003
337 2652 8547006
333 2650 8547009
335 2652 8547012
332 2653 8547015
332 2655 8547018
334 2652 8547021
335 2652 8547024
334 2655 8547027
334 2651 8547030
337 2651 8547033
331 2746 8547036
335 2657 8547038
335 2652 8547041
339 2651 8547044
332 2653 8547047
335 2653 8547050
334 2650 8547053
335 2654 8547056
335 2651 8547059
333 2650 8547062
333 2652 8547065
334 2652 8547068
333 2652 8547071
335 2652 8547074
338 2652 8547077
175 2652 8547080
332 2651 8547083
331 2646 8547086
332 2654 8547089
336 2650 8547092
336 2652 8547095
336 2656 8547098
333 2650 8547101
331 2651 8547104
334 2653 8547107
335 2652 8547110
332 2652 8547113
334 2652 8547116
335 2639 8547119
323 2651 8547122
332 2652 8547125
331 2651 8547128
335 2655 8547131
332 2651 8547134
333 2655 8547137
337 2653 8547140
332 2653 8547143
334 2651 8547146
333 2653 8547149
338 2655 8547152
335 2652 8547155
335 2655 8547158
334 2831 8547161
333 2652 8547164
333 2651 8547167
318 2636 8547170
340 2656 8547173
344 2642 8547176
327 2650 8547179
333 2656 8547182
336 2651 8547185
333 2655 8547188
337 2653 8547191
337 2651 8547194
334 2653 8547197
333 2648 8547200
331 2650 8547203
319 2716 8547206
334 2651 8547209
332 2652 8547212
348 2645 8547215
327 2651 8547218
337 2655 8547221
333 2647 8547224
331 2651 8547227
336 2654 8547230
334 2650 8547233
333 2651 8547236
334 2652 8547239
334 2653 8547242
331 2648 8547245
333 2640 8547248
355 2651 8547251
331 2671 8547254
345 2639 8547257
326 2653 8547260
337 2657 8547263
332 2648 8547266
332 2651 8547269
335 2653 8547272
335 2654 8547275
334 2650 8547278
334 2652 8547281
339 2654 8547284
333 2651 8547287
332 2651 8547290
319 2649 8547293
333 2653 8547296
337 2668 8547299
333 2640 8547302
320 2655 8547305
341 2652 8547308
330 2649 8547311
335 2651 8547314
337 2651 8547317
333 2654 8547320
334 2651 8547323
336 2653 8547326
334 2652 8547329
333 2652 8547332
336 2744 8547335
374 2651 8547338
335 2653 8547341
310 2652 8547344
342 2659 8547347
329 2646 8547350
333 2659 8547353
334 2654 8547356
333 2651 8547359
333 2653 8547362
332 2651 8547365
330 2650 8547368
335 2651 8547371
334 2653 8547374
331 2654 8547377
335 2634 8547380
386 2651 8547383
334 2650 8547386
346 2657 8547389
323 2644 8547392
335 2658 8547395
338 2652 8547398
332 2651 8547401
337 2656 8547404
334 2649 8547407
329 2650 8547410
337 2652 8547413
336 2651 8547416
333 2652 8547419
333 2651 8547422
334 2634 8547425
346 2651 8547428
336 2667 8547431
349 2642 8547434
327 2664 8547437
342 2655 8547440
330 2648 8547443
335 2653 8547446
336 2652 8547449
334 2654 8547452
334 2654 8547455
334 2652 8547458
333 2651 8547461
334 2652 8547464
335 2653 8547467
334 2633 8547470
333 2652 8547473
333 2661 8547476
350 2645 8547479
324 2650 8547482
340 2658 8547485
333 2650 8547488
331 2650 8547491
335 2656 8547494
335 2652 8547497
333 2651 8547500
334 2651 8547503
335 2652 8547506
332 2652 8547509
333 2653 8547512
345 2618 8547515
428 2655 8547518
333 2649 8547521
328 2664 8547524
333 2646 8547527
330 2655 8547530
338 2654 8547533
335 2651 8547536
335 2655 8547539
333 2649 8547542
336 2652 8547545
333 2653 8547548
335 2652 8547551
333 2650 8547554
335 2653 8547557
334 2655 8547560
336 2651 8547563
336 2654 8547566
311 2667 8547569
330 2658 8547572
332 2640 8547575
328 2654 8547578
337 2653 8547581
334 2652 8547584
334 2653 8547587
336 2650 8547590
332 2653 8547593
336 2648 8547596
332 2650 8547599
331 2652 8547602
334 2652 8547605
311 2670 8547608
336 2651 8547611
341 2669 8547614
330 2646 8547617
331 2656 8547620
341 2652 8547623
328 2650 8547626
331 2651 8547629
334 2651 8547632
334 2654 8547635
333 2654 8547638
332 2663 8547641
333 2653 8547644
334 2653 8547647
334 2654 8547650
333 2632 8547653
248 2650 8547656
333 2650 8547659
349 2655 8547662
322 2644 8547665
337 2657 8547668
336 2651 8547671
330 2650 8547674
337 2655 8547677
337 2654 8547680
336 2653 8547683
336 2652 8547686
336 2652 8547689
334 2653 8547692
333 2651 8547695
332 2651 8547698
313 2628 8547701
337 2651 8547704
327 2657 8547707
346 2645 8547710
328 2654 8547713
341 2656 8547716
334 2651 8547719
335 2653 8547722
334 2652 8547725
332 2650 8547728
333 2652 8547731
337 2652 8547734
331 2652 8547737
333 2651 8547740
330 2651 8547743
336 2623 8547746
403 2655 8547749
334 2654 8547752
330 2665 8547755
332 2643 8547758
329 2654 8547761
332 2651 8547764
332 2653 8547767
336 2655 8547770
332 2653 8547773
334 2651 8547776
337 2652 8547779
331 2652 8547782
334 2651 8547785
333 2651 8547788
336 2654 8547791
324 2671 8547794
332 2649 8547797
330 2661 8547800
346 2647 8547803
328 2657 8547806
338 2656 8547809
335 2650 8547812
331 2653 8547815
334 2653 8547818
334 2652 8547821
334 2652 8547824
333 2651 8547827
333 2646 8547830
336 2655 8547833
334 2655 8547836
334 2637 8547839
318 2652 8547842
336 2671 8547845
330 2639 8547848
356 2654 8547851
339 2652 8547854
328 2648 8547857
335 2654 8547860
331 2651 8547863
332 2653 8547866
336 2654 8547869
331 2651 8547872
334 2653 8547875
333 2651 8547878
333 2653 8547881
334 2714 8547884
334 2649 8547887
334 2653 8547890
310 2660 8547893
330 2659 8547896
332 2645 8547899
333 2655 8547902
334 2650 8547905
331 2650 8547908
331 2653 8547911
334 2653 8547914
335 2651 8547917
338 2652 8547920
333 2654 8547923
332 2651 8547926
333 2649 8547929
326 2632 8547932
336 2651 8547935
350 2649 8547938
322 2653 8547941
335 2658 8547944
335 2645 8547947
328 2651 8547950
335 2652 8547953
334 2652 8547956
335 2649 8547959
332 2651 8547962
335 2654 8547965
333 2666 8547968
331 2651 8547971
336 2654 8547974
319 2687 8547977
333 2652 8547980
327 2666 8547983
337 2642 8547986
333 2657 8547989
336 2655 8547992
332 2647 8547995
335 2653 8547999
338 2650 8548002
330 2652 8548005
335 2652 8548008
335 2652 8548011
328 2655 8548014
335 2653 8548017
336 2653 8548020
318 2652 8548023
335 2652 8548026
333 2666 8548029
336 2640 8548031
328 2657 8548034
339 2656 8548037
332 2647 8548040
333 2654 8548043
333 2652 8548046
331 2652 8548049
333 2651 8548052
337 2652 8548055
334 2653 8548058
333 2653 8548061
335 2652 8548064
338 2644 8548067
334 2650 8548070
348 2643 8548073
322 2653 8548076
336 2657 8548079
335 2650 8548082
334 2656 8548085
334 2651 8548088
335 2652 8548091
335 2653 8548094
331 2653 8548097
332 2652 8548100
333 2651 8548103
333 2658 8548106
336 2657 8548109
461 2651 8548112
334 2652 8548115
328 2647 8548118
340 2658 8548121
328 2645 8548124
334 2660 8548127
335 2652 8548130
331 2651 8548133
335 2653 8548136
334 2653 8548139
332 2651 8548142
333 2653 8548145
334 2653 8548148
335 2653 8548151
334 2653 8548154
324 2653 8548157
336 2669 8548160
324 2639 8548163
334 2655 8548166
331 2650 8548169
331 2650 8548172
336 2653 8548175
333 2654 8548178
335 2654 8548181
335 2652 8548184
331 2650 8548187
332 2653 8548190
335 2654 8548193
334 2653 8548196
318 2664 8548199
335 2649 8548202
328 2667 8548205
337 2643 8548208
326 2656 8548211
342 2653 8548214
333 2651 8548217
334 2651 8548220
338 2649 8548223
337 2651 8548226
337 2655 8548229
332 2655 8548232
335 2652 8548235
335 2654 8548238
332 2629 8548241
415 2650 8548244
335 2652 8548247
333 2667 8548250
335 2639 8548253
332 2656 8548256
339 2654 8548259
333 2652 8548262
336 2653 8548265
336 2652 8548268
335 2652 8548271
335 2650 8548274
333 2650 8548277
334 2653 8548280
336 2649 8548283
305 2631 8548286
336 2655 8548289
335 2653 8548292
343 2663 8548295
326 2644 8548298
334 2655 8548301
336 2648 8548304
356 2647 8548307
333 2651 8548310
336 2651 8548313
334 2654 8548316
333 2651 8548319
333 2652 8548322
335 2651 8548325
335 2627 8548328
309 2651 8548331
333 2651 8548334
335 2656 8548337
343 2645 8548340
327 2651 8548343
340 2658 8548346
337 2651 8548349
331 2652 8548352
334 2652 8548355
334 2651 8548358
335 2654 8548361
336 2652 8548364
337 2651 8548367
335 2651 8548370
318 2609 8548373
333 2649 8548376
336 2650 8548379
343 2662 8548382
326 2646 8548385
333 2656 8548388
336 2652 8548391
333 2654 8548394
337 2653 8548397
336 2651 8548400
392 2793 8552808
396 2796 8552811
393 2796 8552814
394 2792 8552817
395 2798 8552820
387 2787 8552823
392 2793 8552826
397 2794 8552829
390 2794 8552831
394 2795 8552834
391 2792 8552837
392 2792 8552840
393 2795 8552843
396 2796 8552846
395 2799 8552849
395 2794 8552852
393 2791 8552855
392 2794 8552858
393 2795 8552861
0 2795 8552864
394 2795 8552867
394 2800 8552870
393 2795 8552873
393 2793 8552876
395 2794 8552879
393 2795 8552882
394 2794 8552885
394 2794 8552888
393 2796 8552891
394 2793 8552894
390 2792 8552897
394 2796 8552900
395 2793 8552903
394 2515 8552906
396 2792 8552909
395 2795 8552912
397 2792 8552915
392 2792 8552918
391 2794 8552921
395 2793 8552924
392 2794 8552927
391 2791 8552930
392 2795 8552933
394 2796 8552936
393 2796 8552939
391 2794 8552942
393 2794 8552945
390 2796 8552948
392 2790 8552951
395 2791 8552954
393 2782 8552957
395 2795 8552960
393 2794 8552963
394 2795 8552966
394 2793 8552969
392 2795 8552972
393 2792 8552975
392 2793 8552978
396 2796 8552981
392 2793 8552984
392 2793 8552987
394 2793 8552990
390 2795 8552993
390 2798 8552996
393 2797 8553000
395 2801 8553003
394 2794 8553006
391 2794 8553009
393 2797 8553012
392 2796 8553015
394 2797 8553018
394 2794 8553021
388 2791 8553024
392 2792 8553027
397 2793 8553030
394 2798 8553032
396 2795 8553035
392 2800 8553038
387 2796 8553041
392 2791 8553044
394 2796 8553047
390 2795 8553050
393 2799 8553053
397 2794 8553056
393 2793 8553059
393 2795 8553062
396 2795 8553065
393 2794 8553068
392 2793 8553071
394 2795 8553074
392 2793 8553077
392 2791 8553080
367 2837 8553083
393 2794 8553086
392 2789 8553089
393 2797 8553092
396 2794 8553095
389 2793 8553098
393 2794 8553101
396 2793 8553104
394 2795 8553107
394 2791 8553110
393 2794 8553113
395 2795 8553116
394 2795 8553119
392 2793 8553122
393 2859 8553125
25 2798 8553128
394 2797 8553131
391 2794 8553134
393 2796 8553137
394 2795 8553140
390 2794 8553143
393 2806 8553146
396 2796 8553149
395 2796 8553152
393 2796 8553155
386 2793 8553158
394 2794 8553161
395 2797 8553164
393 2798 8553167
0 2792 8553170
395 2795 8553173
392 2798 8553176
389 2791 8553179
391 2796 8553182
396 2797 8553185
392 2791 8553188
391 2795 8553191
393 2795 8553194
392 2795 8553197
393 2794 8553200
393 2792 8553203
392 2795 8553206
394 2790 8553209
392 2790 8553212
389 2796 8553215
394 2790 8553218
393 2796 8553221
394 2792 8553224
394 2794 8553227
393 2794 8553230
390 2792 8553233
391 2793 8553236
392 2793 8553239
391 2794 8553242
392 2793 8553245
394 2794 8553248
393 2792 8553251
391 2705 8553254
1344 2796 8553257
395 2796 8553260
392 2789 8553263
392 2796 8553266
395 2794 8553269
393 2794 8553272
399 2793 8553275
392 2795 8553278
395 2796 8553281
397 2801 8553284
391 2794 8553287
394 2795 8553290
393 2794 8553293
393 2796 8553296
399 2795 8553299
394 2795 8553302
396 2798 8553305
393 2793 8553308
391 2793 8553311
395 2796 8553314
392 2795 8553317
389 2795 8553320
393 2793 8553323
391 2795 8553326
393 2796 8553329
392 2792 8553332
395 2795 8553335
393 2796 8553338
377 2575 8553341
392 2791 8553344
392 2791 8553347
391 2794 8553350
391 2792 8553353
393 2795 8553356
394 2795 8553359
395 2792 8553362
393 2794 8553365
394 2795 8553368
392 2795 8553371
392 2794 8553374
391 2794 8553377
394 2793 8553380
395 2793 8553383
401 2794 8553386
394 2798 8553389
397 2794 8553392
391 2795 8553395
391 2796 8553398
393 2794 8553401
393 2794 8553404
394 2796 8553407
395 2793 8553410
392 2797 8553413
393 2795 8553416
391 2791 8553419
395 2795 8553422
394 2810 8553425
416 2799 8553428
394 2792 8553431
390 2795 8553434
393 2795 8553437
394 2792 8553440
393 2793 8553443
394 2794 8553446
395 2799 8553449
391 2794 8553452
391 2795 8553455
395 2795 8553458
393 2796 8553461
392 2794 8553464
393 2917 8553467
391 2791 8553470
391 2792 8553473
393 2791 8553476
390 2794 8553479
394 2796 8553482
392 2794 8553485
393 2798 8553488
395 2795 8553491
393 2790 8553494
394 2794 8553497
392 2794 8553500
395 2796 8553503
393 2793 8553506
392 2793 8553509
385 2794 8553512
396 2794 8553515
392 2796 8553518
394 2797 8553521
396 2794 8553524
394 2796 8553527
392 2796 8553530
391 2795 8553533
394 2793 8553536
392 2794 8553539
394 2798 8553542
394 2795 8553545
393 2794 8553548
394 2793 8553551
404 2766 8553554
392 2796 8553557
393 2792 8553560
394 2793 8553563
395 2794 8553566
391 2796 8553569
394 2796 8553572
395 2795 8553575
395 2795 8553578
394 2795 8553581
392 2791 8553584
392 2795 8553587
394 2792 8553590
393 2796 8553593
393 2794 8553596
397 2794 8553599
394 2800 8553602
394 2790 8553605
391 2793 8553608
396 2797 8553611
396 2794 8553614
388 2792 8553617
393 2795 8553620
392 2794 8553623
392 2796 8553626
394 2794 8553629
393 2797 8553632
395 2795 8553635
393 2795 8553638
351 2795 8553641
395 2790 8553644
392 2795 8553647
393 2792 8553650
393 2794 8553653
396 2796 8553656
394 2794 8553659
393 2796 8553662
393 2794 8553665
392 2795 8553668
393 2796 8553671
393 2795 8553674
391 2794 8553677
393 2729 8553680
1 2795 8553683
396 2796 8553686
396 2793 8553689
394 2797 8553692
393 2796 8553695
394 2793 8553698
391 2795 8553701
394 2793 8553704
394 2791 8553707
397 2794 8553710
395 2795 8553713
392 2795 8553716
393 2791 8553719
394 2795 8553722
395 2786 8553725
393 2794 8553728
396 2797 8553731
394 2793 8553734
390 2791 8553737
395 2795 8553740
395 2794 8553743
392 2796 8553746
391 2794 8553749
391 2795 8553752
393 2795 8553755
393 2794 8553758
393 2798 8553761
394 2796 8553764
379 2594 8553767
393 2793 8553770
389 2790 8553773
391 2795 8553776
395 2797 8553779
392 2795 8553782
394 2798 8553785
395 2794 8553788
393 2795 8553791
395 2796 8553794
395 2796 8553797
393 2797 8553800
393 2794 8553803
391 2793 8553806
397 2794 8553809
390 2793 8553812
390 2796 8553815
397 2795 8553818
393 2795 8553821
396 2799 8553824
392 2796 8553827
394 2794 8553830
393 2796 8553833
391 2794 8553836
393 2793 8553839
395 2797 8553842
396 2796 8553845
391 2792 8553848
393 2781 8553851
553 2796 8553854
392 2797 8553857
391 2794 8553860
395 2795 8553863
389 2793 8553866
392 2794 8553869
391 2790 8553872
392 2797 8553875
394 2795 8553878
391 2791 8553881
394 2795 8553884
392 2793 8553887
394 2795 8553890
393 2794 8553893
397 2788 8553896
395 2793 8553899
396 2792 8553902
389 2791 8553905
391 2797 8553908
393 2793 8553911
390 2793 8553914
394 2797 8553917
396 2794 8553920
392 2795 8553923
395 2795 8553926
396 2793 8553929
393 2795 8553932
391 2792 8553935
381 2729 8553938
386 2795 8553941
394 2792 8553944
390 2795 8553947
398 2798 8553950
394 2795 8553953
396 2794 8553956
394 2796 8553959
394 2794 8553962
394 2793 8553965
390 2794 8553968
393 2795 8553971
395 2795 8553974
394 2798 8553977
390 2797 8553980
387 2793 8553983
395 2800 8553986
395 2795 8553989
390 2793 8553992
393 2794 8553995
393 2796 8553999
391 2795 8554002
394 2792 8554005
394 2798 8554008
394 2797 8554011
393 2794 8554014
396 2792 8554017
392 2794 8554020
392 2813 8554023
755 2793 8554026
394 2795 8554029
391 2794 8554031
395 2793 8554034
395 2794 8554037
392 2794 8554040
395 2791 8554043
393 2795 8554046
394 2798 8554049
394 2792 8554052
392 2791 8554055
394 2793 8554058
393 2794 8554061
395 2791 8554064
387 2815 8554067
395 2795 8554070
392 2795 8554073
396 2793 8554076
393 2793 8554079
392 2795 8554082
393 2795 8554085
392 2791 8554088
394 2798 8554091
395 2793 8554094
393 2793 8554097
392 2798 8554100
396 2795 8554103
391 2795 8554106
355 2794 8554109
394 2794 8554112
395 2799 8554115
393 2791 8554118
393 2796 8554121
395 2795 8554124
393 2791 8554127
390 2796 8554130
394 2795 8554133
394 2797 8554136
394 2796 8554139
392 2795 8554142
394 2794 8554145
394 2795 8554148
390 2816 8554151
468 2794 8554154
393 2791 8554157
391 2796 8554160
393 2795 8554163
392 2793 8554166
393 2794 8554169
391 2796 8554172
392 2794 8554175
395 2793 8554178
390 2795 8554181
392 2797 8554184
393 2792 8554187
395 2797 8554190
395 2793 8554193
395 2796 8554196
394 2794 8554199
398 2796 8554202
391 2792 8554205
393 2793 8554208
392 2794 8554211
393 2798 8554214
393 2794 8554217
392 2794 8554220
395 2796 8554223
394 2796 8554226
391 2795 8554229
394 2797 8554232
396 2796 8554235
403 2741 8554238
387 2793 8554241
393 2790 8554244
391 2795 8554247
392 2796 8554250
393 2795 8554253
394 2797 8554256
392 2793 8554259
389 2793 8554262
393 2799 8554265
392 2796 8554268
394 2793 8554271
392 2796 8554274
398 2793 8554277
393 2789 8554280
419 2794 8554283
394 2789 8554286
396 2797 8554289
394 2792 8554292
390 2794 8554295
393 2794 8554298
394 2794 8554301
397 2797 8554304
393 2795 8554307
393 2793 8554310
393 2793 8554313
392 2793 8554316
393 2794 8554319
395 2327 8554322
394 2799 8554325
393 2794 8554328
396 2791 8554331
391 2795 8554334
395 2796 8554337
392 2792 8554340
394 2798 8554343
394 2796 8554346
392 2793 8554349
393 2793 8554352
392 2795 8554355
394 2795 8554358
391 2792 8554361
395 2795 8554364
369 2705 8554367
393 2796 8554370
393 2794 8554373
395 2795 8554376
394 2793 8554379
394 2793 8554382
394 2794 8554385
394 2794 8554388
394 2794 8554391
390 2793 8554394
394 2796 8554397
395 2794 8554400
392 2794 8554403
392 2795 8554406
392 2795 8554409
404 2795 8554412
391 2796 8554415
396 2794 8554418
392 2794 8554421
395 2797 8554424
391 2793 8554427
392 2793 8554430
395 2794 8554433
393 2798 8554436
395 2794 8554439
393 2793 8554442
394 2794 8554445
393 2791 8554448
392 2805 8554451
538 2792 8554454
395 2795 8554457
388 2788 8554460
395 2798 8554463
392 2796 8554466
391 2795 8554469
395 2795 8554472
393 2789 8554475
393 2797 8554478
392 2792 8554481
392 2792 8554484
395 2797 8554487
393 2797 8554490
393 2793 8554493
401 2782 8554496
394 2795 8554499
394 2798 8554502
394 2794 8554505
392 2794 8554508
395 2796 8554511
393 2792 8554514
390 2796 8554517
394 2796 8554520
394 2794 8554523
394 2793 8554526
392 2795 8554529
394 2795 8554532
393 2795 8554535
402 2779 8554538
396 2795 8554541
393 2796 8554544
388 2792 8554547
391 2795 8554550
395 2794 8554553
392 2794 8554556
391 2793 8554559
392 2794 8554562
394 2797 8554565
395 2796 8554568
392 2795 8554571
394 2793 8554574
391 2795 8554577
392 2794 8554580
389 2827 8554583
394 2795 8554586
387 2797 8554589
395 2791 8554592
390 2792 8554595
393 2794 8554598
394 2793 8554601
392 2798 8554604
393 2795 8554607
394 2796 8554610
393 2807 8554613
389 2793 8554616
395 2796 8554619
394 2796 8554622
392 2721 8554625
814 2795 8554628
396 2796 8554631
395 2793 8554634
393 2796 8554637
396 2797 8554640
396 2794 8554643
393 2792 8554646
393 2794 8554649
395 2796 8554652
392 2796 8554655
394 2797 8554658
396 2795 8554661
396 2796 8554664
393 2794 8554667
389 2794 8554670
404 2794 8554673
392 2798 8554676
399 2794 8554679
391 2793 8554682
394 2794 8554685
392 2790 8554688
392 2793 8554691
393 2794 8554694
394 2794 8554697
392 2796 8554700
395 2798 8554703
393 2793 8554706
394 2795 8554709
395 2795 8554712
371 2829 8554715
392 2795 8554718
392 2791 8554721
389 2794 8554724
395 2792 8554727
392 2794 8554730
393 2797 8554733
395 2793 8554736
396 2797 8554739
393 2795 8554742
392 2793 8554745
394 2792 8554748
395 2795 8554751
393 2797 8554754
392 2842 8554757
412 2790 8554760
395 2796 8554763
394 2792 8554766
391 2796 8554769
397 2797 8554772
393 2796 8554775
393 2793 8554778
391 2793 8554781
392 2794 8554784
396 2795 8554787
391 2793 8554790
396 2798 8554793
396 2794 8554796
393 2795 8554799
393 2793 8554802
387 2794 8554805
393 2798 8554808
394 2795 8554811
399 2791 8554814
395 2794 8554817
394 2793 8554820
390 2795 8554823
395 2794 8554826
394 2796 8554829
395 2797 8554832
389 2794 8554835
391 2792 8554838
390 2795 8554841
390 2795 8554844
401 2826 8554847
393 2796 8554850
389 2797 8554853
392 2794 8554856
392 2793 8554859
392 2796 8554862
392 2805 8554865
394 2792 8554868
390 2794 8554871
392 2795 8554874
392 2793 8554877
393 2793 8554880
394 2798 8554883
395 2795 8554886
391 2814 8554889
364 2798 8554892
396 2794 8554895
390 2795 8554898
395 2796 8554901
393 2794 8554904
396 2795 8554907
394 2792 8554910
391 2794 8554913
394 2793 8554916
394 2791 8554919
391 2793 8554922
395 2796 8554925
396 2795 8554928
391 2794 8554931
415 2919 8554934
397 2796 8554937
393 2790 8554940
391 2796 8554943
393 2794 8554946
390 2795 8554949
394 2794 8554952
392 2793 8554955
393 2798 8554958
396 2795 8554961
393 2796 8554964
393 2793 8554967
391 2793 8554970
392 2794 8554973
391 2800 8554976
779 2794 8554979
394 2796 8554982
394 2793 8554985
391 2794 8554988
394 2793 8554991
393 2795 8554994
393 2796 8554997
392 2791 8555001
389 2794 8555004
393 2797 8555007
393 2794 8555010
397 2796 8555013
395 2794 8555016
392 2793 8555019
297 3200 8555022
393 2794 8555025
394 2794 8555028
391 2794 8555031
393 2795 8555034
391 2796 8555037
396 2792 8555039
392 2794 8555042
390 2796 8555045
393 2797 8555048
393 2793 8555051
393 2794 8555054
394 2796 8555057
396 2796 8555060
392 2723 8555063
385 2791 8555066
392 2792 8555069
393 2790 8555072
390 2794 8555075
394 2795 8555078
393 2794 8555081
391 2794 8555084
390 2792 8555087
391 2793 8555090
392 2793 8555093
391 2793 8555096
393 2796 8555099
391 2793 8555102
391 2796 8555105
458 2791 8555108
395 2794 8555111
392 2798 8555114
393 2792 8555117
391 2795 8555120
391 2792 8555123
395 2795 8555126
393 2800 8555129
393 2795 8555132
394 2791 8555135
393 2796 8555138
391 2794 8555141
390 2795 8555144
397 2797 8555147
395 2973 8555150
392 2793 8555153
393 2790 8555156
397 2795 8555159
392 2795 8555162
395 2797 8555165
396 2794 8555168
393 2797 8555171
395 2792 8555174
394 2793 8555177
397 2797 8555180
393 2793 8555183
391 2792 8555186
389 2796 8555189
396 2794 8555192
394 2795 8555195
399 2799 8555198
395 2798 8555201
392 2792 8555204
390 2795 8555207
389 2794 8555210
394 2795 8555213
393 2795 8555216
392 2795 8555219
392 2799 8555222
395 2793 8555225
392 2797 8555228
392 2795 8555231
393 2793 8555234
393 2794 8555237
392 2805 8555240
394 2793 8555243
393 2798 8555246
396 2793 8555249
390 2792 8555252
392 2793 8555255
394 2795 8555258
397 2796 8555261
392 2794 8555264
395 2788 8555267
395 2795 8555270
393 2793 8555273
394 2794 8555276
399 2795 8555279
394 2804 8555282
422 2790 8555285
393 2793 8555288
393 2798 8555291
395 2796 8555294
392 2794 8555297
395 2796 8555300
392 2796 8555303
392 2795 8555306
392 2794 8555309
394 2799 8555312
395 2795 8555315
393 2793 8555318
395 2797 8555321
393 2795 8555324
379 2745 8555327
391 2794 8555330
393 2795 8555333
395 2797 8555336
394 2791 8555339
391 2796 8555342
394 2794 8555345
393 2793 8555348
392 2797 8555351
393 2794 8555354
391 2793 8555357
392 2795 8555360
392 2794 8555363
394 2793 8555366
391 2752 8555369
469 2794 8555372
393 2793 8555375
392 2791 8555378
393 2796 8555381
394 2793 8555384
396 2797 8555387
395 2794 8555390
393 2794 8555393
393 2793 8555396
393 2793 8555399
394 2794 8555402
395 2794 8555405
394 2794 8555408
394 2795 8555411
255 2795 8555414
395 2793 8555417
394 2798 8555420
397 2793 8555423
393 2796 8555426
393 2793 8555429
394 2794 8555432
394 2797 8555435
389 2790 8555438
393 2793 8555441
395 2797 8555444
394 2795 8555447
392 2789 8555450
394 2796 8555453
393 2795 8555456
394 2816 8555459
395 2794 8555462
391 2797 8555465
391 2795 8555468
392 2792 8555471
393 2796 8555474
394 2794 8555477
394 2795 8555480
391 2794 8555483
395 2796 8555486
393 2793 8555489
391 2794 8555492
392 2795 8555495
393 2794 8555498
398 2798 8555501
455 2794 8555504
395 2794 8555507
388 2788 8555510
394 2796 8555513
391 2793 8555516
394 2795 8555519
396 2795 8555522
391 2796 8555525
394 2795 8555528
390 2790 8555531
393 2795 8555534
394 2794 8555537
391 2793 8555540
394 2794 8555543
0 2797 8555546
388 2792 8555549
395 2797 8555552
395 2794 8555555
391 2797 8555558
396 2795 8555561
392 2794 8555564
394 2796 8555567
395 2793 8555570
393 2793 8555573
394 2796 8555576
395 2796 8555579
391 2794 8555582
389 2795 8555585
392 2796 8555588
395 2856 8555591
395 2798 8555594
391 2796 8555597
394 2796 8555600
391 2791 8555603
401 2794 8555606
395 2796 8555609
394 2795 8555612
391 2791 8555615
392 2792 8555618
396 2793 8555621
394 2795 8555624
395 2797 8555627
394 2792 8555630
392 2607 8555633
394 2797 8555636
390 2793 8555639
394 2793 8555642
392 2793 8555645
391 2796 8555648
394 2794 8555651
393 2796 8555654
392 2797 8555657
395 2793 8555660
394 2793 8555663
394 2795 8555666
394 2793 8555669
394 2792 8555672
395 2795 8555675
391 2803 8555678
395 2794 8555681
391 2793 8555684
396 2802 8555687
396 2796 8555690
392 2794 8555693
397 2795 8555696
390 2795 8555699
392 2793 8555702
390 2793 8555705
392 2799 8555708
395 2796 8555711
390 2794 8555714
395 2795 8555717
394 2795 8555720
466 3345 8555723
397 2794 8555726
394 2791 8555729
391 2793 8555732
392 2795 8555735
393 2793 8555738
397 2798 8555741
396 2796 8555744
390 2793 8555747
395 2793 8555750
394 2794 8555753
393 2795 8555756
391 2793 8555759
395 2797 8555762
393 2793 8555765
390 2794 8555768
391 2794 8555771
394 2796 8555774
395 2794 8555777
391 2795 8555780
394 2795 8555783
393 2795 8555786
393 2796 8555789
392 2795 8555792
396 2793 8555795
392 2793 8555798
394 2796 8555801
392 2790 8555804
393 2795 8555807
394 2803 8555810
376 2790 8555813
394 2794 8555816
392 2792 8555819
394 2798 8555822
394 2793 8555825
393 2793 8555828
393 2795 8555831
390 2792 8555834
394 2794 8555837
395 2796 8555840
393 2795 8555843
391 2792 8555846
394 2794 8555849
396 2795 8555852
397 2796 8555855
399 2793 8555858
393 2799 8555861
395 2792 8555864
391 2791 8555867
395 2795 8555870
395 2795 8555873
395 2795 8555876
392 2795 8555879
393 2794 8555882
394 2793 8555885
394 2793 8555888
391 2796 8555891
394 2794 8555894
390 2794 8555897
411 2859 8555900
393 2794 8555903
392 2792 8555906
396 2796 8555909
392 2794 8555912
392 2795 8555915
391 2790 8555918
390 2794 8555921
393 2795 8555924
392 2795 8555927
393 2796 8555930
388 2794 8555933
391 2792 8555936
392 2793 8555939
394 2748 8555942
389 2795 8555945
394 2795 8555948
395 2792 8555951
393 2796 8555954
394 2794 8555957
392 2792 8555960
391 2796 8555963
391 2794 8555966
392 2793 8555969
394 2793 8555972
394 2794 8555975
391 2791 8555978
393 2795 8555981
393 2797 8555984
393 2794 8555987
384 2794 8555990
394 2800 8555993
396 2794 8555996
391 2793 8556000
394 2796 8556003
392 2798 8556006
392 2796 8556009
393 2793 8556012
394 2794 8556015
394 2795 8556018
393 2795 8556021
395 2796 8556024
393 2794 8556027
392 2796 8556029
399 2803 8556032
393 2794 8556035
389 2795 8556038
394 2796 8556041
392 2794 8556044
396 2794 8556047
394 2792 8556050
390 2794 8556053
394 2794 8556056
394 2792 8556059
392 2795 8556062
394 2796 8556065
393 2793 8556068
392 2792 8556071
392 2804 8556074
423 2795 8556077
393 2791 8556080
392 2797 8556083
394 2794 8556086
392 2796 8556089
392 2794 8556092
394 2796 8556095
396 2795 8556098
394 2794 8556101
390 2793 8556104
392 2795 8556107
395 2795 8556110
393 2797 8556113
396 2797 8556116
375 2673 8556119
387 2796 8556122
392 2791 8556125
393 2795 8556128
393 2794 8556131
394 2794 8556134
391 2795 8556137
395 2795 8556140
395 2795 8556143
394 2798 8556146
393 2794 8556149
395 2797 8556152
394 2797 8556155
391 2792 8556158
391 2750 8556161
625 2795 8556164
391 2795 8556167
389 2789 8556170
393 2792 8556173
395 2797 8556176
397 2795 8556179
393 2795 8556182
392 2792 8556185
390 2792 8556188
393 2791 8556191
393 2792 8556194
392 2796 8556197
395 2795 8556200
393 2794 8556203
574 2794 8556206
391 2794 8556209
393 2797 8556212
390 2791 8556215
390 2793 8556218
393 2796 8556221
392 2793 8556224
394 2796 8556227
398 2798 8556230
395 2794 8556233
391 2795 8556236
398 2793 8556239
392 2794 8556242
395 2795 8556245
394 2138 8556248
396 2792 8556251
392 2794 8556254
395 2793 8556257
387 2792 8556260
395 2795 8556263
395 2798 8556266
393 2803 8556269
393 2794 8556272
395 2795 8556275
394 2798 8556278
395 2797 8556281
393 2792 8556284
393 2795 8556287
393 2793 8556290
392 2790 8556293
390 2797 8556296
392 2799 8556299
393 2795 8556302
392 2794 8556305
394 2797 8556308
390 2795 8556311
391 2795 8556314
391 2793 8556317
391 2795 8556320
394 2792 8556323
392 2792 8556326
395 2797 8556329
394 2793 8556332
392 2793 8556335
393 2793 8556338
395 2794 8556341
393 2797 8556344
392 2793 8556347
390 2794 8556350
394 2792 8556353
392 2794 8556356
392 2794 8556359
393 2795 8556362
400 2796 8556365
391 2793 8556368
393 2794 8556371
395 2794 8556374
393 2795 8556377
391 2792 8556380
399 2796 8556383
393 2789 8556386
392 2796 8556389
395 2794 8556392
394 2797 8556395
396 2797 8556398
394 2795 8556401
395 2795 8556404
390 2793 8556407
392 2796 8556410
396 2798 8556413
393 2798 8556416
394 2799 8556419
393 2793 8556422
381 2758 8556425
392 2795 8556428
393 2792 8556431
392 2794 8556434
394 2795 8556437
393 2795 8556440
393 2795 8556443
391 2792 8556446
394 2796 8556449
395 2796 8556452
392 2794 8556455
392 2793 8556458
393 2792 8556461
391 2794 8556464
390 2785 8556467
516 2793 8556470
393 2795 8556473
390 2795 8556476
393 2794 8556479
390 2795 8556482
392 2795 8556485
392 2793 8556488
393 2794 8556491
394 2796 8556494
393 2796 8556497
390 2793 8556500
394 2794 8556503
394 2795 8556506
391 2797 8556509
416 2720 8556512
394 2794 8556515
391 2790 8556518
389 2793 8556521
393 2794 8556524
393 2794 8556527
396 2795 8556530
394 2795 8556533
395 2795 8556536
394 2795 8556539
394 2797 8556542
394 2796 8556545
395 2795 8556548
395 2796 8556551
393 2825 8556554
0 2794 8556557
394 2791 8556560
394 2790 8556563
392 2795 8556566
394 2793 8556569
393 2794 8556572
393 2798 8556575
392 2793 8556578
392 2793 8556581
398 2795 8556584
389 2791 8556587
392 2792 8556590
393 2792 8556593
395 2795 8556596
182 2792 8556599
394 2794 8556602
396 2799 8556605
404 2792 8556608
392 2794 8556611
395 2792 8556614
393 2795 8556617
392 2793 8556620
392 2792 8556623
391 2793 8556626
393 2793 8556629
391 2793 8556632
394 2797 8556635
396 2796 8556638
395 2796 8556641
395 2791 8556644
391 2793 8556647
397 2796 8556650
391 2791 8556653
392 2798 8556656
394 2796 8556659
395 2797 8556662
391 2795 8556665
392 2793 8556668
393 2793 8556671
393 2795 8556674
395 2796 8556677
393 2796 8556680
393 2796 8556683
392 2795 8556686
386 2791 8556689
394 2798 8556692
395 2795 8556695
393 2793 8556698
392 2794 8556701
394 2796 8556704
392 2795 8556707
393 2796 8556710
394 2792 8556713
393 2797 8556716
393 2793 8556719
391 2793 8556722
395 2795 8556725
394 2795 8556728
391 2793 8556731
392 2795 8556734
395 2797 8556737
395 2794 8556740
390 2794 8556743
392 2795 8556746
393 2796 8556749
393 2793 8556752
392 2796 8556755
392 2794 8556758
390 2793 8556761
390 2793 8556764
393 2793 8556767
391 2795 8556770
396 2788 8556773
361 2794 8556776
395 2790 8556779
391 2795 8556782
394 2795 8556785
393 2796 8556788
394 2795 8556791
392 2793 8556794
394 2794 8556797
394 2796 8556800
393 2795 8556803
394 2794 8556806
392 2794 8556809
395 2793 8556812
394 2796 8556815
387 2756 8556818
395 2794 8556821
393 2795 8556824
394 2796 8556827
394 2795 8556830
392 2795 8556833
391 2794 8556836
394 2795 8556839
393 2793 8556842
392 2794 8556845
395 2797 8556848
396 2795 8556851
394 2794 8556854
392 2794 8556857
393 2796 8556860
350 2796 8556863
392 2790 8556866
389 2795 8556869
396 2794 8556872
389 2792 8556875
394 2795 8556878
394 2794 8556881
391 2794 8556884
395 2794 8556887
392 2793 8556890
392 2796 8556893
391 2793 8556896
395 2795 8556899
392 2793 8556902
400 2826 8556905
394 2795 8556908
390 2794 8556911
391 2799 8556914
396 2795 8556917
394 2796 8556920
394 2791 8556923
393 2794 8556926
392 2796 8556929
394 2795 8556932
408 2793 8556935
395 2795 8556938
395 2797 8556941
395 2794 8556944
392 2785 8556947
393 2795 8556950
394 2790 8556953
394 2793 8556956
397 2797 8556959
393 2797 8556962
394 2795 8556965
392 2793 8556968
393 2797 8556971
392 2793 8556974
392 2794 8556977
392 2797 8556980
392 2794 8556983
396 2793 8556986
392 2793 8556989
401 2788 8556992
394 2795 8556995
391 2793 8556999
389 2795 8557002
391 2793 8557005
394 2795 8557008
392 2793 8557011
394 2796 8557014
393 2793 8557017
393 2792 8557020
389 2795 8557023
396 2792 8557026
392 2792 8557029
394 2796 8557032
394 2798 8557035
357 2794 8557038
391 2792 8557041
391 2793 8557044
393 2796 8557046
394 2792 8557049
394 2796 8557052
392 2795 8557055
395 2793 8557058
392 2797 8557061
394 2795 8557064
392 2795 8557067
392 2797 8557070
394 2794 8557073
393 2795 8557076
390 2903 8557079
393 2795 8557082
392 2792 8557085
394 2795 8557088
395 2798 8557091
393 2797 8557094
396 2795 8557097
392 2794 8557100
394 2794 8557103
393 2795 8557106
394 2794 8557109
391 2794 8557112
392 2795 8557115
393 2794 8557118
393 2803 8557121
430 2798 8557124
394 2796 8557127
396 2812 8557130
386 2796 8557133
384 2794 8557136
396 2794 8557139
392 2793 8557142
393 2797 8557145
397 2794 8557148
394 2793 8557151
392 2793 8557154
392 2794 8557157
391 2793 8557160
394 2793 8557163
390 2834 8557166
392 2793 8557169
394 2796 8557172
412 2796 8557175
392 2786 8557178
396 2799 8557181
396 2793 8557184
384 2791 8557187
392 2795 8557190
395 2794 8557193
395 2796 8557196
393 2795 8557199
392 2793 8557202
390 2795 8557205
395 2775 8557208
0 2795 8557211
393 2796 8557214
377 2795 8557217
410 2797 8557220
391 2789 8557223
394 2798 8557226
394 2794 8557229
392 2792 8557232
392 2796 8557235
392 2793 8557238
395 2794 8557241
392 2793 8557244
394 2794 8557247
390 2794 8557250
432 2795 8557253
388 2797 8557256
392 2794 8557259
371 2798 8557262
409 2796 8557265
387 2789 8557268
391 2784 8557271
397 2795 8557274
391 2794 8557277
394 2796 8557280
397 2792 8557283
395 2794 8557286
392 2796 8557289
396 2792 8557292
394 2794 8557295
393 2801 8557298
390 2791 8557301
377 2799 8557304
382 2792 8557307
401 2797 8557310
394 2794 8557313
390 2795 8557316
394 2793 8557319
392 2791 8557322
391 2796 8557325
394 2795 8557328
392 2794 8557331
394 2794 8557334
393 2796 8557337
395 2794 8557340
390 2788 8557343
394 2806 8557346
417 2782 8557349
392 2784 8557352
392 2806 8557355
394 2794 8557358
393 2794 8557361
393 2793 8557364
391 2794 8557367
392 2795 8557370
395 2794 8557373
389 2793 8557376
393 2798 8557379
393 2793 8557382
279 2794 8557385
384 2797 8557388
393 2800 8557391
382 2785 8557394
403 2803 8557397
391 2791 8557400
389 2795 8557403
397 2796 8557406
389 2793 8557409
391 2797 8557412
393 2792 8557415
393 2799 8557418
393 2794 8557421
394 2793 8557424
397 2796 8557427
392 2819 8557430
392 2794 8557433
392 2807 8557436
409 2794 8557439
387 2786 8557442
395 2797 8557445
393 2794 8557448
392 2794 8557451
394 2795 8557454
393 2795 8557457
393 2796 8557460
391 2793 8557463
392 2793 8557466
390 2795 8557469
392 2795 8557472
391 2795 8557475
390 2797 8557478
387 2803 8557481
385 2785 8557484
400 2803 8557487
388 2791 8557490
394 2797 8557493
394 2792 8557496
393 2797 8557499
393 2794 8557502
392 2794 8557505
388 2793 8557508
390 2796 8557511
393 2793 8557514
393 2772 8557517
788 2800 8557520
393 2794 8557523
379 2792 8557526
407 2801 8557529
392 2790 8557532
389 2797 8557535
397 2794 8557538
388 2793 8557541
395 2796 8557544
392 2793 8557547
392 2794 8557550
396 2798 8557553
393 2793 8557556
392 2793 8557559
392 2793 8557562
405 2795 8557565
393 2806 8557568
416 2787 8557571
392 2785 8557574
396 2798 8557577
392 2792 8557580
390 2792 8557583
396 2796 8557586
387 2791 8557589
395 2797 8557592
390 2791 8557595
391 2812 8557598
393 2795 8557601
393 2797 8557604
391 2795 8557607
389 2798 8557610
394 2804 8557613
386 2783 8557616
401 2804 8557619
392 2790 8557622
390 2795 8557625
399 2792 8557628
391 2796 8557631
393 2796 8557634
394 2795 8557637
391 2795 8557640
395 2797 8557643
392 2792 8557646
394 2792 8557649
394 2818 8557652
392 2793 8557655
393 2803 8557658
408 2791 8557661
391 2789 8557664
396 2799 8557667
396 2794 8557670
391 2794 8557673
394 2793 8557676
390 2792 8557679
393 2794 8557682
394 2796 8557685
395 2795 8557688
394 2794 8557691
391 2794 8557694
391 2797 8557697
393 2794 8557700
400 2791 8557703
381 2793 8557706
400 2797 8557709
390 2790 8557712
390 2796 8557715
393 2795 8557718
393 2793 8557721
392 2797 8557724
393 2793 8557727
390 2796 8557730
393 2795 8557733
394 2796 8557736
393 2788 8557739
389 2795 8557742
392 2795 8557745
397 2810 8557748
376 2793 8557751
387 2795 8557754
397 2796 8557757
390 2792 8557760
393 2796 8557763
394 2796 8557766
392 2793 8557769
390 2793 8557772
393 2795 8557775
391 2792 8557778
393 2792 8557781
392 2795 8557784
399 2798 8557787
393 2797 8557790
396 2782 8557793
392 2804 8557796
395 2791 8557799
395 2795 8557802
393 2795 8557805
393 2795 8557808
394 2793 8557811
394 2796 8557814
391 2795 8557817
394 2795 8557820
399 2797 8557823
391 2796 8557826
397 2848 8557829
394 2792 8557832
394 2799 8557835
405 2768 8557838
390 2786 8557841
388 2797 8557844
394 2794 8557847
393 2795 8557850
394 2799 8557853
397 2796 8557856
393 2791 8557859
394 2794 8557862
389 2795 8557865
395 2794 8557868
391 2857 8557871
393 2792 8557874
395 2791 8557877
394 2783 8557880
386 2807 8557883
400 2794 8557886
388 2792 8557889
395 2795 8557892
396 2793 8557895
392 2796 8557898
395 2794 8557901
392 2794 8557904
395 2797 8557907
393 2791 8557910
394 2792 8557913
393 2797 8557916
404 2792 8557919
394 2807 8557922
411 2781 8557925
397 2786 8557928
397 2801 8557931
394 2792 8557934
381 2794 8557937
398 2797 8557940
389 2792 8557943
392 2795 8557946
395 2796 8557949
395 2793 8557952
394 2795 8557955
392 2793 8557958
406 2824 8557961
394 2793 8557964
391 2782 8557967
396 2806 8557970
395 2791 8557973
387 2793 8557976
395 2797 8557979
392 2794 8557982
392 2796 8557985
396 2797 8557988
391 2793 8557991
393 2795 8557994
391 2797 8557997
394 2795 8558001
391 2670 8558004
394 2788 8558007
395 2795 8558010
402 2789 8558013
381 2804 8558016
401 2790 8558019
391 2793 8558022
394 2793 8558025
396 2793 8558028
391 2791 8558031
394 2793 8558034
393 2795 8558037
394 2793 8558040
395 2794 8558043
393 2795 8558045
394 2795 8558048
403 2789 8558051
392 2757 8558054
384 2799 8558057
387 2797 8558060
401 2796 8558063
393 2791 8558066
394 2799 8558069
393 2792 8558072
393 2795 8558075
393 2796 8558078
394 2792 8558081
389 2792 8558084
392 2794 8558087
393 2794 8558090
394 2813 8558093
394 2796 8558096
390 2812 8558099
408 2790 8558102
389 2788 8558105
397 2800 8558108
393 2793 8558111
394 2796 8558114
393 2794 8558117
390 2794 8558120
396 2795 8558123
386 2794 8558126
393 2798 8558129
393 2794 8558132
394 2795 8558135
357 2793 8558138
393 2795 8558141
384 2810 8558144
402 2790 8558147
390 2792 8558150
397 2798 8558153
396 2795 8558156
392 2795 8558159
393 2795 8558162
389 2791 8558165
394 2795 8558168
392 2793 8558171
395 2795 8558174
397 2798 8558177
372 2772 8558180
393 2794 8558183
391 2782 8558186
380 2807 8558189
403 2793 8558192
389 2790 8558195
392 2797 8558198
391 2794 8558201
389 2793 8558204
393 2795 8558207
391 2796 8558210
393 2795 8558213
394 2792 8558216
388 2794 8558219
395 2846 8558222
393 2786 8558225
398 2795 8558228
397 2788 8558231
383 2803 8558234
400 2792 8558237
386 2791 8558240
396 2797 8558243
393 2792 8558246
392 2797 8558249
394 2796 8558252
394 2795 8558255
393 2796 8558258
396 2794 8558261
367 2794 8558264
393 2794 8558267
397 2791 8558270
393 2787 8558273
400 2786 8558276
387 2804 8558279
403 2794 8558282
390 2790 8558285
391 2794 8558288
394 2794 8558291
393 2797 8558294
392 2793 8558297
394 2793 8558300
391 2795 8558303
392 2793 8558306
394 2796 8558309
393 2809 8558312
391 2794 8558315
415 2749 8558318
395 2787 8558321
387 2799 8558324
399 2794 8558327
387 2791 8558330
392 2797 8558333
392 2790 8558336
393 2794 8558339
391 2798 8558342
394 2793 8558345
392 2793 8558348
393 2794 8558351
389 2795 8558354
424 2790 8558357
392 2799 8558360
411 2794 8558363
394 2786 8558366
390 2798 8558369
397 2795 8558372
393 2795 8558375
396 2795 8558378
392 2796 8558381
392 2791 8558384
390 2793 8558387
394 2792 8558390
393 2795 8558393
396 2794 8558396
400 2751 8558399
389 2793 8558402
394 2804 8558405
407 2784 8558408
386 2787 8558411
395 2802 8558414
394 2792 8558417
390 2793 8558420
396 2798 8558423
393 2794 8558426
392 2794 8558429
394 2798 8558432
391 2794 8558435
389 2794 8558438
392 2809 8558441
343 2800 8558444
392 2795 8558447
374 2800 8558450
405 2796 8558453
389 2788 8558456
390 2795 8558459
392 2796 8558462
393 2794 8558465
392 2793 8558468
394 2792 8558471
386 2796 8558474
393 2795 8558477
394 2793 8558480
390 2795 8558483
435 2796 8558486
390 2797 8558489
393 2797 8558492
377 2790 8558495
405 2801 8558498
389 2787 8558501
393 2794 8558504
395 2794 8558507
392 2793 8558510
395 2795 8558513
394 2795 8558516
393 2792 8558519
392 2796 8558522
395 2796 8558525
389 2794 8558528
395 2799 8558531
391 2793 8558534
378 2797 8558537
385 2787 8558540
400 2799 8558543
392 2791 8558546
390 2796 8558549
394 2796 8558552
392 2795 8558555
394 2795 8558558
392 2797 8558561
396 2794 8558564
392 2793 8558567
397 2795 8558570
391 2792 8558573
418 2791 8558576
395 2799 8558579
412 2799 8558582
393 2788 8558585
390 2803 8558588
392 2790 8558591
387 2791 8558594
393 2795 8558597
390 2789 8558600
392 2792 8558603
392 2797 8558606
393 2795 8558609
395 2795 8558612
392 2793 8558615
440 2660 8558618
393 2795 8558621
394 2775 8558624
392 2809 8558627
396 2788 8558630
386 2791 8558633
400 2797 8558636
389 2793 8558639
394 2792 8558642
393 2794 8558645
392 2791 8558648
392 2794 8558651
392 2794 8558654
396 2794 8558657
390 2792 8558660
394 2799 8558663
390 2793 8558666
389 2795 8558669
381 2792 8558672
402 2799 8558675
394 2793 8558678
392 2794 8558681
394 2797 8558684
390 2794 8558687
396 2794 8558690
390 2792 8558693
393 2796 8558696
393 2796 8558699
393 2793 8558702
393 2795 8558705
393 2792 8558708
395 2798 8558711
410 2799 8558714
391 2790 8558717
389 2801 8558720
399 2793 8558723
386 2789 8558726
394 2796 8558729
394 2791 8558732
390 2793 8558735
393 2795 8558738
393 2793 8558741
392 2793 8558744
391 2793 8558747
436 2822 8558750
392 2797 8558753
389 2779 8558756
376 2802 8558759
401 2794 8558762
387 2789 8558765
395 2798 8558768
394 2794 8558771
391 2794 8558774
392 2797 8558777
389 2791 8558780
397 2790 8558783
406 2784 8558786
411 2784 8558789
405 2788 8558792
444 2832 8558795
439 2899 8558798
481 2948 8558801
465 2935 8558804
465 2939 8558807
469 2931 8558810
457 2925 8558813
464 2931 8558816
460 2931 8558819
464 2934 8558822
463 2930 8558825
463 2932 8558828
464 2931 8558831
464 2932 8558834
467 2942 8558837
463 2933 8558840
450 2922 8558843
460 2921 8558846
465 2941 8558849
469 2929 8558852
462 2931 8558855
464 2930 8558858
464 2933 8558861
464 2932 8558864
464 2929 8558867
464 2932 8558870
464 2929 8558873
465 2929 8558876
330 2931 8558879
459 2934 8558882
464 2941 8558885
452 2922 8558888
472 2941 8558891
464 2929 8558894
462 2932 8558897
470 2933 8558900
464 2932 8558903
464 2934 8558906
465 2931 8558909
463 2929 8558912
465 2933 8558915
456 2932 8558918
463 2970 8558921
513 2930 8558924
465 2955 8558927
449 2919 8558930
477 2940 8558933
464 2929 8558936
463 2933 8558939
469 2932 8558942
464 2930 8558945
461 2929 8558948
464 2930 8558951
467 2931 8558954
463 2932 8558957
464 2929 8558960
464 2929 8558963
461 2861 8558966
465 2934 8558969
464 2928 8558972
484 2940 8558975
460 2921 8558978
462 2934 8558981
471 2933 8558984
467 2929 8558987
471 2928 8558990
474 2927 8558993
470 2925 8558996
475 2924 8559000
475 2924 8559003
473 2924 8559006
474 2922 8559009
470 2922 8559012
477 2925 8559015
483 2937 8559018
482 2914 8559021
477 2922 8559024
486 2922 8559027
482 2917 8559030
486 2919 8559033
481 2918 8559036
485 2918 8559039
481 2922 8559042
483 2921 8559044
483 2921 8559047
484 2920 8559050
475 2947 8559053
484 2920 8559056
483 2933 8559059
496 2903 8559062
476 2912 8559065
486 2923 8559068
484 2919 8559071
483 2922 8559074
488 2919 8559077
480 2919 8559080
483 2918 8559083
481 2918 8559086
483 2920 8559089
482 2918 8559092
479 2916 8559095
409 2924 8559098
477 2921 8559101
483 2941 8559104
489 2917 8559107
471 2918 8559110
485 2922 8559113
481 2921 8559116
479 2922 8559119
481 2923 8559122
479 2919 8559125
479 2922 8559128
479 2924 8559131
479 2919 8559134
480 2922 8559137
520 2798 8559140
478 2923 8559143
475 2905 8559146
487 2935 8559149
476 2917 8559152
473 2922 8559155
479 2925 8559158
477 2922 8559161
481 2924 8559164
474 2923 8559167
480 2924 8559170
476 2922 8559173
476 2924 8559176
476 2924 8559179
477 2879 8559182
435 2921 8559185
477 2925 8559188
460 2911 8559191
488 2931 8559194
474 2921 8559197
471 2926 8559200
479 2927 8559203
472 2923 8559206
476 2928 8559209
477 2925 8559212
477 2925 8559215
472 2926 8559218
475 2926 8559221
474 2925 8559224
411 2925 8559227
469 2930 8559230
475 2924 8559233
460 2927 8559236
485 2932 8559239
468 2920 8559242
474 2929 8559245
475 2926 8559248
468 2923 8559251
472 2928 8559254
472 2929 8559257
472 2928 8559260
471 2928 8559263
472 2927 8559266
472 2928 8559269
470 2926 8559272
473 2926 8559275
475 2925 8559278
458 2931 8559281
479 2926 8559284
468 2926 8559287
470 2931 8559290
475 2926 8559293
467 2927 8559296
472 2927 8559299
468 2927 8559302
469 2927 8559305
470 2926 8559308
470 2931 8559311
470 2929 8559314
473 2924 8559317
467 2921 8559320
474 2916 8559323
462 2934 8559326
475 2928 8559329
465 2925 8559332
469 2929 8559335
468 2925 8559338
470 2929 8559341
475 2931 8559344
469 2928 8559347
467 2931 8559350
471 2929 8559353
467 2928 8559356
471 2940 8559359
466 2932 8559362
488 2926 8559365
470 2917 8559368
466 2936 8559371
473 2927 8559374
467 2928 8559377
470 2931 8559380
467 2927 8559383
470 2930 8559386
468 2928 8559389
470 2930 8559392
470 2930 8559395
468 2930 8559398
470 2937 8559401
458 2925 8559404
468 2936 8559407
487 2896 8559410
467 2921 8559413
463 2934 8559416
472 2929 8559419
466 2924 8559422
469 2932 8559425
469 2929 8559428
467 2931 8559431
468 2929 8559434
466 2927 8559437
464 2932 8559440
465 2930 8559443
468 2956 8559446
462 2928 8559449
470 2948 8559452
474 2924 8559455
463 2923 8559458
469 2935 8559461
465 2929 8559464
464 2927 8559467
466 2928 8559470
467 2933 8559473
466 2932 8559476
471 2930 8559479
464 2929 8559482
465 2931 8559485
464 2920 8559488
478 2930 8559491
465 2930 8559494
479 2944 8559497
460 2930 8559500
461 2934 8559503
472 2931 8559506
464 2927 8559509
466 2932 8559512
463 2927 8559515
465 2930 8559518
461 2928 8559521
466 2931 8559524
466 2931 8559527
464 2933 8559530
470 2928 8559533
462 2930 8559536
476 2951 8559539
449 2928 8559542
459 2930 8559545
471 2931 8559548
464 2931 8559551
464 2931 8559554
466 2930 8559557
464 2929 8559560
464 2932 8559563
468 2932 8559566
466 2928 8559569
462 2930 8559572
465 2933 8559575
472 2929 8559578
462 2947 8559581
449 2937 8559584
453 2923 8559587
469 2933 8559590
463 2930 8559593
462 2934 8559596
465 2932 8559599
466 2928 8559602
465 2931 8559605
464 2931 8559608
466 2930 8559611
464 2931 8559614
466 2932 8559617
464 2930 8559620
467 2930 8559623
471 2931 8559626
452 2931 8559629
476 2934 8559632
459 2926 8559635
462 2934 8559638
467 2929 8559641
465 2932 8559644
466 2931 8559647
466 2931 8559650
466 2931 8559653
462 2931 8559656
466 2931 8559659
450 3019 8559662
469 2938 8559665
463 2916 8559668
468 2944 8559671
468 2929 8559674
460 2928 8559677
465 2931 8559680
466 2930 8559683
461 2933 8559686
466 2930 8559689
464 2930 8559692
466 2929 8559695
466 2929 8559698
464 2928 8559701
465 2927 8559704
475 2929 8559707
466 2931 8559710
480 2937 8559713
465 2929 8559716
466 2937 8559719
469 2931 8559722
463 2928 8559725
465 2931 8559728
466 2931 8559731
461 2929 8559734
463 2933 8559737
464 2929 8559740
465 2930 8559743
462 2930 8559746
466 2939 8559749
464 2928 8559752
454 2926 8559755
469 2920 8559758
465 2936 8559761
466 2927 8559764
462 2930 8559767
466 2933 8559770
466 2929 8559773
466 2932 8559776
466 2933 8559779
465 2931 8559782
464 2929 8559785
468 2930 8559788
559 2925 8559791
463 2931 8559794
466 2930 8559797
448 2932 8559800
477 2938 8559803
462 2927 8559806
466 2935 8559809
465 2929 8559812
466 2932 8559815
467 2931 8559818
465 2927 8559821
462 2931 8559824
464 2930 8559827
464 2930 8559830
467 2937 8559833
441 2936 8559836
464 2933 8559839
455 2940 8559842
484 2914 8559845
459 2927 8559848
464 2934 8559851
464 2928 8559854
462 2931 8559857
467 2930 8559860
466 2928 8559863
465 2931 8559866
465 2934 8559869
460 2928 8559872
462 2931 8559875
471 2887 8559878
463 2931 8559881
463 2944 8559884
478 2928 8559887
459 2927 8559890
467 2935 8559893
464 2929 8559896
465 2932 8559899
464 2932 8559902
467 2933 8559905
466 2934 8559908
464 2930 8559911
465 2931 8559914
462 2930 8559917
456 2932 8559920
474 2930 8559923
467 2943 8559926
483 2929 8559929
464 2923 8559932
465 2938 8559935
467 2931 8559938
465 2930 8559941
465 2930 8559944
467 2931 8559947
462 2930 8559950
466 2929 8559953
465 2929 8559956
466 2932 8559959
465 2931 8559962
462 2936 8559965
462 2935 8559968
480 2948 8559971
459 2929 8559974
456 2933 8559977
470 2934 8559980
464 2931 8559983
467 2934 8559986
465 2931 8559989
462 2931 8559992
464 2932 8559995
463 2930 8559999
463 2931 8560002
461 2933 8560005
468 2928 8560008
466 2926 8560011
464 2938 8560014
483 2934 8560017
460 2929 8560020
464 2937 8560023
470 2928 8560026
461 2930 8560029
463 2930 8560032
464 2930 8560035
466 2932 8560038
465 2932 8560041
464 2930 8560044
463 2933 8560046
465 2930 8560049
462 2873 8560052
465 2930 8560055
463 2929 8560058
480 2939 8560061
460 2925 8560064
462 2935 8560067
467 2934 8560070
467 2932 8560073
466 2932 8560076
467 2931 8560079
467 2931 8560082
466 2930 8560085
465 2930 8560088
467 2933 8560091
467 2951 8560094
464 2927 8560097
465 2928 8560100
454 2919 8560103
473 2942 8560106
469 2925 8560109
461 2931 8560112
469 2933 8560115
464 2927 8560118
464 2931 8560121
464 2933 8560124
464 2927 8560127
465 2931 8560130
462 2931 8560133
466 2931 8560136
463 2929 8560139
473 2930 8560142
461 2930 8560145
467 2919 8560148
462 2940 8560151
471 2930 8560154
462 2930 8560157
467 2930 8560160
464 2929 8560163
463 2929 8560166
464 2931 8560169
464 2929 8560172
465 2934 8560175
464 2929 8560178
465 2932 8560181
460 2931 8560184
465 2933 8560187
461 2921 8560190
464 2919 8560193
467 2935 8560196
466 2930 8560199
462 2933 8560202
467 2932 8560205
468 2930 8560208
461 2930 8560211
467 2932 8560214
463 2928 8560217
463 2930 8560220
463 2931 8560223
465 2936 8560226
485 2928 8560229
462 2950 8560232
478 2925 8560235
456 2926 8560238
470 2937 8560241
466 2927 8560244
464 2933 8560247
461 2927 8560250
464 2929 8560253
462 2946 8560256
466 2933 8560259
466 2932 8560262
463 2932 8560265
464 2929 8560268
457 2966 8560271
464 2931 8560274
461 2946 8560277
478 2919 8560280
455 2924 8560283
465 2937 8560286
467 2929 8560289
463 2933 8560292
466 2933 8560295
464 2932 8560298
464 2930 8560301
462 2929 8560304
464 2932 8560307
463 2928 8560310
463 2941 8560313
409 2933 8560316
466 2930 8560319
458 2949 8560322
475 2926 8560325
460 2929 8560328
464 2932 8560331
464 2931 8560334
465 2933 8560337
467 2931 8560340
464 2928 8560343
462 2931 8560346
465 2931 8560349
462 2931 8560352
465 2933 8560355
469 3033 8560358
467 2933 8560361
460 2913 8560364
464 2946 8560367
468 2927 8560370
458 2932 8560373
466 2932 8560376
464 2932 8560379
463 2930 8560382
460 2929 8560385
465 2932 8560388
465 2930 8560391
465 2933 8560394
465 2929 8560397
466 2994 8560400
463 2924 8560403
466 2927 8560406
449 2916 8560409
474 2941 8560412
464 2924 8560415
459 2932 8560418
466 2933 8560421
463 2926 8560424
466 2932 8560427
460 2929 8560430
463 2932 8560433
463 2930 8560436
463 2931 8560439
460 2929 8560442
470 2929 8560445
461 2935 8560448
466 2922 8560451
452 2938 8560454
481 2933 8560457
462 2927 8560460
466 2932 8560463
467 2930 8560466
463 2932 8560469
467 2933 8560472
463 2930 8560475
464 2933 8560478
466 2931 8560481
466 2929 8560484
463 2960 8560487
463 2927 8560490
468 2929 8560493
459 2914 8560496
472 2943 8560499
468 2926 8560502
460 2931 8560505
467 2934 8560508
468 2931 8560511
463 2930 8560514
463 2930 8560517
463 2931 8560520
465 2931 8560523
467 2930 8560526
463 2931 8560529
431 3395 8560532
464 2930 8560535
464 2915 8560538
463 2944 8560541
475 2925 8560544
459 2927 8560547
466 2932 8560550
461 2928 8560553
465 2930 8560556
463 2932 8560559
465 2926 8560562
466 2929 8560565
463 2930 8560568
467 2929 8560571
464 2936 8560574
456 2930 8560577
463 2931 8560580
465 2965 8560583
471 2928 8560586
458 2929 8560589
470 2937 8560592
464 2929 8560595
465 2932 8560598
