2365 271 2051495
2316 273 2051498
2316 271 2051501
2317 275 2051504
2314 272 2051507
2313 272 2051510
2312 271 2051513
2313 272 2051516
2315 270 2051519
2317 273 2051522
2318 274 2051525
2315 271 2051528
2317 277 2051531
2317 271 2051534
2260 249 2051537
2314 270 2051540
2316 266 2051543
2314 272 2051546
2313 271 2051549
2317 272 2051552
2305 274 2051555
2319 273 2051558
2316 271 2051561
2315 273 2051564
2316 272 2051567
2315 272 2051570
2315 275 2051573
2314 271 2051576
2315 273 2051579
2317 263 2051582
2315 270 2051585
2318 270 2051588
2316 271 2051591
2314 272 2051594
2316 274 2051597
2316 273 2051600
2315 272 2051603
2314 276 2051606
2316 271 2051609
2315 274 2051612
2316 277 2051615
2315 272 2051618
2317 273 2051621
2312 276 2051624
2295 274 2051627
2316 271 2051630
2318 275 2051633
2318 275 2051636
2316 274 2051639
2317 268 2051642
2315 271 2051645
2316 270 2051648
2314 269 2051651
2315 271 2051654
2315 278 2051657
2313 270 2051660
2316 270 2051663
2319 273 2051666
2324 402 2051669
2315 271 2051672
2316 264 2051675
2312 277 2051678
2317 271 2051681
2313 269 2051684
2318 274 2051687
2316 271 2051690
2315 271 2051693
2316 271 2051696
2316 271 2051699
2316 271 2051702
2315 270 2051705
2316 273 2051708
2317 267 2051711
2317 270 2051714
2314 272 2051717
2321 275 2051720
2316 271 2051723
2312 272 2051726
2316 272 2051729
2315 271 2051732
2315 274 2051735
2315 274 2051738
2317 273 2051741
2314 271 2051744
2314 273 2051747
2314 270 2051750
2316 281 2051753
2319 274 2051756
2345 272 2051759
2317 267 2051762
2319 276 2051765
2318 274 2051768
2316 270 2051771
2315 272 2051774
2314 277 2051777
2316 273 2051780
2316 271 2051783
2317 274 2051786
2316 272 2051789
2315 271 2051792
2317 273 2051795
2315 277 2051798
2311 261 2051801
2315 270 2051804
2312 271 2051807
2317 272 2051810
2309 270 2051813
2317 270 2051816
2317 277 2051819
2317 272 2051822
2313 271 2051825
2316 273 2051828
2318 273 2051831
2316 273 2051834
2315 272 2051837
2317 272 2051840
2312 267 2051843
2349 269 2051846
2314 270 2051849
2313 277 2051852
2319 272 2051855
2312 272 2051858
2312 278 2051861
2313 271 2051864
2314 273 2051867
2316 270 2051870
2316 271 2051873
2319 272 2051876
2314 272 2051879
2323 271 2051882
2316 270 2051885
2305 197 2051888
2313 274 2051891
2314 270 2051894
2318 273 2051897
2316 273 2051900
2316 275 2051903
2317 270 2051906
2313 271 2051909
2314 271 2051912
2317 269 2051915
2315 273 2051918
2317 274 2051921
2313 274 2051924
2315 273 2051927
2315 266 2051930
2276 276 2051933
2318 269 2051936
2314 269 2051939
2317 273 2051942
2313 272 2051945
2315 273 2051948
2318 272 2051951
2315 274 2051954
2311 271 2051957
2315 273 2051960
2317 272 2051963
2315 279 2051966
2316 272 2051969
2315 270 2051972
2316 224 2051975
2314 267 2051978
2311 270 2051981
2317 274 2051984
2316 275 2051987
2315 271 2051990
2315 273 2051993
2316 274 2051996
2313 268 2052000
2317 275 2052003
2315 274 2052006
2315 276 2052009
2314 271 2052012
2318 276 2052015
2314 266 2052018
2322 274 2052021
2316 270 2052024
2315 275 2052027
2316 272 2052030
2312 273 2052033
2316 272 2052036
2318 272 2052038
2321 276 2052041
2318 274 2052044
2315 269 2052047
2316 270 2052050
2312 274 2052053
2316 274 2052056
2315 269 2052059
2316 269 2052062
2318 273 2052065
2317 273 2052068
2318 272 2052071
2316 274 2052074
2318 271 2052077
2316 273 2052080
2315 272 2052083
2318 271 2052086
2315 271 2052089
2314 275 2052092
2316 273 2052095
2316 271 2052098
2315 277 2052101
2315 270 2052104
2312 272 2052107
2319 276 2052110
2315 276 2052113
2315 272 2052116
2317 271 2052119
2315 273 2052122
2314 269 2052125
2317 270 2052128
2317 273 2052131
2317 277 2052134
2314 272 2052137
2317 272 2052140
2316 272 2052143
2313 446 2052146
2316 275 2052149
2315 271 2052152
2320 278 2052155
2311 272 2052158
2316 272 2052161
2317 270 2052164
2315 274 2052167
2316 272 2052170
2315 273 2052173
2319 275 2052176
2317 273 2052179
2316 273 2052182
2315 272 2052185
2317 273 2052188
2403 958 2052191
2317 273 2052194
2316 269 2052197
2312 271 2052200
2315 273 2052203
2315 273 2052206
2312 271 2052209
2316 272 2052212
2316 274 2052215
2315 290 2052218
2316 269 2052221
2315 272 2052224
2316 270 2052227
2316 271 2052230
2317 252 2052233
2181 274 2052236
2315 271 2052239
2313 268 2052242
2314 275 2052245
2319 272 2052248
2315 269 2052251
2315 273 2052254
2316 273 2052257
2315 270 2052260
2315 271 2052263
2313 273 2052266
2315 271 2052269
2315 274 2052272
2316 274 2052275
2302 132 2052278
2314 276 2052281
2318 268 2052284
2318 272 2052287
2318 271 2052290
2313 272 2052293
2316 273 2052296
2319 273 2052299
2312 274 2052302
2319 274 2052305
2315 274 2052308
2315 273 2052311
2315 273 2052314
2316 270 2052317
2314 274 2052320
2284 273 2052323
2314 268 2052326
2315 273 2052329
2316 272 2052332
2314 272 2052335
2316 272 2052338
2319 274 2052341
2318 283 2052344
2316 273 2052347
2316 271 2052350
2312 271 2052353
2316 272 2052356
2317 272 2052359
2315 271 2052362
2315 285 2052365
2314 272 2052368
2301 277 2052371
2312 262 2052374
2322 282 2052377
2315 271 2052380
2312 271 2052383
2317 282 2052386
2315 272 2052389
2316 268 2052392
2317 272 2052395
2314 275 2052398
2317 269 2052401
2315 270 2052404
2378 267 2052407
2308 275 2052410
2317 282 2052413
2306 260 2052416
2330 278 2052419
2312 266 2052422
2313 271 2052425
2311 276 2052428
2315 272 2052431
2315 272 2052434
2315 274 2052437
2316 273 2052440
2317 274 2052443
2315 271 2052446
2316 271 2052449
2429 274 2052452
2314 270 2052455
2294 282 2052458
2330 271 2052461
2313 267 2052464
2311 277 2052467
2316 271 2052470
2315 272 2052473
2315 276 2052476
2317 273 2052479
2315 273 2052482
2314 270 2052485
2314 274 2052488
2315 270 2052491
2316 320 2052494
2314 274 2052497
2317 291 2052500
2321 264 2052503
2310 275 2052506
2323 278 2052509
2313 270 2052512
2314 271 2052515
2317 270 2052518
2315 271 2052521
2315 269 2052524
2314 275 2052527
2319 272 2052530
2319 270 2052533
2317 274 2052536
2318 270 2052539
2314 257 2052542
2322 255 2052545
2307 282 2052548
2323 273 2052551
2312 265 2052554
2297 275 2052557
2316 274 2052560
2314 271 2052563
2312 271 2052566
2317 277 2052569
2317 271 2052572
2315 269 2052575
2315 276 2052578
2318 267 2052581
2321 271 2052584
2314 255 2052587
2316 283 2052590
2320 259 2052593
2312 271 2052596
2318 275 2052599
2316 270 2052602
2316 271 2052605
2312 278 2052608
2314 276 2052611
2317 271 2052614
2314 274 2052617
2313 273 2052620
2329 215 2052623
2320 270 2052626
2315 259 2052629
2325 284 2052632
2308 266 2052635
2309 275 2052638
2322 276 2052641
2316 271 2052644
2317 270 2052647
2310 275 2052650
2314 272 2052653
2314 272 2052656
2316 272 2052659
2318 272 2052662
2315 279 2052665
2307 269 2052668
2322 274 2052671
2334 290 2052674
2316 272 2052677
2313 275 2052680
2320 271 2052683
2310 270 2052686
2316 275 2052689
2317 270 2052692
2316 274 2052695
2314 272 2052698
2315 274 2052701
2314 272 2052704
2313 274 2052707
2317 302 2052710
2316 273 2052713
2329 294 2052716
2307 268 2052719
2306 274 2052722
2320 272 2052725
2314 268 2052728
2314 275 2052731
2315 268 2052734
2314 272 2052737
2316 274 2052740
2314 273 2052743
2325 270 2052746
2316 273 2052749
2314 272 2052752
2319 263 2052755
2315 259 2052758
2316 267 2052761
2308 280 2052764
2322 271 2052767
2317 270 2052770
2316 275 2052773
2317 271 2052776
2314 274 2052779
2312 274 2052782
2315 273 2052785
2317 276 2052788
2315 273 2052791
2319 273 2052794
2313 263 2052797
2316 273 2052800
2326 266 2052803
2303 284 2052806
2325 271 2052809
2312 268 2052812
2316 275 2052815
2314 267 2052818
2312 270 2052821
2317 273 2052824
2318 273 2052827
2314 269 2052830
2318 273 2052833
2318 271 2052836
2279 274 2052839
2310 275 2052842
2319 272 2052845
2301 274 2052848
2326 282 2052851
2312 267 2052854
2316 274 2052857
2319 274 2052860
2318 275 2052863
2316 273 2052866
2318 271 2052869
2316 268 2052872
2315 271 2052875
2314 270 2052878
2317 235 2052881
2321 276 2052884
2316 268 2052887
2307 265 2052890
2328 280 2052893
2309 264 2052896
2313 274 2052899
2321 273 2052902
2315 270 2052905
2314 273 2052908
2314 271 2052911
2314 275 2052914
2314 269 2052917
2314 270 2052920
2315 274 2052923
2309 206 2052926
2318 271 2052929
2315 259 2052932
2324 285 2052935
2314 265 2052938
2309 271 2052941
2322 275 2052944
2313 273 2052947
2315 271 2052950
2315 272 2052953
2315 274 2052956
2317 272 2052959
2317 273 2052962
2317 274 2052965
2320 263 2052968
2240 276 2052971
2316 273 2052974
2313 285 2052977
2311 273 2052980
2313 269 2052983
2318 274 2052986
2316 271 2052989
2314 271 2052992
2314 272 2052995
2318 272 2052999
2314 272 2053002
2306 270 2053005
2314 271 2053008
2316 272 2053011
2314 293 2053014
2316 272 2053017
2316 275 2053020
2332 272 2053023
2316 267 2053026
2314 275 2053029
2316 270 2053031
2310 272 2053034
2317 276 2053037
2316 268 2053040
2317 272 2053043
2315 272 2053046
2315 274 2053049
2317 281 2053052
2316 285 2053055
2303 269 2053058
2313 272 2053061
2333 288 2053064
2311 271 2053067
2312 275 2053070
2320 276 2053073
2313 269 2053076
2316 272 2053079
2311 273 2053082
2318 274 2053085
2314 270 2053088
2316 272 2053091
2316 272 2053094
2315 275 2053097
2315 291 2053100
2315 271 2053103
2320 297 2053106
2309 269 2053109
2308 268 2053112
2320 276 2053115
2315 269 2053118
2315 271 2053121
2314 270 2053124
2315 273 2053127
2316 272 2053130
2313 269 2053133
2315 272 2053136
2316 272 2053139
2315 271 2053142
2342 268 2053145
2315 290 2053148
2332 260 2053151
2307 264 2053154
2322 280 2053157
2317 270 2053160
2313 273 2053163
2317 272 2053166
2313 271 2053169
2315 272 2053172
2314 271 2053175
2313 272 2053178
2315 269 2053181
2317 295 2053184
2280 275 2053187
2317 271 2053190
2304 284 2053193
2328 271 2053196
2307 259 2053199
2318 274 2053202
2315 271 2053205
2314 271 2053208
2301 274 2053211
2315 271 2053214
2317 273 2053217
2316 268 2053220
2317 271 2053223
2317 275 2053226
2317 265 2053229
2316 271 2053232
2326 274 2053235
2310 281 2053238
2323 271 2053241
2310 268 2053244
2317 273 2053247
2317 271 2053250
2312 271 2053253
2316 274 2053256
2318 271 2053259
2315 273 2053262
2317 271 2053265
2317 270 2053268
2316 297 2053271
2311 270 2053274
2328 291 2053277
2319 269 2053280
2309 273 2053283
2321 272 2053286
2313 268 2053289
2317 274 2053292
2317 274 2053295
2311 272 2053298
2312 270 2053301
2316 273 2053304
2315 272 2053307
2318 274 2053310
2322 292 2053313
2316 271 2053316
2316 273 2053319
2337 267 2053322
2317 268 2053325
2312 280 2053328
2320 271 2053331
2314 268 2053334
2317 272 2053337
2316 271 2053340
2315 271 2053343
2317 273 2053346
2318 277 2053349
2317 272 2053352
2275 272 2053355
2317 275 2053358
2313 263 2053361
2300 284 2053364
2327 271 2053367
2312 270 2053370
2319 275 2053373
2317 269 2053376
2313 271 2053379
2317 276 2053382
2313 272 2053385
2312 273 2053388
2316 271 2053391
2317 275 2053394
2316 273 2053397
2313 269 2053400
2315 279 2053403
2323 258 2053406
2312 281 2053409
2321 271 2053412
2309 269 2053415
2314 272 2053418
2315 271 2053421
2316 275 2053424
2315 277 2053427
2317 272 2053430
2315 268 2053433
2311 272 2053436
2316 271 2053439
2311 268 2053442
2317 286 2053445
2334 272 2053448
2315 261 2053451
2317 281 2053454
2313 270 2053457
2313 273 2053460
2318 271 2053463
2316 267 2053466
2312 274 2053469
2315 272 2053472
2314 272 2053475
2320 274 2053478
2314 267 2053481
2332 271 2053484
2316 273 2053487
2312 290 2053490
2296 277 2053493
2312 270 2053496
2322 277 2053499
2319 270 2053502
2313 273 2053505
2316 270 2053508
2316 270 2053511
2317 271 2053514
2315 275 2053517
2315 273 2053520
2318 294 2053523
2353 273 2053526
2316 276 2053529
2300 259 2053532
2330 280 2053535
2304 272 2053538
2309 272 2053541
2319 273 2053544
2315 289 2053547
2313 271 2053550
2316 272 2053553
2318 273 2053556
2314 277 2053559
2315 274 2053562
2320 270 2053565
2316 270 2053568
2312 271 2053571
2303 266 2053574
2302 271 2053577
2326 276 2053580
2311 268 2053583
2315 274 2053586
2315 274 2053589
2317 275 2053592
2323 270 2053595
2316 271 2053598
2314 269 2053601
2314 269 2053604
2315 269 2053607
2316 279 2053610
2317 278 2053613
2318 292 2053616
2319 266 2053619
2307 270 2053622
2320 276 2053625
2314 270 2053628
2316 272 2053631
2315 274 2053634
2314 270 2053637
2317 271 2053640
2319 274 2053643
2317 272 2053646
2314 270 2053649
2357 274 2053652
2311 275 2053655
2314 273 2053658
2305 282 2053661
2327 275 2053664
2314 266 2053667
2316 273 2053670
2316 267 2053673
2313 272 2053676
2316 270 2053679
2315 272 2053682
2317 271 2053685
2316 271 2053688
2316 273 2053691
2315 272 2053694
2339 269 2053697
2315 287 2053700
2316 276 2053703
2313 263 2053706
2319 278 2053709
2317 268 2053712
2312 269 2053715
2318 274 2053718
2316 271 2053721
2313 274 2053724
2320 272 2053727
2314 269 2053730
2307 272 2053733
2315 233 2053736
2315 266 2053739
2316 272 2053742
2313 256 2053745
2322 282 2053748
2312 268 2053751
2311 271 2053754
2317 278 2053757
2315 273 2053760
2314 272 2053763
2317 270 2053766
2318 271 2053769
2315 274 2053772
2318 273 2053775
2316 275 2053778
2312 306 2053781
2314 272 2053784
2320 295 2053787
2314 267 2053790
2310 271 2053793
2321 273 2053796
2315 272 2053799
2315 274 2053802
2317 270 2053805
2313 271 2053808
2315 272 2053811
2313 273 2053814
2314 272 2053817
2317 271 2053820
2314 279 2053823
2323 272 2053826
2316 260 2053829
2317 259 2053832
2311 280 2053835
2319 267 2053838
2314 268 2053841
2317 272 2053844
2315 270 2053847
2317 271 2053850
2319 276 2053853
2319 272 2053856
2316 270 2053859
2318 270 2053862
2314 273 2053865
1915 270 2053868
2315 271 2053871
2302 285 2053874
2332 277 2053877
2310 266 2053880
2313 275 2053883
2303 273 2053886
2313 271 2053889
2317 275 2053892
2315 270 2053895
2314 272 2053898
2316 271 2053901
2313 270 2053904
2316 269 2053907
2318 327 2053910
2311 282 2053913
2319 304 2053916
2282 277 2053919
2302 279 2053922
2279 278 2053925
2195 265 2053928
2149 268 2053931
2141 264 2053934
2145 263 2053937
2150 259 2053940
2153 265 2053943
2148 263 2053946
2151 261 2053949
2153 266 2053952
2157 261 2053955
2149 251 2053958
2157 257 2053961
2140 269 2053964
2155 263 2053967
2146 260 2053970
2147 266 2053973
2147 260 2053976
2146 258 2053979
2150 264 2053982
2149 266 2053985
2151 266 2053988
2149 263 2053991
2149 387 2053994
2148 261 2053997
2150 261 2054001
2145 248 2054004
2153 273 2054007
2152 255 2054010
2142 263 2054013
2151 268 2054016
2151 264 2054019
2149 264 2054022
2147 264 2054025
2150 269 2054028
2146 262 2054031
2150 265 2054033
2150 267 2054036
2156 268 2054039
2148 263 2054042
2147 286 2054045
2164 258 2054048
2152 261 2054051
2148 268 2054054
2150 264 2054057
2148 264 2054060
2151 265 2054063
2144 265 2054066
2149 264 2054069
2150 266 2054072
2141 266 2054075
2148 267 2054078
2149 269 2054081
2154 262 2054084
2148 263 2054087
2141 252 2054090
2140 270 2054093
2156 265 2054096
2147 258 2054099
2149 266 2054102
2151 267 2054105
2141 266 2054108
2149 272 2054111
2150 267 2054114
2147 268 2054117
2147 265 2054120
2149 272 2054123
2148 263 2054126
2154 270 2054129
2135 257 2054132
2162 290 2054135
2151 269 2054138
2147 278 2054141
2146 276 2054144
2146 274 2054147
2149 278 2054150
2150 278 2054153
2151 278 2054156
2149 279 2054159
2149 276 2054162
2145 276 2054165
2158 326 2054168
2151 278 2054171
2148 290 2054174
2166 280 2054177
2143 272 2054180
2151 284 2054183
2151 275 2054186
2148 278 2054189
2153 278 2054192
2152 276 2054195
2148 280 2054198
2150 268 2054201
2150 277 2054204
2151 278 2054207
2150 277 2054210
2152 272 2054213
2148 271 2054216
2156 271 2054219
2141 283 2054222
2157 278 2054225
2147 274 2054228
2149 278 2054231
2149 274 2054234
2149 277 2054237
2151 281 2054240
2151 276 2054243
2149 274 2054246
2148 277 2054249
2146 292 2054252
1644 276 2054255
2151 273 2054258
2136 279 2054261
2158 266 2054264
2148 270 2054267
2151 278 2054270
2152 275 2054273
2146 274 2054276
2151 272 2054279
2150 273 2054282
2148 272 2054285
2148 275 2054288
2150 276 2054291
2150 275 2054294
2151 272 2054297
2148 270 2054300
2166 294 2054303
2145 273 2054306
2142 275 2054309
2154 272 2054312
2149 269 2054315
2150 276 2054318
2153 277 2054321
2151 273 2054324
2151 272 2054327
2147 269 2054330
2149 272 2054333
2150 274 2054336
1991 274 2054339
2151 273 2054342
2150 268 2054345
2134 275 2054348
2162 274 2054351
2145 267 2054354
2149 272 2054357
2151 272 2054360
2146 268 2054363
2150 271 2054366
2151 272 2054369
2148 269 2054372
2149 269 2054375
2150 269 2054378
2148 278 2054381
2138 265 2054384
2145 269 2054387
2166 291 2054390
2144 262 2054393
2142 270 2054396
2152 269 2054399
2148 268 2054402
2149 273 2054405
2150 269 2054408
2150 269 2054411
2146 270 2054414
2146 266 2054417
2149 267 2054420
2149 186 2054423
2151 269 2054426
2149 266 2054429
2150 255 2054432
2144 280 2054435
2156 269 2054438
2145 270 2054441
2151 270 2054444
2146 267 2054447
2149 270 2054450
2150 267 2054453
2150 270 2054456
2150 270 2054459
2146 267 2054462
2150 266 2054465
2152 312 2054468
2147 272 2054471
2152 286 2054474
2138 269 2054477
2140 265 2054480
2152 272 2054483
2149 264 2054486
2145 272 2054489
2149 268 2054492
2147 265 2054495
2144 266 2054498
2152 270 2054501
2150 267 2054504
2148 268 2054507
2149 270 2054510
2145 267 2054513
2149 273 2054516
2141 257 2054519
2152 277 2054522
2151 262 2054525
2142 268 2054528
2151 275 2054531
2149 268 2054534
2147 268 2054537
2143 267 2054540
2147 266 2054543
2148 267 2054546
2147 262 2054549
2149 302 2054552
2151 262 2054555
2151 263 2054558
2145 252 2054561
2156 276 2054564
2140 262 2054567
2145 265 2054570
2152 266 2054573
2148 263 2054576
2147 266 2054579
2150 268 2054582
2148 267 2054585
2150 267 2054588
2150 268 2054591
2149 265 2054594
2089 424 2054597
2148 272 2054600
2147 249 2054603
2153 282 2054606
2149 266 2054609
2143 264 2054612
2150 272 2054615
2147 264 2054618
2149 268 2054621
2150 267 2054624
2146 264 2054627
2147 265 2054630
2149 267 2054633
2148 271 2054636
2148 270 2054639
2154 265 2054642
2149 265 2054645
2155 282 2054648
2148 262 2054651
2144 265 2054654
2154 270 2054657
2145 262 2054660
2149 267 2054663
2151 265 2054666
2150 267 2054669
2149 264 2054672
2149 265 2054675
2148 268 2054678
2147 264 2054681
2140 256 2054684
2146 264 2054687
2159 287 2054690
2126 256 2054693
2145 268 2054696
2156 265 2054699
2147 263 2054702
2147 266 2054705
2148 261 2054708
2148 265 2054711
2148 263 2054714
2148 264 2054717
2147 266 2054720
2148 264 2054723
2147 264 2054726
2157 265 2054729
2150 253 2054732
2152 263 2054735
2140 274 2054738
2158 262 2054741
2146 266 2054744
2149 270 2054747
2148 263 2054750
2149 270 2054753
2153 266 2054756
2146 254 2054759
2148 266 2054762
2148 267 2054765
2148 622 2054768
2149 261 2054771
2152 264 2054774
2147 261 2054777
2139 274 2054780
2157 264 2054783
2146 264 2054786
2150 270 2054789
2146 261 2054792
2148 264 2054795
2150 268 2054798
2150 265 2054801
2151 266 2054804
2150 268 2054807
2150 266 2054810
2178 0 2054813
2147 263 2054816
2149 254 2054819
2145 275 2054822
2150 260 2054825
2141 263 2054828
2154 268 2054831
2147 265 2054834
2150 266 2054837
2148 267 2054840
2147 265 2054843
2147 265 2054846
2146 264 2054849
2150 266 2054852
2149 272 2054855
2186 264 2054858
2149 268 2054861
2157 278 2054864
2140 271 2054867
2142 263 2054870
2151 266 2054873
2148 249 2054876
2148 265 2054879
2149 267 2054882
2151 264 2054885
2150 267 2054888
2146 264 2054891
2148 266 2054894
2151 268 2054897
2149 273 2054900
2150 268 2054903
2167 282 2054906
2141 262 2054909
2143 268 2054912
2155 264 2054915
2146 267 2054918
2150 265 2054921
2149 260 2054924
2147 263 2054927
2151 266 2054930
2146 265 2054933
2150 266 2054936
2150 265 2054939
2149 264 2054942
2144 259 2054945
2148 272 2054948
2146 255 2054951
2155 273 2054954
2147 263 2054957
2146 267 2054960
2150 265 2054963
2148 268 2054966
2147 267 2054969
2149 264 2054972
2149 270 2054975
2145 264 2054978
2150 256 2054981
2148 235 2054984
2143 263 2054987
2148 264 2054990
2135 251 2054993
2162 278 2054996
2148 262 2055000
2146 268 2055003
2153 263 2055006
2145 267 2055009
2148 265 2055012
2150 264 2055015
2149 267 2055018
2150 266 2055021
2152 264 2055024
2149 268 2055027
2151 258 2055030
2151 264 2055033
2148 267 2055036
2160 271 2055038
2144 261 2055041
2148 270 2055044
2151 265 2055047
2150 268 2055050
2153 268 2055053
2150 268 2055056
2148 261 2055059
2147 262 2055062
2149 273 2055065
2148 267 2055068
2148 265 2055071
2152 259 2055074
2141 274 2055077
2167 263 2055080
2149 258 2055083
2149 271 2055086
2150 262 2055089
2144 265 2055092
2148 264 2055095
2151 263 2055098
2149 269 2055101
2148 263 2055104
2146 266 2055107
2150 267 2055110
2147 264 2055113
2146 275 2055116
2147 264 2055119
2140 269 2055122
2140 256 2055125
2156 269 2055128
2148 261 2055131
2147 266 2055134
2148 265 2055137
2149 267 2055140
2149 265 2055143
2146 265 2055146
2149 264 2055149
2148 263 2055152
2148 266 2055155
2133 265 2055158
2143 265 2055161
2149 271 2055164
2144 255 2055167
2153 272 2055170
2146 260 2055173
2144 264 2055176
2149 267 2055179
2147 263 2055182
2150 266 2055185
2148 263 2055188
2145 260 2055191
2150 263 2055194
2149 264 2055197
2145 216 2055200
2147 280 2055203
2150 265 2055206
2143 251 2055209
2157 274 2055212
2146 263 2055215
2144 271 2055218
2151 267 2055221
2146 262 2055224
2144 264 2055227
2150 266 2055230
2151 264 2055233
2148 266 2055236
2149 266 2055239
2148 265 2055242
2177 254 2055245
2148 264 2055248
2148 246 2055251
2155 280 2055254
2147 260 2055257
2144 262 2055260
2150 267 2055263
2148 263 2055266
2147 266 2055269
2149 265 2055272
2150 263 2055275
2147 262 2055278
2147 262 2055281
2151 265 2055284
2149 261 2055287
2074 267 2055290
2148 263 2055293
2146 281 2055296
2161 255 2055299
2142 263 2055302
2150 269 2055305
2150 261 2055308
2146 268 2055311
2150 268 2055314
2149 260 2055317
2150 266 2055320
2148 266 2055323
2147 264 2055326
2151 266 2055329
2143 281 2055332
2144 260 2055335
2148 264 2055338
2164 272 2055341
2142 255 2055344
2148 270 2055347
2153 264 2055350
2147 261 2055353
2147 263 2055356
2147 266 2055359
2147 264 2055362
2149 263 2055365
2148 262 2055368
2149 264 2055371
2150 263 2055374
2106 267 2055377
2149 268 2055380
2143 279 2055383
2165 259 2055386
2141 259 2055389
2150 265 2055392
2147 263 2055395
2147 265 2055398
2145 263 2055401
2150 265 2055404
2151 266 2055407
2149 265 2055410
2148 260 2055413
2146 263 2055416
2174 195 2055419
2149 264 2055422
2150 256 2055425
2162 276 2055428
2146 257 2055431
2142 267 2055434
2153 263 2055437
2152 262 2055440
2149 268 2055443
2148 264 2055446
2149 260 2055449
2148 266 2055452
2148 263 2055455
2146 262 2055458
2149 202 2055461
2303 266 2055464
2147 263 2055467
2135 266 2055470
2162 271 2055473
2144 260 2055476
2147 268 2055479
2151 263 2055482
2147 267 2055485
2148 264 2055488
2148 257 2055491
2149 267 2055494
2149 263 2055497
2143 262 2055500
2149 266 2055503
2347 263 2055506
2146 268 2055509
2146 264 2055512
2136 260 2055515
2158 271 2055518
2146 256 2055521
2139 265 2055524
2151 265 2055527
2150 255 2055530
2147 265 2055533
2148 266 2055536
2149 267 2055539
2147 265 2055542
2147 264 2055545
2147 260 2055548
2147 267 2055551
2145 264 2055554
2135 259 2055557
2143 259 2055560
2157 272 2055563
2147 261 2055566
2146 264 2055569
2150 267 2055572
2149 266 2055575
2148 264 2055578
2148 261 2055581
2147 264 2055584
2147 265 2055587
2148 264 2055590
2148 264 2055593
2151 264 2055596
2148 276 2055599
2169 240 2055602
2144 259 2055605
2148 269 2055608
2149 262 2055611
2150 266 2055614
2150 265 2055617
2147 262 2055620
2150 265 2055623
2152 266 2055626
2148 265 2055629
2148 257 2055632
2150 265 2055635
2147 105 2055638
2150 265 2055641
2149 244 2055644
2158 280 2055647
2150 258 2055650
2142 259 2055653
2151 268 2055656
2149 263 2055659
2148 266 2055662
2148 264 2055665
2146 264 2055668
2148 263 2055671
2148 263 2055674
2149 266 2055677
2149 263 2055680
2146 271 2055683
2144 264 2055686
2141 265 2055689
2137 260 2055692
2157 270 2055695
2146 254 2055698
2146 265 2055701
2153 264 2055704
2148 265 2055707
2150 263 2055710
2149 262 2055713
2149 265 2055716
2144 262 2055719
2148 263 2055722
2150 272 2055725
2105 268 2055728
2147 257 2055731
2144 282 2055734
2160 257 2055737
2141 262 2055740
2151 266 2055743
2147 261 2055746
2147 266 2055749
2148 264 2055752
2149 264 2055755
2150 266 2055758
2148 265 2055761
2148 261 2055764
2148 261 2055767
2147 266 2055770
2160 262 2055773
2149 286 2055776
2147 260 2055779
2137 261 2055782
2155 268 2055785
2140 259 2055788
2149 266 2055791
2149 263 2055794
2146 263 2055797
2149 266 2055800
2150 263 2055803
2148 266 2055806
2150 267 2055809
2148 261 2055812
2150 266 2055815
2149 263 2055818
2145 268 2055821
2138 255 2055824
2161 272 2055827
2145 261 2055830
2147 265 2055833
2151 267 2055836
2146 265 2055839
2149 265 2055842
2150 261 2055845
2150 265 2055848
2147 265 2055851
2147 263 2055854
2149 266 2055857
2102 273 2055860
2145 265 2055863
2149 251 2055866
2139 277 2055869
2157 265 2055872
2142 261 2055875
2151 271 2055878
2148 264 2055881
2145 262 2055884
2147 263 2055887
2146 267 2055890
2147 265 2055893
2145 263 2055896
2149 267 2055899
2149 264 2055902
2154 262 2055905
2143 266 2055908
2148 252 2055911
2145 280 2055914
2154 259 2055917
2141 263 2055920
2150 266 2055923
2150 264 2055926
2479 293 2041529
2482 282 2041532
2483 294 2041535
2478 293 2041538
2484 294 2041541
2480 292 2041544
2481 296 2041547
2480 293 2041550
2482 291 2041553
2481 293 2041556
2480 295 2041559
2480 293 2041562
2486 292 2041565
2481 295 2041568
2482 293 2041571
2482 287 2041574
2559 335 2041577
2483 296 2041580
2479 292 2041583
2481 294 2041586
2482 293 2041589
2481 294 2041592
2481 294 2041595
2497 290 2041598
2478 294 2041601
2480 291 2041604
2481 292 2041607
2482 295 2041610
2481 293 2041613
2479 293 2041616
2481 294 2041619
2488 332 2041622
2483 296 2041625
2479 290 2041628
2481 290 2041631
2481 291 2041634
2477 291 2041637
2483 293 2041640
2481 292 2041643
2481 293 2041646
2479 292 2041649
2481 291 2041652
2482 291 2041655
2480 294 2041658
2481 295 2041661
2481 291 2041664
2475 290 2041667
2480 293 2041670
2481 293 2041673
2481 290 2041676
2483 294 2041679
2481 293 2041682
2481 292 2041685
2483 290 2041688
2478 298 2041691
2481 293 2041694
2481 293 2041697
2485 294 2041700
2483 292 2041703
2481 292 2041706
2482 293 2041709
2481 290 2041712
2479 288 2041715
2484 295 2041718
2482 290 2041721
2481 294 2041724
2481 293 2041727
2481 292 2041730
2481 296 2041733
2479 292 2041736
2483 292 2041739
2479 291 2041742
2478 295 2041745
2480 292 2041748
2481 298 2041751
2485 293 2041754
2479 293 2041757
2481 294 2041760
2482 294 2041763
2479 291 2041766
2478 294 2041769
2481 293 2041772
2481 292 2041775
2482 290 2041778
2479 293 2041781
2482 293 2041784
2482 294 2041787
2481 296 2041790
2482 293 2041793
2481 290 2041796
2481 291 2041799
2475 331 2041802
2480 293 2041805
2480 294 2041808
2482 293 2041811
2479 291 2041814
2481 291 2041817
2483 296 2041820
2481 294 2041823
2481 295 2041826
2482 292 2041829
2481 293 2041832
2482 293 2041835
2478 291 2041838
2482 290 2041841
2483 296 2041844
2461 531 2041847
2489 296 2041850
2483 292 2041853
2481 295 2041856
2481 293 2041859
2480 291 2041862
2478 296 2041865
2482 291 2041868
2481 290 2041871
2481 294 2041874
2480 294 2041877
2480 294 2041880
2482 296 2041883
2482 293 2041886
2482 294 2041889
2480 294 2041892
2479 293 2041895
2479 295 2041898
2483 291 2041901
2475 292 2041904
2484 294 2041907
2480 292 2041910
2476 292 2041913
2482 295 2041916
2484 296 2041919
2481 294 2041922
2480 292 2041925
2481 291 2041928
2480 291 2041931
2481 293 2041934
2482 316 2041937
2358 295 2041940
2483 295 2041943
2476 292 2041946
2482 295 2041949
2479 293 2041952
2480 294 2041955
2481 294 2041958
2482 292 2041961
2482 295 2041964
2483 290 2041967
2481 293 2041970
2482 295 2041973
2484 292 2041976
2479 292 2041979
2479 292 2041982
2488 290 2041985
2483 292 2041988
2481 295 2041991
2485 291 2041994
2481 290 2041997
2481 291 2042001
2481 294 2042004
2481 291 2042007
2481 296 2042010
2480 294 2042013
2480 293 2042016
2483 292 2042019
2480 293 2042022
2481 293 2042025
2483 295 2042028
2480 279 2042031
2481 295 2042033
2482 298 2042036
2481 291 2042039
2480 289 2042042
2481 293 2042045
2483 294 2042048
2483 293 2042051
2486 291 2042054
2481 291 2042057
2481 290 2042060
2483 290 2042063
2481 294 2042066
2480 296 2042069
2481 294 2042072
2484 326 2042075
2481 293 2042078
2482 295 2042081
2483 292 2042084
2478 294 2042087
2482 293 2042090
2481 291 2042093
2481 291 2042096
2479 293 2042099
2481 294 2042102
2482 296 2042105
2483 296 2042108
2480 291 2042111
2480 287 2042114
2478 295 2042117
2475 295 2042120
2480 298 2042123
2483 300 2042126
2485 293 2042129
2480 291 2042132
2483 293 2042135
2479 293 2042138
2482 293 2042141
2481 292 2042144
2483 293 2042147
2481 291 2042150
2480 292 2042153
2480 291 2042156
2482 294 2042159
2482 295 2042162
2478 299 2042165
2481 292 2042168
2485 293 2042171
2480 291 2042174
2481 292 2042177
2483 292 2042180
2480 292 2042183
2481 292 2042186
2482 292 2042189
2483 292 2042192
2481 296 2042195
2479 290 2042198
2479 293 2042201
2484 294 2042204
2482 107 2042207
2480 288 2042210
2481 292 2042213
2481 291 2042216
2479 291 2042219
2480 291 2042222
2479 294 2042225
2481 294 2042228
2479 290 2042231
2480 294 2042234
2482 294 2042237
2482 297 2042240
2483 293 2042243
2481 295 2042246
2481 294 2042249
2473 310 2042252
2491 292 2042255
2481 290 2042258
2478 300 2042261
2480 291 2042264
2480 292 2042267
2483 294 2042270
2484 292 2042273
2481 295 2042276
2481 293 2042279
2483 290 2042282
2480 294 2042285
2481 292 2042288
2482 296 2042291
2484 293 2042294
2479 292 2042297
2481 293 2042300
2484 292 2042303
2481 294 2042306
2478 292 2042309
2482 291 2042312
2480 293 2042315
2480 294 2042318
2482 292 2042321
2482 291 2042324
2480 294 2042327
2479 292 2042330
2481 290 2042333
2482 295 2042336
2480 296 2042339
2470 281 2042342
2482 291 2042345
2482 289 2042348
2486 291 2042351
2475 296 2042354
2484 296 2042357
2484 292 2042360
2482 292 2042363
2483 296 2042366
2482 294 2042369
2482 294 2042372
2481 295 2042375
2482 291 2042378
2479 293 2042381
2480 356 2042384
2480 290 2042387
2482 294 2042390
2459 295 2042393
2483 296 2042396
2487 292 2042399
2478 295 2042402
2484 296 2042405
2481 294 2042408
2487 295 2042411
2480 293 2042414
2479 288 2042417
2476 294 2042420
2483 293 2042423
2484 293 2042426
2480 295 2042429
2478 293 2042432
2481 311 2042435
2480 279 2042438
2474 300 2042441
2487 296 2042444
2476 288 2042447
2478 291 2042450
2481 290 2042453
2482 292 2042456
2482 296 2042459
2483 291 2042462
2483 295 2042465
2484 293 2042468
2478 294 2042471
2461 275 2042474
2482 288 2042477
2484 313 2042480
2484 280 2042483
2477 295 2042486
2486 297 2042489
2481 292 2042492
2481 293 2042495
2482 291 2042498
2481 294 2042501
2481 292 2042504
2481 295 2042507
2482 292 2042510
2482 294 2042513
2482 262 2042516
2551 293 2042519
2481 293 2042522
2484 307 2042525
2482 282 2042528
2481 296 2042531
2486 294 2042534
2478 290 2042537
2481 295 2042540
2484 292 2042543
2478 290 2042546
2481 295 2042549
2483 291 2042552
2480 295 2042555
2481 292 2042558
2489 399 2042561
2480 294 2042564
2482 349 2042567
2476 302 2042570
2486 288 2042573
2476 293 2042576
2485 297 2042579
2481 292 2042582
2478 295 2042585
2481 305 2042588
2481 293 2042591
2482 296 2042594
2483 299 2042597
2482 291 2042600
2480 265 2042603
2483 289 2042606
2480 290 2042609
2462 286 2042612
2485 298 2042615
2487 290 2042618
2477 293 2042621
2483 291 2042624
2479 291 2042627
2481 292 2042630
2481 294 2042633
2479 291 2042636
2481 295 2042639
2482 293 2042642
2479 294 2042645
2481 298 2042648
2477 292 2042651
2481 302 2042654
2467 280 2042657
2482 295 2042660
2482 292 2042663
2477 292 2042666
2483 297 2042669
2480 294 2042672
2483 293 2042675
2480 293 2042678
2480 289 2042681
2482 290 2042684
2481 294 2042687
2482 293 2042690
2459 313 2042693
2481 291 2042696
2479 301 2042699
2493 288 2042702
2474 295 2042705
2486 296 2042708
2481 290 2042711
2479 294 2042714
2481 292 2042717
2480 296 2042720
2482 297 2042723
2478 292 2042726
2481 294 2042729
2482 294 2042732
2480 355 2042735
2478 289 2042738
2480 290 2042741
2456 301 2042744
2479 300 2042747
2479 285 2042750
2478 295 2042753
2484 293 2042756
2477 288 2042759
2484 295 2042762
2484 294 2042765
2483 293 2042768
2480 288 2042771
2480 292 2042774
2481 294 2042777
2481 271 2042780
2502 292 2042783
2482 291 2042786
2497 292 2042789
2469 286 2042792
2484 301 2042795
2484 284 2042798
2479 292 2042801
2481 294 2042804
2481 292 2042807
2479 291 2042810
2479 295 2042813
2482 291 2042816
2483 292 2042819
2484 295 2042822
2478 297 2042825
2486 293 2042828
2481 292 2042831
2462 303 2042834
2479 301 2042837
2485 288 2042840
2478 295 2042843
2479 291 2042846
2482 294 2042849
2483 294 2042852
2481 293 2042855
2478 291 2042858
2483 295 2042861
2484 294 2042864
2481 296 2042867
2530 293 2042870
2478 289 2042873
2483 269 2042876
2485 290 2042879
2487 292 2042882
2478 290 2042885
2483 295 2042888
2481 292 2042891
2481 296 2042894
2484 296 2042897
2480 295 2042900
2479 293 2042903
2481 291 2042906
2479 291 2042909
2481 292 2042912
2499 293 2042915
2480 293 2042918
2481 268 2042921
2490 287 2042924
2507 293 2042927
2475 289 2042930
2481 297 2042933
2480 294 2042936
2479 290 2042939
2482 293 2042942
2480 291 2042945
2482 296 2042948
2484 292 2042951
2482 293 2042954
2480 291 2042957
2479 294 2042960
2485 291 2042963
2481 275 2042966
2471 296 2042969
2482 298 2042972
2479 290 2042975
2480 295 2042978
2479 291 2042981
2478 289 2042984
2482 295 2042987
2479 288 2042990
2480 292 2042993
2481 294 2042996
2481 297 2043000
2484 293 2043003
2483 298 2043006
2478 294 2043009
2481 297 2043012
2458 293 2043015
2484 296 2043018
2486 288 2043021
2477 291 2043024
2483 296 2043027
2481 293 2043030
2483 295 2043033
2485 292 2043036
2482 295 2043038
2484 295 2043041
2484 293 2043044
2484 292 2043047
2479 271 2043050
2496 290 2043053
2483 295 2043056
2493 291 2043059
2473 286 2043062
2483 297 2043065
2485 290 2043068
2479 293 2043071
2482 295 2043074
2482 288 2043077
2482 293 2043080
2482 292 2043083
2482 291 2043086
2481 293 2043089
2476 291 2043092
2479 319 2043095
2480 294 2043098
2481 294 2043101
2456 288 2043104
2484 301 2043107
2481 286 2043110
2479 294 2043113
2482 292 2043116
2481 291 2043119
2482 293 2043122
2482 287 2043125
2480 294 2043128
2482 295 2043131
2481 293 2043134
2482 293 2043137
2482 291 2043140
2466 268 2043143
2480 292 2043146
2490 298 2043149
2474 286 2043152
2483 298 2043155
2487 291 2043158
2480 294 2043161
2484 294 2043164
2481 292 2043167
2479 292 2043170
2482 295 2043173
2482 292 2043176
2478 293 2043179
2483 291 2043182
2482 291 2043185
2501 0 2043188
2484 293 2043191
2481 309 2043194
2478 303 2043197
2483 286 2043200
2475 292 2043203
2485 292 2043206
2482 293 2043209
2481 293 2043212
2482 294 2043215
2479 293 2043218
2479 293 2043221
2482 293 2043224
2479 293 2043227
2480 293 2043230
2479 284 2043233
2459 287 2043236
2480 313 2043239
2478 278 2043242
2475 295 2043245
2485 297 2043248
2478 293 2043251
2480 295 2043254
2481 296 2043257
2480 292 2043260
2480 295 2043263
2481 293 2043266
2478 293 2043269
2484 292 2043272
2480 293 2043275
2480 271 2043278
2481 295 2043281
2479 293 2043284
2502 286 2043287
2490 293 2043290
2475 288 2043293
2483 295 2043296
2483 292 2043299
2478 294 2043302
2485 295 2043305
2479 293 2043308
2482 294 2043311
2479 296 2043314
2482 294 2043317
2484 291 2043320
2482 293 2043323
2481 291 2043326
2481 295 2043329
2497 281 2043332
2467 292 2043335
2487 300 2043338
2479 287 2043341
2481 293 2043344
2483 294 2043347
2479 292 2043350
2483 293 2043353
2480 292 2043356
2478 291 2043359
2478 291 2043362
2481 289 2043365
2478 292 2043368
2464 310 2043371
2480 291 2043374
2479 295 2043377
2494 285 2043380
2473 293 2043383
2485 293 2043386
2479 289 2043389
2483 293 2043392
2483 293 2043395
2482 294 2043398
2479 295 2043401
2485 294 2043404
2479 291 2043407
2482 293 2043410
2481 293 2043413
2481 408 2043416
2482 292 2043419
2478 318 2043422
2481 307 2043425
2482 287 2043428
2479 298 2043431
2483 292 2043434
2481 293 2043437
2482 292 2043440
2483 294 2043443
2483 294 2043446
2478 294 2043449
2483 296 2043452
2480 293 2043455
2482 296 2043458
2496 249 2043461
2481 294 2043464
2480 307 2043467
2481 305 2043470
2477 283 2043473
2477 295 2043476
2483 292 2043479
2477 294 2043482
2484 295 2043485
2479 289 2043488
2481 296 2043491
2480 292 2043494
2482 293 2043497
2480 290 2043500
2483 293 2043503
2454 375 2043506
2481 290 2043509
2484 289 2043512
2498 301 2043515
2474 286 2043518
2316 273 2047926
2318 270 2047929
2317 272 2047932
2317 272 2047935
2320 270 2047938
2315 271 2047941
2316 273 2047944
2318 264 2047946
2316 272 2047949
2321 274 2047952
2312 271 2047955
2316 271 2047958
2316 274 2047961
2317 273 2047964
2316 270 2047967
2314 275 2047970
2315 274 2047973
2315 270 2047976
2316 272 2047979
2315 272 2047982
2316 273 2047985
2316 278 2047988
2426 273 2047991
2318 274 2047994
2313 270 2047997
2313 269 2048001
2313 271 2048004
2316 274 2048007
2315 275 2048010
2318 274 2048013
2315 273 2048016
2317 270 2048019
2311 270 2048022
2316 272 2048025
2317 272 2048028
2317 271 2048031
2314 272 2048034
2316 272 2048037
2315 274 2048040
2318 273 2048043
2314 272 2048045
2314 274 2048048
2315 268 2048051
2312 277 2048054
2316 272 2048057
2317 274 2048060
2317 274 2048063
2317 271 2048066
2315 274 2048069
2314 268 2048072
2315 271 2048075
2396 674 2048078
2317 269 2048081
2317 271 2048084
2315 271 2048087
2319 275 2048090
2315 273 2048093
2317 272 2048096
2314 271 2048099
2315 274 2048102
2316 270 2048105
2317 272 2048108
2317 274 2048111
2315 271 2048114
2318 273 2048117
2315 271 2048120
2322 265 2048123
2315 274 2048126
2317 273 2048129
2315 271 2048132
2315 270 2048135
2315 272 2048138
2316 268 2048141
2317 277 2048144
2319 274 2048147
2317 271 2048150
2315 271 2048153
2316 271 2048156
2317 270 2048159
2317 272 2048162
2312 340 2048165
1032 271 2048168
2315 269 2048171
2314 269 2048174
2315 275 2048177
2317 272 2048180
2314 273 2048183
2315 267 2048186
2315 271 2048189
2315 270 2048192
2316 274 2048195
2317 272 2048198
2319 272 2048201
2314 271 2048204
2315 269 2048207
2316 273 2048210
2318 273 2048213
2318 278 2048216
2319 273 2048219
2314 270 2048222
2316 273 2048225
2316 271 2048228
2315 269 2048231
2316 275 2048234
2317 272 2048237
2315 270 2048240
2316 275 2048243
2316 273 2048246
2316 274 2048249
2318 272 2048252
2311 316 2048255
2316 272 2048258
2311 272 2048261
2317 272 2048264
2315 270 2048267
2314 272 2048270
2317 270 2048273
2317 275 2048276
2316 272 2048279
2317 273 2048282
2315 271 2048285
2314 275 2048288
2316 271 2048291
2318 272 2048294
2314 274 2048297
2424 272 2048300
2316 272 2048303
2314 270 2048306
2316 274 2048309
2316 272 2048312
2316 273 2048315
2315 271 2048318
2315 270 2048321
2316 272 2048324
2318 276 2048327
2314 271 2048330
2317 270 2048333
2314 273 2048336
2315 272 2048339
2205 0 2048342
2317 274 2048345
2315 273 2048348
2311 271 2048351
2317 272 2048354
2315 275 2048357
2317 272 2048360
2315 273 2048363
2317 277 2048366
2316 272 2048369
2318 265 2048372
2311 274 2048375
2316 275 2048378
2318 272 2048381
2317 383 2048384
1301 277 2048387
2316 274 2048390
2316 269 2048393
2310 275 2048396
2319 275 2048399
2315 271 2048402
2316 270 2048405
2314 275 2048408
2315 271 2048411
2316 272 2048414
2318 274 2048417
2316 273 2048420
2315 272 2048423
2317 272 2048426
2329 567 2048429
2316 272 2048432
2315 268 2048435
2315 272 2048438
2315 273 2048441
2314 270 2048444
2316 273 2048447
2317 271 2048450
2316 273 2048453
2318 274 2048456
2318 272 2048459
2313 270 2048462
2316 272 2048465
2315 272 2048468
2312 267 2048471
2283 270 2048474
2315 271 2048477
2316 276 2048480
2317 270 2048483
2314 271 2048486
2316 273 2048489
2317 268 2048492
2314 270 2048495
2318 274 2048498
2316 270 2048501
2317 269 2048504
2316 275 2048507
2316 274 2048510
2322 271 2048513
2313 268 2048516
2319 274 2048519
2317 274 2048522
2316 271 2048525
2314 272 2048528
2320 274 2048531
2314 272 2048534
2317 269 2048537
2317 272 2048540
2315 271 2048543
2318 271 2048546
2317 273 2048549
2317 274 2048552
2315 272 2048555
2286 427 2048558
2315 270 2048561
2317 272 2048564
2313 270 2048567
2297 275 2048570
2316 270 2048573
2315 271 2048576
2317 272 2048579
2315 272 2048582
2317 271 2048585
2313 271 2048588
2317 273 2048591
2312 271 2048594
2318 270 2048597
2315 278 2048600
2317 274 2048603
2318 271 2048606
2317 275 2048609
2316 271 2048612
2313 271 2048615
2316 273 2048618
2317 272 2048621
2317 274 2048624
2315 269 2048627
2317 273 2048630
2317 270 2048633
2317 269 2048636
2317 275 2048639
2316 279 2048642
2508 271 2048645
2315 271 2048648
2313 270 2048651
2316 273 2048654
2318 274 2048657
2312 269 2048660
2317 271 2048663
2317 272 2048666
2316 270 2048669
2318 274 2048672
2318 272 2048675
2317 275 2048678
2315 272 2048681
2314 271 2048684
2314 278 2048687
2317 273 2048690
2315 276 2048693
2317 270 2048696
2313 270 2048699
2317 271 2048702
2316 274 2048705
2314 272 2048708
2314 274 2048711
2314 271 2048714
2315 272 2048717
2316 275 2048720
2315 274 2048723
2312 270 2048726
2316 210 2048729
2315 273 2048732
2316 268 2048735
2315 276 2048738
2317 274 2048741
2315 271 2048744
2315 274 2048747
2313 272 2048750
2315 273 2048753
2315 270 2048756
2315 270 2048759
2317 272 2048762
2315 270 2048765
2315 270 2048768
2314 279 2048771
2323 273 2048774
2317 273 2048777
2316 271 2048780
2314 274 2048783
2315 273 2048786
2316 274 2048789
2314 273 2048792
2316 272 2048795
2317 270 2048798
2317 270 2048801
2315 274 2048804
2315 272 2048807
2316 271 2048810
2314 211 2048813
2328 269 2048816
2316 271 2048819
2317 273 2048822
2312 272 2048825
2318 271 2048828
2315 272 2048831
2317 271 2048834
2316 269 2048837
2316 272 2048840
2314 273 2048843
2314 269 2048846
2316 270 2048849
2315 275 2048852
2316 272 2048855
2320 242 2048858
2318 272 2048861
2310 267 2048864
2318 271 2048867
2319 270 2048870
2315 274 2048873
2316 274 2048876
2315 269 2048879
2318 278 2048882
2316 277 2048885
2315 271 2048888
2314 271 2048891
2317 271 2048894
2319 269 2048897
2316 267 2048900
2312 277 2048903
2318 273 2048906
2319 274 2048909
2315 272 2048912
2315 271 2048915
2316 273 2048918
2317 271 2048921
2313 273 2048924
2320 273 2048927
2314 270 2048930
2318 272 2048933
2316 271 2048936
2317 273 2048939
2316 554 2048942
2316 276 2048945
2314 272 2048948
2319 271 2048951
2315 270 2048954
2315 273 2048957
2318 273 2048960
2314 272 2048963
2317 272 2048966
2313 272 2048969
2317 274 2048972
2317 273 2048975
2316 272 2048978
2313 273 2048981
2313 271 2048984
2295 0 2048987
2315 269 2048990
2316 269 2048993
2313 271 2048996
2320 272 2049000
2315 272 2049003
2315 271 2049006
2315 270 2049009
2315 271 2049012
2315 274 2049015
2314 271 2049018
2316 271 2049021
2315 274 2049024
2316 274 2049027
1998 268 2049030
2321 274 2049033
2316 276 2049036
2316 268 2049039
2314 273 2049042
2316 271 2049044
2315 272 2049047
2314 272 2049050
2315 273 2049053
2316 275 2049056
2318 272 2049059
2315 273 2049062
2315 272 2049065
2317 273 2049068
2315 269 2049071
2315 271 2049074
2312 273 2049077
2321 273 2049080
2312 270 2049083
2315 273 2049086
2318 271 2049089
2314 274 2049092
2318 266 2049095
2315 273 2049098
2316 272 2049101
2315 272 2049104
2314 273 2049107
2316 272 2049110
2318 263 2049113
2289 275 2049116
2314 266 2049119
2316 274 2049122
2316 273 2049125
2316 269 2049128
2316 274 2049131
2316 272 2049134
2313 273 2049137
2314 271 2049140
2315 270 2049143
2316 273 2049146
2316 271 2049149
2313 270 2049152
2316 186 2049155
2124 273 2049158
2314 271 2049161
2312 271 2049164
2317 275 2049167
2318 272 2049170
2314 268 2049173
2314 274 2049176
2315 271 2049179
2315 272 2049182
2314 273 2049185
2318 272 2049188
2314 270 2049191
2316 268 2049194
2315 274 2049197
2313 269 2049200
2317 269 2049203
2316 275 2049206
2313 273 2049209
2314 277 2049212
2318 273 2049215
2312 271 2049218
2316 272 2049221
2314 272 2049224
2316 271 2049227
2315 274 2049230
2314 269 2049233
2318 273 2049236
2317 273 2049239
2305 245 2049242
2318 274 2049245
2315 271 2049248
2313 273 2049251
2316 270 2049254
2315 272 2049257
2320 273 2049260
2316 270 2049263
2315 275 2049266
2318 271 2049269
2314 269 2049272
2314 274 2049275
2315 273 2049278
2319 274 2049281
2230 269 2049284
2318 273 2049287
2313 272 2049290
2314 268 2049293
2314 274 2049296
2320 274 2049299
2317 271 2049302
2315 271 2049305
2313 273 2049308
2316 273 2049311
2318 272 2049314
2314 272 2049317
2317 272 2049320
2314 270 2049323
2317 264 2049326
2324 273 2049329
2317 271 2049332
2319 273 2049335
2316 271 2049338
2313 275 2049341
2315 273 2049344
2317 272 2049347
2315 271 2049350
2317 274 2049353
2315 270 2049356
2315 271 2049359
2315 274 2049362
2316 274 2049365
2316 986 2049368
2316 271 2049371
2323 271 2049374
2318 272 2049377
2312 273 2049380
2314 271 2049383
2316 272 2049386
2314 271 2049389
2317 269 2049392
2317 273 2049395
2315 274 2049398
2317 272 2049401
2312 269 2049404
2315 273 2049407
2318 271 2049410
2330 229 2049413
2313 271 2049416
2314 272 2049419
2315 272 2049422
2319 271 2049425
2315 277 2049428
2317 273 2049431
2323 271 2049434
2314 270 2049437
2315 273 2049440
2315 272 2049443
2316 272 2049446
2315 280 2049449
2318 272 2049452
2316 275 2049455
2310 271 2049458
2316 273 2049461
2318 274 2049464
2318 275 2049467
2317 272 2049470
2316 272 2049473
2316 271 2049476
2315 275 2049479
2315 270 2049482
2317 271 2049485
2315 272 2049488
2315 273 2049491
2315 271 2049494
2317 273 2049497
2317 280 2049500
2316 271 2049503
2318 271 2049506
2312 267 2049509
2315 273 2049512
2315 272 2049515
2317 274 2049518
2318 272 2049521
2318 267 2049524
2315 274 2049527
2317 272 2049530
2315 272 2049533
2313 271 2049536
2316 269 2049539
2323 347 2049542
2314 273 2049545
2314 272 2049548
2314 273 2049551
2316 271 2049554
2315 270 2049557
2316 281 2049560
2318 270 2049563
2317 273 2049566
2314 273 2049569
2316 271 2049572
2316 273 2049575
2316 271 2049578
2314 274 2049581
2316 257 2049584
2352 270 2049587
2319 273 2049590
2311 271 2049593
2317 273 2049596
2316 269 2049599
2314 271 2049602
2315 271 2049605
2315 273 2049608
2319 273 2049611
2315 272 2049614
2318 271 2049617
2315 271 2049620
2316 269 2049623
2312 271 2049626
2312 259 2049629
2316 274 2049632
2314 273 2049635
2319 270 2049638
2315 273 2049641
2316 270 2049644
2312 271 2049647
2316 273 2049650
2318 274 2049653
2314 270 2049656
2317 271 2049659
2314 272 2049662
2317 273 2049665
2315 271 2049668
2318 277 2049671
2310 271 2049674
2315 273 2049677
2315 273 2049680
2316 271 2049683
2314 277 2049686
2321 271 2049689
2314 274 2049692
2316 272 2049695
2314 271 2049698
2312 273 2049701
2316 274 2049704
2317 273 2049707
2320 272 2049710
2313 272 2049713
2318 272 2049716
2316 269 2049719
2317 271 2049722
2314 272 2049725
2318 271 2049728
2317 273 2049731
2316 270 2049734
2315 271 2049737
2316 271 2049740
2316 272 2049743
2314 272 2049746
2317 268 2049749
2313 270 2049752
2316 270 2049755
2253 389 2049758
2318 275 2049761
2316 273 2049764
2312 271 2049767
2316 274 2049770
2315 273 2049773
2315 272 2049776
2315 270 2049779
2316 272 2049782
2315 272 2049785
2316 269 2049788
2316 274 2049791
2317 273 2049794
2316 273 2049797
2314 277 2049800
2266 278 2049803
2315 273 2049806
2313 269 2049809
2315 269 2049812
2316 274 2049815
2315 270 2049818
2315 275 2049821
2316 273 2049824
2314 271 2049827
2317 269 2049830
2314 271 2049833
2315 273 2049836
2318 272 2049839
2315 273 2049842
2303 386 2049845
2316 273 2049848
2317 268 2049851
2317 276 2049854
2316 274 2049857
2318 271 2049860
2315 271 2049863
2315 268 2049866
2316 273 2049869
2317 272 2049872
2317 273 2049875
2319 269 2049878
2318 273 2049881
2316 272 2049884
2318 268 2049887
2349 275 2049890
2315 267 2049893
2316 275 2049896
2314 268 2049899
2317 270 2049902
2315 274 2049905
2317 271 2049908
2316 270 2049911
2318 274 2049914
2315 271 2049917
2317 270 2049920
2317 272 2049923
2316 273 2049926
2316 272 2049929
2315 301 2049932
2316 274 2049935
2312 272 2049938
2317 273 2049941
2316 270 2049944
2315 270 2049947
2317 270 2049950
2317 271 2049953
2317 275 2049956
2315 272 2049959
2318 272 2049962
2314 273 2049965
2315 271 2049968
2316 270 2049971
2317 273 2049974
2325 268 2049977
2316 270 2049980
2319 273 2049983
2316 269 2049986
2316 275 2049989
2318 272 2049992
2314 274 2049995
2316 268 2049999
2313 268 2050002
2314 273 2050005
2316 273 2050008
2317 271 2050011
2314 274 2050014
2317 271 2050017
2322 269 2050020
2315 271 2050023
2317 272 2050026
2316 270 2050029
2314 269 2050032
2317 273 2050035
2314 274 2050038
2315 274 2050041
2318 270 2050044
2313 274 2050046
2315 270 2050049
2316 269 2050052
2315 270 2050055
2314 271 2050058
2315 273 2050061
2311 273 2050064
2315 276 2050067
2317 273 2050070
2316 271 2050073
2316 271 2050076
2317 270 2050079
2314 273 2050082
2316 272 2050085
2312 271 2050088
2317 271 2050091
2316 272 2050094
2317 274 2050097
2316 273 2050100
2315 482 2050103
2313 275 2050106
2318 273 2050109
2316 268 2050112
2315 270 2050115
2318 273 2050118
2316 268 2050121
2316 271 2050124
2318 276 2050127
2317 275 2050130
2313 271 2050133
2314 271 2050136
2315 276 2050139
2314 271 2050142
2314 271 2050145
2376 596 2050148
2317 271 2050151
2317 269 2050154
2315 276 2050157
2318 273 2050160
2318 272 2050163
2313 271 2050166
2314 273 2050169
2315 271 2050172
2316 273 2050175
2313 275 2050178
2315 273 2050181
2315 272 2050184
2313 272 2050187
2315 266 2050190
2268 272 2050193
2316 267 2050196
2314 274 2050199
2317 272 2050202
2313 268 2050205
2320 275 2050208
2315 273 2050211
2315 274 2050214
2314 271 2050217
2315 272 2050220
2316 272 2050223
2331 273 2050226
2318 275 2050229
2315 270 2050232
2322 265 2050235
2317 271 2050238
2318 275 2050241
2314 270 2050244
2314 272 2050247
2317 273 2050250
2315 270 2050253
2314 274 2050256
2316 273 2050259
2318 272 2050262
2317 271 2050265
2313 271 2050268
2315 272 2050271
2317 271 2050274
2148 270 2050277
2318 273 2050280
2317 274 2050283
2315 271 2050286
2315 277 2050289
2315 272 2050292
2316 273 2050295
2317 271 2050298
2312 270 2050301
2317 268 2050304
2316 272 2050307
2314 276 2050310
2315 271 2050313
2316 272 2050316
2315 261 2050319
2221 272 2050322
2316 271 2050325
2315 273 2050328
2316 271 2050331
2314 270 2050334
2316 273 2050337
2317 274 2050340
2314 271 2050343
2317 272 2050346
2316 272 2050349
2315 270 2050352
2314 272 2050355
2316 272 2050358
2316 273 2050361
2315 277 2050364
2316 273 2050367
2321 274 2050370
2316 268 2050373
2310 271 2050376
2318 273 2050379
2314 271 2050382
2317 271 2050385
2316 271 2050388
2315 276 2050391
2316 274 2050394
2316 272 2050397
2317 276 2050400
2315 271 2050403
2317 270 2050406
2300 268 2050409
2317 271 2050412
2314 274 2050415
2319 270 2050418
2315 275 2050421
2317 271 2050424
2315 272 2050427
2315 272 2050430
2316 273 2050433
2325 273 2050436
2319 272 2050439
2316 271 2050442
2315 276 2050445
2316 271 2050448
2402 314 2050451
2314 274 2050454
2314 271 2050457
2313 272 2050460
2314 273 2050463
2314 272 2050466
2314 272 2050469
2315 273 2050472
2314 272 2050475
2318 270 2050478
2314 270 2050481
2318 270 2050484
2315 270 2050487
2316 273 2050490
2317 274 2050493
2319 277 2050496
2315 272 2050499
2321 276 2050502
2316 272 2050505
2313 272 2050508
2315 272 2050511
2318 272 2050514
2317 271 2050517
2313 274 2050520
2317 275 2050523
2316 271 2050526
2317 272 2050529
2316 279 2050532
2315 273 2050535
2317 276 2050538
2312 268 2050541
2315 271 2050544
2317 274 2050547
2317 272 2050550
2313 273 2050553
2317 271 2050556
2316 272 2050559
2315 272 2050562
2317 272 2050565
2315 271 2050568
2316 270 2050571
2313 272 2050574
2317 272 2050577
2314 272 2050580
2321 311 2050583
2315 273 2050586
2311 273 2050589
2317 272 2050592
2315 271 2050595
2315 272 2050598
2315 272 2050601
2317 276 2050604
2314 271 2050607
2317 272 2050610
2316 272 2050613
2315 272 2050616
2315 271 2050619
2317 274 2050622
2317 277 2050625
2327 270 2050628
2316 267 2050631
2315 275 2050634
2320 272 2050637
2316 271 2050640
2317 273 2050643
2315 270 2050646
2317 271 2050649
2317 274 2050652
2314 274 2050655
2314 273 2050658
2316 269 2050661
2316 274 2050664
2315 272 2050667
2312 228 2050670
2313 272 2050673
2312 272 2050676
2317 272 2050679
2315 270 2050682
2314 274 2050685
2316 271 2050688
2315 270 2050691
2313 272 2050694
2315 271 2050697
2317 270 2050700
2317 272 2050703
2315 270 2050706
2312 271 2050709
2318 269 2050712
2315 272 2050715
2319 274 2050718
2319 273 2050721
2315 271 2050724
2314 269 2050727
2314 271 2050730
2316 271 2050733
2317 273 2050736
2315 272 2050739
2315 271 2050742
2314 271 2050745
2317 272 2050748
2316 273 2050751
2315 273 2050754
2313 268 2050757
2313 269 2050760
2318 275 2050763
2314 273 2050766
2316 273 2050769
2315 273 2050772
2315 272 2050775
2315 271 2050778
2315 268 2050781
2316 274 2050784
2316 275 2050787
2319 271 2050790
2319 269 2050793
2316 274 2050796
2405 272 2050799
2321 273 2050802
2313 276 2050805
2317 271 2050808
2314 270 2050811
2317 270 2050814
2312 273 2050817
2315 271 2050820
2319 275 2050823
2311 275 2050826
2315 273 2050829
2316 272 2050832
2314 273 2050835
2311 271 2050838
2315 286 2050841
2336 272 2050844
2315 273 2050847
2313 270 2050850
2317 276 2050853
2317 272 2050856
2316 270 2050859
2315 271 2050862
2314 274 2050865
2315 270 2050868
2314 269 2050871
2315 272 2050874
2314 272 2050877
2310 272 2050880
2315 276 2050883
2324 306 2050886
2318 281 2050889
2313 268 2050892
2314 273 2050895
2316 271 2050898
2316 273 2050901
2314 273 2050904
2318 276 2050907
2316 272 2050910
2315 270 2050913
2315 275 2050916
2316 273 2050919
2315 274 2050922
2316 272 2050925
2314 271 2050928
2324 272 2050931
2317 273 2050934
2316 275 2050937
2318 272 2050940
2316 271 2050943
2317 268 2050946
2314 275 2050949
2316 271 2050952
2316 274 2050955
2317 273 2050958
2313 274 2050961
2317 272 2050964
2316 271 2050967
2315 203 2050970
2315 271 2050973
2313 271 2050976
2319 270 2050979
2315 272 2050982
2316 274 2050985
2315 272 2050988
2311 272 2050991
2315 270 2050994
2315 273 2050997
2315 268 2051001
2314 270 2051004
2315 272 2051007
2316 272 2051010
2316 273 2051013
2285 498 2051016
2316 270 2051019
2318 270 2051022
2313 269 2051025
2319 273 2051028
2313 270 2051031
2316 269 2051034
2318 272 2051037
2315 275 2051040
2318 271 2051043
2317 273 2051045
2314 272 2051048
2318 270 2051051
2315 273 2051054
2316 267 2051057
2272 273 2051060
2316 267 2051063
2316 271 2051066
2319 275 2051069
2318 271 2051072
2318 269 2051075
2317 275 2051078
2316 268 2051081
2313 270 2051084
2316 269 2051087
2317 274 2051090
2318 271 2051093
2318 272 2051096
2315 274 2051099
2316 265 2051102
2315 270 2051105
2317 273 2051108
2316 275 2051111
2314 270 2051114
2318 273 2051117
2317 272 2051120
2315 274 2051123
2318 273 2051126
2317 273 2051129
2312 274 2051132
2314 270 2051135
2313 269 2051138
2314 272 2051141
2306 279 2051144
2320 272 2051147
2314 278 2051150
2317 273 2051153
2313 263 2051156
2316 273 2051159
2314 275 2051162
2314 270 2051165
2316 274 2051168
2314 270 2051171
2315 272 2051174
2316 274 2051177
2316 274 2051180
2317 272 2051183
2315 304 2051186
2313 277 2051189
2317 275 2051192
2319 269 2051195
2313 271 2051198
2318 273 2051201
2314 272 2051204
2322 271 2051207
2315 274 2051210
2316 272 2051213
2315 282 2051216
2316 273 2051219
2317 272 2051222
2316 272 2051225
2317 273 2051228
2230 271 2051231
2314 274 2051234
2315 272 2051237
2315 268 2051240
2315 276 2051243
2315 272 2051246
2313 272 2051249
2314 273 2051252
2313 271 2051255
2315 274 2051258
2317 274 2051261
2314 274 2051264
2315 272 2051267
2311 269 2051270
2314 168 2051273
2298 269 2051276
2315 276 2051279
2317 272 2051282
2312 271 2051285
2317 270 2051288
2316 273 2051291
2317 272 2051294
2312 269 2051297
2318 273 2051300
2312 273 2051303
2316 271 2051306
2316 272 2051309
2318 275 2051312
2315 274 2051315
2143 270 2051318
2317 269 2051321
2315 274 2051324
2314 269 2051327
2313 273 2051330
2318 274 2051333
2315 271 2051336
2314 270 2051339
2315 278 2051342
2316 275 2051345
2316 271 2051348
2314 272 2051351
2315 272 2051354
2316 274 2051357
2318 271 2051360
2313 276 2051363
2319 272 2051366
2317 271 2051369
2315 272 2051372
2316 272 2051375
2317 270 2051378
2318 273 2051381
2315 271 2051384
2319 272 2051387
2316 273 2051390
2315 275 2051393
2314 270 2051396
2318 272 2051399
2314 272 2051402
2316 277 2051405
2313 271 2051408
2315 275 2051411
2319 273 2051414
2314 270 2051417
2315 272 2051420
2314 271 2051423
2321 277 2051426
2315 270 2051429
2318 273 2051432
2315 268 2051435
2315 271 2051438
2315 273 2051441
2317 273 2051444
2318 273 2051447
2312 227 2051450
2314 272 2051453
2313 275 2051456
2318 272 2051459
2313 271 2051462
2317 275 2051465
2318 269 2051468
2317 269 2051471
2316 274 2051474
2315 272 2051477
2314 270 2051480
2314 269 2051483
2315 274 2051486
2316 273 2051489
2319 265 2051492
