3366 368 6747650
3305 374 6747653
3307 343 6747656
3320 369 6747659
3318 375 6747662
3303 368 6747665
3312 376 6747668
3310 372 6747671
3308 374 6747674
3310 369 6747677
3307 369 6747680
3310 373 6747683
3310 374 6747686
3306 368 6747689
3310 431 6747692
3310 375 6747695
3309 372 6747698
3284 383 6747701
3299 382 6747704
3307 365 6747707
3305 373 6747710
3309 373 6747713
3308 370 6747716
3309 371 6747719
3308 372 6747722
3309 374 6747725
3313 372 6747728
3307 373 6747731
3307 373 6747734
3530 370 6747737
3307 371 6747740
3305 348 6747743
3341 365 6747746
3318 376 6747749
3304 368 6747752
3308 373 6747755
3311 370 6747758
3310 375 6747761
3310 374 6747764
3307 372 6747767
3310 372 6747770
3309 374 6747773
3308 372 6747776
3309 370 6747779
3316 366 6747782
3310 372 6747785
3310 352 6747788
3306 375 6747791
3316 377 6747794
3303 369 6747797
3309 373 6747800
3311 370 6747803
3306 371 6747806
3307 371 6747809
3308 372 6747812
3308 375 6747815
3309 372 6747818
3306 372 6747821
3309 364 6747824
3280 375 6747827
3308 388 6747830
3318 360 6747833
3299 376 6747836
3312 377 6747839
3309 369 6747842
3308 373 6747845
3310 373 6747848
3308 371 6747851
3306 374 6747854
3307 372 6747857
3307 374 6747860
3307 374 6747863
3309 375 6747866
3298 375 6747869
3307 369 6747872
3309 389 6747875
3314 380 6747878
3308 363 6747881
3306 375 6747884
3310 370 6747887
3307 374 6747890
3314 375 6747893
3310 372 6747896
3309 373 6747899
3310 367 6747902
3306 370 6747905
3306 374 6747908
3309 369 6747911
3298 396 6747914
3308 373 6747917
3322 374 6747920
3294 398 6747923
3308 373 6747926
3312 370 6747929
3306 371 6747932
3309 369 6747935
3310 373 6747938
3309 367 6747941
3308 369 6747944
3307 373 6747947
3309 371 6747950
3307 371 6747953
3308 275 6747956
3309 372 6747959
3306 372 6747962
3282 391 6747965
3305 378 6747968
3311 364 6747971
3306 371 6747974
3312 373 6747977
3307 371 6747980
3309 371 6747983
3307 372 6747986
3307 371 6747989
3310 374 6747992
3310 374 6747995
3308 375 6747999
3310 358 6748002
3382 371 6748005
3311 373 6748008
3326 371 6748011
3319 369 6748014
3301 372 6748017
3310 375 6748020
3308 371 6748023
3306 373 6748026
3311 376 6748029
3321 369 6748031
3308 371 6748034
3306 374 6748037
3308 369 6748040
3307 371 6748043
3309 333 6748046
3324 372 6748049
3306 371 6748052
3292 385 6748055
3309 366 6748058
3304 372 6748061
3313 373 6748064
3306 370 6748067
3307 372 6748070
3310 371 6748073
3308 371 6748076
3305 372 6748079
3309 373 6748082
3312 373 6748085
3307 374 6748088
3308 329 6748091
3390 368 6748094
3309 374 6748097
3310 384 6748100
3309 362 6748103
3308 374 6748106
3311 375 6748109
3304 368 6748112
3308 370 6748115
3307 374 6748118
3308 374 6748121
3307 374 6748124
3310 372 6748127
3309 374 6748130
3307 371 6748133
3308 359 6748136
3403 370 6748139
3310 372 6748142
3293 380 6748145
3313 367 6748148
3306 375 6748151
3313 372 6748154
3309 372 6748157
3310 373 6748160
3309 371 6748163
3308 371 6748166
3309 371 6748169
3307 372 6748172
3307 373 6748175
3306 371 6748178
3305 347 6748181
3329 371 6748184
3306 375 6748187
3319 371 6748190
3317 370 6748193
3300 373 6748196
3309 374 6748199
3307 368 6748202
3308 372 6748205
3310 376 6748208
3306 370 6748211
3309 373 6748214
3309 374 6748217
3308 374 6748220
3308 371 6748223
3307 362 6748226
3306 373 6748229
3308 371 6748232
3294 367 6748235
3312 379 6748238
3299 368 6748241
3308 373 6748244
3312 374 6748247
3309 372 6748250
3308 374 6748253
3307 371 6748256
3306 371 6748259
3310 373 6748262
3309 369 6748265
3309 372 6748268
3311 375 6748271
3319 373 6748274
3308 371 6748277
3288 408 6748280
3307 374 6748283
3317 369 6748286
3305 375 6748289
3309 374 6748292
3309 370 6748295
3308 370 6748298
3306 373 6748301
3309 371 6748304
3310 373 6748307
3306 373 6748310
3310 374 6748313
3310 371 6748316
3312 369 6748319
3307 374 6748322
3318 354 6748325
3323 366 6748328
3305 377 6748331
3307 367 6748334
3311 372 6748337
3308 374 6748340
3306 371 6748343
3308 374 6748346
3308 373 6748349
3306 372 6748352
3308 372 6748355
3298 371 6748358
3308 374 6748361
3295 398 6748364
3308 369 6748367
3320 383 6748370
3299 367 6748373
3308 375 6748376
3314 369 6748379
3306 373 6748382
3312 375 6748385
3308 372 6748388
3307 372 6748391
3310 371 6748394
3309 371 6748397
3308 371 6748400
3309 374 6748403
3311 371 6748406
3290 317 6748409
3308 373 6748412
3306 389 6748415
3304 360 6748418
3318 372 6748421
3310 372 6748424
3304 371 6748427
3310 378 6748430
3309 372 6748433
3310 372 6748436
3313 373 6748439
3307 373 6748442
3309 373 6748445
3307 371 6748448
3308 379 6748451
3293 394 6748454
3309 369 6748457
3305 375 6748460
3316 366 6748463
3303 373 6748466
3308 376 6748469
3307 371 6748472
3305 372 6748475
3311 369 6748478
3308 372 6748481
3308 373 6748484
3308 369 6748487
3310 370 6748490
3308 376 6748493
3308 372 6748496
3289 313 6748499
3306 373 6748502
3305 381 6748505
3314 364 6748508
3304 374 6748511
3308 377 6748514
3308 370 6748517
3308 373 6748520
3310 370 6748523
3306 372 6748526
3307 372 6748529
3308 372 6748532
3309 372 6748535
3309 374 6748538
3307 370 6748541
3291 378 6748544
3312 371 6748547
3316 391 6748550
3299 363 6748553
3310 368 6748556
3310 372 6748559
3304 371 6748562
3309 373 6748565
3308 372 6748568
3310 373 6748571
3306 370 6748574
3308 371 6748577
3311 373 6748580
3311 375 6748583
3310 373 6748586
3318 370 6748589
3309 372 6748592
3317 354 6748595
3301 370 6748598
3312 376 6748601
3307 371 6748604
3307 373 6748607
3310 370 6748610
3307 374 6748613
3309 375 6748616
3307 375 6748619
3309 372 6748622
3309 374 6748625
3307 372 6748628
3309 425 6748631
3300 373 6748634
3310 372 6748637
3289 367 6748640
3311 383 6748643
3305 368 6748646
3308 375 6748649
3310 375 6748652
3307 372 6748655
3310 375 6748658
3307 370 6748661
3311 371 6748664
3311 373 6748667
3311 373 6748670
3309 376 6748673
3307 354 6748676
3346 372 6748679
3306 369 6748682
3326 372 6748685
3301 373 6748688
3305 374 6748691
3308 362 6748694
3306 374 6748697
3312 372 6748700
3310 372 6748703
3309 372 6748706
3307 373 6748709
3310 369 6748712
3310 374 6748715
3310 372 6748718
3371 367 6748721
3305 370 6748724
3307 345 6748727
3315 371 6748730
3319 372 6748733
3304 372 6748736
3311 373 6748739
3308 371 6748742
3308 374 6748745
3310 373 6748748
3312 373 6748751
3310 371 6748754
3309 370 6748757
3308 369 6748760
3309 371 6748763
3307 354 6748766
3310 371 6748769
3321 368 6748772
3296 397 6748775
3307 376 6748778
3311 371 6748781
3306 372 6748784
3311 373 6748787
3306 369 6748790
3307 372 6748793
3309 371 6748796
3309 371 6748799
3312 372 6748802
3308 372 6748805
3569 579 6734406
3567 576 6734409
3560 579 6734412
3568 578 6734415
3567 577 6734418
3567 576 6734421
3570 570 6734424
3572 580 6734428
3567 575 6734430
3569 580 6734433
3565 583 6734436
3566 577 6734439
3568 578 6734442
3568 579 6734445
3568 579 6734448
3566 576 6734451
3566 578 6734454
3568 580 6734457
3568 579 6734461
3565 574 6734463
3568 578 6734466
3567 578 6734469
3570 578 6734472
3567 582 6734475
3566 576 6734478
3568 578 6734481
3566 575 6734484
3565 577 6734487
3568 578 6734490
3566 578 6734494
3567 576 6734496
3567 579 6734499
3568 578 6734502
3543 579 6734505
3570 581 6734508
3567 575 6734511
3570 580 6734514
3560 577 6734517
3567 577 6734520
3567 578 6734523
3566 580 6734527
3567 575 6734529
3569 576 6734532
3566 581 6734535
3567 579 6734538
3568 576 6734541
3568 580 6734544
4095 657 6734547
3565 578 6734550
3566 579 6734553
3565 577 6734556
3568 580 6734560
3566 574 6734562
3566 579 6734565
3568 581 6734568
3567 579 6734571
3565 578 6734574
3566 579 6734577
3567 575 6734580
3566 576 6734583
3564 577 6734586
3567 849 6734589
3566 576 6734593
3564 574 6734595
3569 581 6734598
3570 579 6734601
3569 577 6734604
3568 577 6734607
3566 579 6734610
3568 571 6734613
3565 577 6734616
3566 577 6734619
3572 577 6734622
3568 578 6734626
3452 590 6734628
3568 577 6734631
3563 579 6734634
3567 578 6734637
3565 580 6734640
3566 578 6734643
3567 577 6734646
3566 578 6734649
3566 576 6734652
3567 580 6734655
3567 581 6734659
3567 575 6734661
3567 578 6734664
3560 580 6734667
3568 594 6734670
3561 577 6734673
3567 577 6734676
3570 581 6734679
3567 575 6734682
3567 579 6734685
3566 581 6734688
3568 579 6734692
3566 574 6734694
3567 578 6734697
3567 580 6734700
3569 578 6734703
3569 576 6734706
3554 573 6734709
3571 574 6734712
3568 573 6734715
3567 578 6734718
3568 578 6734721
3569 577 6734725
3566 576 6734727
3568 576 6734730
3569 578 6734733
3567 575 6734736
3570 578 6734739
3569 576 6734742
3570 577 6734745
3564 577 6734748
3567 560 6734751
3565 577 6734754
3569 578 6734758
3563 576 6734760
3569 575 6734763
3568 579 6734766
3570 579 6734769
3567 578 6734772
3566 576 6734775
3570 577 6734778
3566 576 6734781
3569 575 6734784
3571 578 6734787
3556 584 6734791
3568 575 6734793
3564 571 6734796
3568 581 6734799
3565 577 6734802
3568 577 6734805
3569 581 6734808
3568 579 6734811
3565 575 6734814
3566 577 6734817
3568 580 6734820
3567 579 6734824
3566 575 6734826
3545 580 6734829
3569 687 6734832
3567 578 6734835
3567 575 6734838
3570 578 6734841
3569 577 6734844
3564 578 6734847
3566 578 6734850
3568 579 6734853
3567 578 6734857
3566 575 6734859
3569 578 6734862
3567 579 6734865
3568 577 6734868
3566 625 6734871
3566 576 6734874
3569 576 6734877
3564 575 6734880
3566 577 6734883
3567 577 6734886
3564 578 6734890
3566 576 6734892
3567 576 6734895
3566 581 6734898
3566 579 6734901
3564 576 6734904
3568 579 6734907
3567 578 6734910
3531 571 6734913
3566 575 6734916
3567 574 6734919
3570 581 6734923
3566 573 6734925
3568 577 6734928
3568 580 6734931
3567 577 6734934
3567 579 6734937
3566 580 6734940
3568 575 6734943
3567 577 6734946
3567 575 6734949
3568 581 6734952
3572 576 6734956
3567 573 6734958
3571 580 6734961
3566 581 6734964
3569 576 6734967
3567 579 6734970
3566 580 6734973
3568 576 6734976
3567 575 6734979
3567 577 6734982
3568 578 6734985
3566 578 6734989
3567 576 6734991
3566 580 6734994
3574 586 6734999
3567 582 6735002
3571 579 6735005
3568 576 6735008
3568 580 6735011
3566 573 6735014
3566 576 6735017
3567 582 6735020
3567 580 6735023
3566 576 6735026
3566 580 6735029
3566 580 6735032
3566 580 6735035
3568 584 6735038
3438 574 6735041
3569 579 6735044
3563 576 6735047
3569 580 6735050
3567 579 6735053
3566 579 6735056
3566 577 6735059
3566 579 6735062
3567 578 6735065
3566 577 6735068
3567 577 6735071
3567 579 6735074
3567 578 6735077
3568 579 6735080
3562 579 6735083
3568 579 6735086
3567 581 6735089
3567 577 6735092
3565 578 6735095
3570 579 6735098
3568 578 6735101
3567 580 6735104
3569 577 6735107
3567 580 6735110
3565 579 6735113
3565 576 6735116
3568 577 6735119
3568 582 6735122
3564 572 6735125
3575 579 6735128
3569 581 6735131
3570 581 6735134
3567 575 6735137
3568 576 6735140
3567 579 6735143
3566 577 6735146
3566 576 6735149
3565 578 6735152
3567 580 6735155
3565 576 6735158
3568 578 6735161
3568 580 6735164
3568 577 6735167
3568 593 6735170
3571 577 6735173
3561 577 6735176
3570 580 6735179
3566 576 6735182
3568 579 6735185
3569 578 6735188
3567 577 6735191
3566 579 6735194
3570 577 6735197
3567 579 6735200
3569 580 6735203
3568 575 6735206
3566 580 6735209
3567 578 6735212
3565 566 6735215
3570 581 6735218
3571 577 6735221
3564 577 6735224
3568 582 6735227
3569 577 6735230
3566 579 6735233
3569 581 6735236
3568 577 6735239
3565 579 6735242
3566 576 6735245
3566 578 6735248
3568 578 6735251
3566 580 6735254
3567 0 6735257
3569 578 6735260
3566 580 6735263
3571 579 6735266
3566 580 6735269
3567 580 6735272
3568 580 6735275
3563 579 6735278
3565 575 6735281
3568 578 6735284
3567 576 6735287
3566 576 6735290
3567 581 6735293
3566 577 6735296
3568 580 6735299
3568 580 6735302
3564 584 6735305
3566 580 6735308
3569 577 6735311
3562 576 6735314
3566 580 6735317
3568 578 6735320
3565 578 6735323
3569 584 6735326
3569 579 6735329
3568 580 6735332
3569 578 6735335
3566 575 6735338
3570 575 6735341
3566 578 6735344
3566 578 6735347
3570 562 6735350
3568 579 6735353
3568 581 6735356
3571 578 6735359
3566 578 6735362
3567 579 6735365
3566 579 6735368
3565 578 6735371
3567 576 6735374
3565 577 6735377
3567 577 6735380
3568 579 6735383
3569 580 6735386
3565 576 6735389
3567 577 6735392
3711 595 6735395
3565 579 6735398
3569 576 6735401
3565 583 6735404
3567 580 6735407
3565 576 6735410
3568 577 6735413
3573 578 6735416
3569 578 6735419
3564 577 6735422
3567 568 6735425
3568 578 6735428
3569 576 6735431
3568 575 6735434
3567 579 6735437
3570 551 6735440
3525 577 6735443
3567 575 6735446
3568 580 6735449
3569 574 6735452
3566 577 6735455
3568 579 6735458
3569 580 6735461
3569 578 6735464
3568 580 6735467
3567 576 6735470
3566 578 6735473
3567 580 6735476
3568 579 6735479
3568 579 6735482
3569 579 6735485
3559 586 6735488
3566 577 6735491
3573 579 6735494
3566 580 6735497
3565 579 6735500
3569 576 6735503
3567 580 6735506
3570 579 6735509
3569 576 6735512
3568 581 6735515
3570 578 6735518
3567 576 6735521
3570 576 6735524
3569 578 6735527
3570 579 6735530
3357 581 6735533
3571 578 6735536
3569 577 6735539
3563 577 6735542
3569 577 6735545
3568 578 6735548
3568 578 6735551
3566 575 6735554
3565 577 6735557
3569 579 6735560
3569 579 6735563
3568 581 6735566
3569 578 6735569
3565 578 6735572
3568 578 6735575
3567 555 6735578
3580 577 6735581
3569 574 6735584
3563 578 6735587
3566 579 6735590
3568 578 6735593
3569 581 6735596
3569 581 6735599
3567 576 6735602
3567 579 6735605
3567 578 6735608
3564 577 6735611
3568 583 6735614
3567 577 6735617
3566 579 6735620
3568 579 6735623
3569 586 6735626
3568 582 6735629
3570 581 6735632
3568 575 6735635
3565 578 6735638
3564 577 6735641
3567 577 6735644
3568 578 6735647
3568 580 6735650
3567 577 6735653
3567 579 6735656
3567 580 6735659
3567 578 6735662
3568 577 6735665
3567 581 6735668
3515 566 6735671
3566 576 6735674
3568 574 6735677
3564 582 6735680
3571 578 6735683
3566 576 6735686
3568 582 6735689
3568 579 6735692
3567 579 6735695
3567 579 6735698
3565 580 6735701
3567 577 6735704
3568 576 6735707
3566 575 6735710
3568 577 6735713
3567 577 6735716
3570 578 6735719
3568 582 6735722
3569 576 6735725
3564 580 6735728
3566 585 6735731
3568 577 6735734
3565 576 6735737
3568 581 6735740
3565 576 6735743
3567 578 6735746
3567 581 6735749
3568 569 6735752
3569 578 6735755
3569 577 6735758
3568 567 6735761
3575 579 6735764
3568 579 6735767
3570 580 6735770
3566 576 6735773
3568 576 6735776
3569 578 6735779
3566 580 6735782
3566 575 6735785
3566 581 6735788
3567 580 6735791
3566 578 6735794
3567 575 6735797
3568 577 6735800
3568 578 6735803
3565 575 6735806
3589 574 6735809
3569 601 6735812
3557 581 6735815
3557 568 6735818
3571 584 6735821
3568 572 6735824
3565 579 6735827
3570 578 6735830
3568 577 6735833
3569 581 6735836
3567 576 6735839
3568 581 6735842
3566 576 6735845
3567 580 6735848
3565 578 6735851
3576 577 6735854
3568 563 6735857
3558 576 6735860
3555 586 6735863
3574 577 6735866
3563 577 6735869
3565 579 6735872
3566 578 6735875
3567 579 6735878
3569 580 6735881
3566 578 6735884
3567 579 6735887
3569 577 6735890
3566 581 6735893
3603 578 6735896
3561 578 6735899
3567 559 6735902
3560 595 6735905
3577 574 6735908
3561 574 6735911
3571 582 6735914
3564 573 6735917
3567 581 6735920
3568 580 6735923
3569 578 6735926
3568 578 6735929
3567 578 6735932
3565 579 6735935
3566 576 6735938
3566 574 6735941
3563 579 6735944
3590 553 6735947
3566 566 6735950
3563 585 6735953
3573 578 6735956
3564 577 6735959
3569 581 6735962
3566 576 6735965
3565 579 6735968
3568 575 6735971
3565 577 6735974
3569 577 6735977
3566 579 6735980
3567 572 6735983
3607 579 6735986
3568 578 6735989
3586 595 6735992
3558 574 6735995
3563 581 6735999
3571 580 6736002
3564 576 6736005
3568 576 6736008
3565 578 6736011
3565 581 6736014
3571 578 6736017
3571 573 6736020
3566 581 6736023
3567 577 6736026
3568 612 6736029
3566 575 6736032
3566 592 6736034
3584 555 6736037
3561 569 6736040
3568 582 6736043
3569 577 6736046
3564 576 6736049
3568 580 6736052
3567 576 6736055
3568 580 6736058
3567 577 6736061
3569 576 6736064
3570 577 6736067
3572 578 6736070
3575 576 6736073
3567 596 6736076
3552 571 6736079
3567 572 6736082
3572 588 6736085
3569 574 6736088
3562 577 6736091
3568 578 6736094
3567 578 6736097
3567 576 6736100
3566 578 6736103
3568 579 6736106
3565 578 6736109
3567 580 6736112
3570 574 6736115
3570 578 6736118
3576 578 6736121
3556 588 6736124
3575 577 6736127
3562 574 6736130
3569 578 6736133
3566 578 6736136
3569 577 6736139
3567 580 6736142
3567 581 6736145
3568 579 6736148
3567 579 6736151
3565 580 6736154
3568 543 6736157
3564 578 6736160
3565 579 6736163
3584 570 6736166
3572 572 6736169
3566 583 6736172
3572 577 6736175
3567 577 6736178
3569 577 6736181
3568 580 6736184
3567 580 6736187
3566 576 6736190
3570 578 6736193
3566 580 6736196
3567 575 6736199
3568 577 6736202
3567 586 6736205
3563 564 6736208
3572 583 6736211
3567 578 6736214
3564 581 6736217
3568 580 6736220
3568 575 6736223
3565 578 6736226
3566 576 6736229
3567 576 6736232
3567 580 6736235
3569 580 6736238
3566 579 6736241
3584 576 6736244
3566 589 6736247
3589 564 6736250
3562 569 6736253
3566 584 6736256
3571 576 6736259
3563 576 6736262
3570 579 6736265
3567 578 6736268
3569 579 6736271
3565 575 6736274
3566 577 6736277
3567 578 6736280
3566 535 6736283
3605 580 6736286
3568 577 6736289
3552 574 6736292
3582 585 6736295
3565 573 6736298
3566 579 6736301
3570 579 6736304
3565 577 6736307
3568 578 6736310
3567 576 6736313
3566 579 6736316
3566 579 6736319
3569 576 6736322
3569 582 6736325
3565 592 6736328
3565 576 6736331
3557 585 6736334
3561 571 6736337
3572 583 6736340
3566 576 6736343
3567 580 6736346
3568 580 6736349
3565 576 6736352
3570 578 6736355
3567 580 6736358
3565 580 6736361
3568 575 6736364
3565 579 6736367
3580 516 6736370
3569 577 6736373
3570 573 6736376
3579 555 6736379
3566 572 6736382
3564 585 6736385
3572 580 6736388
3566 578 6736391
3565 578 6736394
3569 580 6736397
3444 467 6740805
3445 471 6740808
3443 471 6740811
3444 469 6740814
3476 465 6740817
3440 499 6740820
3455 446 6740823
3428 467 6740826
3449 476 6740828
3441 465 6740831
3442 471 6740834
3442 467 6740837
3440 472 6740840
3442 471 6740843
3442 472 6740846
3441 468 6740849
3443 471 6740852
3443 469 6740855
3441 480 6740858
3444 468 6740861
3443 471 6740864
3419 452 6740867
3446 484 6740870
3448 466 6740873
3437 468 6740876
3442 470 6740879
3437 466 6740882
3440 468 6740885
3441 470 6740888
3443 474 6740891
3441 467 6740894
3444 470 6740897
3444 472 6740900
3442 471 6740903
3432 476 6740906
3442 454 6740909
3423 462 6740912
3450 477 6740915
3442 465 6740918
3440 471 6740921
3444 471 6740924
3441 471 6740927
3443 473 6740930
3443 471 6740933
3442 471 6740936
3441 471 6740939
3447 468 6740942
3441 470 6740945
3446 493 6740948
3440 471 6740951
3440 470 6740954
3441 481 6740957
3441 473 6740960
3439 468 6740963
3444 470 6740966
3441 473 6740969
3439 471 6740972
3443 470 6740975
3442 470 6740978
3441 469 6740981
3443 468 6740984
3441 471 6740987
3446 473 6740990
3436 479 6740993
3440 472 6740996
3451 484 6741000
3448 467 6741003
3439 470 6741006
3442 470 6741009
3442 472 6741012
3443 467 6741015
3441 472 6741018
3440 471 6741021
3445 472 6741024
3441 469 6741027
3444 473 6741029
3443 467 6741032
3443 512 6741035
3440 468 6741038
3441 471 6741041
3447 467 6741044
3444 470 6741047
3444 472 6741050
3443 469 6741053
3441 471 6741056
3447 472 6741059
3443 471 6741062
3442 470 6741065
3443 470 6741068
3440 470 6741071
3443 472 6741074
3445 472 6741077
3443 476 6741080
3447 471 6741083
3443 473 6741086
3445 471 6741089
3442 471 6741092
3443 471 6741095
3443 469 6741098
3442 473 6741101
3442 470 6741104
3443 469 6741107
3444 473 6741110
3443 471 6741113
3443 472 6741116
3443 469 6741119
3442 468 6741122
3441 469 6741125
3439 467 6741128
3448 472 6741131
3444 471 6741134
3442 468 6741137
3443 470 6741140
3442 474 6741143
3441 470 6741146
3441 469 6741149
3442 469 6741152
3440 471 6741155
3442 467 6741158
3441 469 6741161
3442 475 6741164
3429 469 6741167
3441 470 6741170
3445 473 6741173
3443 469 6741176
3442 471 6741179
3443 472 6741182
3441 470 6741185
3442 468 6741188
3441 470 6741191
3442 472 6741194
3444 470 6741197
3444 470 6741200
3442 471 6741203
3443 473 6741206
3443 468 6741209
3467 473 6741212
3443 469 6741215
3440 470 6741218
3440 472 6741221
3442 469 6741224
3445 472 6741227
3445 473 6741230
3444 472 6741233
3441 470 6741236
3442 470 6741239
3442 470 6741242
3441 473 6741245
3443 472 6741248
3444 340 6741251
2900 474 6741254
3444 469 6741257
3443 467 6741260
3439 472 6741263
3442 469 6741266
3440 467 6741269
3443 471 6741272
3444 469 6741275
3443 471 6741278
3443 469 6741281
3442 468 6741284
3443 469 6741287
3440 469 6741290
3439 434 6741293
3441 475 6741296
3444 473 6741299
3442 471 6741302
3441 469 6741305
3442 471 6741308
3446 469 6741311
3439 471 6741314
3442 469 6741317
3441 470 6741320
3439 471 6741323
3442 468 6741326
3446 470 6741329
3443 472 6741332
3439 511 6741335
3440 473 6741338
3443 471 6741341
3446 473 6741344
3440 472 6741347
3444 469 6741350
3444 471 6741353
3443 470 6741356
3442 469 6741359
3442 470 6741362
3442 471 6741365
3440 470 6741368
3442 469 6741371
3441 471 6741374
3442 485 6741377
3516 470 6741380
3442 469 6741383
3444 468 6741386
3438 474 6741389
3443 470 6741392
3442 477 6741395
3442 472 6741398
3440 470 6741401
3440 470 6741404
3445 471 6741407
3442 471 6741410
3439 469 6741413
3441 471 6741416
3442 463 6741419
3473 469 6741422
3443 463 6741425
3439 471 6741428
3443 473 6741431
3438 468 6741434
3442 473 6741437
3444 471 6741440
3442 469 6741443
3443 471 6741446
3442 468 6741449
3442 470 6741452
3440 470 6741455
3442 469 6741458
3351 470 6741461
3442 469 6741464
3440 473 6741467
3445 469 6741470
3443 475 6741473
3442 473 6741476
3442 473 6741479
3442 469 6741482
3441 473 6741485
3439 470 6741488
3441 471 6741491
3443 470 6741494
3442 473 6741497
3441 469 6741500
3449 439 6741503
3442 472 6741506
3440 472 6741509
3445 473 6741512
3444 471 6741515
3442 470 6741518
3442 466 6741521
3443 468 6741524
3441 471 6741527
3443 470 6741530
3441 468 6741533
3443 475 6741536
3445 470 6741539
3440 487 6741542
4095 470 6741545
3443 468 6741548
3444 469 6741551
3438 466 6741554
3444 470 6741557
3441 471 6741560
3441 470 6741563
3443 471 6741566
3442 469 6741569
3443 467 6741572
3443 470 6741575
3442 474 6741578
3442 467 6741581
3444 467 6741584
3446 469 6741587
3443 469 6741590
3445 470 6741593
3444 471 6741596
3440 472 6741599
3444 473 6741602
3442 469 6741605
3442 471 6741608
3444 469 6741611
3441 466 6741614
3442 470 6741617
3442 471 6741620
3442 468 6741623
3435 531 6741626
3444 470 6741629
3441 466 6741632
3440 468 6741635
3442 473 6741638
3442 474 6741641
3442 471 6741644
3443 467 6741647
3441 471 6741650
3441 469 6741653
3443 469 6741656
3444 473 6741659
3444 475 6741662
3440 468 6741665
3442 461 6741668
3441 469 6741671
3443 475 6741674
3445 471 6741677
3443 469 6741680
3442 471 6741683
3443 468 6741686
3441 470 6741689
3444 471 6741692
3443 470 6741695
3440 470 6741698
3441 471 6741701
3441 470 6741704
3440 495 6741707
3561 473 6741710
3434 469 6741713
3441 467 6741716
3441 471 6741719
3444 468 6741722
3440 471 6741725
3442 470 6741728
3440 468 6741731
3443 470 6741734
3443 471 6741737
3442 472 6741740
3440 470 6741743
3444 471 6741746
3440 467 6741749
3446 468 6741752
3442 464 6741755
3440 474 6741758
3442 469 6741761
3439 467 6741764
3442 473 6741767
3443 472 6741770
3442 472 6741773
3443 470 6741776
3442 469 6741779
3442 471 6741782
3440 469 6741785
3442 470 6741788
3443 470 6741791
3447 471 6741794
3440 470 6741797
3444 471 6741800
3444 471 6741803
3442 474 6741806
3442 476 6741809
3443 471 6741812
3440 471 6741815
3439 469 6741818
3441 471 6741821
3441 470 6741824
3440 468 6741827
3438 471 6741830
3392 470 6741833
3443 470 6741836
3443 476 6741839
3443 470 6741842
3440 469 6741845
3443 472 6741848
3439 469 6741851
3442 468 6741854
3442 471 6741857
3442 470 6741860
3441 471 6741863
3444 470 6741866
3442 472 6741869
3443 475 6741872
3466 473 6741875
3443 470 6741878
3442 475 6741881
3442 467 6741884
3442 470 6741887
3441 468 6741890
3443 473 6741893
3441 470 6741896
3442 470 6741899
3441 471 6741902
3442 472 6741905
3441 470 6741908
3444 470 6741911
3440 472 6741914
3376 469 6741917
3445 468 6741920
3441 475 6741923
3445 467 6741926
3438 470 6741929
3445 473 6741932
3444 472 6741935
3444 471 6741938
3443 473 6741941
3442 469 6741944
3441 470 6741947
3440 468 6741950
3441 471 6741953
3442 472 6741956
3445 475 6741959
3440 472 6741962
3444 467 6741965
3444 472 6741968
3443 471 6741971
3441 467 6741974
3443 472 6741977
3442 467 6741980
3440 470 6741983
3443 468 6741986
3443 468 6741989
3442 472 6741992
3440 470 6741995
3442 472 6741999
3444 491 6742002
3358 471 6742005
3445 469 6742008
3440 466 6742011
3442 474 6742014
3445 471 6742017
3441 471 6742020
3444 470 6742023
3442 471 6742026
3444 472 6742029
3441 471 6742031
3440 471 6742034
3441 471 6742037
3448 470 6742040
3442 6 6742043
3443 472 6742046
3443 468 6742049
3447 474 6742052
3441 471 6742055
3443 472 6742058
3435 469 6742061
3439 472 6742064
3443 472 6742067
3444 468 6742070
3439 471 6742073
3441 468 6742076
3441 467 6742079
3444 472 6742082
3442 472 6742085
3432 419 6742088
3440 469 6742091
3443 468 6742094
3441 473 6742097
3442 470 6742100
3442 468 6742103
3443 471 6742106
3440 467 6742109
3443 468 6742112
3441 470 6742115
3441 474 6742118
3440 470 6742121
3442 474 6742124
3445 469 6742127
3492 469 6742130
3443 471 6742133
3441 473 6742136
3441 469 6742139
3440 467 6742142
3443 472 6742145
3440 470 6742148
3443 471 6742151
3440 468 6742154
3441 472 6742157
3445 470 6742160
3441 471 6742163
3442 472 6742166
3441 467 6742169
3442 464 6742172
3399 469 6742175
3443 467 6742178
3442 475 6742181
3444 471 6742184
3440 468 6742187
3441 471 6742190
3443 470 6742193
3441 473 6742196
3443 470 6742199
3442 470 6742202
3443 470 6742205
3442 471 6742208
3442 470 6742211
3442 0 6742214
3441 468 6742217
3441 469 6742220
3443 474 6742223
3441 469 6742226
3442 470 6742229
3444 471 6742232
3441 470 6742235
3441 472 6742238
3442 469 6742241
3442 471 6742244
3440 470 6742247
3442 472 6742250
3441 469 6742253
3442 471 6742256
3428 512 6742259
3442 468 6742262
3443 469 6742265
3441 469 6742268
3441 471 6742271
3440 468 6742274
3444 469 6742277
3441 471 6742280
3442 471 6742283
3440 473 6742286
3442 471 6742289
3443 470 6742292
3443 472 6742295
3443 471 6742298
3442 466 6742301
3434 471 6742304
3443 473 6742307
3446 472 6742310
3442 468 6742313
3443 471 6742316
3442 469 6742319
3441 470 6742322
3445 471 6742325
3443 474 6742328
3441 471 6742331
3442 469 6742334
3442 472 6742337
3442 472 6742340
3442 510 6742343
3085 471 6742346
3442 474 6742349
3440 465 6742352
3442 473 6742355
3446 472 6742358
3443 472 6742361
3440 469 6742364
3440 470 6742367
3443 473 6742370
3439 469 6742373
3441 465 6742376
3441 472 6742379
3443 469 6742382
3440 468 6742385
3454 473 6742388
3443 473 6742391
3440 472 6742394
3441 471 6742397
3441 466 6742400
3440 470 6742403
3442 469 6742406
3440 469 6742409
3442 473 6742412
3442 470 6742415
3439 468 6742418
3442 470 6742421
3441 471 6742424
3442 474 6742427
3443 753 6742430
3441 470 6742433
3444 466 6742436
3439 470 6742439
3442 471 6742442
3443 469 6742445
3442 473 6742448
3440 468 6742451
3440 470 6742454
3441 469 6742457
3442 472 6742460
3442 470 6742463
3442 469 6742466
3442 471 6742469
3440 471 6742472
3438 472 6742475
3441 474 6742478
3446 474 6742481
3438 468 6742484
3441 474 6742487
3444 471 6742490
3440 472 6742493
3443 474 6742496
3440 470 6742499
3442 470 6742502
3441 469 6742505
3442 470 6742508
3441 473 6742511
3442 470 6742514
3477 470 6742517
3442 468 6742520
3441 469 6742523
3446 470 6742526
3442 470 6742529
3442 471 6742532
3443 470 6742535
3440 472 6742538
3441 472 6742541
3442 471 6742544
3442 470 6742547
3437 470 6742550
3442 470 6742553
3442 495 6742556
3347 476 6742559
3442 469 6742562
3440 465 6742565
3439 470 6742568
3441 472 6742571
3439 468 6742574
3439 469 6742577
3441 473 6742580
3440 467 6742583
3441 473 6742586
3442 471 6742589
3442 471 6742592
3446 471 6742595
3443 367 6742598
3455 475 6742601
3442 468 6742604
3445 468 6742607
3439 469 6742610
3444 473 6742613
3442 469 6742616
3441 471 6742619
3442 472 6742622
3444 472 6742625
3442 471 6742628
3442 468 6742631
3441 468 6742634
3441 468 6742637
3441 327 6742640
3442 477 6742643
3443 471 6742646
3443 466 6742649
3438 469 6742652
3443 470 6742655
3443 470 6742658
3441 473 6742661
3442 470 6742664
3441 469 6742667
3440 469 6742670
3443 469 6742673
3442 469 6742676
3443 471 6742679
3441 386 6742682
3443 472 6742685
3444 469 6742688
3446 473 6742691
3440 468 6742694
3442 468 6742697
3443 470 6742700
3441 471 6742703
3441 471 6742706
3443 470 6742709
3441 471 6742712
3445 468 6742715
3442 470 6742718
3444 471 6742721
3441 357 6742724
3745 473 6742727
3441 469 6742730
3442 468 6742733
3438 468 6742736
3442 469 6742739
3441 473 6742742
3445 473 6742745
3440 470 6742748
3443 473 6742751
3446 471 6742754
3441 474 6742757
3441 471 6742760
3444 471 6742763
3442 450 6742766
3472 469 6742769
3442 470 6742772
3441 468 6742775
3442 471 6742778
3441 471 6742781
3441 471 6742784
3444 473 6742787
3443 474 6742790
3443 473 6742793
3442 469 6742796
3442 471 6742799
3443 468 6742802
3439 469 6742805
3442 466 6742808
3439 472 6742811
3440 469 6742814
3444 472 6742817
3443 469 6742820
3441 471 6742823
3442 469 6742826
3442 468 6742829
3439 469 6742832
3439 472 6742835
3442 468 6742838
3443 470 6742841
3443 472 6742844
3439 472 6742847
3439 419 6742850
3442 472 6742853
3441 468 6742856
3438 469 6742859
3444 469 6742862
3439 469 6742865
3439 469 6742868
3441 470 6742871
3443 472 6742874
3443 470 6742877
3440 470 6742880
3440 471 6742883
3443 470 6742886
3442 489 6742889
3431 471 6742892
3442 469 6742895
3444 468 6742898
3440 468 6742901
3442 471 6742904
3439 471 6742907
3443 472 6742910
3441 470 6742913
3440 471 6742916
3442 469 6742919
3440 471 6742922
3442 473 6742925
3444 469 6742928
3494 475 6742931
3439 470 6742934
3441 472 6742937
3445 469 6742940
3440 470 6742943
3440 470 6742946
3443 471 6742949
3442 472 6742952
3444 472 6742955
3443 470 6742958
3443 468 6742961
3442 473 6742964
3442 469 6742967
3441 454 6742970
3566 475 6742973
3443 470 6742976
3443 469 6742979
3440 470 6742982
3443 471 6742985
3443 471 6742988
3441 471 6742991
3444 472 6742994
3442 469 6742997
3442 468 6743001
3441 469 6743004
3443 468 6743007
3441 470 6743010
3450 649 6743013
3441 474 6743016
3443 467 6743019
3440 468 6743022
3441 471 6743025
3443 471 6743028
3442 470 6743031
3441 471 6743033
3442 474 6743036
3444 469 6743039
3440 467 6743042
3441 472 6743045
3443 470 6743048
3445 469 6743051
3424 468 6743054
3444 469 6743057
3440 469 6743060
3445 468 6743063
3441 469 6743066
3443 470 6743069
3444 466 6743072
3443 472 6743075
3443 472 6743078
3443 468 6743081
3444 472 6743084
3443 469 6743087
3443 470 6743090
3443 468 6743093
3443 470 6743096
3442 472 6743099
3443 470 6743102
3444 469 6743105
3443 471 6743108
3444 468 6743111
3442 470 6743114
3442 471 6743117
3443 470 6743120
3443 467 6743123
3442 471 6743126
3443 469 6743129
3368 469 6743132
3439 470 6743135
3441 476 6743138
3443 472 6743141
3442 470 6743144
3444 470 6743147
3442 470 6743150
3441 469 6743153
3442 469 6743156
3443 470 6743159
3445 472 6743162
3440 468 6743165
3441 473 6743168
3444 543 6743171
3416 473 6743174
3443 471 6743177
3444 468 6743180
3440 470 6743183
3441 472 6743186
3442 468 6743189
3442 472 6743192
3444 470 6743195
3439 470 6743198
3435 470 6743201
3442 471 6743204
3441 472 6743207
3444 472 6743210
3369 469 6743213
3443 471 6743216
3440 472 6743219
3444 468 6743222
3441 472 6743225
3445 473 6743228
3441 469 6743231
3443 471 6743234
3443 471 6743237
3441 471 6743240
3441 469 6743243
3441 471 6743246
3442 471 6743249
3441 470 6743252
3442 474 6743255
3444 473 6743258
3442 476 6743261
3443 469 6743264
3445 474 6743267
3443 472 6743270
3439 472 6743273
3441 471 6743276
3442 468 6743279
3441 468 6743282
3441 469 6743285
3442 471 6743288
3441 471 6743291
3444 446 6743294
3672 471 6743297
3442 471 6743300
3445 469 6743303
3442 471 6743306
3444 474 6743309
3442 467 6743312
3441 467 6743315
3440 468 6743318
3441 469 6743321
3442 468 6743324
3441 470 6743327
3443 471 6743330
3440 470 6743333
3443 482 6743336
3383 472 6743339
3443 473 6743342
3438 468 6743345
3445 470 6743348
3442 471 6743351
3441 468 6743354
3444 466 6743357
3444 472 6743360
3440 470 6743363
3443 468 6743366
3440 472 6743369
3442 473 6743372
3442 470 6743375
3442 460 6743378
3561 473 6743381
3441 470 6743384
3439 467 6743387
3443 475 6743390
3443 473 6743393
3442 467 6743396
3443 470 6743399
3443 470 6743402
3442 471 6743405
3442 470 6743408
3443 469 6743411
3441 474 6743414
3441 468 6743417
3441 501 6743420
4095 472 6743423
3444 468 6743426
3441 468 6743429
3442 472 6743432
3445 472 6743435
3443 470 6743438
3441 475 6743441
3443 468 6743444
3441 469 6743447
3444 469 6743450
3441 469 6743453
3442 473 6743456
3443 469 6743459
3438 468 6743462
3436 438 6743465
3443 468 6743468
3436 472 6743471
3444 471 6743474
3442 470 6743477
3441 475 6743480
3444 469 6743483
3442 468 6743486
3443 470 6743489
3444 473 6743492
3440 469 6743495
3442 472 6743498
3441 471 6743501
3441 474 6743504
3441 468 6743507
3440 471 6743510
3443 474 6743513
3445 469 6743516
3440 470 6743519
3443 473 6743522
3443 469 6743525
3443 466 6743528
3443 472 6743531
3440 471 6743534
3443 470 6743537
3443 475 6743540
3444 470 6743543
3441 468 6743546
3441 347 6743549
3440 471 6743552
3442 469 6743555
3446 470 6743558
3438 468 6743561
3440 470 6743564
3444 469 6743567
3445 472 6743570
3442 471 6743573
3442 469 6743576
3442 470 6743579
3441 471 6743582
3441 469 6743585
3442 471 6743588
3442 471 6743591
3520 438 6743594
3445 472 6743597
3445 472 6743600
3440 472 6743603
3441 471 6743606
3441 470 6743609
3439 470 6743612
3440 470 6743615
3442 472 6743618
3439 470 6743621
3444 472 6743624
3440 468 6743627
3441 471 6743630
3444 472 6743633
3440 538 6743636
3478 475 6743639
3442 468 6743642
3441 468 6743645
3439 468 6743648
3443 470 6743651
3441 472 6743654
3444 471 6743657
3443 471 6743660
3441 472 6743663
3444 470 6743666
3442 470 6743669
3441 471 6743672
3443 471 6743675
3443 471 6743678
3522 445 6743681
3444 472 6743684
3444 471 6743687
3443 469 6743690
3441 469 6743693
3442 472 6743696
3442 469 6743699
3441 473 6743702
3440 462 6743705
3443 468 6743708
3443 471 6743711
3442 469 6743714
3446 469 6743717
3443 469 6743720
3442 497 6743723
3441 473 6743726
3441 471 6743729
3445 469 6743732
3440 471 6743735
3442 471 6743738
3441 466 6743741
3440 471 6743744
3441 469 6743747
3443 467 6743750
3442 469 6743753
3443 469 6743756
3439 467 6743759
3442 469 6743762
3443 474 6743765
3442 709 6743768
3440 469 6743771
3440 469 6743774
3439 468 6743777
3442 469 6743780
3443 470 6743783
3443 472 6743786
3442 471 6743789
3442 469 6743792
3444 472 6743795
3443 470 6743798
3440 468 6743801
3443 471 6743804
3443 472 6743807
3443 417 6743810
3791 469 6743813
3442 472 6743816
3440 466 6743819
3441 471 6743822
3444 473 6743825
3442 473 6743828
3443 472 6743831
3441 469 6743834
3441 473 6743837
3442 470 6743840
3444 471 6743843
3440 471 6743846
3443 471 6743849
3441 469 6743852
3439 400 6743855
3442 472 6743858
3441 466 6743861
3442 472 6743864
3444 468 6743867
3441 474 6743870
3441 471 6743873
3444 471 6743876
3442 469 6743879
3443 471 6743882
3439 467 6743885
3442 471 6743888
3441 473 6743891
3441 469 6743894
3441 474 6743897
3445 470 6743900
3443 471 6743903
3450 473 6743906
3440 469 6743909
3439 473 6743912
3441 467 6743915
3440 471 6743918
3441 466 6743921
3441 469 6743924
3440 471 6743927
3442 470 6743930
3443 467 6743933
3442 472 6743936
3442 475 6743939
3543 470 6743942
3441 470 6743945
3438 469 6743948
3442 472 6743951
3443 469 6743954
3440 475 6743957
3442 471 6743960
3445 470 6743963
3442 469 6743966
3440 474 6743969
3441 470 6743972
3442 472 6743975
3442 472 6743978
3442 400 6743981
3477 469 6743984
3443 469 6743987
3446 470 6743990
3439 468 6743993
3442 472 6743996
3441 471 6744000
3441 471 6744003
3443 467 6744006
3443 472 6744009
3442 468 6744012
3445 470 6744015
3441 474 6744018
3442 467 6744021
3440 607 6744024
3440 469 6744027
3441 470 6744030
3447 473 6744033
3440 467 6744036
3441 470 6744039
3443 472 6744041
3453 468 6744044
3444 470 6744047
3441 471 6744050
3442 464 6744053
3441 472 6744056
3443 468 6744059
3442 470 6744062
3440 756 6744065
3443 468 6744068
3441 470 6744071
3446 471 6744074
3441 468 6744077
3443 472 6744080
3443 469 6744083
3443 471 6744086
3441 474 6744089
3444 470 6744092
3443 469 6744095
3444 470 6744098
3445 470 6744101
3444 470 6744104
3442 426 6744107
3009 470 6744110
3443 467 6744113
3446 468 6744116
3442 472 6744119
3443 472 6744122
3443 469 6744125
3442 469 6744128
3442 470 6744131
3443 470 6744134
3444 467 6744137
3440 470 6744140
3442 468 6744143
3442 469 6744146
3443 469 6744149
3441 473 6744152
3442 466 6744155
3444 471 6744158
3444 469 6744161
3441 468 6744164
3443 468 6744167
3443 472 6744170
3441 467 6744173
3445 470 6744176
3444 472 6744179
3445 468 6744182
3443 473 6744185
3445 471 6744188
3582 469 6744191
3440 470 6744194
3441 475 6744197
3445 469 6744200
3441 471 6744203
3442 470 6744206
3445 472 6744209
3445 471 6744212
3441 468 6744215
3443 471 6744218
3442 470 6744221
3442 471 6744224
3442 468 6744227
3442 469 6744230
3443 489 6744233
3443 470 6744236
3436 468 6744239
3445 470 6744242
3442 470 6744245
3441 469 6744248
3443 474 6744251
3441 470 6744254
3442 467 6744257
3442 467 6744260
3442 473 6744263
3443 469 6744266
3443 474 6744269
3440 471 6744272
3600 470 6744275
3440 467 6744278
3441 466 6744281
3440 473 6744284
3443 471 6744287
3443 475 6744290
3440 469 6744293
3439 470 6744296
3443 474 6744299
3442 474 6744302
3437 469 6744305
3445 471 6744308
3439 472 6744311
3276 467 6744314
3447 473 6744317
3443 474 6744320
3444 471 6744323
3441 469 6744326
3442 471 6744329
3443 473 6744332
3444 471 6744335
3440 469 6744338
3442 472 6744341
3441 469 6744344
3444 470 6744347
3445 470 6744350
3443 474 6744353
3435 472 6744356
3442 469 6744359
3438 472 6744362
3443 472 6744365
3442 471 6744368
3432 470 6744371
3443 471 6744374
3442 469 6744377
3445 465 6744380
3442 472 6744383
3443 469 6744386
3443 472 6744389
3443 471 6744392
3442 462 6744395
3572 469 6744398
3444 472 6744401
3438 467 6744404
3441 470 6744407
3440 466 6744410
3439 468 6744413
3441 471 6744416
3441 468 6744419
3442 473 6744422
3441 469 6744425
3441 468 6744428
3441 470 6744431
3444 470 6744434
3705 467 6744437
3444 470 6744440
3442 473 6744443
3445 469 6744446
3442 466 6744449
3442 473 6744452
3445 472 6744455
3442 469 6744458
3441 471 6744461
3440 472 6744464
3442 471 6744467
3440 468 6744470
3441 469 6744473
3440 469 6744476
3447 423 6744479
3442 473 6744482
3445 466 6744485
3444 474 6744488
3442 468 6744491
3442 471 6744494
3442 469 6744497
3443 469 6744500
3440 468 6744503
3442 472 6744506
3442 467 6744509
3443 470 6744512
3442 473 6744515
3442 491 6744518
3444 469 6744521
3442 467 6744524
3444 471 6744527
3442 469 6744530
3444 471 6744533
3440 468 6744536
3442 469 6744539
3440 469 6744542
3443 469 6744545
3443 469 6744548
3442 470 6744551
3443 469 6744554
3442 472 6744557
3443 478 6744560
3367 471 6744563
3444 472 6744566
3437 466 6744569
3444 473 6744572
3441 471 6744575
3442 472 6744578
3446 469 6744581
3442 472 6744584
3442 472 6744587
3443 469 6744590
3442 469 6744593
3441 473 6744596
3444 470 6744599
3439 468 6744602
3450 473 6744605
3442 472 6744608
3446 470 6744611
3443 471 6744614
3441 473 6744617
3444 470 6744620
3443 467 6744623
3442 473 6744626
3442 471 6744629
3443 474 6744632
3440 470 6744635
3443 470 6744638
3440 466 6744641
3277 469 6744644
3447 470 6744647
3442 476 6744650
3445 469 6744653
3436 468 6744656
3443 472 6744659
3441 467 6744662
3443 473 6744665
3442 471 6744668
3442 471 6744671
3441 469 6744674
3442 469 6744677
3442 473 6744680
3444 467 6744683
3497 458 6744686
3437 468 6744689
3441 471 6744692
3441 469 6744695
3434 473 6744698
3441 471 6744701
3442 469 6744704
3441 478 6744707
3440 467 6744710
3444 470 6744713
3441 469 6744716
3445 471 6744719
3444 470 6744722
3443 469 6744725
3477 471 6744728
3440 470 6744731
3439 472 6744734
3442 469 6744737
3441 470 6744740
3445 469 6744743
3441 470 6744746
3441 471 6744749
3441 469 6744752
3442 471 6744755
3443 472 6744758
3442 470 6744761
3444 470 6744764
3441 470 6744767
3468 473 6744770
3442 469 6744773
3442 473 6744776
3443 472 6744779
3442 468 6744782
3444 469 6744785
3440 473 6744788
3442 469 6744791
3441 471 6744794
3443 472 6744797
3439 469 6744800
3443 469 6744803
3440 468 6744806
3441 469 6744809
3443 471 6744812
3435 468 6744815
3444 475 6744818
3444 467 6744821
3443 468 6744824
3440 472 6744827
3443 468 6744830
3440 468 6744833
3445 471 6744836
3440 470 6744839
3442 466 6744842
3444 472 6744845
3443 471 6744848
3443 475 6744851
3442 464 6744854
3433 470 6744857
3441 471 6744860
3446 470 6744863
3443 468 6744866
3441 473 6744869
3441 468 6744872
3444 469 6744875
3443 473 6744878
3443 470 6744881
3444 470 6744884
3444 470 6744887
3442 470 6744890
3443 469 6744893
3444 478 6744896
3460 469 6744899
3444 465 6744902
3443 470 6744905
3445 471 6744908
3442 470 6744911
3443 469 6744914
3442 470 6744917
3441 471 6744920
3442 471 6744923
3443 470 6744926
3441 473 6744929
3442 468 6744932
3444 466 6744935
3440 468 6744938
3490 470 6744941
3440 469 6744944
3438 471 6744947
3442 471 6744950
3440 468 6744953
3440 471 6744956
3441 471 6744959
3444 472 6744962
3440 467 6744965
3443 471 6744968
3442 467 6744971
3441 468 6744974
3443 470 6744977
3442 444 6744980
3540 471 6744983
3442 466 6744986
3437 468 6744989
3445 470 6744992
3444 468 6744995
3440 475 6744999
3446 471 6745002
3444 470 6745005
3442 468 6745008
3440 469 6745011
3444 472 6745014
3441 468 6745017
3441 470 6745020
3444 497 6745023
3388 472 6745026
3443 469 6745029
3440 469 6745032
3442 466 6745035
3441 469 6745038
3444 470 6745041
3442 473 6745044
3450 471 6745046
3441 468 6745049
3442 471 6745052
3442 471 6745055
3443 471 6745058
3442 469 6745061
3442 537 6745064
3418 468 6745067
3442 469 6745070
3442 468 6745073
3441 470 6745076
3443 469 6745079
3443 468 6745082
3440 470 6745085
3441 470 6745088
3442 474 6745091
3441 468 6745094
3442 467 6745097
3442 473 6745100
3442 470 6745103
3441 0 6745106
3442 471 6745109
3442 472 6745112
3446 473 6745115
3441 469 6745118
3441 470 6745121
3445 473 6745124
3441 468 6745127
3444 469 6745130
3442 472 6745133
3443 469 6745136
3442 469 6745139
3441 470 6745142
3444 468 6745145
3443 74 6745148
3445 474 6745151
3440 468 6745154
3446 472 6745157
3442 466 6745160
3442 468 6745163
3444 471 6745166
3444 468 6745169
3441 469 6745172
3444 469 6745175
3443 469 6745178
3441 470 6745181
3443 472 6745184
3443 468 6745187
3444 0 6745190
3442 471 6745193
3440 468 6745196
3447 471 6745199
3442 473 6745202
3444 471 6745205
3443 465 6745208
3441 470 6745211
3442 472 6745214
3440 470 6745217
3440 470 6745220
3443 473 6745223
3442 468 6745226
3441 467 6745229
3440 1 6745232
3438 477 6745235
3443 469 6745238
3447 472 6745241
3442 469 6745244
3441 470 6745247
3442 471 6745250
3441 469 6745253
3440 473 6745256
3442 469 6745259
3442 469 6745262
3441 472 6745265
3444 469 6745268
3443 469 6745271
3443 458 6745274
3444 473 6745277
3443 471 6745280
3446 469 6745283
3439 466 6745286
3443 470 6745289
3440 468 6745292
3441 468 6745295
3441 472 6745298
3443 470 6745301
3443 472 6745304
3441 469 6745307
3444 470 6745310
3443 472 6745313
3442 463 6745316
3712 469 6745319
3443 471 6745322
3441 469 6745325
3441 468 6745328
3441 469 6745331
3441 473 6745334
3444 471 6745337
3442 468 6745340
3442 471 6745343
3441 469 6745346
3445 467 6745349
3439 468 6745352
3441 472 6745355
3444 490 6745358
3301 465 6745361
3443 470 6745364
3441 468 6745367
3443 472 6745370
3446 468 6745373
3443 470 6745376
3443 471 6745379
3443 460 6745382
3438 471 6745385
3444 471 6745388
3442 466 6745391
3442 472 6745394
3440 470 6745397
3443 465 6745400
3481 472 6745403
3441 469 6745406
3440 469 6745409
3445 470 6745412
3442 472 6745415
3439 470 6745418
3441 470 6745421
3440 471 6745424
3443 469 6745427
3442 470 6745430
3443 472 6745433
3442 470 6745436
3441 468 6745439
3442 468 6745442
3435 471 6745445
3443 471 6745448
3442 473 6745451
3442 472 6745454
3441 469 6745457
3444 469 6745460
3442 472 6745463
3442 471 6745466
3443 471 6745469
3443 469 6745472
3441 467 6745475
3442 471 6745478
3443 468 6745481
3575 469 6745484
3444 471 6745487
3443 473 6745490
3446 468 6745493
3440 473 6745496
3445 470 6745499
3442 468 6745502
3442 468 6745505
3442 472 6745508
3441 468 6745511
3444 472 6745514
3440 469 6745517
3444 469 6745520
3441 467 6745523
3463 622 6745526
3443 473 6745529
3441 470 6745532
3440 468 6745535
3442 469 6745538
3441 468 6745541
3442 470 6745544
3444 475 6745547
3437 470 6745550
3443 468 6745553
3441 468 6745556
3442 470 6745559
3444 473 6745562
3444 469 6745565
3450 458 6745568
3442 472 6745571
3442 466 6745574
3444 475 6745577
3444 469 6745580
3437 467 6745583
3442 472 6745586
3440 470 6745589
3442 469 6745592
3443 471 6745595
3440 470 6745598
3443 467 6745601
3443 469 6745604
3441 470 6745607
3438 462 6745610
3441 470 6745613
3440 473 6745616
3445 470 6745619
3439 469 6745622
3443 469 6745625
3441 471 6745628
3442 471 6745631
3443 472 6745634
3440 468 6745637
3441 471 6745640
3442 471 6745643
3443 471 6745646
3440 1061 6745649
3441 469 6745652
3442 468 6745655
3443 473 6745658
3442 471 6745661
3440 467 6745664
3443 468 6745667
3442 470 6745670
3438 476 6745673
3437 479 6745676
3435 478 6745679
3433 474 6745682
3429 453 6745685
3390 415 6745688
3328 340 6745691
3288 356 6745694
3285 363 6745697
3297 377 6745700
3312 377 6745703
3317 376 6745706
3313 366 6745709
3308 373 6745712
3307 369 6745715
3308 373 6745718
3308 372 6745721
3309 371 6745724
3309 371 6745727
3309 375 6745730
3307 386 6745733
3211 367 6745736
3304 371 6745739
3304 373 6745742
3308 374 6745745
3307 369 6745748
3306 374 6745751
3309 373 6745754
3310 370 6745757
3308 375 6745760
3308 372 6745763
3309 371 6745766
3307 370 6745769
3308 373 6745772
3307 366 6745775
3217 372 6745778
3306 373 6745781
3306 371 6745784
3306 372 6745787
3307 372 6745790
3307 375 6745793
3309 371 6745796
3307 378 6745799
3307 371 6745802
3304 372 6745805
3308 373 6745808
3306 373 6745811
3306 372 6745814
3309 355 6745817
3330 373 6745820
3307 370 6745823
3313 376 6745826
3319 376 6745829
3300 369 6745832
3312 372 6745835
3309 368 6745838
3306 375 6745841
3313 372 6745844
3307 369 6745847
3309 374 6745850
3307 369 6745853
3309 372 6745856
3308 381 6745859
3292 376 6745862
3311 375 6745865
3288 361 6745868
3309 380 6745871
3311 372 6745874
3303 377 6745877
3304 379 6745880
3305 379 6745883
3303 379 6745886
3303 380 6745889
3303 383 6745892
3304 382 6745895
3303 380 6745898
3298 381 6745901
3304 371 6745904
3300 382 6745907
3321 394 6745910
3287 376 6745913
3306 388 6745916
3302 383 6745919
3297 381 6745922
3302 383 6745925
3301 382 6745928
3301 384 6745931
3301 383 6745934
3301 382 6745937
3300 382 6745940
3299 384 6745943
3288 391 6745946
3299 384 6745949
3297 387 6745952
3301 392 6745955
3305 376 6745958
3294 386 6745961
3304 384 6745964
3299 380 6745967
3300 384 6745970
3303 386 6745973
3302 381 6745976
3300 385 6745979
3301 381 6745982
3302 380 6745985
3300 383 6745988
3293 382 6745991
3300 399 6745994
3316 369 6745997
3292 382 6746001
3307 384 6746004
3303 378 6746007
3299 386 6746010
3302 383 6746013
3299 377 6746016
3305 378 6746019
3301 381 6746022
3304 380 6746025
3302 380 6746028
3303 362 6746031
3304 380 6746034
3303 388 6746037
3295 362 6746040
3317 385 6746043
3311 380 6746045
3297 376 6746048
3304 380 6746051
3302 379 6746054
3305 378 6746057
3303 381 6746060
3304 375 6746063
3304 377 6746066
3302 379 6746069
3302 376 6746072
3371 379 6746075
3300 379 6746078
3302 364 6746081
3289 387 6746084
3307 384 6746087
3306 374 6746090
3303 382 6746093
3310 379 6746096
3300 376 6746099
3305 379 6746102
3302 376 6746105
3306 376 6746108
3307 377 6746111
3301 378 6746114
3307 378 6746117
3306 373 6746120
3305 379 6746123
3306 360 6746126
3302 378 6746129
3311 379 6746132
3300 373 6746135
3305 377 6746138
3307 374 6746141
3302 379 6746144
3305 378 6746147
3310 376 6746150
3305 377 6746153
3304 377 6746156
3304 376 6746159
3307 366 6746162
3311 374 6746165
3305 379 6746168
3320 373 6746171
3297 373 6746174
3309 380 6746177
3307 373 6746180
3304 378 6746183
3307 372 6746186
3305 378 6746189
3307 377 6746192
3307 376 6746195
3304 373 6746198
3306 376 6746201
3304 371 6746204
3339 370 6746207
3303 378 6746210
3307 351 6746213
3344 376 6746216
3312 377 6746219
3301 370 6746222
3307 378 6746225
3308 377 6746228
3304 372 6746231
3308 376 6746234
3308 375 6746237
3308 371 6746240
3307 377 6746243
3308 377 6746246
3309 376 6746249
3286 373 6746252
3307 375 6746255
3304 389 6746258
3315 364 6746261
3304 376 6746264
3311 380 6746267
3307 369 6746270
3309 374 6746273
3306 377 6746276
3306 373 6746279
3306 373 6746282
3308 374 6746285
3306 373 6746288
3307 374 6746291
3309 374 6746294
3304 367 6746297
3309 369 6746300
3325 367 6746303
3297 394 6746306
3309 379 6746309
3310 372 6746312
3305 376 6746315
3310 372 6746318
3311 369 6746321
3306 374 6746324
3308 373 6746327
3307 371 6746330
3311 376 6746333
3308 375 6746336
3308 372 6746339
3306 363 6746342
3306 377 6746345
3326 368 6746348
3294 390 6746351
3308 377 6746354
3309 372 6746357
3306 375 6746360
3306 360 6746363
3309 375 6746366
3306 374 6746369
3309 372 6746372
3318 376 6746375
3310 375 6746378
3306 372 6746381
3308 373 6746384
3292 329 6746387
3307 372 6746390
3305 387 6746393
3313 366 6746396
3302 375 6746399
3312 373 6746402
3309 372 6746405
3307 373 6746408
3311 373 6746411
3308 373 6746414
3306 374 6746417
3308 373 6746420
3308 374 6746423
3308 374 6746426
3306 372 6746429
3382 393 6746432
3306 369 6746435
3308 361 6746438
3304 379 6746441
3313 366 6746444
3305 375 6746447
3310 375 6746450
3309 371 6746453
3308 376 6746456
3310 376 6746459
3307 373 6746462
3310 371 6746465
3305 371 6746468
3308 371 6746471
3310 372 6746474
3306 360 6746477
3307 372 6746480
3308 384 6746483
3321 363 6746486
3302 377 6746489
3313 376 6746492
3305 368 6746495
3306 374 6746498
3308 370 6746501
3308 371 6746504
3308 376 6746507
3308 375 6746510
3309 373 6746513
3309 371 6746516
3308 372 6746519
3311 373 6746522
3315 375 6746525
3307 370 6746528
3294 361 6746531
3312 371 6746534
3314 370 6746537
3304 373 6746540
3310 373 6746543
3310 372 6746546
3307 371 6746549
3310 371 6746552
3306 372 6746555
3310 374 6746558
3305 370 6746561
3309 372 6746564
3309 371 6746567
3354 545 6746570
3310 371 6746573
3307 388 6746576
3306 383 6746579
3313 364 6746582
3304 375 6746585
3314 373 6746588
3307 373 6746591
3309 373 6746594
3311 372 6746597
3306 374 6746600
3310 371 6746603
3309 372 6746606
3308 373 6746609
3309 374 6746612
3308 340 6746615
3405 373 6746618
3308 374 6746621
3306 386 6746624
3309 359 6746627
3304 377 6746630
3312 373 6746633
3307 371 6746636
3309 377 6746639
3309 372 6746642
3308 374 6746645
3309 371 6746648
3307 373 6746651
3308 370 6746654
3309 373 6746657
3307 369 6746660
3293 252 6746663
3309 369 6746666
3306 381 6746669
3316 365 6746672
3301 375 6746675
3313 376 6746678
3307 368 6746681
3308 373 6746684
3310 371 6746687
3310 378 6746690
3305 372 6746693
3310 371 6746696
3309 373 6746699
3303 372 6746702
3309 374 6746705
3309 356 6746708
3309 372 6746711
3309 378 6746714
3324 368 6746717
3298 378 6746720
3313 377 6746723
3309 368 6746726
3308 374 6746729
3311 373 6746732
3309 369 6746735
3311 374 6746738
3308 376 6746741
3310 372 6746744
3309 369 6746747
3306 373 6746750
3308 373 6746753
3304 385 6746756
3307 372 6746759
3324 363 6746762
3297 382 6746765
3312 376 6746768
3309 372 6746771
3307 375 6746774
3311 371 6746777
3306 370 6746780
3309 372 6746783
3311 370 6746786
3309 375 6746789
3306 374 6746792
3311 374 6746795
3310 371 6746798
3308 375 6746801
3311 374 6746804
3308 353 6746807
3293 378 6746810
3310 378 6746813
3306 366 6746816
3307 375 6746819
3311 373 6746822
3306 370 6746825
3311 373 6746828
3309 370 6746831
3308 371 6746834
3307 375 6746837
3307 372 6746840
3308 372 6746843
3310 379 6746846
3326 371 6746849
3310 375 6746852
3320 378 6746855
3316 369 6746858
3302 372 6746861
3309 373 6746864
3307 370 6746867
3308 372 6746870
3308 374 6746873
3307 371 6746876
3308 372 6746879
3309 375 6746882
3309 374 6746885
3307 374 6746888
3306 373 6746891
3295 364 6746894
3307 372 6746897
3322 379 6746900
3299 366 6746903
3314 377 6746906
3314 373 6746909
3304 373 6746912
3308 372 6746915
3310 372 6746918
3309 375 6746921
3306 372 6746924
3308 372 6746927
3307 366 6746930
3306 375 6746933
3307 372 6746936
3355 370 6746939
3308 373 6746942
3307 355 6746945
3306 376 6746948
3316 367 6746951
3295 372 6746954
3309 371 6746957
3308 370 6746960
3306 373 6746963
3311 372 6746966
3309 371 6746969
3306 377 6746972
3309 372 6746975
3309 371 6746978
3307 372 6746981
3308 377 6746984
3317 372 6746987
3305 368 6746990
3291 370 6746993
3309 377 6746996
3313 367 6747000
3305 375 6747003
3311 375 6747006
3310 373 6747009
3307 371 6747012
3307 373 6747015
3310 373 6747018
3311 372 6747021
3308 375 6747024
3308 374 6747027
3299 366 6747030
3309 373 6747033
3307 391 6747036
3314 349 6747039
3302 377 6747042
3317 375 6747044
3305 371 6747047
3308 374 6747050
3309 372 6747053
3306 373 6747056
3310 370 6747059
3307 374 6747062
3309 373 6747065
3308 371 6747068
3308 371 6747071
3306 371 6747074
3315 374 6747077
3310 392 6747080
3307 359 6747083
3303 374 6747086
3314 374 6747089
3305 370 6747092
3309 375 6747095
3309 373 6747098
3308 371 6747101
3308 373 6747104
3309 371 6747107
3309 372 6747110
3311 374 6747113
3310 376 6747116
3305 376 6747119
3310 375 6747122
3308 383 6747125
3294 360 6747128
3311 375 6747131
3311 372 6747134
3305 373 6747137
3310 372 6747140
3307 373 6747143
3309 379 6747146
3310 372 6747149
3306 369 6747152
3309 374 6747155
3309 373 6747158
3309 371 6747161
3303 549 6747164
3313 372 6747167
3310 351 6747170
3316 368 6747173
3315 368 6747176
3302 372 6747179
3315 374 6747182
3306 371 6747185
3309 375 6747188
3312 369 6747191
3308 371 6747194
3309 373 6747197
3310 373 6747200
3310 372 6747203
3307 373 6747206
3292 380 6747209
3309 370 6747212
3305 389 6747215
3318 362 6747218
3304 374 6747221
3313 373 6747224
3308 367 6747227
3309 374 6747230
3311 370 6747233
3309 373 6747236
3305 373 6747239
3308 370 6747242
3309 375 6747245
3312 375 6747248
3306 409 6747251
3307 371 6747254
3308 372 6747257
3285 369 6747260
3308 378 6747263
3314 369 6747266
3303 376 6747269
3312 373 6747272
3310 372 6747275
3309 374 6747278
3312 373 6747281
3307 370 6747284
3308 372 6747287
3308 370 6747290
3311 370 6747293
3306 353 6747296
3309 372 6747299
3310 370 6747302
3322 380 6747305
3299 366 6747308
3310 375 6747311
3313 371 6747314
3305 369 6747317
3311 372 6747320
3308 372 6747323
3309 370 6747326
3308 373 6747329
3309 372 6747332
3311 374 6747335
3308 373 6747338
3397 370 6747341
3311 370 6747344
3308 349 6747347
3318 372 6747350
3319 374 6747353
3292 367 6747356
3309 373 6747359
3310 372 6747362
3306 384 6747365
3310 374 6747368
3309 372 6747371
3309 372 6747374
3311 372 6747377
3309 371 6747380
3308 369 6747383
3312 368 6747386
3306 369 6747389
3326 377 6747392
3295 366 6747395
3311 380 6747398
3312 371 6747401
3305 370 6747404
3309 374 6747407
3308 372 6747410
3311 374 6747413
3309 373 6747416
3309 373 6747419
3309 370 6747422
3310 372 6747425
3310 356 6747428
3289 374 6747431
3308 373 6747434
3301 386 6747437
3313 363 6747440
3305 377 6747443
3312 375 6747446
3305 370 6747449
3312 375 6747452
3307 371 6747455
3309 373 6747458
3310 373 6747461
3309 371 6747464
3306 376 6747467
3308 371 6747470
3292 372 6747473
3306 371 6747476
3307 353 6747479
3300 372 6747482
3312 377 6747485
3305 370 6747488
3310 374 6747491
3309 374 6747494
3309 370 6747497
3310 373 6747500
3308 371 6747503
3309 370 6747506
3308 373 6747509
3310 375 6747512
3307 371 6747515
3299 361 6747518
3307 375 6747521
3313 386 6747524
3300 362 6747527
3318 376 6747530
3315 372 6747533
3305 369 6747536
3308 374 6747539
3310 371 6747542
3310 371 6747545
3307 372 6747548
3309 373 6747551
3308 376 6747554
3307 373 6747557
3309 372 6747560
2904 375 6747563
3310 374 6747566
3288 370 6747569
3312 380 6747572
3303 365 6747575
3308 377 6747578
3310 372 6747581
3309 371 6747584
3309 371 6747587
3310 368 6747590
3309 372 6747593
3308 374 6747596
3307 373 6747599
3308 372 6747602
3309 368 6747605
3304 371 6747608
3309 388 6747611
3322 359 6747614
3299 375 6747617
3314 375 6747620
3305 366 6747623
3305 376 6747626
3309 369 6747629
3306 373 6747632
3309 373 6747635
3308 371 6747638
3310 375 6747641
3311 373 6747644
3308 370 6747647
