226 1987 4114064
227 1982 4114067
228 1964 4114070
226 1979 4114073
230 1983 4114076
223 1971 4114079
216 1993 4114082
233 1983 4114085
224 1983 4114088
227 1988 4114091
229 1981 4114094
225 1984 4114097
222 1984 4114100
227 1982 4114103
228 1985 4114106
223 1981 4114109
223 1984 4114112
226 1997 4114115
227 1983 4114118
233 1979 4114121
232 1978 4114124
228 1991 4114127
227 1981 4114130
223 1981 4114133
224 1984 4114136
226 1985 4114139
226 1984 4114142
227 1985 4114145
225 1985 4114148
227 1985 4114151
225 1985 4114154
227 1985 4114157
224 1984 4114160
230 2008 4114163
226 1985 4114166
217 1981 4114169
233 1986 4114172
224 1983 4114175
224 1983 4114178
228 1986 4114181
229 1988 4114184
227 1982 4114187
227 1984 4114190
225 1985 4114193
225 1986 4114196
228 1983 4114199
222 1983 4114202
227 2004 4114205
238 1977 4114208
222 1978 4114211
231 1993 4114214
228 1984 4114217
225 1986 4114220
229 1987 4114223
226 1983 4114226
224 1983 4114229
227 1983 4114232
222 1982 4114235
226 1985 4114238
230 1984 4114241
222 1984 4114244
228 1999 4114247
237 1979 4114250
225 1978 4114253
228 1988 4114256
228 1983 4114259
224 1986 4114262
225 1983 4114265
224 1981 4114268
227 1984 4114271
224 1985 4114274
223 1984 4114277
224 1983 4114280
224 2010 4114283
222 1984 4114286
234 2009 4114289
215 1987 4114292
216 1984 4114295
235 1987 4114298
221 1980 4114301
224 1987 4114304
228 1986 4114307
222 1985 4114310
225 1986 4114313
225 1986 4114316
226 1989 4114319
223 1983 4114322
225 1987 4114325
223 1985 4114328
237 1968 4114331
226 1973 4114334
225 1996 4114337
229 1973 4114340
221 1983 4114343
225 1985 4114346
227 1984 4114349
247 1986 4114352
225 1984 4114355
224 1984 4114358
227 1983 4114361
225 2032 4114364
222 1980 4114367
231 1984 4114370
231 1975 4114373
214 1993 4114376
231 1983 4114379
224 1982 4114382
227 1990 4114385
224 1985 4114388
225 1981 4114391
226 1985 4114394
223 1985 4114397
223 1983 4114400
228 1985 4114403
228 1982 4114406
245 1981 4114409
225 1985 4114412
213 1997 4114415
235 1980 4114418
220 1979 4114421
226 1989 4114424
227 1985 4114427
223 1983 4114430
227 1984 4114433
222 1983 4114436
229 1987 4114439
224 1984 4114442
223 1985 4114445
227 1983 4114448
238 1983 4114451
226 1998 4114454
242 1983 4114457
224 1976 4114460
227 1989 4114463
223 1981 4114466
224 1988 4114469
229 1989 4114472
223 1981 4114475
224 1988 4114478
228 1987 4114481
224 1987 4114484
226 1986 4114487
164 1984 4114490
223 1989 4114493
223 1987 4114496
222 1972 4114499
232 1992 4114502
218 1981 4114505
219 1984 4114508
226 1985 4114511
226 1985 4114514
225 1986 4114517
227 1986 4114520
225 1984 4114523
228 1983 4114526
225 1981 4114529
230 2020 4114532
226 1987 4114535
225 1981 4114538
247 1991 4114541
223 1979 4114544
223 1991 4114547
230 1986 4114550
223 1984 4114553
227 1983 4114556
223 1984 4114559
224 1984 4114562
228 1984 4114565
224 1985 4114568
227 1985 4114571
224 1984 4114574
224 1985 4114577
240 1966 4114580
227 1974 4114583
224 1992 4114586
229 1982 4114589
221 1985 4114592
226 1986 4114595
225 1983 4114598
225 1984 4114601
227 1984 4114604
224 1985 4114607
224 1987 4114610
227 2012 4114613
275 1985 4114616
228 1986 4114619
224 1971 4114622
226 1995 4114625
227 1980 4114628
221 1983 4114631
230 1987 4114634
227 1983 4114637
222 1984 4114640
228 1984 4114643
225 1982 4114646
228 1988 4114649
226 1981 4114652
225 1982 4114655
261 1981 4114658
223 1987 4114661
236 1999 4114664
218 1990 4114667
221 1988 4114670
229 1985 4114673
222 1982 4114676
236 1987 4114679
225 1988 4114682
224 1986 4114685
227 1981 4114688
221 1984 4114691
226 1983 4114694
224 1982 4114697
232 1983 4114700
226 1968 4114703
214 1983 4114706
216 1986 4114709
231 1986 4114712
221 1983 4114715
224 1986 4114718
225 1982 4114721
223 1986 4114724
224 1984 4114727
225 1985 4114730
224 1984 4114733
228 1983 4114736
187 1986 4114739
221 1986 4114742
224 1989 4114745
213 1978 4114748
237 1996 4114751
226 1981 4114754
224 1986 4114757
228 1982 4114760
224 1982 4114763
228 1985 4114766
227 1986 4114769
222 1983 4114772
224 1984 4114775
226 1984 4114778
219 1969 4114781
230 1984 4114784
227 1968 4114787
219 1996 4114790
229 1976 4114793
220 1982 4114796
230 1990 4114799
230 1984 4114802
223 1985 4114805
225 1984 4114808
225 1983 4114811
226 1984 4114814
227 1984 4114817
224 1984 4114820
230 1931 4114823
222 1982 4114826
225 1986 4114829
245 1965 4114832
227 1980 4114835
220 1986 4114838
224 1982 4114841
223 1985 4114844
226 1985 4114847
223 1983 4114850
228 1986 4114853
226 1982 4114856
222 1983 4114859
225 1982 4114862
226 1992 4114865
224 1984 4114868
225 2003 4114871
234 1981 4114874
219 1974 4114877
228 1987 4114880
226 1982 4114883
225 1984 4114886
228 1984 4114889
223 1983 4114892
226 1984 4114895
227 1986 4114898
227 1985 4114901
223 1982 4114904
228 1986 4114907
226 1984 4114910
242 1984 4114913
222 1980 4114916
222 1992 4114919
232 1986 4114922
224 1980 4114925
227 1985 4114928
220 1982 4114931
225 1986 4114934
225 1983 4114937
226 1985 4114940
226 1985 4114943
227 1987 4114946
228 1986 4114949
224 1987 4114952
211 1989 4114955
219 1972 4114958
230 1992 4114961
226 1981 4114964
225 1988 4114967
224 1983 4114970
225 1989 4114973
228 1984 4114976
224 1983 4114979
224 1986 4114982
227 1983 4114985
226 1986 4114988
223 1981 4114991
224 1986 4114994
221 1992 4114997
214 1978 4115001
236 1990 4115004
222 1977 4115007
226 1988 4115010
225 1986 4115013
225 1975 4115016
227 1983 4115019
225 1984 4115022
222 1984 4115025
229 1985 4115028
226 1963 4115031
226 1978 4115033
226 1986 4115036
215 1983 4115039
214 1979 4115042
236 1987 4115045
223 1984 4115048
224 1989 4115051
229 1984 4115054
225 1984 4115057
226 1987 4115060
228 1986 4115063
227 1985 4115066
226 1985 4115069
224 1920 4115072
227 1984 4115075
227 1983 4115078
231 1981 4115081
214 1990 4115084
234 1985 4115087
220 1980 4115090
228 1986 4115093
228 1984 4115096
221 1985 4115099
228 1985 4115102
228 1983 4115105
226 1986 4115108
225 1984 4115111
223 1730 4115114
225 1984 4115117
229 1983 4115120
231 1979 4115123
212 1990 4115126
235 1988 4115129
220 1980 4115132
228 1989 4115135
227 1983 4115138
223 1984 4115141
227 1985 4115144
225 1985 4115147
226 1984 4115150
224 1986 4115153
229 1742 4115156
227 1979 4115159
226 1986 4115162
231 1982 4115165
215 1990 4115168
236 1986 4115171
220 1983 4115174
228 1989 4115177
225 1982 4115180
226 1983 4115183
227 1983 4115186
228 1983 4115189
229 1986 4115192
231 1986 4115195
225 2079 4115198
225 1979 4115201
229 1982 4115204
228 1985 4115207
215 1989 4115210
233 1983 4115213
227 1983 4115216
225 1987 4115219
225 1983 4115222
223 1984 4115225
229 1986 4115228
224 1983 4115231
224 1983 4115234
226 1984 4115237
226 1986 4115240
226 1983 4115243
226 1983 4115246
214 1986 4115249
211 1980 4115252
237 1988 4115255
224 1980 4115258
222 1985 4115261
225 1983 4115264
225 1984 4115267
227 1985 4115270
226 1986 4115273
227 1983 4115276
224 1983 4115279
225 1972 4115282
227 1978 4115285
226 1984 4115288
231 1970 4115291
222 1998 4115294
231 1980 4115297
223 1985 4115300
229 1985 4115303
226 1986 4115306
225 1986 4115309
227 1983 4115312
223 1984 4115315
224 1984 4115318
226 1981 4115321
225 2009 4115324
180 1991 4115327
223 1984 4115330
209 1984 4115333
238 1990 4115336
222 1980 4115339
224 2010 4115342
227 1983 4115345
223 1984 4115348
225 1983 4115351
223 1983 4115354
224 1985 4115357
226 1984 4115360
222 1981 4115363
226 1988 4115366
201 1982 4115369
227 1987 4115372
219 2003 4115375
234 1980 4115378
222 1979 4115381
226 1986 4115384
222 1981 4115387
222 1987 4115390
227 1985 4115393
223 1981 4115396
225 1985 4115399
228 1984 4115402
226 1986 4115405
224 1990 4115408
247 1982 4115411
226 1985 4115414
240 2000 4115417
218 1976 4115420
222 1984 4115423
230 1983 4115426
222 1982 4115429
226 1989 4115432
225 1984 4115435
223 1986 4115438
224 1984 4115441
228 1984 4115444
225 1983 4115447
226 1982 4115450
241 1983 4115453
226 1993 4115456
248 1987 4115459
217 1973 4115462
227 1990 4115465
231 1982 4115468
223 1985 4115471
228 1987 4115474
226 1982 4115477
224 1985 4115480
224 1984 4115483
225 1983 4115486
229 1986 4115489
225 1986 4115492
234 1980 4115495
225 2006 4115498
204 1989 4115501
217 1980 4115504
232 1989 4115507
227 1981 4115510
222 1985 4115513
227 1984 4115516
224 1979 4115519
227 1986 4115522
227 1984 4115525
221 1984 4115528
228 1990 4115531
227 1986 4115534
230 1982 4115537
226 1979 4115540
227 1979 4115543
218 1988 4115546
233 1985 4115549
225 1983 4115552
227 1985 4115555
227 1983 4115558
225 1984 4115561
227 1984 4115564
226 1984 4115567
223 1983 4115570
224 1986 4115573
227 1985 4115576
233 1984 4115579
226 1973 4115582
222 1972 4115585
220 1991 4115588
233 1983 4115591
221 1981 4115594
225 1986 4115597
225 1983 4115600
223 1989 4115603
229 1984 4115606
226 1982 4115609
225 1985 4115612
226 1984 4115615
228 1981 4115618
231 1986 4115621
226 1992 4115624
218 1973 4115627
214 1989 4115630
233 1988 4115633
223 1981 4115636
227 1987 4115639
226 1984 4115642
224 1984 4115645
227 1987 4115648
227 1983 4115651
229 1984 4115654
226 1985 4115657
223 1981 4115660
224 1985 4115663
228 1988 4115666
241 1986 4115669
221 1976 4115672
220 1988 4115675
228 1985 4115678
220 1981 4115681
223 1988 4115684
225 1983 4115687
226 1985 4115690
220 1984 4115693
225 1985 4115696
225 1985 4115699
221 2032 4115702
228 1980 4115705
225 1979 4115708
225 1973 4115711
227 1994 4115714
228 1980 4115717
221 1983 4115720
228 1988 4115723
225 1983 4115726
224 1983 4115729
227 1987 4115732
227 1986 4115735
224 1986 4115738
224 1985 4115741
225 1984 4115744
220 2017 4115747
220 1986 4115750
226 2003 4115753
235 1985 4115756
221 1976 4115759
229 1992 4115762
227 1983 4115765
225 1988 4115768
226 1987 4115771
225 1984 4115774
226 1986 4115777
221 1982 4115780
222 1985 4115783
226 1986 4115786
226 1982 4115789
236 1980 4115792
225 2008 4115795
238 1985 4115798
220 1980 4115801
232 1990 4115804
225 1981 4115807
223 1985 4115810
225 1983 4115813
222 1985 4115816
227 1985 4115819
226 1984 4115822
224 1986 4115825
225 1985 4115828
227 1983 4115831
225 1978 4115834
222 1986 4115837
241 2003 4115840
216 1983 4115843
216 1989 4115846
230 1983 4115849
223 1984 4115852
225 1987 4115855
225 1984 4115858
225 1987 4115861
225 1983 4115864
226 1985 4115867
229 1985 4115870
225 1980 4115873
223 1981 4115876
188 1985 4115879
223 1982 4115882
219 2006 4115885
237 1981 4115888
221 1980 4115891
226 1986 4115894
230 1981 4115897
224 1986 4115900
224 1984 4115903
225 1982 4115906
225 1986 4115909
223 1980 4115912
225 1984 4115915
228 1984 4115918
226 1984 4115921
242 1983 4115924
225 2008 4115927
230 1982 4115930
215 1982 4115933
231 1990 4115936
224 1982 4115939
222 1983 4115942
227 1984 4115945
223 1985 4115948
226 1986 4115951
226 1983 4115954
223 1983 4115957
225 1984 4115960
226 1983 4115963
225 1985 4115966
233 1985 4115969
225 1974 4115972
226 1969 4115975
223 1992 4115978
227 1980 4115981
222 1982 4115984
230 1986 4115987
222 1981 4115990
224 1984 4115993
228 1986 4115996
225 1987 4116000
226 1983 4116003
225 1990 4116006
225 1986 4116009
223 1983 4116012
235 1984 4116015
224 1980 4116018
218 1981 4116021
221 1988 4116024
232 1986 4116027
221 1982 4116030
225 1987 4116033
228 1986 4116036
224 1988 4116038
225 1985 4116041
225 1984 4116044
224 1985 4116047
224 1986 4116050
224 1987 4116053
227 2001 4116056
189 1987 4116059
224 1981 4116062
226 2003 4116065
230 1980 4116068
219 1982 4116071
229 1987 4116074
225 1985 4116077
224 1987 4116080
226 1983 4116083
223 1985 4116086
225 1987 4116089
224 1983 4116092
225 1984 4116095
226 1986 4116098
228 1984 4116101
224 1989 4116104
224 1986 4116107
200 1971 4116110
219 1978 4116113
227 1991 4116116
223 1984 4116119
223 1987 4116122
226 1981 4116125
223 1984 4116128
228 1986 4116131
225 1985 4116134
223 1983 4116137
224 1986 4116140
228 1986 4116143
226 1982 4116146
225 1986 4116149
222 1985 4116152
222 1980 4116155
209 1992 4116158
236 1983 4116161
224 1981 4116164
223 1986 4116167
224 1982 4116170
225 1984 4116173
226 1984 4116176
221 1985 4116179
223 1982 4116182
223 1981 4116185
220 1989 4116188
227 1986 4116191
225 2053 4116194
265 1984 4116197
226 1984 4116200
204 1997 4116203
240 1972 4116206
225 1983 4116209
225 1989 4116212
226 1980 4116215
217 1986 4116218
226 1987 4116221
225 1984 4116224
222 1981 4116227
226 1985 4116230
226 1985 4116233
225 1983 4116236
225 1985 4116239
249 2378 4116242
225 1987 4116245
222 1974 4116248
239 1994 4116251
221 1984 4116254
219 1986 4116257
226 1984 4116260
224 1984 4116263
228 1985 4116266
225 1984 4116269
223 1985 4116272
226 1985 4116275
224 1985 4116278
226 1986 4116281
225 1982 4116284
223 1944 4116287
260 1983 4116290
224 1984 4116293
222 2001 4116296
229 1987 4116299
220 1977 4116302
226 1988 4116305
226 1984 4116308
223 1989 4116311
230 1983 4116314
224 1982 4116317
224 1983 4116320
224 1987 4116323
224 1984 4116326
226 1983 4116329
227 1985 4116332
246 1957 4116335
230 1984 4116338
225 1993 4116341
239 1968 4116344
228 1979 4116347
225 1986 4116350
229 1983 4116353
222 1983 4116356
224 1982 4116359
226 1986 4116362
227 1985 4116365
223 1984 4116368
228 1988 4116371
227 1985 4116374
226 1986 4116377
225 2003 4116380
156 1985 4116383
225 1986 4116386
234 1996 4116389
221 1980 4116392
217 1987 4116395
229 1984 4116398
223 1983 4116401
226 1988 4116404
226 1982 4116407
224 1984 4116410
223 1985 4116413
224 1984 4116416
223 1985 4116419
223 1985 4116422
225 1983 4116425
225 2016 4116428
225 1984 4116431
234 2003 4116434
218 1987 4116437
217 1987 4116440
231 1989 4116443
221 1983 4116446
224 1983 4116449
224 1984 4116452
223 1984 4116455
225 1983 4116458
226 1989 4116461
228 1985 4116464
221 1982 4116467
226 1986 4116470
225 1987 4116473
231 1985 4116476
227 1974 4116479
228 1978 4116482
219 1991 4116485
228 1983 4116488
221 1980 4116491
227 1986 4116494
226 1984 4116497
221 1983 4116500
224 1985 4116503
227 1987 4116506
226 1986 4116509
223 1985 4116512
225 1984 4116515
225 2115 4116518
224 1977 4116521
223 1983 4116524
216 1982 4116527
236 1991 4116530
221 1979 4116533
219 1988 4116536
228 1985 4116539
223 1985 4116542
225 1986 4116545
225 1984 4116548
224 1984 4116551
225 1982 4116554
224 1983 4116557
226 1983 4116560
226 1984 4116563
221 2010 4116566
225 1986 4116569
232 1978 4116572
226 1975 4116575
223 1992 4116578
228 1981 4116581
222 1986 4116584
225 1983 4116587
227 1984 4116590
226 1985 4116593
225 1984 4116596
223 1985 4116599
225 1982 4116602
224 1985 4116605
225 1985 4116608
282 1952 4116611
229 1986 4116614
225 1980 4116617
240 1993 4116620
216 1976 4116623
223 1988 4116626
229 1987 4116629
221 1979 4116632
222 1986 4116635
227 1984 4116638
228 1985 4116641
227 1987 4116644
226 1984 4116647
223 1983 4116650
223 1984 4116653
308 1984 4116656
223 1988 4116659
212 1972 4116662
219 1997 4116665
236 1983 4116668
221 1997 4116671
227 1987 4116674
226 1982 4116677
225 1982 4116680
227 1986 4116683
225 1984 4116686
224 1984 4116689
227 1984 4116692
223 1980 4116695
222 1984 4116698
277 2007 4116701
226 1986 4116704
225 1980 4116707
236 1993 4116710
216 1974 4116713
221 1985 4116716
228 1984 4116719
221 1981 4116722
225 1986 4116725
224 1986 4116728
224 1983 4116731
225 1985 4116734
226 1985 4116737
224 1985 4116740
223 1986 4116743
226 1985 4116746
223 1986 4116749
243 1938 4116752
227 1974 4116755
221 1992 4116758
232 1986 4116761
222 1983 4116764
228 1987 4116767
224 1984 4116770
223 1992 4116773
226 1986 4116776
228 1986 4116779
225 1986 4116782
225 1982 4116785
224 1735 4116788
226 1981 4116791
228 1983 4116794
220 1969 4116797
233 1995 4116800
228 1980 4116803
222 1988 4116806
228 1986 4116809
224 1983 4116812
226 1984 4116815
221 1984 4116818
224 1983 4116821
226 1986 4116824
226 1987 4116827
222 1984 4116830
226 1986 4116833
219 1982 4116836
225 2003 4116839
232 1986 4116842
220 1975 4116845
228 1995 4116848
226 1980 4116851
221 1984 4116854
228 1988 4116857
224 1984 4116860
220 1982 4116863
226 1981 4116866
226 1984 4116869
224 1986 4116872
222 1984 4116875
262 2118 4116878
225 1987 4116881
224 1970 4116884
239 1993 4116887
223 1980 4116890
220 1987 4116893
226 1986 4116896
223 1984 4116899
227 1986 4116902
225 1985 4116905
224 1984 4116908
227 1987 4116911
227 1985 4116914
226 1984 4116917
225 1985 4116920
226 1979 4116923
228 1985 4116926
227 1969 4116929
221 1994 4116932
230 1981 4116935
220 1985 4116938
228 1988 4116941
227 1981 4116944
226 1986 4116947
226 1985 4116950
223 1983 4116953
228 1983 4116956
227 1987 4116959
222 1983 4116962
224 1986 4116965
240 1983 4116968
227 1964 4116971
217 1982 4116974
219 1989 4116977
230 1988 4116980
219 1981 4116983
225 1986 4116986
230 1986 4116989
224 1984 4116992
222 1978 4116995
222 1980 4116999
226 1984 4117002
225 1984 4117005
225 1983 4117008
219 1998 4117011
223 1986 4117014
245 2001 4117017
219 1978 4117020
220 1987 4117023
230 1983 4117026
224 1978 4117029
225 1989 4117031
226 1982 4117034
224 1988 4117037
227 1984 4117040
227 1983 4117043
224 1985 4117046
221 1986 4117049
224 1988 4117052
239 1985 4117055
225 2002 4117058
203 1981 4117061
216 1984 4117064
234 1990 4117067
224 1978 4117070
224 1985 4117073
226 1983 4117076
222 1982 4117079
226 1984 4117082
227 1985 4117085
225 1981 4117088
226 1985 4117091
228 1984 4117094
226 1991 4117097
222 1987 4117100
216 1987 4117103
214 1979 4117106
234 1989 4117109
222 1981 4117112
225 1985 4117115
227 1984 4117118
223 1983 4117121
224 1985 4117124
226 1985 4117127
225 1985 4117130
225 1986 4117133
224 1983 4117136
0 1985 4117139
220 1986 4117142
216 1985 4117145
211 1982 4117148
247 1989 4117151
241 1977 4117154
242 1986 4117157
245 1995 4117160
235 2049 4117163
238 2125 4117166
243 2163 4117169
241 2166 4117172
239 2148 4117175
235 2140 4117178
237 2189 4117181
79 2144 4117184
236 2144 4117187
223 2154 4117190
254 2149 4117193
233 2140 4117196
234 2151 4117199
240 2145 4117202
239 2149 4117205
238 2144 4117208
236 2144 4117211
241 2149 4117214
240 2146 4117217
235 2147 4117220
240 2146 4117223
243 2131 4117226
237 2146 4117229
238 2161 4117232
253 2138 4117235
234 2141 4117238
241 2149 4117241
240 2144 4117244
239 2149 4117247
240 2137 4117250
236 2143 4117253
236 2145 4117256
236 2146 4117259
238 2148 4117262
236 2146 4117265
237 2147 4117268
249 2143 4117271
238 2165 4117274
209 2142 4117277
231 2143 4117280
244 2149 4117283
234 2140 4117286
237 2147 4117289
239 2147 4117292
239 2147 4117295
236 2147 4117298
238 2143 4117301
237 2149 4117304
238 2145 4117307
237 2144 4117310
239 2157 4117313
240 2148 4117316
242 2146 4117319
231 2149 4117322
249 2140 4117325
235 2143 4117328
238 2147 4117331
241 2148 4117334
224 2145 4117337
237 2146 4117340
242 2147 4117343
240 2144 4117346
241 2144 4117349
241 2143 4117352
270 2147 4117355
242 2146 4117358
245 2140 4117361
233 2148 4117364
262 2144 4117367
245 2139 4117370
252 2147 4117373
252 2142 4117376
255 2144 4117379
255 2142 4117382
253 2140 4117385
255 2143 4117388
256 2139 4117391
258 2147 4117394
258 2146 4117397
257 2130 4117400
260 2141 4117403
252 2128 4117406
267 2152 4117409
259 2135 4117412
256 2144 4117415
259 2139 4117418
261 2139 4117421
259 2141 4117424
261 2143 4117427
259 2141 4117430
259 2143 4117433
258 2141 4117436
259 2141 4117439
463 2143 4117442
253 2146 4117445
258 2126 4117448
246 2142 4117451
268 2146 4117454
256 2139 4117457
257 2146 4117460
261 2142 4117463
256 2141 4117466
257 2142 4117469
260 2140 4117472
255 2141 4117475
256 2142 4117478
258 2143 4117481
253 2140 4117484
259 2171 4117487
253 2142 4117490
269 2131 4117493
245 2136 4117496
260 2151 4117499
258 2139 4117502
252 2143 4117505
258 2142 4117508
253 2141 4117511
254 2144 4117514
253 2140 4117517
250 2142 4117520
254 2142 4117523
254 2144 4117526
251 2116 4117529
275 2138 4117532
250 2142 4117535
281 2162 4117538
244 2127 4117541
247 2147 4117544
253 2145 4117547
244 2140 4117550
250 2145 4117553
252 2144 4117556
248 2145 4117559
253 2143 4117562
249 2143 4117565
248 2144 4117568
250 2142 4117571
247 2147 4117574
235 2154 4117577
251 2114 4117580
219 2146 4117583
263 2152 4117586
248 2139 4117589
245 2146 4117592
253 2144 4117595
248 2141 4117598
247 2145 4117601
245 2141 4117604
245 2145 4117607
249 2143 4117610
249 2144 4117613
244 2144 4117616
212 2149 4117619
251 2146 4117622
242 2165 4117625
273 2149 4117628
234 2132 4117631
243 2151 4117634
247 2140 4117637
245 2142 4117640
250 2146 4117643
247 2144 4117646
243 2144 4117649
246 2148 4117652
249 2146 4117655
243 2146 4117658
245 2144 4117661
212 2191 4117664
235 2145 4117667
268 2172 4117670
231 2121 4117673
241 2151 4117676
251 2145 4117679
237 2141 4117682
245 2144 4117685
247 2143 4117688
242 2144 4117691
225 1817 4103289
226 1816 4103292
229 1825 4103295
226 1821 4103298
226 1819 4103301
226 1821 4103304
227 1821 4103307
226 1822 4103311
227 1819 4103313
228 1824 4103316
227 1824 4103319
228 1821 4103322
228 1822 4103325
232 1823 4103328
230 1819 4103331
227 1820 4103334
229 1823 4103337
225 1822 4103340
227 1822 4103344
227 1820 4103346
231 1821 4103349
229 1824 4103352
227 1821 4103355
229 1822 4103358
227 1822 4103361
228 1823 4103364
229 1823 4103367
0 1823 4103370
230 1825 4103373
228 1825 4103377
229 1822 4103379
227 1827 4103382
228 1823 4103385
228 1822 4103388
233 1820 4103391
226 1822 4103394
224 1820 4103397
224 1819 4103400
226 1816 4103403
227 1823 4103406
227 1824 4103410
226 1819 4103412
238 1755 4103415
223 1822 4103418
229 1821 4103421
225 1821 4103424
229 1822 4103427
225 1822 4103430
223 1820 4103433
226 1822 4103436
229 1822 4103439
230 1823 4103443
231 1821 4103445
234 1824 4103448
234 1823 4103451
236 1821 4103454
240 1822 4103457
239 1785 4103460
239 1822 4103463
240 1818 4103466
242 1823 4103469
243 1821 4103472
245 1823 4103476
243 1820 4103478
246 1822 4103481
245 1824 4103484
246 1824 4103487
245 1822 4103490
243 1820 4103493
247 1822 4103496
248 1823 4103499
243 1820 4103502
248 1823 4103505
250 1821 4103509
246 1821 4103511
249 1820 4103514
246 1823 4103517
250 1821 4103520
246 1820 4103523
246 1821 4103526
247 1821 4103529
246 1818 4103532
247 1822 4103535
245 1822 4103538
246 1822 4103542
248 1818 4103544
246 1827 4103547
248 1823 4103550
244 1821 4103553
243 1818 4103556
243 1821 4103559
245 1820 4103562
242 1821 4103565
242 1821 4103568
245 1822 4103571
244 1820 4103575
244 1820 4103577
244 1821 4103580
243 1823 4103583
0 1819 4103586
243 1823 4103589
242 1821 4103592
245 1826 4103595
241 1822 4103598
237 1821 4103601
243 1821 4103604
244 1823 4103608
239 1818 4103610
240 1821 4103613
238 1822 4103616
241 1821 4103619
242 1820 4103622
240 1822 4103625
240 1822 4103628
239 1715 4103631
239 1813 4103634
241 1823 4103637
237 1821 4103641
237 1817 4103643
239 1824 4103646
238 1824 4103649
238 1822 4103652
237 1821 4103655
236 1822 4103658
237 1821 4103661
235 1818 4103664
237 1820 4103667
237 1823 4103670
315 1821 4103674
235 1871 4103676
236 1823 4103679
235 1820 4103682
238 1821 4103685
237 1822 4103688
233 1822 4103691
235 1819 4103694
232 1821 4103697
233 1819 4103700
233 1820 4103703
232 1821 4103707
233 1824 4103709
236 1821 4103712
233 1820 4103715
210 1829 4103718
234 1820 4103721
232 1821 4103724
233 1820 4103727
233 1821 4103730
233 1820 4103733
233 1821 4103736
234 1823 4103740
235 1818 4103742
234 1824 4103745
231 1825 4103748
233 1824 4103751
232 1821 4103754
232 1822 4103757
239 1822 4103760
232 1770 4103763
231 1821 4103766
231 1821 4103769
234 1823 4103773
230 1819 4103775
233 1822 4103778
233 1823 4103781
229 1821 4103784
233 1822 4103787
231 1824 4103790
230 1820 4103793
230 1820 4103796
230 1822 4103799
232 1823 4103802
266 1816 4103806
233 1820 4103808
244 1822 4103811
234 1819 4103814
226 1822 4103817
232 1820 4103820
231 1825 4103823
227 1821 4103826
231 1822 4103829
227 1821 4103832
229 1823 4103835
230 1823 4103839
228 1819 4103841
228 1822 4103844
198 1819 4103847
229 1910 4103850
230 1820 4103853
228 1832 4103856
231 1831 4103859
223 1815 4103862
228 1822 4103865
229 1824 4103868
231 1824 4103872
229 1819 4103874
230 1823 4103877
230 1824 4103880
228 1824 4103883
229 1821 4103886
227 1823 4103889
256 1812 4103892
230 1823 4103895
266 1821 4103898
240 1822 4103901
222 1826 4103905
232 1816 4103907
229 1826 4103910
227 1822 4103913
232 1820 4103916
231 1822 4103919
227 1823 4103922
229 1824 4103925
230 1820 4103928
229 1823 4103931
208 1823 4103934
227 1888 4103938
226 1820 4103940
225 1832 4103943
228 1832 4103946
228 1813 4103949
233 1824 4103952
229 1824 4103955
226 1820 4103958
232 1822 4103961
226 1823 4103964
228 1822 4103967
232 1825 4103971
229 1823 4103973
229 1820 4103976
235 1805 4103979
231 1822 4103982
226 1821 4103985
236 1821 4103988
223 1826 4103991
229 1815 4103994
230 1826 4103999
228 1823 4104002
230 1822 4104005
228 1822 4104008
226 1821 4104011
229 1821 4104014
231 1822 4104017
230 1822 4104020
224 1903 4104023
230 1822 4104026
229 1802 4104029
230 1820 4104032
238 1819 4104035
223 1821 4104038
230 1824 4104041
227 1823 4104044
230 1821 4104047
225 1823 4104050
227 1820 4104053
226 1816 4104056
228 1822 4104059
230 1823 4104062
227 1811 4104065
0 1823 4104068
227 1823 4104071
203 1825 4104074
229 1834 4104077
227 1814 4104080
225 1828 4104083
229 1824 4104086
227 1820 4104089
226 1824 4104092
227 1822 4104095
224 1820 4104098
228 1824 4104101
228 1824 4104104
226 1824 4104107
209 1833 4104110
227 1822 4104113
229 1802 4104116
265 1822 4104119
233 1825 4104122
223 1818 4104125
230 1826 4104128
226 1820 4104131
224 1823 4104134
231 1824 4104137
227 1825 4104140
225 1825 4104143
227 1820 4104146
226 1822 4104149
223 1816 4104152
325 1827 4104155
230 1822 4104158
204 1836 4104161
226 1830 4104164
229 1814 4104167
226 1825 4104170
231 1827 4104173
228 1822 4104176
228 1821 4104179
227 1824 4104182
225 1821 4104185
229 1823 4104188
228 1823 4104191
226 1824 4104194
219 1884 4104197
225 1820 4104200
227 1801 4104203
233 1824 4104206
232 1824 4104209
224 1819 4104212
227 1827 4104215
227 1817 4104218
222 1818 4104221
227 1823 4104224
228 1823 4104227
224 1823 4104230
226 1822 4104233
224 1822 4104236
224 1822 4104239
247 1821 4104242
226 1823 4104245
201 1829 4104248
227 1829 4104251
222 1815 4104254
226 1827 4104257
232 1822 4104260
222 1820 4104263
229 1824 4104266
227 1821 4104269
226 1822 4104272
228 1823 4104275
228 1819 4104278
225 1825 4104281
232 1971 4104284
223 1821 4104287
226 1794 4104290
238 1819 4104293
232 1820 4104296
223 1825 4104299
229 1826 4104302
228 1822 4104305
225 1823 4104308
227 1821 4104311
223 1821 4104314
223 1822 4104317
225 1820 4104320
227 1824 4104323
230 1820 4104326
322 1820 4104329
226 1822 4104332
204 1821 4104335
230 1832 4104338
222 1816 4104341
225 1822 4104344
230 1824 4104347
225 1820 4104350
227 1821 4104353
228 1825 4104356
229 1824 4104359
224 1819 4104362
224 1822 4104365
226 1824 4104368
203 1894 4104371
230 1823 4104374
227 1837 4104377
223 1832 4104380
224 1822 4104383
224 1823 4104386
228 1824 4104389
225 1821 4104392
212 1824 4104395
228 1824 4104398
227 1824 4104401
227 1821 4104404
224 1821 4104407
227 1821 4104410
227 1803 4104413
173 1821 4104416
224 1824 4104419
225 1834 4104422
227 1816 4104425
220 1823 4104428
233 1823 4104431
227 1819 4104434
227 1824 4104437
226 1822 4104440
226 1819 4104443
225 1822 4104446
226 1818 4104449
223 1821 4104452
224 1820 4104455
214 1854 4104458
223 1822 4104461
225 1833 4104464
234 1814 4104467
221 1824 4104470
230 1825 4104473
225 1820 4104476
225 1825 4104479
223 1821 4104482
226 1823 4104485
227 1823 4104488
227 1825 4104491
224 1822 4104494
226 1821 4104497
228 1826 4104500
215 1820 4104503
224 1834 4104506
239 1815 4104509
220 1826 4104512
230 1824 4104515
225 1819 4104518
226 1824 4104521
227 1824 4104524
223 1823 4104527
227 1825 4104530
229 1822 4104533
225 1822 4104536
227 1824 4104539
226 1822 4104542
228 1822 4104545
227 1822 4104548
235 1809 4104551
221 1827 4104554
228 1826 4104557
221 1818 4104560
228 1821 4104563
230 1823 4104566
223 1824 4104569
227 1822 4104572
225 1821 4104575
224 1824 4104578
223 1820 4104581
231 1822 4104584
262 1816 4104587
229 1824 4104590
224 1803 4104593
236 1821 4104596
235 1830 4104599
221 1818 4104602
227 1824 4104605
225 1820 4104608
225 1824 4104611
226 1821 4104614
224 1821 4104617
226 1823 4104620
229 1822 4104623
224 1822 4104626
226 1789 4104629
208 1820 4104632
225 1823 4104635
247 1822 4104638
232 1829 4104641
220 1815 4104644
226 1825 4104647
227 1821 4104650
225 1825 4104653
230 1822 4104656
225 1821 4104659
226 1823 4104662
226 1824 4104665
225 1824 4104668
228 1825 4104671
210 1676 4104674
225 1821 4104677
225 1811 4104680
236 1828 4104683
217 1816 4104686
228 1823 4104689
224 1821 4104692
225 1821 4104695
230 1823 4104698
225 1822 4104701
224 1821 4104704
223 1819 4104707
225 1824 4104710
224 1823 4104713
227 1800 4104716
242 1823 4104719
241 1821 4104722
222 1834 4104725
223 1814 4104728
226 1825 4104731
228 1822 4104734
223 1823 4104737
226 1822 4104740
226 1821 4104743
224 1822 4104746
225 1821 4104749
224 1822 4104752
228 1824 4104755
225 1822 4104758
221 1850 4104761
226 1822 4104764
222 1838 4104767
222 1812 4104770
221 1828 4104773
228 1823 4104776
223 1821 4104779
226 1823 4104782
225 1825 4104785
225 1824 4104788
224 1822 4104791
226 1823 4104794
227 1824 4104797
228 1822 4104800
229 1825 4104803
222 1822 4104806
225 1837 4104809
227 1810 4104812
218 1827 4104815
228 1823 4104818
225 1821 4104821
227 1821 4104824
227 1820 4104827
225 1822 4104830
227 1825 4104833
226 1820 4104836
225 1822 4104839
229 1825 4104842
224 1818 4104845
222 1822 4104848
227 1823 4104851
234 1807 4104854
212 1828 4104857
226 1825 4104860
222 1821 4104863
226 1829 4104866
226 1823 4104869
223 1821 4104872
224 1822 4104875
223 1819 4104878
225 1822 4104881
226 1822 4104884
224 1822 4104887
266 1815 4104890
225 1824 4104893
228 1811 4104896
209 1826 4104899
227 1828 4104902
224 1819 4104905
224 1826 4104908
229 1821 4104911
226 1821 4104914
225 1822 4104917
227 1819 4104920
224 1822 4104923
223 1824 4104926
225 1821 4104929
226 1870 4104932
223 1822 4104935
226 1819 4104938
210 1808 4104941
230 1821 4104944
231 1821 4104947
224 1823 4104950
226 1825 4104953
224 1821 4104956
227 1823 4104959
229 1823 4104962
227 1824 4104965
226 1823 4104968
225 1819 4104971
227 1824 4104974
319 1819 4104977
224 1822 4104980
225 1799 4104983
216 1826 4104986
225 1826 4104989
223 1822 4104992
229 1826 4104995
228 1823 4104999
224 1823 4105002
229 1820 4105005
223 1823 4105008
225 1824 4105011
227 1819 4105014
225 1818 4105017
225 1958 4105020
226 1823 4105023
228 1825 4105026
220 1801 4105029
225 1826 4105031
235 1820 4105034
221 1822 4105037
228 1825 4105040
225 1819 4105043
222 1824 4105046
229 1822 4105049
228 1820 4105052
229 1824 4105055
225 1821 4105058
226 1820 4105061
226 1827 4105064
219 1824 4105067
226 1838 4105070
215 1808 4105073
228 1823 4105076
234 1821 4105079
221 1823 4105082
225 1826 4105085
230 1820 4105088
227 1821 4105091
226 1823 4105094
224 1821 4105097
228 1822 4105100
226 1823 4105103
226 1824 4105106
217 1826 4105109
227 1821 4105112
230 1840 4105115
224 1813 4105118
224 1825 4105121
231 1824 4105124
224 1820 4105127
226 1823 4105130
227 1822 4105133
225 1821 4105136
225 1822 4105139
227 1822 4105142
225 1822 4105145
225 1824 4105148
225 1785 4105151
221 1817 4105154
225 1823 4105157
252 1823 4105160
233 1824 4105163
218 1818 4105166
229 1827 4105169
226 1820 4105172
224 1822 4105175
230 1826 4105178
227 1820 4105181
225 1820 4105184
227 1822 4105187
226 1825 4105190
227 1822 4105193
226 1825 4105196
233 1822 4105199
225 1837 4105202
217 1810 4105205
237 1831 4105208
232 1823 4105211
223 1821 4105214
228 1825 4105217
226 1821 4105220
225 1823 4105223
226 1820 4105226
224 1822 4105229
226 1823 4105232
229 1823 4105235
225 1824 4105238
302 1822 4105241
223 1822 4105244
225 1800 4105247
251 1823 4105250
234 1825 4105253
218 1817 4105256
231 1823 4105259
227 1823 4105262
227 1821 4105265
227 1826 4105268
224 1822 4105271
228 1823 4105274
228 1823 4105277
225 1823 4105280
227 1825 4109688
226 1821 4109691
226 1819 4109694
228 1820 4109697
226 1821 4109700
226 1819 4109703
223 1821 4109706
225 1827 4109708
228 1823 4109711
224 1821 4109714
227 1825 4109717
228 1826 4109720
225 1824 4109723
228 1826 4109726
224 1823 4109729
226 1821 4109732
226 1822 4109735
227 1824 4109738
225 1823 4109741
227 1824 4109744
235 1830 4109747
228 1824 4109750
223 1822 4109753
227 1825 4109756
227 1824 4109759
227 1822 4109762
224 1819 4109765
224 1824 4109768
229 1826 4109771
225 1820 4109774
227 1825 4109777
228 1824 4109780
223 1821 4109783
224 1822 4109786
223 1874 4109789
262 1821 4109792
228 1820 4109795
223 1819 4109798
223 1822 4109801
227 1821 4109804
222 1821 4109807
225 1824 4109810
227 1822 4109813
226 1822 4109816
225 1822 4109819
226 1820 4109822
224 1820 4109825
225 1820 4109828
223 1822 4109831
234 1835 4109834
226 1821 4109837
222 1823 4109840
226 1822 4109843
227 1822 4109846
225 1824 4109849
228 1823 4109852
226 1819 4109855
225 1823 4109858
225 1822 4109861
226 1820 4109864
228 1824 4109867
228 1824 4109870
226 1822 4109873
169 2790 4109876
226 1825 4109879
227 1822 4109882
225 1823 4109885
225 1824 4109888
227 1823 4109891
226 1821 4109894
225 1822 4109897
225 1824 4109900
228 1823 4109903
223 1822 4109906
226 1822 4109909
227 1824 4109912
224 1822 4109915
223 1818 4109918
228 1822 4109921
225 1826 4109924
229 1823 4109927
223 1821 4109930
227 1825 4109933
226 1822 4109936
222 1821 4109939
225 1826 4109942
226 1824 4109945
225 1822 4109948
225 1825 4109951
226 1821 4109954
223 1823 4109957
224 1818 4109960
208 1823 4109963
224 1818 4109966
227 1823 4109969
224 1820 4109972
225 1824 4109975
226 1823 4109978
225 1826 4109981
228 1824 4109984
226 1820 4109987
225 1823 4109990
225 1821 4109993
224 1821 4109996
227 1823 4110000
226 1809 4110003
205 1819 4110006
228 1823 4110009
219 1823 4110012
229 1826 4110015
229 1819 4110018
226 1825 4110021
225 1823 4110024
227 1825 4110027
226 1823 4110030
225 1825 4110032
228 1823 4110035
226 1822 4110038
224 1822 4110041
226 1889 4110044
216 1820 4110047
227 1825 4110050
224 1820 4110053
224 1821 4110056
228 1822 4110059
229 1822 4110062
224 1821 4110065
225 1821 4110068
225 1822 4110071
226 1824 4110074
225 1822 4110077
227 1821 4110080
225 1824 4110083
226 1821 4110086
228 1812 4110089
227 1823 4110092
232 1826 4110095
223 1819 4110098
224 1823 4110101
226 1822 4110104
228 1821 4110107
226 1823 4110110
228 1823 4110113
229 1824 4110116
227 1820 4110119
227 1822 4110122
227 1823 4110125
228 1823 4110128
232 1809 4110131
226 1823 4110134
227 1825 4110137
229 1821 4110140
225 1823 4110143
228 1822 4110146
226 1823 4110149
226 1824 4110152
225 1822 4110155
228 1822 4110158
226 1820 4110161
223 1822 4110164
227 1823 4110167
229 1824 4110170
237 1853 4110173
225 1822 4110176
227 1816 4110179
225 1825 4110182
226 1820 4110185
226 1822 4110188
222 1822 4110191
224 1823 4110194
231 1819 4110197
242 1821 4110200
245 1818 4110203
241 1830 4110206
236 1871 4110209
233 1950 4110212
18 1998 4110215
227 2004 4110218
226 1990 4110221
224 1976 4110224
222 1978 4110227
226 1979 4110230
223 1981 4110233
226 1984 4110236
225 1985 4110239
227 1983 4110242
225 1986 4110245
220 1983 4110248
224 1985 4110251
223 1986 4110254
224 1986 4110257
224 1985 4110260
224 1986 4110263
223 1985 4110266
221 1980 4110269
223 1987 4110272
225 1987 4110275
227 1985 4110278
222 1984 4110281
223 1986 4110284
226 1986 4110287
226 1984 4110290
224 1986 4110293
229 1987 4110296
224 1878 4110299
1120 1984 4110302
226 1985 4110305
223 1980 4110308
225 1985 4110311
223 1984 4110314
225 1986 4110317
224 1984 4110320
228 1985 4110323
224 1983 4110326
226 1982 4110329
222 1984 4110332
225 1984 4110335
224 1985 4110338
226 1984 4110341
227 1941 4110344
222 1984 4110347
222 1986 4110350
228 1983 4110353
224 1987 4110356
224 1985 4110359
226 1984 4110362
225 1984 4110365
225 1984 4110368
224 1982 4110371
223 1983 4110374
225 1984 4110377
224 1982 4110380
226 1989 4110383
510 1984 4110386
228 1985 4110389
226 1981 4110392
225 1982 4110395
226 1984 4110398
230 1983 4110401
229 1985 4110404
234 1987 4110407
235 1981 4110410
234 1983 4110413
237 1983 4110416
238 1983 4110419
240 1981 4110422
238 1982 4110425
242 1980 4110428
274 1981 4110431
242 1975 4110434
240 1985 4110437
244 1981 4110440
245 1984 4110443
246 1983 4110446
245 1984 4110449
244 1982 4110452
247 1982 4110455
242 1978 4110458
248 1983 4110461
244 1979 4110464
246 1984 4110467
248 1985 4110470
243 1988 4110473
246 1983 4110476
246 1982 4110479
247 1980 4110482
245 1983 4110485
245 1981 4110488
242 1977 4110491
246 1978 4110494
243 1980 4110497
245 1981 4110500
247 1983 4110503
245 1983 4110506
243 1982 4110509
242 1975 4110512
154 2965 4110515
244 1983 4110518
244 1981 4110521
240 1978 4110524
246 1984 4110527
242 1981 4110530
239 1978 4110533
243 1983 4110536
243 1984 4110539
243 1982 4110542
241 1981 4110545
240 1981 4110548
239 1980 4110551
236 1981 4110554
239 1987 4110557
211 1983 4110560
242 1981 4110563
239 1983 4110566
239 1984 4110569
239 1982 4110572
242 1980 4110575
238 1984 4110578
237 1982 4110581
237 1980 4110584
238 1982 4110587
235 1981 4110590
241 1982 4110593
238 1983 4110596
239 1984 4110599
238 1982 4110602
236 1983 4110605
235 1987 4110608
235 1980 4110611
232 1984 4110614
236 1981 4110617
236 1984 4110620
235 1982 4110623
239 1982 4110626
233 1984 4110629
236 1983 4110632
233 1983 4110635
235 1986 4110638
237 1984 4110641
385 1980 4110644
233 1983 4110647
236 1986 4110650
234 1980 4110653
232 1984 4110656
235 1978 4110659
234 1980 4110662
232 1980 4110665
233 1985 4110668
230 1985 4110671
235 1986 4110674
231 1984 4110677
233 1985 4110680
234 1984 4110683
234 1986 4110686
497 1986 4110689
236 1984 4110692
227 1981 4110695
233 1983 4110698
232 1973 4110701
231 1984 4110704
232 1984 4110707
230 1985 4110710
233 1984 4110713
232 1983 4110716
231 1984 4110719
229 1981 4110722
234 1984 4110725
229 1984 4110728
226 2005 4110731
230 1984 4110734
230 1984 4110737
231 1985 4110740
228 1982 4110743
230 1986 4110746
229 1986 4110749
231 1983 4110752
229 1979 4110755
230 1987 4110758
229 1983 4110761
231 1982 4110764
231 1985 4110767
228 1984 4110770
0 1985 4110773
232 1983 4110776
232 1990 4110779
229 1982 4110782
230 1982 4110785
228 1983 4110788
229 1984 4110791
227 1982 4110794
230 1983 4110797
227 1985 4110800
231 1985 4110803
231 1979 4110806
227 1983 4110809
230 1984 4110812
231 1999 4110815
294 1985 4110818
228 1983 4110821
227 1985 4110824
227 1982 4110827
228 1983 4110830
227 1986 4110833
229 1983 4110836
231 1986 4110839
231 1984 4110842
227 1986 4110845
230 1986 4110848
230 1984 4110851
229 1984 4110854
229 1985 4110857
226 1991 4110860
228 1984 4110863
230 1986 4110866
228 1979 4110869
229 1986 4110872
229 1984 4110875
227 1984 4110878
228 1983 4110881
230 1985 4110884
224 1981 4110887
228 1989 4110890
227 1985 4110893
229 1985 4110896
228 1984 4110899
215 1839 4110902
229 1985 4110905
226 1981 4110908
226 1980 4110911
228 1986 4110914
227 1984 4110917
225 1982 4110920
228 1986 4110923
226 1983 4110926
227 1984 4110929
227 1981 4110932
227 1986 4110935
226 1985 4110938
224 1984 4110941
223 1985 4110944
232 1985 4110947
228 1986 4110950
229 1980 4110953
224 1983 4110956
226 1983 4110959
226 1985 4110962
227 1985 4110965
226 1985 4110968
230 1984 4110971
226 1983 4110974
225 1984 4110977
225 1983 4110980
225 1984 4110983
225 1993 4110986
442 1985 4110989
224 1985 4110992
225 1982 4110995
226 1986 4110999
229 1986 4111002
229 1986 4111005
226 1980 4111008
226 1985 4111011
224 1984 4111014
227 1982 4111017
229 1983 4111020
228 1983 4111023
226 1986 4111026
227 1994 4111029
228 1979 4111032
227 1984 4111035
229 1979 4111038
226 1978 4111041
225 1987 4111043
227 1984 4111046
225 1983 4111049
223 1986 4111052
224 1984 4111055
226 1980 4111058
225 1984 4111061
229 1986 4111064
223 1987 4111067
229 1982 4111070
200 2015 4111073
225 1984 4111076
224 1976 4111079
230 1987 4111082
226 1985 4111085
225 1985 4111088
227 1985 4111091
226 1984 4111094
223 1983 4111097
227 1984 4111100
226 1986 4111103
224 1985 4111106
225 1982 4111109
226 1985 4111112
1055 1986 4111115
225 1983 4111118
224 1985 4111121
226 1982 4111124
223 1984 4111127
225 1983 4111130
224 1987 4111133
226 1986 4111136
228 1983 4111139
224 1978 4111142
226 1986 4111145
223 1983 4111148
224 1982 4111151
226 1985 4111154
226 1973 4111157
168 1985 4111160
224 1979 4111163
223 1987 4111166
227 1983 4111169
225 1985 4111172
224 1985 4111175
226 1986 4111178
224 1981 4111181
226 1985 4111184
226 1984 4111187
229 1984 4111190
228 1983 4111193
225 1985 4111196
226 1984 4111199
224 1985 4111202
231 1986 4111205
226 1988 4111208
230 1982 4111211
224 1984 4111214
226 1983 4111217
224 1987 4111220
225 1984 4111223
227 1985 4111226
226 1983 4111229
227 1984 4111232
226 1987 4111235
226 1983 4111238
223 1979 4111241
227 1984 4111244
219 1975 4111247
226 1984 4111250
222 1984 4111253
224 1988 4111256
225 1983 4111259
225 1982 4111262
226 1986 4111265
225 1983 4111268
226 1984 4111271
223 1985 4111274
226 1984 4111277
226 1981 4111280
227 1982 4111283
224 1984 4111286
228 2190 4111289
224 1988 4111292
227 1981 4111295
228 1985 4111298
223 1981 4111301
227 1981 4111304
225 1982 4111307
226 1985 4111310
226 1983 4111313
224 1983 4111316
225 1985 4111319
227 1984 4111322
224 1983 4111325
224 1984 4111328
227 1985 4111331
225 1978 4111334
241 1985 4111337
224 1981 4111340
228 1988 4111343
229 1979 4111346
226 1986 4111349
224 1986 4111352
224 1986 4111355
226 1985 4111358
223 1985 4111361
225 1984 4111364
224 1984 4111367
226 1986 4111370
222 1983 4111373
226 1986 4111376
231 2089 4111379
225 1983 4111382
225 1983 4111385
226 1986 4111388
227 1983 4111391
223 1980 4111394
227 1983 4111397
226 1987 4111400
226 1984 4111403
225 1982 4111406
226 1983 4111409
223 1983 4111412
227 1985 4111415
226 1987 4111418
223 1985 4111421
227 1989 4111424
224 1982 4111427
228 1981 4111430
223 1982 4111433
227 1986 4111436
223 1984 4111439
224 1985 4111442
225 1983 4111445
224 1985 4111448
224 1982 4111451
224 1984 4111454
227 1986 4111457
222 1985 4111460
226 1985 4111463
225 1989 4111466
239 1985 4111469
222 1982 4111472
225 1985 4111475
226 1985 4111478
225 1985 4111481
225 1985 4111484
226 1986 4111487
226 1988 4111490
226 1980 4111493
227 1984 4111496
225 1984 4111499
227 1986 4111502
222 1984 4111505
227 1987 4111508
199 2041 4111511
225 1982 4111514
226 1982 4111517
225 1986 4111520
225 1987 4111523
223 1981 4111526
224 1987 4111529
227 1986 4111532
226 1985 4111535
223 1984 4111538
225 1987 4111541
224 1985 4111544
224 1983 4111547
227 1986 4111550
225 2044 4111553
0 1981 4111556
223 1982 4111559
223 1982 4111562
224 1984 4111565
228 1986 4111568
223 1987 4111571
228 1985 4111574
224 1982 4111577
225 1985 4111580
224 1985 4111583
226 1983 4111586
226 1984 4111589
223 1984 4111592
222 1984 4111595
323 1949 4111598
231 1987 4111601
226 1986 4111604
225 1981 4111607
225 1986 4111610
225 1981 4111613
226 1985 4111616
226 1981 4111619
227 1986 4111622
226 1982 4111625
225 1986 4111628
225 1984 4111631
229 1986 4111634
226 1984 4111637
226 1978 4111640
223 1990 4111643
227 1982 4111646
228 1985 4111649
225 1984 4111652
225 1985 4111655
225 1984 4111658
225 1987 4111661
228 1987 4111664
226 1984 4111667
224 1983 4111670
224 1986 4111673
224 1983 4111676
225 1985 4111679
224 1979 4111682
370 1983 4111685
222 1984 4111688
225 1985 4111691
224 1983 4111694
222 1985 4111697
226 1985 4111700
225 1983 4111703
226 1984 4111706
224 1982 4111709
225 1985 4111712
224 1985 4111715
225 1985 4111718
228 1985 4111721
224 1980 4111724
225 2055 4111727
978 1986 4111730
226 1985 4111733
223 1981 4111736
226 1985 4111739
228 1985 4111742
225 1982 4111745
223 1985 4111748
226 1986 4111751
227 1986 4111754
227 1983 4111757
226 1985 4111760
226 1985 4111763
228 1986 4111766
224 1983 4111769
229 2063 4111772
223 1985 4111775
225 1980 4111778
225 1988 4111781
225 1987 4111784
224 1980 4111787
223 1984 4111790
226 1987 4111793
225 1987 4111796
227 1986 4111799
221 1983 4111802
224 1986 4111805
224 1981 4111808
227 1985 4111811
225 1976 4111814
346 1985 4111817
225 1982 4111820
222 1983 4111823
226 1986 4111826
225 1984 4111829
224 1983 4111832
221 1982 4111835
225 1984 4111838
223 1983 4111841
225 1985 4111844
226 1986 4111847
224 1985 4111850
225 1984 4111853
224 1984 4111856
220 1989 4111859
224 1985 4111862
222 1987 4111865
224 1984 4111868
226 1984 4111871
226 1985 4111874
225 1984 4111877
225 1985 4111880
230 1986 4111883
226 1986 4111886
228 1982 4111889
225 1985 4111892
224 1984 4111895
227 1986 4111898
223 1984 4111901
222 1988 4111904
223 1987 4111907
226 1984 4111910
224 1984 4111913
223 1988 4111916
228 1985 4111919
226 1982 4111922
224 1987 4111925
226 1984 4111928
227 1985 4111931
223 1984 4111934
224 1985 4111937
224 1982 4111940
225 2232 4111943
227 1993 4111946
224 1985 4111949
227 1983 4111952
224 1985 4111955
227 1987 4111958
225 1984 4111961
228 1986 4111964
222 1983 4111967
225 1984 4111970
226 1982 4111973
223 1984 4111976
226 1986 4111979
224 1982 4111982
224 1986 4111985
226 1927 4111988
227 1982 4111991
226 1984 4111994
223 1985 4111999
227 1984 4112002
224 1984 4112005
226 1986 4112008
226 1991 4112011
224 1984 4112014
226 1985 4112017
232 1985 4112020
226 1983 4112023
226 1985 4112026
226 1986 4112029
290 1945 4112032
225 1986 4112035
223 1985 4112038
227 1983 4112041
222 1984 4112044
226 1983 4112047
225 1984 4112050
227 1985 4112053
227 1985 4112056
226 1986 4112059
226 1985 4112062
226 1985 4112064
226 1987 4112067
229 1983 4112070
235 1986 4112074
225 2039 4112076
223 1985 4112079
226 1979 4112082
228 1987 4112085
225 1983 4112088
229 1984 4112091
223 1985 4112094
224 1982 4112097
224 1983 4112100
222 1982 4112103
223 1985 4112107
223 1980 4112109
225 1985 4112112
222 1985 4112115
180 1978 4112118
224 1984 4112121
226 1979 4112124
226 1988 4112127
224 1983 4112130
225 1982 4112133
225 1981 4112136
224 1986 4112140
226 1982 4112142
227 1985 4112145
224 1984 4112148
224 1983 4112151
226 1982 4112154
226 1984 4112157
225 1986 4112160
225 1971 4112163
225 1982 4112166
228 1988 4112169
226 1986 4112173
226 1983 4112175
224 1987 4112178
225 1983 4112181
225 1985 4112184
225 1985 4112187
228 1984 4112190
228 1985 4112193
223 1982 4112196
228 1982 4112199
227 1985 4112202
236 1983 4112206
225 1983 4112208
229 1987 4112211
222 1983 4112214
224 1984 4112217
229 1982 4112220
223 1983 4112223
225 1983 4112226
225 1983 4112229
225 1985 4112232
226 1984 4112235
227 1986 4112239
224 1981 4112241
227 1984 4112244
222 1982 4112247
225 1978 4112250
228 1985 4112253
226 1986 4112256
226 1983 4112259
225 1983 4112262
225 1979 4112265
228 1984 4112268
226 1986 4112272
225 1980 4112274
228 1986 4112277
226 1985 4112280
226 1983 4112283
226 1983 4112286
225 1984 4112289
224 1984 4112292
227 1984 4112295
231 1984 4112298
225 1986 4112301
225 1984 4112305
228 1982 4112307
228 1985 4112310
226 1984 4112313
224 1983 4112316
224 1982 4112319
225 1984 4112322
225 1985 4112325
225 1982 4112328
229 1985 4112331
227 1986 4112334
226 1971 4112338
226 1981 4112340
227 1990 4112343
222 1982 4112346
224 1982 4112349
228 1984 4112352
226 1985 4112355
227 1993 4112358
224 1985 4112361
225 1983 4112364
227 1982 4112367
224 1983 4112371
225 1982 4112373
224 1984 4112376
219 1980 4112379
222 1985 4112382
231 1983 4112385
226 1986 4112388
225 1982 4112391
224 1984 4112394
224 1983 4112397
224 1984 4112400
223 1985 4112404
225 1982 4112406
226 1985 4112409
223 1983 4112412
223 1984 4112415
227 1983 4112418
224 1986 4112421
226 2000 4112424
222 1982 4112427
228 1987 4112430
224 1986 4112433
225 1984 4112437
226 1982 4112439
227 1988 4112442
226 1983 4112445
227 1985 4112448
223 1985 4112451
224 1983 4112454
226 1984 4112457
224 1984 4112460
225 1985 4112463
255 1990 4112466
225 1985 4112470
224 1977 4112472
226 1988 4112475
226 1982 4112478
225 1986 4112481
225 1985 4112484
227 1983 4112487
224 1984 4112490
223 1984 4112493
224 1983 4112496
226 1985 4112499
222 1985 4112503
224 1983 4112505
215 1985 4112508
225 1907 4112511
222 1985 4112514
224 1978 4112517
226 1987 4112520
224 1984 4112523
225 1982 4112526
223 1984 4112529
226 1983 4112532
225 1988 4112536
222 1982 4112538
225 1985 4112541
223 1985 4112544
224 1984 4112547
226 1984 4112550
349 1980 4112553
228 1983 4112556
221 1983 4112559
225 1981 4112562
227 1985 4112565
224 1986 4112569
224 1980 4112571
225 1988 4112574
225 1982 4112577
224 1980 4112580
227 1985 4112583
229 1985 4112586
227 1985 4112589
222 1984 4112592
214 1986 4112595
227 1919 4112598
225 1982 4112602
223 1980 4112604
227 1985 4112607
226 1990 4112610
224 1986 4112613
226 1986 4112616
227 1984 4112619
225 1985 4112622
224 1983 4112625
226 1983 4112628
224 1984 4112631
227 1985 4112635
224 1981 4112637
243 1933 4112640
223 1981 4112643
227 1985 4112646
226 1981 4112649
226 1982 4112652
226 1984 4112655
225 1983 4112658
224 1983 4112661
225 1982 4112664
225 1986 4112668
225 1982 4112670
221 1983 4112673
225 1984 4112676
223 1984 4112679
432 1980 4112682
229 1984 4112685
228 1985 4112688
224 1985 4112691
221 1983 4112694
226 1986 4112697
225 1985 4112701
226 1981 4112703
228 1986 4112706
226 1984 4112709
224 1982 4112712
225 1983 4112715
225 1985 4112718
226 1987 4112721
225 1982 4112724
226 1365 4112727
226 1979 4112730
229 1985 4112734
224 1983 4112736
227 1984 4112739
225 1983 4112742
222 1985 4112745
226 1986 4112748
226 1983 4112751
226 1984 4112754
224 1985 4112757
228 1983 4112760
226 1984 4112763
225 1984 4112767
106 1981 4112769
225 1987 4112772
223 1982 4112775
224 1987 4112778
223 1980 4112781
226 1983 4112784
224 1986 4112787
223 1982 4112790
224 1984 4112793
224 1984 4112796
223 1983 4112800
225 1981 4112802
220 1981 4112805
225 1983 4112808
223 1983 4112811
227 2150 4112814
225 1985 4112817
227 1985 4112820
220 1981 4112823
225 1983 4112826
226 1987 4112829
223 1985 4112833
225 1980 4112835
227 1987 4112838
225 1984 4112841
223 1985 4112844
225 1986 4112847
226 1987 4112850
228 1984 4112853
230 1984 4112856
223 2022 4112859
227 1983 4112862
220 1981 4112866
226 1979 4112868
225 1989 4112871
225 1979 4112874
225 1987 4112877
225 1986 4112880
228 1983 4112883
224 1984 4112886
227 1981 4112889
226 1984 4112892
226 1985 4112895
223 1986 4112899
182 1976 4112901
221 1984 4112904
226 1979 4112907
224 1990 4112910
226 1983 4112913
224 1983 4112916
222 1985 4112919
225 1982 4112922
225 1985 4112925
225 1986 4112928
224 1985 4112932
223 1979 4112934
225 1983 4112937
222 1983 4112940
197 2006 4112943
227 1979 4112946
226 1983 4112949
223 1983 4112952
223 1981 4112955
224 1985 4112958
228 1984 4112961
227 1985 4112965
227 1983 4112967
226 1986 4112970
227 1985 4112973
226 1984 4112976
228 1983 4112979
225 1982 4112982
228 1984 4112985
225 1977 4112988
229 1989 4112991
227 1988 4112994
226 1984 4112998
226 1985 4113002
224 1985 4113005
227 1986 4113008
224 1977 4113011
224 1985 4113014
224 1985 4113017
225 1984 4113020
238 1985 4113023
225 1986 4113026
226 1996 4113029
226 1985 4113032
223 1985 4113035
225 1985 4113038
225 1985 4113041
225 1986 4113044
221 1982 4113047
223 1984 4113050
225 1983 4113053
225 1979 4113056
222 1985 4113059
226 1986 4113062
222 1982 4113065
223 1700 4113068
225 1989 4113071
226 1983 4113074
229 1981 4113077
222 1981 4113080
226 1988 4113083
225 1983 4113086
223 1985 4113089
225 1985 4113092
224 1985 4113095
225 1986 4113098
224 1983 4113101
223 1986 4113104
226 1985 4113107
224 2009 4113110
246 1984 4113113
229 1985 4113116
223 1986 4113119
225 1986 4113122
228 1984 4113125
225 1985 4113128
227 1986 4113131
225 1983 4113134
226 1986 4113137
224 1986 4113140
227 1984 4113143
223 1982 4113146
227 1984 4113149
225 1987 4113152
225 1984 4113155
226 1987 4113158
230 1987 4113161
226 1984 4113164
223 1983 4113167
226 1986 4113170
223 1986 4113173
224 1984 4113176
223 1982 4113179
229 1988 4113182
225 1983 4113185
226 1983 4113188
224 1985 4113191
232 1962 4113194
226 1984 4113197
222 1979 4113200
224 1988 4113203
225 1984 4113206
225 1984 4113209
220 1985 4113212
227 1985 4113215
224 1982 4113218
225 1983 4113221
224 1986 4113224
225 1984 4113227
226 1983 4113230
223 2001 4113233
0 1985 4113236
225 1983 4113239
226 1986 4113242
222 1984 4113245
226 1984 4113248
224 1982 4113251
223 1985 4113254
224 1984 4113257
225 1985 4113260
226 1987 4113263
224 1985 4113266
224 1985 4113269
224 1986 4113272
299 1985 4113275
229 1983 4113278
228 1989 4113281
226 1984 4113284
226 1978 4113287
225 1985 4113290
224 1986 4113293
228 1987 4113296
225 1982 4113299
226 1987 4113302
226 1985 4113305
226 1984 4113308
223 1984 4113311
221 1985 4113314
225 1985 4113317
226 1984 4113320
224 1988 4113323
228 1985 4113326
223 1985 4113329
223 1984 4113332
225 1985 4113335
225 1987 4113338
226 1986 4113341
223 1984 4113344
227 1984 4113347
235 1979 4113350
225 1983 4113353
225 1987 4113356
231 1982 4113359
226 1983 4113362
222 1986 4113365
223 1985 4113368
224 1985 4113371
228 1986 4113374
222 1982 4113377
227 1986 4113380
223 1984 4113383
226 1983 4113386
224 1984 4113389
226 1987 4113392
227 1985 4113395
216 2184 4113398
224 1985 4113401
226 1982 4113404
222 1985 4113407
227 1985 4113410
224 1986 4113413
224 1985 4113416
226 1984 4113419
225 1984 4113422
226 1987 4113425
227 1985 4113428
224 1981 4113431
225 1981 4113434
224 1925 4113437
227 1987 4113440
223 1983 4113443
229 1988 4113446
223 1981 4113449
226 1983 4113452
225 1987 4113455
226 1985 4113458
227 1983 4113461
224 1984 4113464
222 1983 4113467
225 1983 4113470
227 1987 4113473
221 1985 4113476
224 1987 4113479
199 1984 4113482
224 1983 4113485
222 1985 4113488
228 1986 4113491
226 1985 4113494
224 1983 4113497
225 1984 4113500
223 1984 4113503
225 1987 4113506
223 1983 4113509
227 1980 4113512
224 1985 4113515
225 1984 4113518
301 1985 4113521
225 1983 4113524
225 1990 4113527
227 1983 4113530
224 1980 4113533
226 1986 4113536
227 1983 4113539
224 1983 4113542
226 1987 4113545
225 1984 4113548
227 1984 4113551
224 1981 4113554
226 1984 4113557
224 1985 4113560
245 1885 4113563
221 1984 4113566
224 1983 4113569
224 1986 4113572
226 1980 4113575
227 1983 4113578
225 1984 4113581
227 1982 4113584
227 1987 4113587
226 1984 4113590
226 1982 4113593
223 1984 4113596
225 1984 4113599
224 1984 4113602
229 1981 4113605
225 1985 4113608
226 1982 4113611
224 1983 4113614
226 1984 4113617
223 1986 4113620
224 1986 4113623
226 1985 4113626
223 1984 4113629
225 1984 4113632
224 1985 4113635
226 1983 4113638
222 1982 4113641
226 1984 4113644
223 2046 4113647
226 1985 4113650
225 1982 4113653
228 1987 4113656
227 1987 4113659
224 1984 4113662
227 1988 4113665
226 1988 4113668
225 1986 4113671
222 1984 4113674
222 1987 4113677
224 1986 4113680
225 1985 4113683
225 1982 4113686
226 1881 4113689
226 1984 4113692
224 1981 4113695
226 1987 4113698
226 1985 4113701
227 1984 4113704
220 1984 4113707
226 1987 4113710
224 1985 4113713
228 1984 4113716
226 1986 4113719
228 1981 4113722
226 1985 4113725
225 1985 4113728
121 1985 4113731
223 1984 4113734
227 1987 4113737
224 1981 4113740
225 1981 4113743
225 1981 4113746
226 1985 4113749
227 1986 4113752
227 1984 4113755
226 1984 4113758
225 1982 4113761
225 1985 4113764
226 1986 4113767
227 1988 4113770
224 1982 4113773
220 1984 4113776
226 1982 4113779
225 1984 4113782
226 1985 4113785
225 1987 4113788
229 1988 4113791
226 1981 4113794
228 1985 4113797
223 1985 4113800
229 1986 4113803
225 1976 4113806
225 1985 4113809
223 1985 4113812
228 1982 4113815
247 1987 4113818
227 1984 4113821
215 2000 4113824
233 1982 4113827
220 1980 4113830
227 1988 4113833
229 1981 4113836
222 1984 4113839
227 1985 4113842
224 1981 4113845
226 1988 4113848
225 1988 4113851
224 1984 4113854
228 1986 4113857
224 1983 4113860
228 1981 4113863
220 1988 4113866
212 1978 4113869
234 1987 4113872
223 1979 4113875
223 1985 4113878
228 1985 4113881
226 1985 4113884
226 1985 4113887
227 1987 4113890
225 1984 4113893
225 1989 4113896
225 1985 4113899
219 2027 4113902
224 1984 4113905
227 1986 4113908
244 1987 4113911
224 1976 4113914
225 1989 4113917
225 1983 4113920
226 1986 4113923
227 1984 4113926
227 1985 4113929
224 1983 4113932
228 1988 4113935
226 1984 4113938
227 1988 4113941
128 1985 4113944
220 1986 4113947
223 1995 4113950
221 1967 4113953
236 1995 4113956
226 1977 4113959
220 1988 4113962
229 1985 4113965
224 1983 4113968
225 1984 4113971
228 1988 4113974
223 1984 4113977
226 1982 4113980
224 1985 4113983
224 1989 4113986
236 1982 4113989
223 1994 4113992
247 1978 4113995
224 1977 4113999
232 1991 4114002
226 1978 4114005
224 1987 4114008
226 1985 4114011
226 1990 4114014
225 1986 4114017
226 1979 4114020
222 1985 4114023
228 1983 4114026
226 1978 4114029
197 1987 4114032
224 1984 4114035
213 1998 4114038
236 1982 4114040
223 1978 4114043
227 1989 4114046
223 1983 4114049
225 1984 4114052
228 1987 4114055
226 1980 4114058
225 1987 4114061
