494 1148 2844875
482 1179 2844878
499 1176 2844881
490 1163 2844884
494 1172 2844887
493 1167 2844890
491 1170 2844893
494 1169 2844896
492 1170 2844899
495 1171 2844902
498 1170 2844905
494 1168 2844908
496 1170 2844911
501 1169 2844914
493 1166 2844917
510 1163 2844920
480 1168 2844923
494 1175 2844926
496 1164 2844929
495 1171 2844932
498 1169 2844935
494 1168 2844938
494 1165 2844941
493 1168 2844944
494 1168 2844947
491 1166 2844950
491 1172 2844953
493 1152 2844956
534 1167 2844959
495 1167 2844962
497 1179 2844965
490 1162 2844968
504 1172 2844971
492 1166 2844974
493 1169 2844977
496 1171 2844980
492 1169 2844983
494 1169 2844986
495 1169 2844989
493 1169 2844992
492 1171 2844995
494 1170 2844999
474 1190 2845002
494 1167 2845005
496 1144 2845008
505 1175 2845011
500 1168 2845014
490 1167 2845017
499 1169 2845020
494 1168 2845023
493 1169 2845026
495 1167 2845029
492 1168 2845032
496 1172 2845034
496 1169 2845037
496 1167 2845040
493 1170 2845043
501 1177 2845046
496 1165 2845049
512 1160 2845052
487 1178 2845055
494 1173 2845058
494 1165 2845061
497 1168 2845064
496 1169 2845067
494 1166 2845070
496 1170 2845073
493 1168 2845076
493 1167 2845079
496 1171 2845082
494 1168 2845085
491 1151 2845088
519 1168 2845091
494 1167 2845094
500 1182 2845097
488 1160 2845100
495 1169 2845103
500 1168 2845106
489 1166 2845109
496 1170 2845112
494 1167 2845115
494 1174 2845118
498 1171 2845121
494 1166 2845124
494 1161 2845127
493 1169 2845130
498 1238 2845133
495 1170 2845136
494 1189 2845139
483 1171 2845142
503 1165 2845145
490 1174 2845148
499 1172 2845151
494 1169 2845154
493 1169 2845157
495 1166 2845160
491 1165 2845163
493 1167 2845166
496 1167 2845169
498 1169 2845172
496 1503 2845175
497 1170 2845178
496 1168 2845181
488 1154 2845184
497 1166 2845187
501 1170 2845190
492 1168 2845193
494 1170 2845196
494 1166 2845199
493 1169 2845202
497 1171 2845205
494 1168 2845208
496 1169 2845211
495 1169 2845214
495 1168 2845217
497 1176 2845220
501 1169 2845223
498 1189 2845226
489 1157 2845229
496 1170 2845232
497 1169 2845235
493 1166 2845238
494 1168 2845241
492 1169 2845244
496 1171 2845247
495 1169 2845250
495 1169 2845253
494 1171 2845256
494 1168 2845259
495 1167 2845262
495 1166 2845265
496 1170 2845268
503 1150 2845271
523 1163 2845274
499 1173 2845277
495 1167 2845280
494 1171 2845283
499 1169 2845286
491 1170 2845289
493 1168 2845292
496 1165 2845295
494 1171 2845298
498 1168 2845301
496 1168 2845304
583 1168 2845307
495 1169 2845310
495 1146 2845313
489 1166 2845316
496 1178 2845319
490 1165 2845322
496 1171 2845325
494 1167 2845328
492 1167 2845331
498 1171 2845334
497 1172 2845337
495 1167 2845340
495 1168 2845343
494 1170 2845346
492 1133 2845349
601 1164 2845352
497 1169 2845355
497 1172 2845358
502 1171 2845361
488 1165 2845364
496 1172 2845367
497 1167 2845370
489 1169 2845373
493 1172 2845376
493 1169 2845379
493 1168 2845382
496 1172 2845385
496 1169 2845388
495 1169 2845391
484 1134 2845394
494 1167 2845397
491 1185 2845400
496 1162 2845403
494 1166 2845406
497 1171 2845409
492 1167 2845412
493 1170 2845415
494 1170 2845418
494 1168 2845421
493 1168 2845424
485 1170 2845427
493 1169 2845430
493 1172 2845433
561 1165 2845436
489 1168 2845439
496 1148 2845442
486 1167 2845445
493 1178 2845448
492 1166 2845451
495 1173 2845454
495 1167 2845457
492 1168 2845460
492 1169 2845463
495 1160 2845466
495 1172 2845469
492 1171 2845472
495 1166 2845475
490 1152 2845478
542 1171 2845481
491 1167 2845484
486 1178 2845487
497 1162 2845490
490 1170 2845493
497 1169 2845496
493 1170 2845499
497 1172 2845502
496 1166 2845505
492 1170 2845508
495 1169 2845511
495 1168 2845514
497 1170 2845517
494 1469 2845520
493 1171 2845523
497 1166 2845526
496 1149 2845529
494 1168 2845532
499 1170 2845535
479 1168 2845538
496 1171 2845541
495 1168 2845544
495 1169 2845547
496 1171 2845550
491 1167 2845553
494 1169 2845556
493 1167 2845559
497 1168 2845562
475 1108 2845565
495 1169 2845568
491 1165 2845571
501 1174 2845574
488 1166 2845577
496 1172 2845580
495 1169 2845583
494 1167 2845586
494 1171 2845589
492 1167 2845592
493 1166 2845595
495 1171 2845598
497 1171 2845601
493 1167 2845604
495 1171 2845607
494 1169 2845610
493 1178 2845613
478 1206 2845616
489 1169 2845619
500 1167 2845622
491 1167 2845625
495 1171 2845628
497 1169 2845631
495 1169 2845634
493 1169 2845637
498 1170 2845640
495 1167 2845643
495 1169 2845646
494 1151 2845649
569 1169 2845652
493 1167 2845655
483 1180 2845658
501 1161 2845661
489 1173 2845664
497 1172 2845667
489 1162 2845670
494 1168 2845673
498 1169 2845676
493 1168 2845679
495 1173 2845682
496 1168 2845685
496 1169 2845688
494 1093 2845691
493 1171 2845694
494 1169 2845697
498 1153 2845700
487 1163 2845703
500 1172 2845706
491 1167 2845709
496 1175 2845712
498 1167 2845715
493 1166 2845718
495 1170 2845721
494 1167 2845724
493 1168 2845727
495 1169 2845730
494 1170 2845733
475 1154 2845736
496 1168 2845739
495 1156 2845742
506 1173 2845745
486 1164 2845748
498 1169 2845751
496 1164 2845754
491 1168 2845757
495 1168 2845760
495 1169 2845763
492 1172 2845766
493 1166 2845769
494 1174 2845772
499 1171 2845775
493 1178 2845778
494 1169 2845781
494 1187 2845784
482 1156 2845787
496 1165 2845790
500 1161 2845793
492 1169 2845796
495 1170 2845799
492 1166 2845802
513 1175 2845805
495 1170 2845808
494 1172 2845811
496 1168 2845814
498 1168 2845817
493 1149 2845820
483 1169 2845823
493 1170 2845826
559 1157 2845829
498 1176 2845832
487 1162 2845835
490 1169 2845838
496 1170 2845841
492 1170 2845844
495 1173 2845847
496 1167 2845850
493 1169 2845853
494 1169 2845856
492 1168 2845859
493 1169 2845862
494 1172 2845865
492 1165 2845868
491 1186 2845871
492 1161 2845874
510 1172 2845877
500 1173 2845880
490 1164 2845883
495 1170 2845886
491 1165 2845889
495 1167 2845892
496 1171 2845895
495 1169 2845898
493 1170 2845901
493 1170 2845904
618 1168 2845907
496 1169 2845910
492 1167 2845913
474 1174 2845916
490 1176 2845919
495 1162 2845922
492 1169 2845925
502 1170 2845928
492 1170 2845931
493 1169 2845934
495 1169 2845937
493 1169 2845940
495 1172 2845943
494 1169 2845946
492 1170 2845949
446 1167 2845952
494 1170 2845955
484 1163 2845958
498 1176 2845961
493 1163 2845964
492 1172 2845967
496 1169 2845970
493 1168 2845973
495 1164 2845976
492 1170 2845979
494 1175 2845982
493 1172 2845985
496 1167 2845988
493 1168 2845991
467 1213 2845994
495 1167 2845999
504 1163 2846002
484 1176 2846005
498 1164 2846008
494 1173 2846011
493 1168 2846014
497 1168 2846017
494 1171 2846020
494 1168 2846023
494 1167 2846026
496 1170 2846029
496 1169 2846032
498 1169 2846035
510 1154 2846038
493 1169 2846041
501 1164 2846044
487 1178 2846047
495 1159 2846049
497 1170 2846052
489 1169 2846055
498 1169 2846058
495 1169 2846061
496 1168 2846064
498 1171 2846067
491 1169 2846070
493 1167 2846073
493 1171 2846076
486 1169 2846080
494 1199 2846082
492 1170 2846085
495 1186 2846088
491 1155 2846091
498 1171 2846094
490 1172 2846097
495 1166 2846100
494 1170 2846103
494 1167 2846106
493 1170 2846109
496 1167 2846113
494 1170 2846115
494 1169 2846118
497 1170 2846121
506 1163 2846124
494 1167 2846127
507 1166 2846130
484 1167 2846133
494 1168 2846136
496 1170 2846139
496 1146 2846142
497 1173 2846146
496 1168 2846148
495 1170 2846151
495 1171 2846154
496 1168 2846157
493 1170 2846160
491 1170 2846163
495 1166 2846166
492 1184 2846169
500 1165 2846172
487 1184 2846175
495 1158 2846179
500 1172 2846181
491 1167 2846184
497 1170 2846187
493 1171 2846190
493 1166 2846193
492 1168 2846196
496 1171 2846199
494 1171 2846202
493 1164 2846205
495 1170 2846208
473 1171 2846212
492 1165 2846214
509 1178 2846217
482 1160 2846220
495 1175 2846223
493 1173 2846226
493 1164 2846229
497 1166 2846232
493 1166 2846235
493 1168 2846238
493 1170 2846241
495 1168 2846245
494 1167 2846247
495 1170 2846250
504 1171 2846253
492 1171 2846256
511 1168 2846259
480 1171 2846262
494 1178 2846265
496 1173 2846268
490 1165 2846271
497 1170 2846274
494 1172 2846278
499 1164 2846280
496 1170 2846283
495 1169 2846286
499 1169 2846289
496 1168 2846292
494 1168 2846295
497 1177 2846298
493 1164 2846301
501 1181 2846304
518 1156 2846307
497 1172 2846311
492 1171 2846313
494 1165 2846316
497 1173 2846319
492 1167 2846322
493 1166 2846325
496 1169 2846328
494 1165 2846331
494 1168 2846334
494 1170 2846337
503 1171 2846340
492 1173 2846344
507 1165 2846346
487 1179 2846349
490 1174 2846352
497 1169 2846355
493 1166 2846358
496 1174 2846361
493 1170 2846364
496 1166 2846367
494 1170 2846370
493 1170 2846373
493 1170 2846377
490 1161 2846379
492 1170 2846382
501 1178 2846385
498 1168 2846388
504 1183 2846391
488 1158 2846394
488 1167 2846397
494 1171 2846400
493 1166 2846403
495 1170 2846406
492 1170 2846410
493 1167 2846412
496 1168 2846415
496 1170 2846418
497 1169 2846421
495 1168 2846424
502 1169 2846427
493 1135 2846430
511 1166 2846433
486 1168 2846436
492 1166 2846439
499 1177 2846443
491 1164 2846445
498 1173 2846448
493 1170 2846451
497 1166 2846454
488 1170 2846457
494 1170 2846460
492 1169 2846463
495 1168 2846466
492 1160 2846469
498 1179 2846472
495 1167 2846476
490 1188 2846478
502 1154 2846481
498 1167 2846484
491 1170 2846487
495 1162 2846490
494 1170 2846493
494 1168 2846496
493 1166 2846499
494 1168 2846502
494 1170 2846505
493 1169 2846509
493 1168 2846511
504 1168 2846514
495 1157 2846517
506 1166 2846520
480 1150 2846523
497 1177 2846526
494 1171 2846529
496 1163 2846532
498 1170 2846535
490 1170 2846538
495 1170 2846542
492 1168 2846544
493 1168 2846547
495 1170 2846550
496 1173 2846553
453 1171 2846556
477 1165 2846559
492 1177 2846562
464 1141 2846565
508 1170 2846568
493 1178 2846571
494 1163 2846575
497 1172 2846577
492 1173 2846580
495 1170 2846583
493 1168 2846586
494 1168 2846589
493 1168 2846592
494 1168 2846595
495 1166 2846598
448 1181 2846601
499 1178 2846604
458 1166 2846608
516 1160 2846610
493 1184 2846613
490 1163 2846616
499 1168 2846619
490 1167 2846622
495 1167 2846625
497 1168 2846628
492 1168 2846631
494 1167 2846634
495 1170 2846637
494 1170 2846641
476 1165 2846643
488 1207 2846646
498 1171 2846649
500 1212 2846652
481 1152 2846655
501 1168 2846658
496 1175 2846661
494 1164 2846664
495 1170 2846667
493 1169 2846670
495 1169 2846674
490 1163 2846676
492 1171 2846679
497 1169 2846682
495 1171 2846685
470 1169 2846688
493 1177 2846691
460 1165 2846694
504 1154 2846697
499 1181 2846700
491 1163 2846703
497 1174 2846707
495 1167 2846709
494 1168 2846712
495 1172 2846715
488 1168 2846718
499 1164 2846721
496 1169 2846724
495 1166 2846727
492 1147 2846730
486 1169 2846733
500 1173 2846736
507 1202 2846740
480 1156 2846742
501 1168 2846745
494 1176 2846748
494 1165 2846751
494 1164 2846754
493 1170 2846757
495 1166 2846760
492 1167 2846763
496 1169 2846766
495 1171 2846769
510 1168 2846773
489 1184 2846775
520 1174 2846778
470 1176 2846781
499 1153 2846784
501 1179 2846787
489 1165 2846790
499 1167 2846793
495 1163 2846796
494 1166 2846799
494 1170 2846802
492 1171 2846806
495 1166 2846808
495 1167 2846811
478 1170 2846814
502 785 2846817
492 1169 2846820
503 1133 2846823
502 1195 2846826
486 1157 2846829
494 1165 2846832
494 1172 2846835
493 1167 2846839
494 1166 2846841
494 1170 2846844
494 1167 2846847
496 1169 2846850
494 1168 2846853
495 1169 2846856
516 1171 2846859
494 1156 2846862
521 1192 2846865
471 1150 2846868
504 1166 2846872
495 1174 2846874
500 1165 2846877
496 1174 2846880
495 1169 2846883
496 1168 2846886
495 1171 2846889
495 1167 2846892
493 1165 2846895
495 1169 2846898
536 1143 2846901
498 1178 2846905
455 1163 2846907
519 1168 2846910
491 1183 2846913
488 1158 2846916
499 1171 2846919
488 1169 2846922
493 1164 2846925
495 1170 2846928
494 1168 2846931
493 1166 2846934
496 1171 2846938
491 1167 2846940
488 1169 2846943
483 1209 2846946
507 1171 2846949
488 1208 2846952
481 1148 2846955
503 1172 2846958
491 1170 2846961
494 1165 2846964
495 1174 2846967
494 1169 2846971
491 1164 2846973
495 1168 2846976
493 1168 2846979
497 1169 2846982
444 1172 2846985
478 1161 2846988
493 1180 2846991
466 1134 2846994
511 1176 2846999
490 1160 2847002
488 1174 2847005
497 1170 2847008
498 1168 2847011
497 1168 2847014
492 1169 2847017
494 1170 2847020
495 1166 2847023
496 1171 2847026
494 1154 2847029
536 1158 2847032
490 1168 2847035
530 1195 2847038
490 1152 2847041
487 1176 2847044
501 1169 2847047
492 1167 2847050
493 1167 2847053
495 1166 2847056
496 1168 2847059
496 1167 2847062
492 1170 2847065
495 1172 2847068
497 1171 2847071
505 1164 2847074
493 1171 2847077
515 1151 2847080
467 1161 2847083
504 1177 2847086
494 1162 2847089
496 1173 2847092
497 1170 2847095
496 1166 2847098
496 1172 2847101
496 1171 2847104
492 1166 2847107
493 1170 2847110
496 1168 2847113
441 1158 2847116
504 1172 2847119
494 1118 2847122
501 1195 2847125
503 1164 2847128
482 1165 2847131
482 1172 2847134
496 1164 2847137
491 1171 2847140
495 1171 2847143
496 1167 2847146
496 1172 2847149
497 1171 2847152
495 1166 2847155
496 1153 2847158
560 1161 2847161
491 1170 2847164
533 1192 2847167
487 1155 2847170
489 1176 2847173
501 1170 2847176
492 1165 2847179
496 1170 2847182
495 1167 2847185
495 1167 2847188
495 1170 2847191
492 1170 2847194
492 1167 2847197
496 1169 2847200
510 1182 2847203
488 1172 2847206
523 1176 2847209
469 1154 2847212
500 1180 2847215
499 1165 2847218
491 1166 2847221
496 1172 2847224
487 1167 2847227
492 1169 2847230
496 1172 2847233
494 1167 2847236
496 1172 2847239
498 1171 2847242
515 1157 2847245
481 1179 2847248
491 1130 2847251
470 1183 2847254
513 1173 2847257
489 1163 2847260
491 1175 2847263
499 1167 2847266
496 1170 2847269
497 1164 2847272
493 1169 2847275
494 1166 2847278
495 1168 2847281
494 1171 2847284
495 1119 2847287
457 1176 2847290
492 1172 2847293
492 1194 2847296
509 1161 2847299
484 1167 2847302
502 1177 2847305
495 1164 2847308
493 1168 2847311
497 1169 2847314
496 1168 2847317
492 1167 2847320
505 1169 2847323
497 1168 2847326
492 1167 2847329
482 1199 2847332
487 1170 2847335
508 1213 2847338
493 1150 2847341
481 1170 2847344
505 1170 2847347
490 1163 2847350
494 1172 2847353
496 1167 2847356
496 1169 2847359
492 1169 2847362
493 1168 2847365
496 1171 2847368
499 1171 2847371
494 1184 2847374
510 1161 2847377
497 1199 2847380
493 1140 2847383
478 1177 2847386
506 1173 2847389
490 1168 2847392
493 1169 2847395
497 1170 2847398
495 1169 2847401
495 1171 2847404
491 1169 2847407
495 1167 2847410
494 1171 2847413
495 1167 2847416
493 1139 2847419
505 1171 2847422
485 1133 2847425
482 1179 2847428
509 1172 2847431
489 1166 2847434
495 1172 2847437
495 1166 2847440
493 1168 2847443
493 1169 2847446
493 1169 2847449
498 1169 2847452
493 1170 2847455
493 1169 2847458
509 1205 2847461
503 1171 2847464
494 1131 2847467
496 1189 2847470
508 1164 2847473
485 1164 2847476
498 1175 2847479
492 1166 2847482
492 1168 2847485
497 1168 2847488
492 1166 2847491
492 1168 2847494
494 1172 2847497
494 1168 2847500
493 1146 2847503
567 1175 2847506
488 1170 2847509
501 1203 2847512
501 1158 2847515
482 1166 2847518
502 1173 2847521
496 1167 2847524
492 1169 2847527
494 1169 2847530
495 1167 2847533
495 1171 2847536
492 1168 2847539
495 1169 2847542
494 1169 2847545
484 1204 2847548
483 1171 2847551
505 1214 2847554
495 1151 2847557
480 1172 2847560
504 1173 2847563
489 1166 2847566
492 1173 2847569
496 1171 2847572
494 1168 2847575
494 1170 2847578
491 1167 2847581
494 1169 2847584
501 1170 2847587
496 1182 2847590
495 1162 2847593
498 1200 2847596
498 1140 2847599
482 1174 2847602
506 1174 2847605
489 1165 2847608
494 1171 2847611
495 1161 2847614
493 1169 2847617
494 1170 2847620
490 1165 2847623
489 1169 2847626
491 1168 2847629
496 1168 2847632
506 1156 2847635
500 1172 2847638
498 1133 2847641
478 1176 2847644
507 1174 2847647
485 1161 2847650
495 1172 2847653
495 1168 2847656
491 1169 2847659
496 1175 2847662
497 1169 2847665
496 1173 2847668
488 1169 2847671
492 1169 2847674
563 1160 2847677
484 1175 2847680
491 1125 2847683
476 1187 2847686
512 1174 2847689
486 1161 2847692
494 1173 2847695
498 1168 2847698
495 1168 2847701
492 1171 2847704
495 1170 2847707
495 1171 2847710
494 1167 2847713
492 1167 2847716
494 1135 2847719
490 1173 2847722
487 1173 2847725
500 1203 2847728
507 1157 2847731
482 1164 2847734
501 1173 2847737
492 1165 2847740
494 1168 2847743
493 1169 2847746
491 1170 2847749
496 1172 2847752
495 1167 2847755
492 1167 2847758
493 1171 2847761
491 1189 2847764
489 1171 2847767
516 1197 2847770
474 1148 2847773
492 1179 2847776
500 1169 2847779
490 1165 2847782
497 1170 2847785
485 1171 2847788
493 1165 2847791
495 1171 2847794
495 1166 2847797
494 1169 2847800
492 1168 2847803
496 1164 2847806
467 1179 2847809
492 1150 2847812
457 1163 2847815
506 1183 2847818
495 1162 2847821
490 1171 2847824
501 1172 2847827
499 1166 2847830
495 1171 2847833
494 1167 2847836
493 1169 2847839
494 1170 2847842
494 1167 2847845
495 1152 2847848
570 1188 2847851
492 1169 2847854
464 1188 2847857
520 1173 2847860
485 1163 2847863
495 1174 2847866
493 1163 2847869
494 1167 2847872
495 1169 2847875
494 1170 2847878
498 1171 2847881
496 1177 2847884
495 1170 2847887
488 1169 2847890
480 1269 2847893
487 1170 2847896
495 1212 2847899
510 1156 2847902
479 1161 2847905
502 1176 2847908
493 1164 2847911
490 1172 2847914
497 1169 2847917
494 1170 2847920
493 1169 2847923
494 1168 2847926
493 1168 2847929
493 1170 2847932
489 1185 2847935
504 1163 2847938
499 1198 2847941
485 1139 2847944
482 1175 2847947
506 1170 2847950
489 1169 2847953
490 1170 2847956
494 1168 2847959
495 1171 2847962
497 1170 2847965
488 1170 2847968
495 1169 2847971
493 1169 2847974
495 1253 2847977
488 1163 2847980
499 1167 2847983
462 1164 2847986
501 1177 2847989
492 1173 2847992
493 1172 2847995
493 1168 2847999
494 1171 2848002
493 1168 2848005
491 1168 2848008
494 1170 2848011
495 1169 2848014
495 1165 2848017
493 1169 2848020
500 1177 2848023
492 1169 2848026
508 1171 2848029
488 1179 2848031
493 1167 2848034
493 1168 2848037
493 1169 2848040
493 1170 2848043
496 1167 2848046
493 1167 2848049
494 1170 2848052
494 1166 2848055
492 1166 2848058
495 1169 2848061
461 1195 2848064
497 1167 2848067
496 1164 2848070
492 1172 2848073
495 1169 2848076
495 1166 2848079
494 1171 2848082
495 1171 2848085
495 1167 2848088
494 1169 2848091
494 1169 2848094
493 1168 2848097
495 1170 2848100
493 1168 2848103
491 1168 2848106
478 1168 2848109
494 1171 2848112
497 1169 2848115
492 1168 2848118
498 1170 2848121
495 1162 2848124
494 1169 2848127
494 1168 2848130
493 1170 2848133
494 1168 2848136
491 1166 2848139
495 1168 2848142
495 1169 2848145
494 1163 2848148
491 1171 2848151
494 1164 2848154
494 1171 2848157
496 1169 2848160
494 1168 2848163
496 1167 2848166
495 1168 2848169
489 1167 2848172
492 1170 2848175
494 1168 2848178
498 1171 2848181
494 1170 2848184
494 1166 2848187
493 1145 2848190
408 1170 2848193
494 1167 2848196
496 1167 2848199
495 1169 2848202
491 1168 2848205
494 1165 2848208
494 1169 2848211
494 1170 2848214
492 1170 2848217
491 1167 2848220
492 1169 2848223
493 1168 2848226
494 1167 2848229
493 1172 2848232
499 1168 2848235
492 1166 2848238
495 1172 2848241
494 1160 2848244
495 1170 2848247
494 1169 2848250
495 1170 2848253
494 1171 2848256
494 1168 2848259
492 1167 2848262
494 1169 2848265
495 1168 2848268
492 1168 2848271
495 1171 2848274
489 1165 2848277
495 1168 2848280
493 1167 2848283
493 1169 2848286
494 1169 2848289
492 1165 2848292
492 1172 2848295
493 1168 2848298
494 1168 2848301
490 1168 2848304
494 1170 2848307
495 1170 2848310
495 1171 2848313
494 1170 2848316
493 1170 2848319
492 1168 2848322
491 1171 2848325
495 1167 2848328
494 1168 2848331
495 1170 2848334
491 1168 2848337
494 1170 2848340
494 1168 2848343
492 1172 2848346
494 1169 2848349
496 1168 2848352
492 1166 2848355
491 1168 2848358
493 1164 2848361
492 1170 2848364
498 1172 2848367
489 1165 2848370
494 1171 2848373
495 1167 2848376
493 1170 2848379
493 1168 2848382
494 1168 2848385
494 1169 2848388
492 1166 2848391
495 1166 2848394
495 1173 2848397
496 1169 2848400
496 1167 2848403
495 1172 2848406
496 1167 2848409
490 1172 2848412
496 1167 2848415
494 1171 2848418
497 1170 2848421
491 1168 2848424
492 1169 2848427
494 1166 2848430
496 1168 2848433
492 1170 2848436
495 1169 2848439
499 1169 2848442
493 1171 2848445
570 978 2848448
496 1169 2848451
493 1166 2848454
494 1168 2848457
495 1168 2848460
476 1166 2848463
493 1169 2848466
492 1166 2848469
495 1170 2848472
497 1168 2848475
495 1170 2848478
492 1169 2848481
494 1168 2848484
493 1170 2848487
492 1165 2848490
482 1169 2848493
495 1165 2848496
494 1172 2848499
495 1168 2848502
492 1169 2848505
494 1167 2848508
496 1169 2848511
494 1169 2848514
493 1170 2848517
493 1168 2848520
493 1165 2848523
493 1168 2848526
496 1169 2848529
494 1169 2848532
499 1164 2848535
495 1172 2848538
498 1170 2848541
492 1162 2848544
493 1170 2848547
497 1170 2848550
494 1168 2848553
494 1170 2848556
496 1169 2848559
494 1168 2848562
494 1167 2848565
493 1169 2848568
495 1168 2848571
495 1169 2848574
567 1012 2848577
494 1169 2848580
493 1165 2848583
492 1170 2848586
493 1170 2848589
493 1167 2848592
497 1168 2848595
490 1168 2848598
494 1169 2848601
494 1168 2848604
495 1171 2848607
497 1170 2848610
494 1169 2848613
494 1166 2848616
493 1170 2848619
498 1166 2848622
492 1164 2848625
494 1171 2848628
498 1166 2848631
487 1166 2848634
495 1170 2848637
499 1171 2848640
496 1170 2848643
494 1169 2848646
497 1166 2848649
496 1170 2848652
493 1168 2848655
495 1166 2848658
496 1172 2848661
495 1171 2848664
493 1168 2848667
501 1172 2848670
493 1170 2848673
488 1169 2848676
497 1170 2848679
495 1168 2848682
494 1172 2848685
494 1167 2848688
497 1170 2848691
497 1169 2848694
498 1168 2848697
492 1170 2848700
495 1166 2848703
449 2094 2848706
496 1169 2848709
492 1168 2848712
493 1169 2848715
496 1171 2848718
494 1171 2848721
494 1169 2848724
497 1167 2848727
494 1170 2848730
489 1166 2848733
495 1169 2848736
495 1172 2848739
496 1171 2848742
492 1169 2848745
494 1172 2848748
364 1166 2848751
498 1168 2848754
488 1165 2848757
498 1169 2848760
498 1167 2848763
489 1167 2848766
494 1170 2848769
496 1169 2848772
497 1170 2848775
495 1170 2848778
496 1171 2848781
494 1167 2848784
491 1167 2848787
502 1166 2848790
496 1175 2848793
495 1170 2848796
491 1169 2848799
499 1168 2848802
494 1169 2848805
494 1168 2848808
491 1167 2848811
491 1167 2848814
494 1166 2848817
494 1168 2848820
496 1168 2848823
495 1169 2848826
495 1169 2848829
492 1168 2848832
358 1173 2848835
493 1168 2848838
493 1174 2848841
494 1168 2848844
493 1167 2848847
496 1169 2848850
493 1168 2848853
494 1170 2848856
498 1168 2848859
494 1170 2848862
491 1168 2848865
494 1168 2848868
494 1167 2848871
493 1171 2848874
493 1062 2848877
132 1168 2848880
495 1170 2848883
493 1165 2848886
493 1168 2848889
492 1170 2848892
498 1172 2848895
506 1170 2848898
506 1172 2848901
508 1177 2848904
495 1207 2848907
468 1268 2848910
438 1306 2848913
421 1312 2848916
418 1306 2848919
413 1278 2848922
421 1306 2848925
412 1305 2848928
417 1305 2848931
416 1307 2848934
418 1305 2848937
419 1306 2848940
418 1308 2848943
420 1305 2848946
417 1306 2848949
416 1307 2848952
416 1307 2848955
418 1307 2848958
420 1308 2848961
234 1305 2848964
422 1308 2848967
420 1309 2848970
415 1305 2848973
419 1310 2848976
422 1305 2848979
418 1308 2848982
418 1307 2848985
418 1300 2848988
421 1305 2848991
418 1310 2848994
418 1307 2848997
418 1304 2849001
419 1309 2849004
421 1315 2849007
426 1307 2849010
419 1304 2849013
420 1311 2849016
423 1307 2849019
416 1307 2849022
421 1310 2849025
416 1309 2849028
419 1304 2849031
417 1305 2849034
419 1306 2849037
418 1307 2849039
430 1308 2849042
419 1311 2849045
417 1303 2849048
450 1303 2849051
415 1305 2849054
415 1308 2849057
419 1308 2849060
419 1304 2849063
417 1305 2849066
418 1307 2849069
419 1307 2849072
420 1312 2849075
421 1307 2849078
418 1309 2849081
416 1305 2849084
414 1305 2849087
421 1267 2849090
734 1310 2849093
419 1311 2849096
423 1305 2849099
422 1310 2849102
426 1312 2849105
423 1307 2849108
429 1309 2849111
428 1312 2849114
426 1309 2849117
428 1306 2849120
432 1312 2849123
435 1313 2849126
433 1309 2849129
435 1320 2849132
589 1312 2849135
437 1308 2849138
433 1309 2849141
438 1310 2849144
437 1312 2849147
438 1312 2849150
437 1312 2849153
442 1311 2849156
437 1311 2849159
435 1311 2849162
438 1311 2849165
438 1312 2849168
439 1314 2849171
438 1314 2849174
469 1312 2849177
437 1307 2849180
434 1309 2849183
438 1312 2849186
439 1312 2849189
438 1312 2849192
435 1308 2849195
440 1313 2849198
437 1311 2849201
439 1310 2849204
434 1313 2849207
436 1313 2849210
435 1308 2849213
435 1312 2849216
439 1311 2849219
437 1313 2849222
440 1311 2849225
433 1309 2849228
434 1313 2849231
433 1308 2849234
432 1311 2849237
433 1311 2849240
436 1309 2849243
434 1311 2849246
434 1311 2849249
435 1307 2849252
434 1310 2849255
453 1262 2849258
429 1310 2849261
434 1310 2849264
432 1312 2849267
434 1311 2849270
431 1307 2849273
430 1311 2849276
433 1311 2849279
430 1309 2849282
429 1307 2849285
430 1311 2849288
430 1310 2849291
427 1310 2849294
430 2044 2849297
428 1317 2849300
429 1309 2849303
434 1312 2849306
427 1308 2849309
426 1309 2849312
431 1308 2849315
428 1308 2849318
427 1311 2849321
426 1310 2849324
432 1306 2849327
425 1311 2849330
428 1306 2849333
426 1311 2849336
425 1310 2849339
400 1308 2849342
427 1305 2849345
424 1311 2849348
428 1308 2849351
425 1308 2849354
427 1308 2849357
422 1308 2849360
426 1308 2849363
424 1311 2849366
426 1314 2849369
426 1308 2849372
426 1306 2849375
424 1310 2849378
428 1344 2849381
425 1307 2849384
425 1305 2849387
426 1313 2849390
426 1305 2849393
423 1307 2849396
427 1312 2849399
421 1310 2849402
423 1308 2849405
425 1307 2849408
425 1310 2849411
422 1307 2849414
424 1306 2849417
427 1300 2849420
527 1309 2849423
424 1304 2849426
422 1309 2849429
424 1308 2849432
424 1308 2849435
423 1309 2849438
420 1305 2849441
420 1310 2849444
422 1307 2849447
421 1309 2849450
424 1321 2849453
425 1307 2849456
421 1310 2849459
425 1809 2849462
425 1308 2849465
422 1309 2849468
421 1309 2849471
424 1307 2849474
421 1306 2849477
419 1306 2849480
423 1308 2849483
423 1308 2849486
422 1310 2849489
421 1306 2849492
422 1306 2849495
424 1307 2849498
424 1310 2849501
422 1311 2849504
419 1306 2849507
424 1310 2849510
422 1304 2849513
418 1305 2849516
422 1308 2849519
423 1309 2849522
421 1306 2849525
421 1308 2849528
422 1310 2849531
421 1308 2849534
422 1306 2849537
422 1304 2849540
421 1296 2849543
325 1304 2849546
416 1306 2849549
420 1307 2849552
425 1311 2849555
421 1309 2849558
419 1309 2849561
423 1309 2849564
421 1308 2849567
420 1307 2849570
419 1305 2849573
421 1307 2849576
420 1303 2849579
419 1308 2849582
423 1315 2849585
421 1308 2849588
418 1305 2849591
422 1310 2849594
422 1306 2849597
419 1305 2849600
420 1310 2849603
422 1307 2849606
420 1308 2849609
419 1306 2849612
420 1307 2849615
424 1309 2849618
421 1306 2849621
418 1307 2849624
418 1302 2849627
416 1307 2849630
422 1311 2849633
426 1308 2849636
421 1306 2849639
419 1304 2849642
421 1308 2849645
419 1306 2849648
421 1309 2849651
423 1308 2849654
418 1307 2849657
419 1306 2849660
421 1307 2849663
422 1308 2849666
420 1308 2849669
414 1305 2849672
417 1309 2849675
421 1307 2849678
417 1302 2849681
421 1308 2849684
420 1308 2849687
419 1308 2849690
421 1306 2849693
420 1308 2849696
420 1306 2849699
420 1309 2849702
420 1309 2849705
419 1306 2849708
418 1313 2849711
380 1307 2849714
421 1304 2849717
418 1308 2849720
420 1307 2849723
418 1309 2849726
419 1305 2849729
417 1308 2849732
420 1307 2849735
421 1306 2849738
420 1304 2849741
417 1308 2849744
420 1307 2849747
420 1308 2849750
422 1426 2849753
412 1304 2849756
420 1304 2849759
420 1304 2849762
419 1311 2849765
422 1307 2849768
424 1304 2849771
417 1306 2849774
417 1306 2849777
419 1317 2849780
420 1307 2849783
418 1311 2849786
416 1307 2849789
419 1308 2849792
418 1307 2849795
411 1301 2849798
419 1307 2849801
416 1309 2849804
421 1310 2849807
418 1304 2849810
420 1306 2849813
418 1309 2849816
420 1309 2849819
419 1307 2849822
421 1310 2849825
422 1310 2849828
418 1308 2849831
419 1308 2849834
417 1309 2849837
417 1306 2849840
425 1309 2849843
418 1309 2849846
422 1308 2849849
419 1307 2849852
417 1306 2849855
418 1308 2849858
420 1306 2849861
419 1308 2849864
420 1305 2849867
416 1304 2849870
419 1306 2849873
419 1308 2849876
422 1308 2849879
419 1308 2849882
418 1302 2849885
420 1306 2849888
422 1308 2849891
418 1308 2849894
417 1308 2849897
419 1307 2849900
420 1303 2849903
418 1308 2849906
418 1307 2849909
422 1305 2849912
421 1308 2849915
419 1312 2849918
418 1305 2849921
418 1307 2849924
421 1309 2849927
408 1308 2849930
420 1313 2849933
422 1305 2849936
418 1313 2849939
419 1305 2849942
417 1307 2849945
420 1309 2849948
419 1308 2849951
419 1306 2849954
419 1308 2849957
422 1308 2849960
418 1309 2849963
417 1309 2849966
419 1305 2849969
416 1312 2849972
418 1306 2849975
421 1312 2849978
418 1304 2849981
416 1306 2849984
418 1306 2849987
418 1309 2849990
422 1309 2849993
418 1307 2849996
416 1309 2850000
420 1305 2850003
419 1305 2850006
420 1308 2850009
420 1308 2850012
419 1309 2850015
461 1305 2850018
418 1303 2850021
419 1311 2850024
420 1304 2850027
420 1310 2850030
421 1307 2850032
416 1304 2850035
416 1309 2850038
421 1308 2850041
418 1309 2850044
419 1306 2850047
418 1308 2850050
417 1308 2850053
418 1306 2850056
425 1319 2850059
417 1307 2850062
421 1303 2850065
422 1309 2850068
419 1306 2850071
419 1308 2850074
420 1307 2850077
418 1307 2850080
417 1308 2850083
422 1307 2850086
416 1309 2850089
421 1309 2850092
418 1305 2850095
418 1313 2850098
418 1238 2850101
539 1307 2850104
422 1310 2850107
416 1308 2850110
416 1307 2850113
420 1304 2850116
438 1309 2850119
423 1311 2850122
419 1307 2850125
422 1307 2850128
420 1308 2850131
418 1306 2850134
419 1305 2850137
419 1311 2850140
420 1308 2850143
359 2273 2850146
417 1310 2850149
420 1305 2850152
415 1306 2850155
419 1312 2850158
421 1308 2850161
417 1306 2850164
418 1308 2850167
415 1305 2850170
418 1307 2850173
420 1306 2850176
415 1307 2850179
420 1310 2850182
420 1306 2850185
418 1356 2850188
0 1308 2850191
420 1306 2850194
419 1305 2850197
417 1307 2850200
421 1306 2850203
419 1308 2850206
422 1308 2850209
419 1308 2850212
421 1307 2850215
420 1305 2850218
419 1307 2850221
417 1308 2850224
419 1307 2850227
421 1309 2850230
316 941 2850233
419 1304 2850236
418 1304 2850239
418 1308 2850242
417 1305 2850245
420 1307 2850248
418 1309 2850251
420 1309 2850254
420 1307 2850257
416 1309 2850260
420 1307 2850263
418 1308 2850266
420 1306 2850269
418 1310 2850272
419 1325 2850275
447 1304 2850278
419 1308 2850281
416 1307 2850284
421 1308 2850287
419 1309 2850290
420 1308 2850293
421 1307 2850296
418 1305 2850299
418 1307 2850302
421 1305 2850305
420 1307 2850308
419 1307 2850311
419 1307 2850314
421 1306 2850317
422 1314 2850320
421 1309 2850323
423 1308 2850326
429 1305 2850329
417 1306 2850332
419 1304 2850335
417 1306 2850338
421 1309 2850341
417 1306 2850344
423 1307 2850347
418 1307 2850350
418 1307 2850353
418 1306 2850356
416 1304 2850359
321 1868 2850362
418 1306 2850365
420 1304 2850368
417 1304 2850371
421 1310 2850374
417 1307 2850377
420 1310 2850380
418 1313 2850383
421 1308 2850386
418 1305 2850389
417 1306 2850392
421 1308 2850395
420 1309 2850398
421 1306 2850401
422 1310 2850404
413 1305 2850407
416 1307 2850410
421 1310 2850413
420 1306 2850416
418 1310 2850419
420 1308 2850422
417 1304 2850425
417 1306 2850428
420 1300 2850431
419 1304 2850434
416 1307 2850437
418 1308 2850440
416 1305 2850443
418 1310 2850446
368 1307 2850449
419 1303 2850452
417 1311 2850455
420 1305 2850458
417 1308 2850461
419 1309 2850464
419 1306 2850467
419 1308 2850470
420 1309 2850473
418 1307 2850476
417 1308 2850479
417 1307 2850482
417 1312 2850485
419 1307 2850488
595 1304 2850491
418 1308 2850494
419 1306 2850497
419 1308 2850500
419 1309 2850503
421 1310 2850506
418 1306 2850509
418 1308 2850512
421 1309 2850515
419 1309 2850518
417 1307 2850521
416 1307 2850524
415 1309 2850527
416 1300 2850530
264 1312 2850533
421 1309 2850536
415 1303 2850539
416 1306 2850542
418 1307 2850545
419 1309 2850548
419 1307 2850551
420 1309 2850554
418 1306 2850557
419 1307 2850560
420 1305 2850563
419 1305 2850566
420 1309 2850569
420 1288 2850572
307 1302 2850575
416 1310 2850578
416 1307 2850581
420 1311 2850584
423 1309 2850587
418 1305 2850590
420 1307 2850593
417 1305 2850596
418 1304 2850599
417 1304 2850602
418 1306 2850605
414 1306 2850608
421 1308 2850611
420 1300 2850614
396 1310 2850617
419 1302 2850620
418 1308 2850623
421 1308 2850626
415 1304 2850629
417 1306 2850632
422 1308 2850635
418 1307 2850638
419 1306 2850641
421 1310 2850644
419 1310 2850647
418 1308 2850650
420 1307 2850653
420 1304 2850656
421 1306 2850659
417 1306 2850662
421 1307 2850665
415 1309 2850668
420 1306 2850671
418 1306 2850674
419 1309 2850677
420 1309 2850680
418 1308 2850683
419 1305 2850686
419 1305 2850689
416 1307 2850692
416 1305 2850695
918 1305 2850698
425 1307 2850701
420 1310 2850704
418 1306 2850707
405 1304 2850710
418 1306 2850713
417 1309 2850716
419 1307 2850719
421 1307 2850722
418 1304 2850725
415 1306 2850728
418 1302 2850731
419 1307 2850734
421 1313 2850737
417 1267 2850740
737 1307 2850743
420 1309 2850746
415 1306 2850749
420 1310 2850752
421 1306 2850755
415 1308 2850758
419 1302 2850761
416 1304 2850764
420 1310 2850767
422 1308 2850770
411 1311 2850773
420 1309 2850776
419 1307 2850779
418 1317 2850782
422 1304 2850785
419 1309 2850788
417 1306 2850791
421 1308 2850794
420 1306 2850797
419 1307 2850800
421 1307 2850803
418 1310 2850806
422 1308 2850809
421 1307 2850812
419 1305 2850815
418 1310 2850818
421 1303 2850821
419 1306 2850824
419 1305 2850827
427 1307 2850830
420 1309 2850833
425 1310 2850836
414 1304 2850839
419 1308 2850842
418 1305 2850845
417 1309 2850848
420 1309 2850851
421 1306 2850854
421 1310 2850857
419 1307 2850860
418 1307 2850863
419 1309 2850866
422 1404 2850869
409 1307 2850872
421 1306 2850875
419 1305 2850878
419 1310 2850881
421 1306 2850884
421 1307 2850887
420 1307 2850890
419 1305 2850893
418 1306 2850896
415 1307 2850899
420 1308 2850902
418 1305 2850905
421 1309 2850908
421 1308 2850911
439 1387 2850914
419 1308 2850917
421 1300 2850920
416 1309 2850923
423 1306 2850926
418 1304 2850929
418 1308 2850932
420 1307 2850935
418 1306 2850938
422 1311 2850941
422 1308 2850944
424 1309 2850947
420 1309 2850950
419 1307 2850953
418 1303 2850956
371 1304 2850959
419 1304 2850962
420 1309 2850965
423 1308 2850968
417 1310 2850971
421 1305 2850974
419 1307 2850977
421 1308 2850980
418 1306 2850983
418 1309 2850986
422 1304 2850989
418 1306 2850992
418 1306 2850995
421 1305 2850999
418 1305 2851002
418 1306 2851005
418 1308 2851008
419 1309 2851011
417 1307 2851014
422 1307 2851017
422 1308 2851020
419 1306 2851023
417 1309 2851026
420 1306 2851029
419 1306 2851032
420 1306 2851034
420 1306 2851037
422 1309 2851040
421 1308 2851043
421 1307 2851046
419 1308 2851049
422 1308 2851052
419 1306 2851055
419 1309 2851058
420 1307 2851061
422 1305 2851064
420 1306 2851067
421 1307 2851070
420 1308 2851073
421 1307 2851076
418 1307 2851079
418 1310 2851082
418 1307 2851085
415 1297 2851088
420 1306 2851091
424 1311 2851094
419 1304 2851097
422 1306 2851100
419 1308 2851103
419 1307 2851106
423 1321 2851109
418 1310 2851112
419 1307 2851115
417 1304 2851118
417 1306 2851121
416 1306 2851124
418 1308 2851127
421 1307 2851130
418 1305 2851133
420 1310 2851136
420 1304 2851139
419 1305 2851142
419 1311 2851145
420 1311 2851148
420 1307 2851151
416 1307 2851154
418 1305 2851157
419 1308 2851160
419 1307 2851163
414 1306 2851166
419 1306 2851169
417 1306 2851172
421 1305 2851175
419 1307 2851178
423 1309 2851181
420 1307 2851184
417 1305 2851187
421 1308 2851190
419 1309 2851193
420 1310 2851196
417 1306 2851199
421 1307 2851202
418 1307 2851205
418 1305 2851208
419 1306 2851211
418 1308 2851214
419 1306 2851217
411 1308 2851220
421 1310 2851223
423 1311 2851226
420 1306 2851229
416 1305 2851232
421 1309 2851235
418 1306 2851238
417 1308 2851241
420 1309 2851244
421 1309 2851247
420 1306 2851250
415 1308 2851253
418 1310 2851256
419 1306 2851259
417 1303 2851262
418 1305 2851265
414 1308 2851268
418 1304 2851271
414 1306 2851274
419 1307 2851277
420 1306 2851280
419 1307 2851283
416 1306 2851286
419 1306 2851289
418 1307 2851292
420 1308 2851295
416 1308 2851298
419 1310 2851301
417 1320 2851304
516 1307 2851307
419 1306 2851310
415 1308 2851313
424 1309 2851316
418 1305 2851319
421 1308 2851322
418 1307 2851325
419 1307 2851328
416 1305 2851331
418 1305 2851334
418 1306 2851337
418 1306 2851340
418 1308 2851343
421 1310 2851346
424 1469 2851349
415 1306 2851352
420 1304 2851355
416 1309 2851358
420 1303 2851361
419 1305 2851364
420 1308 2851367
419 1304 2851370
418 1307 2851373
421 1312 2851376
417 1305 2851379
419 1307 2851382
418 1306 2851385
417 1307 2851388
419 1263 2851391
0 1307 2851394
417 1305 2851397
419 1302 2851400
417 1309 2851403
420 1306 2851406
420 1308 2851409
419 1309 2851412
419 1309 2851415
417 1308 2851418
417 1308 2851421
418 1305 2851424
419 1309 2851427
420 1307 2851430
418 1305 2851433
226 1305 2851436
417 1302 2851439
417 1311 2851442
421 1306 2851445
406 1308 2851448
420 1306 2851451
419 1305 2851454
418 1310 2851457
420 1307 2851460
417 1306 2851463
419 1310 2851466
418 1308 2851469
417 1305 2851472
419 1310 2851475
420 1305 2851478
420 1301 2851481
418 1305 2851484
420 1312 2851487
419 1308 2851490
416 1308 2851493
418 1309 2851496
419 1307 2851499
418 1307 2851502
420 1306 2851505
418 1307 2851508
418 1307 2851511
419 1306 2851514
415 1305 2851517
418 1309 2851520
418 1304 2851523
421 1308 2851526
418 1306 2851529
422 1308 2851532
418 1304 2851535
420 1306 2851538
417 1304 2851541
421 1305 2851544
417 1308 2851547
419 1306 2851550
419 1306 2851553
419 1309 2851556
421 1308 2851559
415 1305 2851562
421 1305 2851565
417 1315 2851568
419 1306 2851571
413 1306 2851574
419 1308 2851577
417 1308 2851580
415 1306 2851583
418 1308 2851586
418 1309 2851589
420 1308 2851592
416 1307 2851595
421 1310 2851598
419 1307 2851601
420 1304 2851604
414 1307 2851607
417 1307 2851610
428 1308 2851613
418 1305 2851616
419 1309 2851619
420 1308 2851622
418 1308 2851625
415 1306 2851628
421 1309 2851631
419 1307 2851634
417 1306 2851637
416 1309 2851640
419 1309 2851643
420 1315 2851646
420 1307 2851649
416 1309 2851652
421 1435 2851655
424 1307 2851658
415 1305 2851661
419 1309 2851664
418 1305 2851667
419 1307 2851670
419 1306 2851673
420 1307 2851676
420 1307 2851679
416 1306 2851682
421 1306 2851685
419 1307 2851688
421 1308 2851691
419 1305 2851694
419 1279 2851697
462 1305 2851700
424 1305 2851703
416 1307 2851706
424 1311 2851709
420 1307 2851712
419 1303 2851715
420 1307 2851718
417 1306 2851721
421 1309 2851724
416 1305 2851727
422 1309 2851730
419 1306 2851733
420 1305 2851736
418 1308 2851739
441 1456 2851742
423 1304 2851745
419 1303 2851748
418 1311 2851751
419 1309 2851754
419 1306 2851757
414 1305 2851760
421 1301 2851763
420 1305 2851766
419 1307 2851769
581 1037 2837369
583 1040 2837372
619 1032 2837375
584 1065 2837378
596 1013 2837381
566 1037 2837384
593 1043 2837387
582 1031 2837390
583 1038 2837393
583 1034 2837396
585 1037 2837399
584 1032 2837402
584 1036 2837405
583 1040 2837408
583 1038 2837411
582 1038 2837414
542 920 2837417
587 1038 2837420
583 1022 2837423
603 1057 2837426
583 1024 2837429
576 1039 2837432
587 1036 2837435
583 1035 2837438
584 1042 2837441
582 1037 2837444
581 1038 2837447
580 1036 2837450
580 1036 2837453
583 1037 2837456
583 1037 2837459
581 1065 2837462
576 1037 2837465
608 1055 2837468
564 1017 2837471
581 1046 2837474
587 1035 2837477
579 1038 2837480
583 1040 2837483
583 1037 2837486
581 1036 2837489
581 1040 2837492
582 1035 2837495
584 1039 2837498
581 1038 2837501
604 1056 2837504
622 1036 2837507
589 1035 2837510
546 1032 2837513
600 1049 2837516
578 1036 2837519
578 1040 2837522
589 1037 2837525
574 1034 2837528
586 1041 2837531
581 1034 2837534
583 1039 2837537
584 1039 2837540
585 1036 2837543
582 1038 2837546
579 1017 2837549
645 1032 2837552
580 1039 2837555
615 1055 2837558
573 1023 2837561
579 1043 2837564
586 1037 2837567
581 1034 2837570
583 1040 2837573
583 1038 2837576
579 1032 2837579
580 1038 2837582
584 1036 2837585
583 1036 2837588
585 1038 2837591
583 1038 2837594
617 1026 2837597
581 1063 2837600
584 1011 2837603
567 1041 2837606
593 1044 2837609
580 1036 2837612
582 1037 2837615
584 1037 2837618
581 1039 2837621
583 1039 2837624
580 1036 2837627
582 1038 2837630
581 1035 2837633
582 1036 2837636
581 1048 2837639
569 1041 2837642
581 1026 2837645
552 1025 2837648
592 1052 2837651
583 1031 2837654
580 1039 2837657
586 1037 2837660
580 1034 2837663
581 1037 2837666
582 1036 2837669
583 1039 2837672
583 1036 2837675
581 1037 2837678
581 1039 2837681
553 1041 2837684
569 1045 2837687
581 1010 2837690
552 1038 2837693
599 1045 2837696
579 1026 2837699
578 1045 2837702
591 1038 2837705
579 1036 2837708
584 1038 2837711
575 1033 2837714
581 1036 2837717
584 1038 2837720
585 1037 2837723
583 1039 2837726
580 1039 2837729
568 1044 2837732
581 1005 2837735
552 1035 2837738
597 1047 2837741
582 1032 2837744
574 1038 2837747
587 1038 2837750
580 1035 2837753
583 1039 2837756
582 1033 2837759
581 1037 2837762
581 1037 2837765
580 1034 2837768
586 1040 2837771
584 1047 2837774
574 1044 2837777
582 1021 2837780
553 1029 2837783
592 1051 2837786
585 1032 2837789
577 1037 2837792
587 1037 2837795
581 1034 2837798
582 1035 2837801
584 1038 2837804
582 1037 2837807
586 1036 2837810
583 1037 2837813
580 1036 2837816
582 1037 2837819
618 1027 2837822
580 1063 2837825
584 1010 2837828
565 1044 2837831
594 1039 2837834
579 1034 2837837
586 1022 2837840
583 1037 2837843
578 1035 2837846
582 1036 2837849
582 1038 2837852
581 1036 2837855
579 1034 2837858
583 1038 2837861
580 1015 2837864
634 1031 2837867
580 1045 2837870
618 1055 2837873
569 1024 2837876
579 1041 2837879
585 1038 2837882
577 1038 2837885
585 1038 2837888
576 1037 2837891
584 1047 2837894
582 1035 2837897
581 1038 2837900
581 1036 2837903
583 1038 2837906
583 1115 2837909
580 1026 2837912
589 1041 2837915
545 1030 2837918
603 1051 2837921
576 1030 2837924
581 1041 2837927
586 1040 2837930
580 1033 2837933
580 1040 2837936
582 1038 2837939
583 1036 2837942
582 1037 2837945
582 1037 2837948
590 1037 2837951
584 1037 2837954
566 1067 2837957
575 1035 2837960
606 1049 2837963
560 1021 2837966
585 1049 2837969
586 1033 2837972
578 1036 2837975
584 1040 2837978
582 1035 2837981
584 1041 2837984
583 1037 2837987
580 1033 2837990
582 1036 2837993
582 1037 2837996
582 1037 2838000
572 1041 2838003
582 1040 2838006
580 1031 2838009
596 1046 2838012
576 1036 2838015
577 1036 2838018
587 1035 2838021
580 1036 2838024
583 1040 2838027
583 1035 2838030
585 1038 2838033
581 1038 2838036
583 1036 2838039
583 1039 2838042
582 1035 2838044
583 1032 2838047
597 1031 2838050
583 1031 2838053
588 1038 2838056
581 1041 2838059
575 1039 2838062
584 1037 2838065
585 1038 2838068
582 1036 2838071
580 1034 2838074
582 1040 2838077
586 1037 2838080
582 1037 2838083
582 1038 2838086
584 1035 2838089
579 1024 2838092
196 1036 2838095
582 1039 2838098
575 1039 2838101
577 1040 2838104
582 1036 2838107
581 1037 2838110
582 1037 2838113
585 1038 2838116
580 1037 2838119
579 1035 2838122
581 1035 2838125
584 1038 2838128
584 1042 2838131
585 1036 2838134
583 1038 2838137
579 1036 2838140
580 1038 2838143
575 1042 2838146
584 1036 2838149
579 1038 2838152
583 1037 2838155
577 1037 2838158
583 1037 2838161
583 1037 2838164
584 1045 2838167
584 1039 2838170
582 1033 2838173
580 1038 2838176
583 1037 2838179
583 1037 2838182
615 1473 2838185
585 1040 2838188
580 1032 2838191
582 1035 2838194
585 1039 2838197
581 1039 2838200
581 1035 2838203
581 1036 2838206
580 1038 2838209
582 1037 2838212
584 1038 2838215
580 1037 2838218
583 1037 2838221
582 1035 2838224
584 1038 2838227
583 1039 2838230
583 1035 2838233
582 1041 2838236
583 1037 2838239
582 1037 2838242
581 1041 2838245
583 1037 2838248
577 1035 2838251
582 1036 2838254
577 1036 2838257
584 1038 2838260
583 1035 2838263
583 1039 2838266
585 1038 2838269
581 1036 2838272
580 1047 2838275
630 1037 2838278
582 1037 2838281
577 1036 2838284
583 1037 2838287
579 1041 2838290
584 1034 2838293
582 1039 2838296
584 1038 2838299
584 1036 2838302
581 1036 2838305
581 1034 2838308
579 1038 2838311
585 1038 2838314
581 1037 2838317
585 1069 2838320
292 1038 2838323
582 1036 2838326
578 1035 2838329
584 1040 2838332
581 1038 2838335
579 1034 2838338
582 1036 2838341
582 1037 2838344
582 1035 2838347
582 1038 2838350
585 1038 2838353
581 1036 2838356
581 1036 2838359
581 1037 2838362
581 1260 2838365
584 1037 2838368
579 1036 2838371
584 1037 2838374
580 1038 2838377
586 1042 2838380
581 1036 2838383
583 1039 2838386
582 1037 2838389
583 1036 2838392
579 1036 2838395
582 1036 2838398
583 1039 2838401
581 1038 2838404
582 1033 2838407
584 910 2838410
586 1041 2838413
582 1036 2838416
585 1036 2838419
579 1033 2838422
582 1036 2838425
584 1038 2838428
580 1037 2838431
586 1037 2838434
583 1036 2838437
581 1035 2838440
585 1036 2838443
583 1037 2838446
579 1036 2838449
580 1039 2838452
583 1031 2838455
585 1035 2838458
581 1039 2838461
586 1037 2838464
579 1035 2838467
580 1037 2838470
584 1037 2838473
580 1034 2838476
581 1037 2838479
581 1037 2838482
583 1040 2838485
581 1036 2838488
581 1035 2838491
582 1035 2838494
580 1035 2838497
582 1173 2838500
580 1035 2838503
594 1039 2838506
586 1036 2838509
582 1037 2838512
581 1039 2838515
582 1038 2838518
581 1036 2838521
580 1034 2838524
583 1037 2838527
582 1036 2838530
583 1037 2838533
579 1036 2838536
583 1038 2838539
583 1036 2838542
583 1095 2838545
719 1036 2838548
582 1036 2838551
575 1034 2838554
583 1038 2838557
584 1036 2838560
585 1040 2838563
582 1038 2838566
583 1034 2838569
581 1036 2838572
581 1040 2838575
582 1036 2838578
581 1034 2838581
584 1036 2838584
581 1036 2838587
581 1009 2838590
502 1039 2838593
582 1038 2838596
581 1039 2838599
584 1035 2838602
580 1038 2838605
581 1033 2838608
582 1035 2838611
579 1037 2838614
580 1036 2838617
581 1038 2838620
585 1038 2838623
582 1041 2838626
583 1035 2838629
577 1037 2838632
581 1036 2838635
584 1037 2838638
581 1037 2838641
585 1039 2838644
579 1036 2838647
583 1036 2838650
580 1036 2838653
585 1036 2838656
581 1037 2838659
580 1035 2838662
582 1038 2838665
583 1036 2838668
581 1038 2838671
585 1038 2838674
582 1039 2838677
555 1034 2838680
582 1035 2838683
581 1038 2838686
579 1034 2838689
581 1040 2838692
584 1038 2838695
583 1038 2838698
582 1036 2838701
581 1037 2838704
583 1040 2838707
584 1036 2838710
581 1036 2838713
582 1037 2838716
583 1037 2838719
582 1036 2838722
556 1050 2838725
583 1039 2838728
583 1035 2838731
582 1037 2838734
582 1038 2838737
582 1034 2838740
583 1036 2838743
578 1032 2838746
584 1039 2838749
582 1037 2838752
582 1035 2838755
583 1039 2838758
584 1037 2838761
584 1038 2838764
580 1037 2838767
585 1046 2838770
584 1036 2838773
583 1039 2838776
579 1032 2838779
583 1039 2838782
581 1035 2838785
585 1037 2838788
581 1040 2838791
581 1037 2838794
579 1034 2838797
581 1038 2838800
581 1036 2838803
581 1038 2838806
586 1038 2838809
580 1114 2838812
736 1039 2838815
584 1033 2838818
579 1029 2838821
582 1038 2838824
583 1035 2838827
580 1033 2838830
562 1033 2838833
582 1036 2838836
581 1040 2838839
584 1036 2838842
581 1036 2838845
586 1038 2838848
580 1032 2838851
583 1034 2838854
582 1034 2838857
625 1036 2838860
584 1034 2838863
583 1036 2838866
583 1037 2838869
581 1038 2838872
583 1036 2838875
580 1035 2838878
582 1038 2838881
581 1037 2838884
582 1035 2838887
580 1039 2838890
583 1038 2838893
582 1038 2838896
579 1037 2838899
1042 1037 2838902
583 1037 2838905
584 1041 2838908
580 1034 2838911
582 1039 2838914
586 1035 2838917
582 1037 2838920
583 1039 2838923
583 1034 2838926
584 1041 2838929
581 1035 2838932
581 1039 2838935
581 1038 2838938
584 1037 2838941
580 1036 2838944
592 1138 2838947
582 1036 2838950
581 1034 2838953
583 1039 2838956
586 1038 2838959
584 1039 2838962
582 1035 2838965
582 1037 2838968
580 1038 2838971
584 1039 2838974
584 1035 2838977
584 1037 2838980
582 1035 2838983
581 1034 2838986
584 1040 2838989
589 1035 2838992
583 1037 2838995
584 1038 2838999
584 1039 2839002
580 1036 2839005
585 1037 2839008
584 1033 2839011
581 1040 2839014
584 1033 2839017
583 1038 2839020
583 1039 2839023
585 1034 2839026
583 1037 2839029
584 1030 2839032
585 394 2839035
584 1039 2839038
580 1036 2839041
584 1032 2839044
582 1036 2839046
586 1038 2839049
584 1037 2839052
584 1037 2839055
582 1035 2839058
583 1039 2839061
584 1038 2839064
585 1039 2839067
581 1038 2839070
584 1038 2839073
585 1036 2839076
583 981 2839079
619 1040 2839082
579 1038 2839085
583 1035 2839088
583 1040 2839091
584 1039 2839094
585 1035 2839097
581 1036 2839100
583 1039 2839103
583 1037 2839106
584 1036 2839109
581 1036 2839112
584 1038 2839115
581 1033 2839118
581 1035 2839121
583 1073 2839124
556 1039 2839127
585 1036 2839130
581 1033 2839133
585 1039 2839136
586 1036 2839139
584 1040 2839142
582 1036 2839145
584 1042 2839148
583 1033 2839151
581 1034 2839154
583 1038 2839157
578 1038 2839160
586 1039 2839163
580 1035 2839166
583 1048 2839169
499 1035 2839172
584 1038 2839175
578 1035 2839178
584 1039 2839181
580 1036 2839184
584 1037 2839187
582 1037 2839190
583 1039 2839193
588 1040 2839196
584 1034 2839199
584 1039 2839202
581 1029 2839205
582 1036 2839208
578 1037 2839211
583 1043 2839214
619 1034 2839217
584 1035 2839220
581 1040 2839223
583 1036 2839226
583 1037 2839229
581 1036 2839232
583 1039 2839235
583 1037 2839238
582 1036 2839241
582 1036 2839244
585 1036 2839247
583 1035 2839250
583 1039 2839253
581 1039 2839256
584 1056 2839259
588 1038 2839262
579 1035 2839265
578 1040 2839268
583 1035 2839271
583 1038 2839274
583 1036 2839277
583 1035 2839280
579 1036 2839283
581 1035 2839286
583 1034 2839289
581 1036 2839292
585 1039 2839295
583 1037 2839298
582 1037 2839301
584 1041 2839304
568 1036 2839307
580 1036 2839310
577 1038 2839313
583 1039 2839316
582 1032 2839319
584 1037 2839322
584 1038 2839325
583 1040 2839328
583 1036 2839331
582 1036 2839334
582 1038 2839337
581 1036 2839340
581 1035 2839343
584 1039 2839346
583 1018 2839349
398 1034 2839352
582 1038 2839355
578 1035 2839358
499 1168 2843766
491 1170 2843769
496 1169 2843772
495 1168 2843775
495 1167 2843778
494 1170 2843781
490 1169 2843784
492 1168 2843787
495 1171 2843789
464 1190 2843792
494 1169 2843795
492 1186 2843798
498 1177 2843801
490 1162 2843804
492 1170 2843807
497 1192 2843810
493 1170 2843813
494 1167 2843816
495 1169 2843819
492 1169 2843822
495 1168 2843825
495 1169 2843828
493 1167 2843831
496 1171 2843834
477 1215 2843837
495 1167 2843840
493 1158 2843843
503 1176 2843846
488 1167 2843849
493 1171 2843852
495 1166 2843855
492 1167 2843858
494 1170 2843861
494 1166 2843864
495 1174 2843867
499 1170 2843870
495 1170 2843873
493 1169 2843876
492 1169 2843879
481 1154 2843882
497 1168 2843885
499 1185 2843888
489 1161 2843891
496 1170 2843894
502 1169 2843897
488 1173 2843900
494 1171 2843903
496 1170 2843906
494 1169 2843909
494 1167 2843912
495 1169 2843915
494 1170 2843918
493 1170 2843921
494 1495 2843924
492 1167 2843927
494 1169 2843930
482 1153 2843933
498 1169 2843936
502 1169 2843939
489 1166 2843942
493 1169 2843945
496 1171 2843948
493 1169 2843951
493 1165 2843954
494 1170 2843957
492 1169 2843960
494 1167 2843963
493 1167 2843966
494 1158 2843969
490 1167 2843972
492 1168 2843975
487 1183 2843978
490 1160 2843981
494 1173 2843984
496 1168 2843987
491 1171 2843990
495 1170 2843993
496 1167 2843996
493 1168 2844000
495 1172 2844003
497 1169 2844006
492 1170 2844009
496 1170 2844012
579 1169 2844015
495 1174 2844018
495 1146 2844021
505 1165 2844024
496 1172 2844027
492 1168 2844030
494 1172 2844033
493 1173 2844036
491 1167 2844039
494 1170 2844042
494 1166 2844045
493 1167 2844048
494 1173 2844051
496 1169 2844053
493 1401 2844056
494 1169 2844059
494 1175 2844062
487 1153 2844065
519 1169 2844068
500 1172 2844071
495 1165 2844074
497 1169 2844077
496 1169 2844080
493 1168 2844083
494 1169 2844086
498 1169 2844089
494 1170 2844092
492 1167 2844095
496 1166 2844098
563 1167 2844101
492 1169 2844104
497 1150 2844107
482 1177 2844110
494 1177 2844113
489 1159 2844116
492 1171 2844119
496 1171 2844122
497 1169 2844125
494 1166 2844128
494 1174 2844131
493 1168 2844134
497 1175 2844137
491 1169 2844140
494 1151 2844143
452 1168 2844146
477 1169 2844149
474 1166 2844152
501 1176 2844155
492 1165 2844158
489 1172 2844161
500 1170 2844164
492 1165 2844167
494 1172 2844170
495 1170 2844173
497 1170 2844176
495 1168 2844179
493 1168 2844182
498 1167 2844185
488 1180 2844188
494 1172 2844191
490 1187 2844194
495 1157 2844197
489 1174 2844200
502 1170 2844203
492 1168 2844206
495 1171 2844209
496 1169 2844212
492 1168 2844215
496 1167 2844218
492 1171 2844221
495 1170 2844224
490 1167 2844227
509 1355 2844230
497 1168 2844233
494 1142 2844236
499 1171 2844239
501 1169 2844242
485 1166 2844245
494 1169 2844248
495 1167 2844251
492 1170 2844254
497 1168 2844257
493 1168 2844260
493 1169 2844263
491 1168 2844266
493 1170 2844269
495 1177 2844272
487 1169 2844275
495 1190 2844278
490 1155 2844281
489 1174 2844284
500 1171 2844287
490 1167 2844290
493 1170 2844293
498 1164 2844296
491 1168 2844299
495 1174 2844302
494 1170 2844305
493 1170 2844308
495 1168 2844311
493 1159 2844314
466 1170 2844317
493 1164 2844320
503 1184 2844323
486 1165 2844326
495 1174 2844329
495 1167 2844332
492 1167 2844335
497 1172 2844338
494 1166 2844341
495 1168 2844344
493 1167 2844347
493 1167 2844350
496 1170 2844353
495 1148 2844356
500 1167 2844359
495 1169 2844362
492 1182 2844365
495 1160 2844368
490 1171 2844371
496 1171 2844374
493 1169 2844377
492 1166 2844380
493 1169 2844383
492 1169 2844386
498 1171 2844389
492 1170 2844392
495 1168 2844395
492 1154 2844398
459 1163 2844401
492 1170 2844404
487 1180 2844407
503 1162 2844410
488 1172 2844413
497 1172 2844416
492 1165 2844419
496 1170 2844422
494 1168 2844425
493 1170 2844428
492 1168 2844431
495 1166 2844434
493 1170 2844437
494 1146 2844440
510 1173 2844443
495 1168 2844446
501 1166 2844449
505 1167 2844452
486 1168 2844455
494 1171 2844458
495 1166 2844461
494 1162 2844464
493 1169 2844467
493 1170 2844470
494 1169 2844473
510 1171 2844476
495 1169 2844479
496 1153 2844482
478 1170 2844485
494 1169 2844488
500 1166 2844491
504 1171 2844494
486 1162 2844497
497 1168 2844500
497 1168 2844503
494 1170 2844506
495 1171 2844509
492 1168 2844512
493 1170 2844515
494 1171 2844518
494 1169 2844521
492 1131 2844524
453 1166 2844527
495 1170 2844530
472 1169 2844533
496 1177 2844536
492 1164 2844539
495 1171 2844542
496 1166 2844545
491 1168 2844548
497 1169 2844551
490 1168 2844554
494 1169 2844557
495 1170 2844560
493 1166 2844563
491 1246 2844566
494 1167 2844569
494 1167 2844572
482 1152 2844575
500 1171 2844578
500 1168 2844581
490 1168 2844584
496 1171 2844587
491 1168 2844590
497 1170 2844593
494 1169 2844596
492 1170 2844599
495 1169 2844602
495 1171 2844605
492 1169 2844608
497 1159 2844611
494 1169 2844614
509 1180 2844617
480 1162 2844620
493 1169 2844623
499 1170 2844626
490 1170 2844629
500 1170 2844632
496 1173 2844635
496 1173 2844638
495 1169 2844641
492 1165 2844644
494 1169 2844647
492 1170 2844650
471 1255 2844653
492 1167 2844656
494 1173 2844659
490 1179 2844662
489 1160 2844665
490 1173 2844668
497 1171 2844671
492 1171 2844674
492 1168 2844677
494 1169 2844680
493 1169 2844683
492 1169 2844686
494 1168 2844689
497 1173 2844692
493 1173 2844695
493 1167 2844698
493 1178 2844701
508 1159 2844704
486 1181 2844707
497 1174 2844710
500 1166 2844713
492 1170 2844716
500 1172 2844719
493 1169 2844722
494 1170 2844725
492 1169 2844728
494 1169 2844731
493 1170 2844734
492 1430 2844737
492 1170 2844740
493 1171 2844743
492 1152 2844746
499 1170 2844749
501 1172 2844752
485 1163 2844755
496 1170 2844758
494 1166 2844761
494 1172 2844764
496 1171 2844767
493 1173 2844770
496 1171 2844773
493 1167 2844776
494 1168 2844779
497 1204 2844782
495 1168 2844785
490 1141 2844788
506 1161 2844791
501 1171 2844794
487 1162 2844797
495 1173 2844800
508 1171 2844803
493 1168 2844806
490 1168 2844809
495 1168 2844812
494 1169 2844815
496 1172 2844818
494 1169 2844821
497 1164 2844824
380 1169 2844827
493 1168 2844830
470 1176 2844833
490 1177 2844836
495 1165 2844839
491 1169 2844842
498 1169 2844845
491 1167 2844848
496 1171 2844851
493 1168 2844854
495 1169 2844857
491 1168 2844860
496 1169 2844863
494 1169 2844866
486 1164 2844869
494 1170 2844872
