1058 612 4920308
1053 590 4920311
1053 592 4920314
1055 592 4920317
1053 592 4920320
1053 590 4920323
1054 592 4920326
1055 591 4920329
1053 593 4920332
1054 593 4920335
1054 592 4920338
1054 591 4920341
1053 590 4920344
1051 591 4920347
1053 592 4920350
1043 593 4920353
1047 589 4920356
1051 590 4920359
1052 591 4920362
1053 594 4920365
1053 593 4920368
1051 591 4920371
1053 591 4920374
1054 589 4920377
1053 590 4920380
1053 591 4920383
1053 591 4920386
1052 590 4920389
1053 591 4920392
1057 590 4920395
1053 589 4920398
1051 591 4920401
1053 590 4920404
1052 590 4920407
1052 592 4920410
1053 592 4920413
1053 590 4920416
1054 592 4920419
1052 590 4920422
1055 590 4920425
1053 594 4920428
1054 592 4920431
1051 589 4920434
1054 590 4920437
1053 592 4920440
1137 619 4920443
1053 589 4920446
1053 592 4920449
1054 592 4920452
1054 590 4920455
1053 593 4920458
1053 591 4920461
1051 591 4920464
1052 591 4920467
1053 590 4920470
1054 591 4920473
1052 589 4920476
1049 590 4920479
1055 591 4920482
1054 1009 4920485
1051 596 4920488
1052 593 4920491
1058 592 4920494
1051 591 4920497
1054 591 4920500
1054 588 4920503
1052 592 4920506
1053 589 4920509
1052 590 4920512
1054 590 4920515
1054 593 4920518
1048 591 4920521
1053 591 4920524
1052 592 4920527
1126 0 4920530
1052 591 4920533
1054 587 4920536
1048 589 4920539
1057 590 4920542
1053 587 4920545
1053 591 4920548
1053 580 4920551
1049 589 4920554
1052 591 4920557
1053 591 4920560
1053 593 4920563
1051 590 4920566
1053 589 4920569
1051 584 4920572
1054 591 4920575
1052 589 4920578
1054 595 4920581
1054 591 4920584
1049 589 4920587
1053 592 4920590
1054 590 4920593
1052 590 4920596
1052 590 4920599
1052 591 4920602
1052 588 4920605
1052 589 4920608
1050 592 4920611
1054 594 4920614
1152 591 4920617
1051 590 4920620
1050 592 4920623
1055 590 4920626
1052 591 4920629
1051 594 4920632
1053 587 4920635
1051 592 4920638
1053 591 4920641
1052 590 4920644
1053 591 4920647
1055 592 4920650
1051 591 4920653
1053 589 4920656
1010 590 4920659
1052 592 4920662
1047 591 4920665
1054 593 4920668
1053 590 4920671
1053 591 4920674
1053 590 4920677
1052 592 4920680
1053 591 4920683
1051 590 4920686
1053 592 4920689
1052 596 4920692
1052 593 4920695
1054 589 4920698
1058 590 4920701
1051 590 4920704
1052 591 4920707
1051 590 4920710
1052 592 4920713
1054 590 4920716
1050 588 4920719
1051 593 4920722
1053 593 4920725
1050 592 4920728
1055 595 4920731
1053 591 4920734
1051 593 4920737
1050 592 4920740
1117 591 4920743
1052 592 4920746
1053 589 4920749
1052 590 4920752
1054 592 4920755
1054 591 4920758
1054 593 4920761
1055 591 4920764
1052 589 4920767
1052 593 4920770
1053 589 4920773
1051 590 4920776
1054 590 4920779
1054 393 4920782
1050 599 4920785
1054 591 4920788
1059 594 4920791
1051 590 4920794
1052 590 4920797
1053 590 4920800
1052 593 4920803
1052 590 4920806
1050 588 4920809
1052 592 4920812
1052 590 4920815
1050 589 4920818
1054 592 4920821
1055 592 4920824
1051 586 4920827
1052 590 4920830
1053 591 4920833
1052 591 4920836
1051 590 4920839
1052 594 4920842
1052 591 4920845
1052 590 4920848
1052 590 4920851
1050 593 4920854
1054 590 4920857
1054 591 4920860
1053 592 4920863
1052 589 4920866
1056 700 4920869
1051 588 4920872
1050 589 4920875
1054 601 4920878
1055 590 4920881
1050 591 4920884
1054 590 4920887
1049 589 4920890
1052 593 4920893
1053 593 4920896
1053 591 4920899
1051 592 4920902
1051 591 4920905
1053 589 4920908
1201 590 4920911
1060 592 4920914
1052 593 4920917
1054 590 4920920
1051 590 4920923
1055 592 4920926
1051 590 4920929
1054 587 4920932
1054 591 4920935
1052 589 4920938
1051 588 4920941
1053 591 4920944
1052 592 4920947
1051 589 4920950
1055 597 4920953
1078 593 4920956
1053 585 4920959
1050 590 4920962
1054 590 4920965
1055 591 4920968
1053 588 4920971
1055 590 4920974
1053 593 4920977
1053 591 4920980
1051 589 4920983
1053 591 4920986
1054 591 4920989
1053 591 4920992
1050 937 4920995
1052 594 4920999
1054 591 4921002
1055 591 4921005
1051 590 4921008
1052 594 4921011
1054 592 4921014
1054 592 4921017
1055 590 4921020
1052 592 4921023
1053 590 4921026
1053 592 4921029
1054 591 4921032
1054 594 4921034
1054 591 4921037
1060 911 4921040
1053 592 4921043
1054 590 4921046
1051 589 4921049
1056 593 4921052
1054 588 4921055
1052 593 4921058
1056 592 4921061
1052 588 4921064
1054 591 4921067
1055 591 4921070
1054 590 4921073
1052 587 4921076
1054 591 4921079
1054 600 4921082
1058 593 4921085
1053 587 4921088
1050 589 4921091
1054 592 4921094
1052 590 4921097
1053 590 4921100
1055 588 4921103
1053 592 4921106
1051 590 4921109
1053 590 4921112
1054 589 4921115
1053 592 4921118
1052 591 4921121
1056 589 4921124
1100 0 4921127
1051 589 4921130
1054 587 4921133
1052 592 4921136
1054 593 4921139
1050 587 4921142
1054 590 4921145
1053 592 4921148
1052 592 4921151
1054 590 4921154
1054 591 4921157
1055 594 4921160
1052 587 4921163
1052 589 4921166
1054 593 4921169
1059 578 4921172
1050 587 4921175
1051 596 4921178
1058 590 4921181
1051 589 4921184
1052 593 4921187
1053 591 4921190
1053 589 4921193
1056 591 4921196
1054 591 4921199
1052 591 4921202
1056 588 4921205
1051 590 4921208
1055 592 4921211
1054 590 4921214
1053 590 4921217
1052 593 4921220
1056 589 4921223
1051 590 4921226
1052 591 4921229
1054 589 4921232
1053 588 4921235
1053 592 4921238
1051 588 4921241
1054 590 4921244
1053 589 4921247
1054 593 4921250
1054 589 4921253
1054 590 4921256
1055 590 4921259
1053 599 4921262
1054 589 4921265
1057 592 4921268
1056 590 4921271
1051 590 4921274
1056 594 4921277
1055 591 4921280
1055 591 4921283
1055 593 4921286
1054 592 4921289
1054 591 4921292
1050 590 4921295
1051 589 4921298
1054 591 4921301
1055 590 4921304
1053 512 4921307
1055 592 4921310
1056 587 4921313
1055 594 4921316
1055 594 4921319
1055 589 4921322
1053 591 4921325
1053 590 4921328
1052 592 4921331
1055 590 4921334
1055 591 4921337
1052 590 4921340
1052 589 4921343
1054 590 4921346
1053 592 4921349
1055 587 4921352
1055 588 4921355
1054 591 4921358
1053 588 4921361
1055 587 4921364
1052 591 4921367
1054 593 4921370
1052 590 4921373
1053 590 4921376
1054 593 4921379
1053 593 4921382
1055 588 4921385
1052 588 4921388
1052 592 4921391
1051 588 4921394
1051 590 4921397
1050 610 4921400
1055 591 4921403
1051 592 4921406
1057 591 4921409
1053 591 4921412
1054 594 4921415
1052 591 4921418
1054 592 4921421
1055 593 4921424
1056 589 4921427
1052 593 4921430
1056 593 4921433
1054 592 4921436
1051 591 4921439
1053 592 4921442
1054 606 4921445
1091 590 4921448
1053 592 4921451
1051 589 4921454
1055 593 4921457
1053 590 4921460
1052 590 4921463
1054 590 4921466
1053 593 4921469
1052 590 4921472
1054 592 4921475
1052 591 4921478
1051 593 4921481
1053 594 4921484
1052 589 4921487
1052 591 4921490
1051 590 4921493
1044 588 4921496
1050 595 4921499
1054 588 4921502
1048 589 4921505
1053 589 4921508
1052 592 4921511
1053 594 4921514
1055 591 4921517
1055 591 4921520
1048 591 4921523
1052 589 4921526
1051 590 4921529
1053 584 4921532
1054 595 4921535
1050 588 4921538
1035 1052 4921541
1058 590 4921544
1054 586 4921547
1052 593 4921550
1054 592 4921553
1053 590 4921556
1052 591 4921559
1052 592 4921562
1053 589 4921565
1054 591 4921568
1051 590 4921571
1053 591 4921574
1055 591 4921577
1052 592 4921580
1053 592 4921583
1053 590 4921586
1064 568 4921589
1052 591 4921592
1052 592 4921595
1056 591 4921598
1052 591 4921601
1050 592 4921604
1053 591 4921607
1053 592 4921610
1054 594 4921613
1051 589 4921616
1053 588 4921619
1053 591 4921622
1050 590 4921625
1049 589 4921628
1051 591 4921631
1052 591 4921634
1058 583 4921637
1054 591 4921640
1057 594 4921643
1053 590 4921646
1050 592 4921649
1054 590 4921652
1052 589 4921655
1051 589 4921658
1052 589 4921661
1054 593 4921664
1052 591 4921667
1052 588 4921670
1053 594 4921673
1056 592 4921676
1053 591 4921679
1054 77 4921682
1054 594 4921685
1054 591 4921688
1050 587 4921691
1052 593 4921694
1053 591 4921697
1054 591 4921700
1052 593 4921703
1054 593 4921706
1056 592 4921709
1056 593 4921712
1053 592 4921715
1053 591 4921718
1055 588 4921721
1051 591 4921724
1053 589 4921727
1053 588 4921730
1006 593 4921733
1052 587 4921736
1055 593 4921739
1058 592 4921742
1051 593 4921745
1054 590 4921748
1053 587 4921751
1051 592 4921754
1052 590 4921757
1053 589 4921760
1055 592 4921763
1053 592 4921766
1051 589 4921769
1053 591 4921772
1054 591 4921775
1052 589 4921778
1063 590 4921781
1050 595 4921784
1053 588 4921787
1053 588 4921790
1053 590 4921793
1052 593 4921796
1055 591 4921799
1051 590 4921802
1052 592 4921805
1053 590 4921808
1052 593 4921811
1051 592 4921814
1053 592 4921817
1053 588 4921820
1054 590 4921823
1064 755 4921826
1058 592 4921829
1052 592 4921832
1054 592 4921835
1053 590 4921838
1053 593 4921841
1052 593 4921844
1053 593 4921847
1049 592 4921850
1053 597 4921853
1051 592 4921856
1052 597 4921859
1054 590 4921862
1052 593 4921865
1052 590 4921868
1059 547 4921871
0 592 4921874
1051 591 4921877
1051 577 4921880
1054 591 4921883
1053 592 4921886
1050 589 4921889
1051 588 4921892
1053 590 4921895
1050 591 4921898
1051 590 4921901
1053 589 4921904
1050 592 4921907
1052 591 4921910
1050 590 4921913
1051 591 4921916
1005 240 4921919
1051 590 4921922
1050 587 4921925
1052 591 4921928
1055 590 4921931
1050 591 4921934
1051 593 4921937
1056 590 4921940
1052 590 4921943
1051 592 4921946
1053 589 4921949
1053 592 4921952
1052 591 4921955
1053 590 4921958
1054 590 4921961
1055 604 4921964
1075 589 4921967
1053 587 4921970
1052 592 4921973
1054 594 4921976
1052 590 4921979
1056 592 4921982
1054 592 4921985
1052 589 4921988
1051 588 4921991
1053 591 4921994
1051 592 4921999
1055 590 4922002
1052 591 4922005
1052 590 4922008
1053 592 4922011
1052 584 4922014
1058 589 4922017
1053 594 4922020
1051 592 4922023
1052 591 4922026
1051 590 4922029
1055 589 4922032
1053 589 4922035
1052 593 4922038
1052 591 4922041
1054 592 4922044
1053 589 4922047
1050 591 4922049
1052 587 4922052
1046 591 4922055
1052 545 4922058
1048 591 4922061
1053 589 4922064
1052 592 4922067
1051 589 4922070
1052 590 4922073
1052 592 4922076
1051 592 4922080
1053 586 4922082
1053 590 4922085
1054 592 4922088
1056 592 4922091
1054 591 4922094
1054 592 4922097
1055 591 4922100
1054 647 4922103
1050 590 4922106
1054 589 4922109
1055 593 4922113
1052 589 4922115
1052 590 4922118
1053 594 4922121
1053 591 4922124
1055 592 4922127
1054 594 4922130
1055 591 4922133
1052 589 4922136
1052 589 4922139
1055 591 4922142
1077 594 4922146
1053 605 4922148
1054 592 4922151
1052 584 4922154
1054 592 4922157
1052 592 4922160
1051 591 4922163
1053 591 4922166
1050 589 4922169
1052 590 4922172
1049 589 4922175
1051 590 4922179
1051 588 4922181
1054 591 4922184
1051 589 4922187
1057 591 4922190
1052 577 4922193
1053 592 4922196
1054 593 4922199
1051 589 4922202
1051 587 4922205
1051 601 4922208
1054 591 4922212
1052 588 4922214
1053 589 4922217
1054 594 4922220
1054 592 4922223
1055 591 4922226
1052 592 4922229
1051 589 4922232
1441 666 4922235
1053 591 4922238
1051 594 4922241
1054 591 4922245
1055 590 4922247
1055 592 4922250
1053 594 4922253
1055 591 4922256
1055 592 4922259
1054 592 4922262
1053 589 4922265
1054 587 4922268
1052 590 4922271
1054 592 4922274
1054 591 4922278
1049 587 4922280
1055 592 4922283
1057 597 4922286
1053 590 4922289
1052 591 4922292
1053 591 4922295
1052 589 4922298
1052 589 4922301
1054 589 4922304
1053 588 4922307
1055 592 4922311
1052 589 4922313
1056 590 4922316
1055 593 4922319
1063 591 4922322
1053 567 4922325
1045 590 4922328
1055 589 4922331
1055 590 4922334
1051 586 4922337
1053 593 4922340
1053 594 4922344
1051 586 4922346
1055 592 4922349
1054 592 4922352
1054 589 4922355
1053 588 4922358
1050 592 4922361
1054 588 4922364
1147 602 4922367
1053 589 4922370
1054 594 4922373
1052 589 4922377
1055 589 4922379
1056 593 4922382
1054 592 4922385
1053 591 4922388
1053 592 4922391
1055 593 4922394
1055 591 4922397
1053 591 4922400
1053 591 4922403
1052 591 4922406
1054 591 4922410
1046 589 4922412
1053 592 4922415
1057 594 4922418
1052 589 4922421
1055 591 4922424
1053 592 4922427
1053 589 4922430
1052 592 4922433
1053 590 4922436
1056 590 4922439
1055 591 4922443
1052 588 4922445
1053 591 4922448
1052 589 4922451
1057 592 4922454
1053 617 4922457
1049 595 4922460
1056 590 4922463
1053 590 4922466
1051 586 4922469
1054 588 4922472
1054 590 4922476
1051 589 4922478
1051 589 4922481
1053 591 4922484
1055 592 4922487
1051 591 4922490
1053 592 4922493
1053 591 4922496
1052 399 4922499
1052 591 4922502
1056 592 4922505
1052 588 4922509
1055 587 4922511
1051 590 4922514
1054 593 4922517
1055 591 4922520
1056 594 4922523
1054 592 4922526
1054 591 4922529
1053 591 4922532
1052 581 4922535
1052 590 4922538
1052 594 4922542
1085 578 4922544
1054 591 4922547
1053 586 4922550
1055 594 4922553
1052 593 4922556
1052 591 4922559
1052 592 4922562
1052 588 4922565
1052 588 4922568
1054 590 4922571
1054 594 4922575
1054 589 4922577
1052 590 4922580
1054 592 4922583
1052 589 4922586
1037 588 4922589
1052 590 4922592
1055 592 4922595
1051 589 4922598
1053 586 4922601
1054 591 4922604
1053 592 4922608
1051 587 4922610
1054 589 4922613
1055 592 4922616
1053 591 4922619
1055 589 4922622
1053 593 4922625
1055 591 4922628
1053 589 4922631
1056 586 4922634
1053 593 4922637
1054 592 4922641
1052 587 4922643
1055 593 4922646
1053 593 4922649
1056 588 4922652
1053 591 4922655
1051 592 4922658
1052 589 4922661
1053 591 4922664
1054 591 4922667
1054 593 4922670
1055 589 4922674
1053 589 4922676
1057 591 4922679
1052 593 4922682
1055 594 4922685
1052 589 4922688
1053 591 4922691
1051 589 4922694
1056 591 4922697
1053 589 4922700
1054 590 4922703
1055 593 4922707
1053 587 4922709
1053 590 4922712
1052 592 4922715
1054 590 4922718
1054 589 4922721
1050 600 4922724
1054 590 4922727
1056 591 4922730
1048 589 4922733
1055 591 4922736
1056 591 4922740
1053 589 4922742
1054 596 4922745
1053 591 4922748
1053 589 4922751
1053 590 4922754
1052 589 4922757
1053 588 4922760
1053 590 4922763
1052 588 4922766
1178 588 4922769
1051 591 4922773
1050 587 4922775
1055 592 4922778
1053 591 4922781
1054 590 4922784
1052 592 4922787
1052 592 4922790
1052 589 4922793
1057 590 4922796
1054 590 4922799
1054 592 4922802
1056 593 4922806
1053 588 4922808
1053 590 4922811
1052 594 4922814
1053 579 4922817
1056 590 4922820
1050 590 4922823
1052 591 4922826
1054 592 4922829
1049 588 4922832
1054 592 4922835
1054 592 4922839
1054 593 4922841
1053 590 4922844
1052 591 4922847
1050 594 4922850
1053 591 4922853
1049 589 4922856
1011 591 4922859
1053 876 4922862
1050 589 4922865
1051 589 4922868
1066 594 4922872
1050 588 4922874
1054 589 4922877
1053 593 4922880
1053 590 4922883
1053 587 4922886
1052 592 4922889
1053 591 4922892
1052 588 4922895
1051 589 4922898
1054 592 4922901
1053 590 4922905
1053 602 4922907
1053 591 4922910
1053 589 4922913
1055 592 4922916
1053 592 4922919
1052 593 4922922
1054 591 4922925
1052 591 4922928
1053 589 4922931
1054 591 4922934
1053 592 4922938
1054 588 4922940
1052 592 4922943
1054 592 4922946
1055 593 4922949
1050 592 4922952
1054 575 4922955
1053 591 4922958
1053 594 4922961
1053 590 4922964
1055 588 4922967
1053 594 4922971
1053 589 4922973
1052 589 4922976
1054 594 4922979
1053 595 4922982
1053 590 4922985
1054 590 4922988
1052 591 4922991
1050 589 4922994
1051 589 4922999
1004 589 4923002
1053 590 4923005
1057 595 4923008
1053 590 4923011
1051 589 4923014
1053 590 4923017
1051 590 4923020
1051 589 4923023
1053 590 4923026
1052 588 4923029
1048 590 4923032
1051 591 4923035
1054 590 4923038
1052 594 4923041
1054 592 4923044
1059 642 4923047
1053 593 4923050
1053 592 4923053
1052 587 4923056
1052 590 4923059
1048 595 4923062
1053 590 4923065
1054 591 4923068
1053 593 4923071
1052 593 4923074
1053 591 4923077
1054 589 4923080
1050 592 4923083
1051 591 4923086
1052 589 4923089
1051 588 4923092
1021 589 4923095
1052 589 4923098
1056 595 4923101
1054 590 4923104
1053 593 4923107
1055 591 4923110
1055 587 4923113
1052 591 4923116
1054 589 4923119
1051 591 4923122
1054 591 4923125
1053 589 4923128
1052 592 4923131
1053 592 4923134
1055 591 4923137
1055 686 4923140
1053 591 4923143
1051 589 4923146
1053 591 4923149
1050 588 4923152
1052 590 4923155
1056 591 4923158
1054 593 4923161
1050 588 4923164
1050 587 4923167
1053 592 4923170
1053 593 4923173
1052 591 4923176
1049 587 4923179
1052 593 4923182
1053 613 4923185
1142 595 4923188
1053 594 4923191
1051 593 4923194
1055 591 4923197
1049 592 4923200
1053 591 4923203
1052 591 4923206
1054 595 4923209
1054 592 4923212
1053 592 4923215
1052 589 4923218
1054 592 4923221
1054 593 4923224
1055 592 4923227
1053 591 4923230
1007 779 4923233
1056 591 4923236
1053 588 4923239
1051 591 4923242
1054 591 4923245
1053 591 4923248
1052 592 4923251
1052 592 4923254
1052 590 4923257
1050 590 4923260
1050 592 4923263
1053 591 4923266
1054 592 4923269
1051 590 4923272
1051 590 4923275
1054 588 4923278
927 590 4923281
1052 591 4923284
1050 590 4923287
1053 593 4923290
1052 592 4923293
1051 591 4923296
1052 592 4923299
1052 593 4923302
1052 594 4923305
1053 592 4923308
1053 592 4923311
1054 592 4923314
1051 590 4923317
1053 591 4923320
1053 593 4923323
1061 754 4923326
1053 591 4923329
1047 590 4923332
1054 596 4923335
1052 591 4923338
1053 591 4923341
1056 592 4923344
1054 592 4923347
1052 591 4923350
1051 591 4923353
1054 592 4923356
1053 592 4923359
1051 588 4923362
1053 596 4923365
1054 594 4923368
1054 585 4923371
1065 595 4923374
1054 592 4923377
1055 593 4923380
1051 588 4923383
1051 591 4923386
1052 592 4923389
1052 589 4923392
1053 591 4923395
1052 587 4923398
1053 589 4923401
1053 592 4923404
1053 592 4923407
1052 589 4923410
1052 590 4923413
1053 589 4923416
1058 586 4923419
1054 590 4923422
1057 591 4923425
1051 590 4923428
1058 591 4923431
1054 592 4923434
1052 593 4923437
1053 591 4923440
1055 591 4923443
1053 592 4923446
1049 591 4923449
1053 587 4923452
1049 591 4923455
1054 590 4923458
1051 588 4923461
1065 667 4923464
1051 591 4923467
1051 590 4923470
1053 597 4923473
1055 589 4923476
1052 590 4923479
1054 589 4923482
1050 592 4923485
1053 591 4923488
1056 591 4923491
1050 590 4923494
1052 594 4923497
1053 591 4923500
1053 595 4923503
1057 590 4923506
1053 588 4923509
1050 591 4923512
1052 595 4923515
1052 588 4923518
1051 591 4923521
1054 592 4923524
1050 592 4923527
1053 592 4923530
1052 591 4923533
1054 593 4923536
1051 592 4923539
1051 588 4923542
1052 588 4923545
1051 589 4923548
1052 588 4923551
1054 597 4923554
1020 592 4923557
1050 588 4923560
1055 594 4923563
1054 591 4923566
1052 592 4923569
1053 590 4923572
1050 589 4923575
1051 591 4923578
1052 589 4923581
1056 590 4923584
1056 592 4923587
1052 591 4923590
1052 588 4923593
1054 593 4923596
1054 597 4923599
949 588 4923602
1054 589 4923605
1050 593 4923608
1058 592 4923611
1055 588 4923614
1052 591 4923617
1054 594 4923620
1055 592 4923623
1049 592 4923626
1053 592 4923629
1052 591 4923632
1052 591 4923635
1051 592 4923638
1054 590 4923641
1053 594 4923644
1046 591 4923647
1053 592 4923650
1054 588 4923653
1050 593 4923656
1053 589 4923659
1053 591 4923662
1054 590 4923665
1050 591 4923668
1053 591 4923671
1052 589 4923674
1052 592 4923677
1053 590 4923680
1054 589 4923683
1051 590 4923686
1074 580 4923689
1051 591 4923692
1048 589 4923695
1054 591 4923698
1052 589 4923701
1053 592 4923704
1053 592 4923707
1051 591 4923710
1051 590 4923713
1050 590 4923716
1056 592 4923719
1055 590 4923722
1051 588 4923725
1052 590 4923728
1053 626 4923731
1030 594 4923734
1052 594 4923737
1051 588 4923740
1051 591 4923743
1054 594 4923746
1054 589 4923749
1053 592 4923752
1051 589 4923755
1050 589 4923758
1052 592 4923761
1053 590 4923764
1053 589 4923767
1054 593 4923770
1054 589 4923773
1053 582 4923776
1063 589 4923779
1051 591 4923782
1057 592 4923785
1052 588 4923788
1049 591 4923791
1052 591 4923794
1054 589 4923797
1053 592 4923800
1053 591 4923803
1052 590 4923806
1052 592 4923809
1050 591 4923812
1053 589 4923815
1052 590 4923818
1052 575 4923821
1049 590 4923824
1053 587 4923827
1052 594 4923830
1057 592 4923833
1052 592 4923836
1053 590 4923839
1052 585 4923842
1051 591 4923845
1053 588 4923848
1053 592 4923851
1059 592 4923854
1051 588 4923857
1056 593 4923860
1052 582 4923863
1059 580 4923866
1053 590 4923869
1055 590 4923872
1052 590 4923875
1053 591 4923878
1053 590 4923881
1055 593 4923884
1055 588 4923887
1053 591 4923890
1053 592 4923893
1055 590 4923896
1053 591 4923899
1051 591 4923902
1054 590 4923905
1054 592 4923908
1172 593 4923911
1053 590 4923914
1052 592 4923917
1057 593 4923920
1049 592 4923923
1052 592 4923926
1053 591 4923929
1052 593 4923932
1051 592 4923935
1052 588 4923938
1051 591 4923941
1051 589 4923944
1052 590 4923947
1056 593 4923950
1054 592 4923953
1042 588 4923956
1056 597 4923959
1055 591 4923962
1049 591 4923965
1052 588 4923968
1053 589 4923971
1052 593 4923974
1053 589 4923977
1053 590 4923980
1054 593 4923983
1055 589 4923986
1051 590 4923989
1051 593 4923992
1054 592 4923995
963 592 4923999
1049 590 4924002
1053 588 4924005
1048 589 4924008
1052 592 4924011
1054 592 4924014
1054 587 4924017
1053 591 4924020
1052 591 4924023
1055 592 4924026
1052 591 4924029
1052 592 4924031
1054 589 4924034
1055 590 4924037
1053 592 4924040
950 1008 4924043
1052 590 4924046
1056 588 4924049
1054 590 4924052
1054 591 4924055
1052 591 4924058
1054 589 4924061
1053 589 4924064
1053 589 4924067
1055 591 4924070
1053 591 4924073
1052 593 4924076
1055 592 4924079
1053 589 4924082
1053 591 4924085
1056 601 4924088
1053 592 4924091
1051 588 4924094
1052 591 4924097
1053 591 4924100
1053 593 4924103
1052 591 4924106
1053 592 4924109
1054 593 4924112
1053 590 4924115
1050 588 4924118
1052 587 4924121
1053 592 4924124
1053 588 4924127
1053 590 4924130
1063 707 4924133
1053 590 4924136
1047 589 4924139
1056 594 4924142
1055 591 4924145
1051 591 4924148
1052 592 4924151
1054 591 4924154
1052 590 4924157
1054 591 4924160
1051 589 4924163
1057 591 4924166
1055 595 4924169
1052 590 4924172
1052 590 4924175
1132 432 4924178
1053 590 4924181
1053 586 4924184
1054 590 4924187
1053 582 4924190
1051 590 4924193
1052 589 4924196
1055 590 4924199
1067 592 4924202
1053 591 4924205
1054 590 4924208
1053 589 4924211
1052 591 4924214
1054 592 4924217
1055 588 4924220
870 591 4924223
1053 590 4924226
1051 587 4924229
1051 590 4924232
1055 591 4924235
1049 587 4924238
1051 591 4924241
1054 592 4924244
1049 591 4924247
1050 590 4924250
1053 590 4924253
1055 592 4924256
1053 592 4924259
1052 591 4924262
1054 591 4924265
1052 591 4924268
1042 592 4924271
1054 595 4924274
1054 590 4924277
1051 592 4924280
1054 592 4924283
1053 589 4924286
1053 591 4924289
1052 589 4924292
1052 591 4924295
1055 593 4924298
1053 591 4924301
1051 589 4924304
1052 591 4924307
1052 591 4924310
1052 592 4924313
1010 594 4924316
1052 591 4924319
1055 591 4924322
1052 592 4924325
1050 591 4924328
1054 592 4924331
1055 591 4924334
1050 593 4924337
1053 591 4924340
1054 590 4924343
1052 594 4924346
1052 591 4924349
1053 590 4924352
1054 591 4924355
1050 498 4924358
1385 590 4924361
1054 589 4924364
1049 591 4924367
1052 592 4924370
1054 591 4924373
1051 592 4924376
1052 594 4924379
1052 590 4924382
1053 590 4924385
1052 592 4924388
1052 590 4924391
1052 588 4924394
1051 593 4924397
1054 590 4924400
1050 591 4924403
1052 585 4924406
1342 433 4910004
1344 434 4910007
1344 432 4910010
1342 434 4910013
1343 431 4910016
1343 431 4910019
1341 433 4910022
1344 433 4910025
1341 434 4910028
1342 431 4910031
1343 436 4910034
1343 430 4910037
1341 434 4910039
1340 432 4910042
1342 434 4910045
1343 430 4910048
1341 431 4910051
1341 431 4910054
1340 432 4910057
1343 430 4910060
1344 431 4910063
1342 432 4910066
1345 430 4910069
1344 435 4910072
1341 434 4910075
1345 428 4910078
1292 430 4910081
1341 425 4910084
1343 434 4910087
1343 431 4910090
1340 432 4910093
1341 432 4910096
1343 431 4910099
1344 433 4910102
1342 436 4910105
1344 437 4910108
1343 430 4910111
1341 432 4910114
1341 430 4910117
1339 432 4910120
1343 414 4910123
1423 436 4910126
1342 431 4910129
1341 436 4910132
1345 433 4910135
1339 432 4910138
1343 434 4910141
1342 433 4910144
1342 432 4910147
1341 431 4910150
1341 428 4910153
1344 434 4910156
1342 433 4910159
1340 431 4910162
1344 435 4910165
1345 431 4910168
1350 433 4910171
1341 435 4910174
1344 432 4910177
1341 431 4910180
1342 429 4910183
1341 431 4910186
1341 431 4910189
1342 432 4910192
1341 433 4910195
1341 432 4910198
1343 430 4910201
1340 430 4910204
1342 432 4910207
1341 431 4910210
1341 429 4910213
1344 434 4910216
1341 434 4910219
1344 429 4910222
1339 437 4910225
1340 432 4910228
1343 430 4910231
1344 434 4910234
1337 433 4910237
1340 432 4910240
1341 431 4910243
1338 425 4910246
1341 430 4910249
1341 430 4910252
1343 434 4910255
1364 611 4910258
1339 430 4910261
1342 430 4910264
1339 428 4910267
1340 432 4910270
1343 432 4910273
1341 433 4910276
1343 432 4910279
1342 430 4910282
1340 434 4910285
1343 434 4910288
1342 433 4910291
1338 434 4910294
1342 434 4910297
1342 432 4910300
1339 441 4910303
1341 436 4910306
1345 433 4910309
1341 430 4910312
1340 433 4910315
1342 430 4910318
1340 431 4910321
1343 433 4910324
1339 433 4910327
1339 431 4910330
1342 431 4910333
1342 432 4910336
1342 435 4910339
1342 427 4910342
1341 431 4910345
1333 432 4910348
1341 435 4910351
1345 432 4910354
1339 431 4910357
1338 432 4910360
1341 429 4910363
1342 430 4910366
1340 434 4910369
1341 430 4910372
1342 431 4910375
1339 434 4910378
1341 431 4910381
1340 430 4910384
1341 433 4910387
1341 418 4910390
1340 430 4910393
1342 435 4910396
1342 434 4910399
1341 434 4910402
1342 431 4910405
1342 434 4910408
1340 432 4910411
1341 433 4910414
1342 432 4910417
1341 433 4910420
1343 432 4910423
1341 430 4910426
1343 433 4910429
1344 436 4910432
1344 434 4910435
1343 438 4910438
1344 430 4910441
1339 433 4910444
1342 433 4910447
1342 431 4910450
1343 431 4910453
1343 433 4910456
1339 430 4910459
1343 431 4910462
1343 432 4910465
1342 434 4910468
1343 432 4910471
1340 312 4910474
1342 428 4910477
1342 429 4910480
1344 428 4910483
1338 430 4910486
1342 432 4910489
1342 429 4910492
1341 430 4910495
1341 433 4910498
1342 434 4910501
1339 433 4910504
1342 432 4910507
1342 433 4910510
1340 432 4910513
1340 432 4910516
1430 462 4910519
1340 433 4910522
1338 431 4910525
1340 430 4910528
1342 436 4910531
1344 434 4910534
1342 432 4910537
1343 434 4910540
1341 431 4910543
1337 430 4910546
1340 430 4910549
1341 432 4910552
1344 430 4910555
1339 431 4910558
1341 415 4910561
1316 429 4910564
1339 432 4910567
1342 434 4910570
1341 431 4910573
1343 433 4910576
1341 430 4910579
1341 436 4910582
1343 430 4910585
1342 433 4910588
1339 433 4910591
1342 433 4910594
1342 431 4910597
1340 434 4910600
1341 435 4910603
1341 435 4910606
1339 431 4910609
1338 437 4910612
1340 427 4910615
1340 432 4910618
1342 436 4910621
1339 431 4910624
1343 433 4910627
1342 433 4910630
1339 432 4910633
1342 432 4910636
1341 432 4910639
1341 431 4910642
1339 432 4910645
1339 430 4910648
1348 404 4910651
1342 433 4910654
1337 430 4910657
1343 435 4910660
1342 432 4910663
1341 434 4910666
1342 432 4910669
1342 430 4910672
1341 432 4910675
1341 432 4910678
1345 432 4910681
1345 436 4910684
1343 434 4910687
1342 433 4910690
1342 586 4910693
1342 434 4910696
1339 431 4910699
1343 431 4910702
1342 432 4910705
1343 431 4910708
1341 432 4910711
1341 435 4910714
1342 432 4910717
1343 432 4910720
1339 433 4910723
1342 431 4910726
1342 433 4910729
1339 430 4910732
1340 434 4910735
1343 417 4910738
0 435 4910741
1340 431 4910744
1338 427 4910747
1341 433 4910750
1340 432 4910753
1340 429 4910756
1342 434 4910759
1342 435 4910762
1341 433 4910765
1341 429 4910768
1341 430 4910771
1342 434 4910774
1341 429 4910777
1341 430 4910780
1341 436 4910783
1365 434 4910786
1340 430 4910789
1340 430 4910792
1341 435 4910795
1343 431 4910798
1339 432 4910801
1341 432 4910804
1340 435 4910807
1343 432 4910810
1340 431 4910813
1344 431 4910816
1342 432 4910819
1341 431 4910822
1339 433 4910825
1344 432 4910828
1346 437 4910831
1341 433 4910834
1346 435 4910837
1342 429 4910840
1340 432 4910843
1341 432 4910846
1343 433 4910849
1344 431 4910852
1341 434 4910855
1344 430 4910858
1342 433 4910861
1343 433 4910864
1340 433 4910867
1343 431 4910870
1342 431 4910873
1024 431 4910876
1342 429 4910879
1342 431 4910882
1340 433 4910885
1341 433 4910888
1339 430 4910891
1341 433 4910894
1341 434 4910897
1338 431 4910900
1342 428 4910903
1340 433 4910906
1341 429 4910909
1337 430 4910912
1339 433 4910915
1342 432 4910918
1340 291 4910921
1342 434 4910924
1341 435 4910927
1341 429 4910930
1341 432 4910933
1343 434 4910936
1340 432 4910939
1341 429 4910942
1340 432 4910945
1343 436 4910948
1343 431 4910951
1340 431 4910954
1341 434 4910957
1341 430 4910960
1342 433 4910963
1342 433 4910966
1341 429 4910969
1340 431 4910972
1341 434 4910975
1340 430 4910978
1342 435 4910981
1344 435 4910984
1340 433 4910987
1344 435 4910990
1343 432 4910993
1340 434 4910996
1342 434 4911000
1342 434 4911003
1341 429 4911006
1341 431 4911009
1342 427 4911012
1341 432 4911015
1341 383 4911018
1342 432 4911021
1344 435 4911024
1341 430 4911027
1340 431 4911030
1342 432 4911032
1340 431 4911035
1339 432 4911038
1343 433 4911041
1342 432 4911044
1340 430 4911047
1340 432 4911050
1339 430 4911053
1341 435 4911056
1344 429 4911059
1341 328 4911062
1929 430 4911065
1340 434 4911068
1337 427 4911071
1343 433 4911074
1342 434 4911077
1339 432 4911080
1343 432 4911083
1342 431 4911086
1341 435 4911089
1340 432 4911092
1343 430 4911095
1339 432 4911098
1339 431 4911101
1341 432 4911104
1342 436 4911107
1344 433 4911110
1345 431 4911113
1341 437 4911116
1347 433 4911119
1346 433 4911122
1341 431 4911125
1342 432 4911128
1345 428 4911131
1343 431 4911134
1342 433 4911137
1340 434 4911140
1343 431 4911143
1340 431 4911146
1342 435 4911149
1343 433 4911152
1343 433 4911155
1377 726 4911158
1344 432 4911161
1341 428 4911164
1337 431 4911167
1343 432 4911170
1341 432 4911173
1341 430 4911176
1338 429 4911179
1341 431 4911182
1345 429 4911185
1341 430 4911188
1342 430 4911191
1341 429 4911194
1341 429 4911197
1340 430 4911200
1341 431 4911203
1336 406 4911206
1343 434 4911209
1342 432 4911212
1342 434 4911215
1340 431 4911218
1343 434 4911221
1343 432 4911224
1343 432 4911227
1342 434 4911230
1340 432 4911233
1342 430 4911236
1347 433 4911239
1340 434 4911242
1339 432 4911245
1343 423 4911248
1342 332 4911251
1318 436 4911254
1343 433 4911257
1332 431 4911260
1341 435 4911263
1339 429 4911266
1340 431 4911269
1343 433 4911272
1342 432 4911275
1340 431 4911278
1341 436 4911281
1344 433 4911284
1341 433 4911287
1341 432 4911290
1342 431 4911293
1341 433 4911296
1341 426 4911299
1334 432 4911302
1341 434 4911305
1343 431 4911308
1337 430 4911311
1343 433 4911314
1341 431 4911317
1339 437 4911320
1341 434 4911323
1342 429 4911326
1339 433 4911329
1341 432 4911332
1340 431 4911335
1341 433 4911338
1341 433 4911341
1341 431 4911344
1349 597 4911347
1342 433 4911350
1338 431 4911353
1343 435 4911356
1342 431 4911359
1339 433 4911362
1341 432 4911365
1339 431 4911368
1342 434 4911371
1343 434 4911374
1339 431 4911377
1342 434 4911380
1344 432 4911383
1342 432 4911386
1341 433 4911389
1342 519 4911392
835 434 4911395
1340 430 4911398
1335 428 4911401
1343 436 4911404
1341 431 4911407
1340 432 4911410
1341 435 4911413
1341 429 4911416
1343 435 4911419
1341 433 4911422
1340 431 4911425
1339 431 4911428
1341 432 4911431
1337 432 4911434
1338 429 4911437
1254 727 4911440
1342 432 4911443
1342 430 4911446
1341 432 4911449
1342 437 4911452
1337 428 4911455
1341 429 4911458
1339 432 4911461
1339 434 4911464
1340 430 4911467
1341 433 4911470
1342 434 4911473
1339 431 4911476
1341 433 4911479
1343 433 4911482
1343 424 4911485
1329 432 4911488
1341 427 4911491
1339 432 4911494
1343 431 4911497
1340 432 4911500
1343 435 4911503
1345 431 4911506
1339 431 4911509
1340 432 4911512
1342 431 4911515
1342 432 4911518
1339 434 4911521
1342 433 4911524
1341 432 4911527
1338 429 4911530
1343 443 4911533
1343 433 4911536
1346 436 4911539
1339 430 4911542
1341 433 4911545
1343 430 4911548
1343 432 4911551
1342 432 4911554
1343 432 4911557
1342 432 4911560
1341 432 4911563
1338 428 4911566
1341 431 4911569
1341 432 4911572
1341 425 4911575
1341 654 4911578
1343 431 4911581
1340 429 4911584
1334 432 4911587
1344 429 4911590
1341 433 4911593
1341 431 4911596
1341 430 4911599
1343 432 4911602
1343 433 4911605
1338 432 4911608
1342 433 4911611
1341 432 4911614
1341 434 4911617
1340 431 4911620
2084 432 4911623
1344 434 4911626
1339 430 4911629
1340 429 4911632
1342 435 4911635
1343 431 4911638
1339 430 4911641
1340 434 4911644
1341 429 4911647
1342 434 4911650
1342 433 4911653
1343 433 4911656
1343 432 4911659
1340 432 4911662
1341 431 4911665
1345 458 4911668
1341 435 4911671
1340 432 4911674
1344 433 4911677
1343 432 4911680
1340 436 4911683
1343 433 4911686
1342 431 4911689
1340 433 4911692
1341 432 4911695
1342 433 4911698
1341 432 4911701
1340 431 4911704
1339 432 4911707
1341 431 4911710
1280 431 4911713
1341 435 4911716
1337 434 4911719
1342 431 4911722
1342 429 4911725
1342 433 4911728
1340 430 4911731
1340 431 4911734
1341 433 4911737
1340 432 4911740
1340 433 4911743
1341 435 4911746
1340 432 4911749
1342 432 4911752
1412 620 4911755
1339 433 4911758
1340 432 4911761
1338 428 4911764
1343 435 4911767
1344 433 4911770
1340 431 4911773
1346 433 4911776
1342 432 4911779
1341 432 4911782
1343 436 4911785
1344 433 4911788
1343 431 4911791
1341 430 4911794
1340 432 4911797
1338 433 4911800
1345 432 4911803
1343 433 4911806
1341 433 4911809
1343 433 4911812
1343 431 4911815
1341 433 4911818
1342 428 4911821
1340 433 4911824
1339 436 4911827
1339 428 4911830
1343 432 4911833
1345 435 4911836
1340 434 4911839
1344 426 4911842
1349 430 4911845
1342 435 4911848
1344 434 4911851
1342 428 4911854
1341 431 4911857
1343 433 4911860
1340 429 4911863
1341 432 4911866
1343 433 4911869
1341 431 4911872
1341 432 4911875
1342 433 4911878
1343 431 4911881
1341 432 4911884
1334 469 4911887
1341 433 4911890
1335 431 4911893
1341 435 4911896
1341 433 4911899
1341 436 4911902
1339 431 4911905
1341 433 4911908
1345 433 4911911
1344 433 4911914
1341 432 4911917
1342 432 4911920
1341 426 4911923
1340 431 4911926
1341 528 4911929
1887 434 4911932
1345 435 4911935
1341 430 4911938
1341 434 4911941
1343 433 4911944
1341 431 4911947
1343 434 4911950
1343 431 4911953
1341 432 4911956
1340 433 4911959
1340 433 4911962
1342 430 4911965
1341 432 4911968
1342 433 4911971
1343 438 4911974
1354 431 4911977
1341 437 4911980
1344 433 4911983
1340 430 4911986
1342 433 4911989
1342 431 4911992
1190 498 4916401
1198 499 4916404
1193 511 4916407
1191 502 4916410
1197 506 4916413
1194 507 4916416
1192 505 4916419
1192 506 4916422
1195 506 4916425
1190 504 4916428
1192 503 4916430
1229 469 4916433
1193 503 4916436
1194 507 4916439
1200 489 4916442
1194 517 4916445
1188 507 4916448
1194 503 4916451
1192 508 4916454
1192 505 4916457
1193 507 4916460
1192 504 4916463
1189 503 4916466
1193 504 4916469
1192 504 4916472
1196 505 4916476
1190 513 4916478
1215 505 4916481
1190 517 4916484
1188 502 4916487
1202 509 4916490
1191 504 4916493
1192 504 4916496
1192 507 4916499
1193 502 4916502
1194 506 4916505
1194 509 4916509
1197 503 4916511
1193 507 4916514
1192 505 4916517
1193 502 4916520
1193 502 4916523
1205 523 4916526
1192 503 4916529
1197 498 4916532
1192 510 4916535
1192 502 4916538
1197 507 4916542
1196 500 4916544
1193 504 4916547
1194 503 4916550
1191 503 4916553
1193 503 4916556
1188 507 4916559
1191 499 4916562
1192 514 4916565
1214 507 4916568
1191 508 4916571
1193 499 4916575
1194 509 4916577
1190 507 4916580
1194 504 4916583
1195 506 4916586
1195 506 4916589
1191 503 4916592
1193 504 4916595
1193 504 4916598
1190 506 4916601
1192 511 4916604
1194 506 4916608
1203 521 4916610
1190 502 4916613
1196 500 4916616
1192 511 4916619
1195 504 4916622
1197 507 4916625
1191 508 4916628
1190 503 4916631
1193 505 4916634
1194 504 4916637
1194 506 4916641
1193 545 4916643
1196 500 4916646
1195 499 4916649
1183 499 4916652
1201 510 4916655
1189 505 4916658
1194 504 4916661
1196 505 4916664
1193 506 4916667
1194 506 4916670
1193 507 4916674
1194 500 4916676
1193 508 4916679
1192 504 4916682
1201 506 4916685
1194 504 4916688
1169 525 4916691
1180 506 4916694
1200 499 4916697
1191 511 4916700
1192 503 4916703
1194 505 4916707
1190 502 4916709
1194 506 4916712
1192 504 4916715
1191 503 4916718
1193 506 4916721
1193 335 4916724
1194 502 4916727
1179 503 4916730
1188 509 4916733
1200 496 4916736
1193 513 4916740
1192 498 4916742
1196 504 4916745
1194 506 4916748
1193 506 4916751
1195 508 4916754
1193 506 4916757
1191 506 4916760
1192 503 4916763
1192 544 4916766
1193 505 4916769
1205 497 4916773
1188 512 4916775
1191 500 4916778
1195 508 4916781
1190 504 4916784
1196 503 4916787
1193 505 4916790
1195 507 4916793
1193 503 4916796
1194 506 4916799
1196 508 4916802
1190 472 4916806
1193 504 4916808
1198 492 4916811
1174 516 4916814
1185 502 4916817
1197 503 4916820
1192 508 4916823
1191 503 4916826
1189 503 4916829
1193 504 4916832
1194 503 4916835
1194 508 4916839
1191 816 4916841
1194 506 4916844
1212 501 4916847
1185 518 4916850
1185 499 4916853
1194 509 4916856
1191 506 4916859
1191 504 4916862
1195 508 4916865
1194 503 4916868
1195 512 4916872
1189 502 4916874
1193 503 4916877
1201 505 4916880
1191 505 4916883
1206 506 4916886
1181 516 4916889
1188 488 4916892
1195 509 4916895
1190 504 4916898
1206 503 4916901
1195 509 4916905
1194 500 4916907
1195 507 4916910
1192 503 4916913
1192 560 4916916
1195 499 4916919
1213 503 4916922
1196 492 4916925
1190 498 4916928
1199 509 4916931
1189 507 4916934
1198 507 4916938
1194 506 4916940
1193 505 4916943
1195 503 4916946
1192 505 4916949
1195 505 4916952
1192 514 4916955
1194 505 4916958
1207 505 4916961
1189 510 4916964
1191 499 4916967
1194 510 4916971
1190 500 4916973
1195 505 4916976
1193 505 4916979
1192 505 4916982
1192 506 4916985
1175 507 4916988
1195 507 4916991
1200 503 4916994
1183 498 4916999
1199 505 4917002
1189 502 4917005
1194 507 4917008
1195 503 4917011
1191 506 4917014
1193 506 4917017
1193 503 4917020
1231 507 4917023
1188 505 4917026
1192 508 4917029
1191 506 4917032
1181 506 4917035
1200 508 4917038
1189 500 4917041
1189 507 4917044
1193 507 4917047
1193 504 4917050
1192 509 4917053
1196 576 4917056
1192 502 4917059
1194 506 4917062
1202 529 4917065
1187 504 4917068
1188 504 4917071
1197 506 4917074
1193 504 4917077
1191 507 4917080
1194 507 4917083
1191 506 4917086
1193 506 4917089
1198 506 4917092
1198 503 4917095
1192 509 4917098
1203 520 4917101
1190 498 4917104
1189 507 4917107
1196 504 4917110
1191 504 4917113
1194 506 4917116
1190 505 4917119
1195 508 4917122
1192 505 4917125
1193 513 4917128
1190 505 4917131
1191 504 4917134
1209 484 4917137
1193 500 4917140
1188 507 4917143
1195 507 4917146
1191 506 4917149
1193 504 4917152
1194 505 4917155
1188 504 4917158
1194 505 4917161
1202 505 4917164
1194 507 4917167
1182 509 4917170
1207 509 4917173
1190 501 4917176
1191 510 4917179
1194 507 4917182
1191 506 4917185
1194 506 4917188
1193 505 4917191
1192 505 4917194
1183 461 4917197
1196 505 4917200
1195 509 4917203
1191 493 4917206
1199 512 4917209
1195 501 4917212
1193 505 4917215
1193 511 4917218
1195 504 4917221
1193 503 4917224
1193 506 4917227
1199 505 4917230
1193 510 4917233
1192 508 4917236
1198 523 4917239
1169 500 4917242
1184 504 4917245
1200 511 4917248
1187 499 4917251
1191 504 4917254
1193 506 4917257
1192 503 4917260
1192 506 4917263
1194 528 4917266
1237 506 4917269
1193 500 4917272
1182 508 4917275
1183 501 4917278
1201 511 4917281
1189 496 4917284
1190 509 4917287
1194 505 4917290
1193 505 4917293
1193 506 4917296
1194 506 4917299
1192 541 4917302
1190 500 4917305
1195 507 4917308
1189 510 4917311
1191 497 4917314
1195 512 4917317
1197 503 4917320
1191 501 4917323
1193 506 4917326
1194 510 4917329
1192 507 4917332
1196 505 4917335
1192 505 4917338
1192 502 4917341
1191 502 4917344
1193 506 4917347
1205 505 4917350
1195 499 4917353
1192 508 4917356
1195 504 4917359
1189 505 4917362
1194 507 4917365
1194 505 4917368
1189 505 4917371
1193 504 4917374
1192 507 4917377
1199 504 4917380
1193 516 4917383
1211 502 4917386
1182 498 4917389
1194 511 4917392
1194 505 4917395
1189 504 4917398
1194 504 4917401
1192 500 4917404
1192 506 4917407
1192 506 4917410
1189 503 4917413
1190 508 4917416
1192 507 4917419
1196 517 4917422
1193 497 4917425
1187 498 4917428
1199 511 4917431
1193 504 4917434
1189 504 4917437
1191 507 4917440
1192 504 4917443
1194 505 4917446
1189 504 4917449
1194 509 4917452
1176 502 4917455
1191 503 4917458
1176 506 4917461
1206 512 4917464
1193 499 4917467
1190 509 4917470
1196 504 4917473
1192 503 4917476
1195 506 4917479
1182 506 4917482
1194 506 4917485
1191 504 4917488
1192 505 4917491
1199 505 4917494
1198 509 4917497
1211 517 4917500
1188 496 4917503
1191 509 4917506
1196 505 4917509
1190 504 4917512
1193 506 4917515
1194 506 4917518
1191 506 4917521
1193 504 4917524
1192 503 4917527
1193 508 4917530
1212 502 4917533
1194 516 4917536
1212 498 4917539
1187 497 4917542
1195 509 4917545
1194 501 4917548
1190 507 4917551
1192 506 4917554
1185 504 4917557
1191 507 4917560
1191 506 4917563
1193 495 4917566
1192 502 4917569
1206 504 4917572
1196 506 4917575
1211 511 4917578
1188 496 4917581
1191 509 4917584
1197 505 4917587
1192 502 4917590
1192 508 4917593
1197 503 4917596
1192 506 4917599
1193 504 4917602
1192 504 4917605
1193 509 4917608
1210 507 4917611
1192 507 4917614
1178 516 4917617
1204 502 4917620
1188 499 4917623
1193 508 4917626
1197 503 4917629
1193 505 4917632
1194 504 4917635
1192 505 4917638
1194 506 4917641
1193 507 4917644
1194 519 4917647
1196 504 4917650
1194 504 4917653
1200 499 4917656
1183 511 4917659
1203 507 4917662
1189 503 4917665
1194 506 4917668
1194 503 4917671
1193 510 4917674
1196 503 4917677
1191 501 4917680
1191 508 4917683
1192 505 4917686
1195 518 4917689
1191 507 4917692
1208 524 4917695
1186 495 4917698
1184 510 4917701
1196 504 4917704
1189 504 4917707
1193 506 4917710
1188 505 4917713
1193 505 4917716
1191 501 4917719
1194 505 4917722
1195 506 4917725
1201 502 4917728
1194 506 4917731
1192 497 4917734
1205 516 4917737
1191 498 4917740
1190 507 4917743
1200 503 4917746
1192 504 4917749
1191 506 4917752
1195 504 4917755
1193 506 4917758
1195 508 4917761
1196 506 4917764
1195 461 4917767
1194 505 4917770
1193 495 4917773
1185 519 4917776
1200 501 4917779
1189 505 4917782
1194 509 4917785
1191 504 4917788
1192 506 4917791
1194 508 4917794
1193 505 4917797
1192 503 4917800
1192 507 4917803
1193 464 4917806
1194 503 4917809
1190 490 4917812
1183 519 4917815
1201 502 4917818
1187 499 4917821
1193 508 4917824
1194 504 4917827
1192 504 4917830
1191 506 4917833
1192 507 4917836
1191 506 4917839
1194 505 4917842
1193 542 4917845
1192 508 4917848
1195 499 4917851
1209 516 4917854
1191 499 4917857
1190 509 4917860
1201 505 4917863
1190 504 4917866
1193 507 4917869
1194 502 4917872
1194 507 4917875
1191 504 4917878
1193 314 4917881
1191 503 4917884
1190 504 4917887
1173 503 4917890
1196 514 4917893
1192 515 4917896
1196 502 4917899
1191 505 4917902
1193 509 4917905
1193 505 4917908
1190 505 4917911
1195 506 4917914
1191 505 4917917
1193 500 4917920
1209 505 4917923
1192 508 4917926
1200 520 4917929
1178 500 4917932
1186 507 4917935
1196 507 4917938
1191 504 4917941
1193 506 4917944
1195 507 4917947
1193 504 4917950
1193 504 4917953
1193 505 4917956
1196 514 4917959
1192 504 4917962
1192 510 4917965
1208 497 4917968
1189 499 4917971
1192 509 4917974
1192 502 4917977
1192 505 4917980
1192 504 4917983
1192 504 4917986
1192 509 4917989
1193 504 4917992
1087 508 4917995
1199 505 4917999
1194 523 4918002
1205 497 4918005
1192 500 4918008
1194 507 4918011
1194 503 4918014
1189 502 4918017
1193 506 4918020
1190 507 4918023
1192 505 4918026
1194 508 4918029
1193 493 4918032
1177 500 4918035
1194 505 4918038
1181 503 4918041
1208 511 4918044
1189 501 4918046
1192 508 4918049
1197 503 4918052
1192 506 4918055
1195 506 4918058
1194 506 4918061
1194 503 4918064
1193 505 4918067
1233 506 4918070
1199 499 4918073
1198 488 4918076
1178 507 4918079
1205 516 4918082
1192 504 4918085
1192 507 4918088
1194 506 4918091
1192 504 4918094
1195 507 4918097
1193 502 4918100
1194 523 4918103
1188 492 4918106
1199 503 4918109
1214 510 4918112
1172 495 4918115
1199 514 4918118
1196 501 4918121
1189 506 4918124
1193 508 4918127
1195 505 4918130
1191 506 4918133
1194 509 4918136
1192 474 4918139
1250 506 4918142
1196 501 4918145
1189 479 4918148
1175 513 4918151
1205 509 4918154
1188 501 4918157
1196 507 4918160
1195 503 4918163
1191 504 4918166
1194 506 4918169
1194 505 4918172
1193 510 4918175
1223 496 4918178
1195 509 4918181
1190 530 4918184
1208 498 4918187
1185 503 4918190
1197 509 4918193
1194 503 4918196
1190 507 4918199
1191 508 4918202
1191 506 4918205
1194 507 4918208
1152 0 4918211
1194 511 4918214
1188 508 4918217
1167 469 4918220
1192 520 4918223
1201 504 4918226
1188 505 4918229
1187 505 4918232
1194 505 4918235
1193 506 4918238
1191 507 4918241
1190 505 4918244
1199 515 4918247
1184 507 4918250
1196 509 4918253
1220 516 4918256
1184 495 4918259
1191 511 4918262
1195 501 4918265
1187 505 4918268
1193 503 4918271
1193 504 4918274
1190 504 4918277
1195 463 4918280
1331 499 4918283
1198 500 4918286
1202 486 4918289
1170 507 4918292
1206 512 4918295
1190 498 4918298
1191 511 4918301
1195 505 4918304
1193 504 4918307
1192 506 4918310
1193 503 4918313
1192 502 4918316
1229 495 4918319
1192 510 4918322
1178 527 4918325
1213 505 4918328
1181 497 4918331
1195 509 4918334
1196 503 4918337
1193 507 4918340
1193 505 4918343
1192 503 4918346
1191 503 4918349
1193 517 4918352
1204 500 4918355
1194 512 4918358
1227 524 4918361
1181 489 4918364
1188 510 4918367
1198 505 4918370
1192 505 4918373
1193 505 4918376
1193 502 4918379
1189 505 4918382
1194 503 4918385
1191 510 4918388
1205 501 4918391
1195 514 4918394
1230 515 4918397
1179 492 4918400
1193 510 4918403
1199 504 4918406
1187 503 4918409
1195 507 4918412
1190 505 4918415
1195 504 4918418
1200 505 4918421
1193 515 4918424
1222 498 4918427
1195 507 4918430
1200 534 4918433
1202 496 4918436
1185 503 4918439
1197 506 4918442
1192 503 4918445
1192 502 4918448
1195 504 4918451
1192 505 4918454
1192 506 4918457
1192 483 4918460
1239 507 4918463
1192 506 4918466
1159 489 4918469
1207 522 4918472
1192 500 4918475
1189 506 4918478
1195 505 4918481
1194 501 4918484
1193 508 4918487
1194 506 4918490
1193 503 4918493
1193 527 4918496
1191 493 4918499
1197 503 4918502
1220 526 4918505
1171 486 4918508
1193 517 4918511
1196 503 4918514
1192 505 4918517
1193 505 4918520
1193 506 4918523
1194 507 4918526
1193 505 4918529
1190 501 4918532
1156 540 4918535
1197 505 4918538
1192 467 4918541
1178 525 4918544
1210 510 4918547
1184 496 4918550
1193 511 4918553
1194 507 4918556
1186 505 4918559
1192 504 4918562
1193 506 4918565
1193 508 4918568
1196 488 4918571
1212 497 4918574
1192 508 4918577
1188 530 4918580
1210 497 4918583
1182 505 4918586
1199 510 4918589
1194 503 4918592
1186 505 4918595
1193 507 4918598
1197 504 4918601
1195 510 4918604
1195 504 4918607
1182 551 4918610
1185 504 4918613
1194 511 4918616
1219 518 4918619
1185 494 4918622
1188 511 4918625
1193 504 4918628
1193 503 4918631
1192 509 4918634
1194 506 4918637
1191 502 4918640
1192 506 4918643
1190 482 4918646
1248 502 4918649
1189 511 4918652
1170 525 4918655
1215 506 4918658
1183 494 4918661
1190 513 4918664
1194 503 4918667
1193 507 4918670
1191 505 4918673
1196 510 4918676
1195 503 4918679
1195 505 4918682
1152 387 4918685
1193 508 4918688
1192 477 4918691
1164 509 4918694
1211 514 4918697
1192 501 4918700
1190 507 4918703
1195 504 4918706
1193 506 4918709
1197 504 4918712
1194 504 4918715
1193 509 4918718
1194 503 4918721
1200 509 4918724
1189 507 4918727
1215 531 4918730
1178 486 4918733
1191 515 4918736
1197 501 4918739
1188 502 4918742
1192 507 4918745
1194 506 4918748
1193 505 4918751
1195 505 4918754
1195 509 4918757
1193 485 4918760
1230 505 4918763
1193 511 4918766
1156 511 4918769
1214 515 4918772
1184 495 4918775
1189 511 4918778
1196 504 4918781
1191 507 4918784
1195 507 4918787
1193 506 4918790
1194 505 4918793
1194 506 4918796
1208 507 4918799
1185 510 4918802
1192 526 4918805
1197 482 4918808
1181 511 4918811
1205 507 4918814
1190 503 4918817
1195 508 4918820
1195 505 4918823
1192 503 4918826
1193 507 4918829
1193 503 4918832
1191 506 4918835
1172 565 4918838
1191 503 4918841
1194 496 4918844
1216 523 4918847
1190 496 4918850
1188 507 4918853
1194 510 4918856
1191 502 4918859
1193 508 4918862
1199 507 4918865
1192 507 4918868
1193 504 4918871
1192 467 4918874
1190 493 4918877
1203 501 4918880
1194 479 4918883
1163 512 4918886
1205 512 4918889
1188 500 4918892
1191 500 4918895
1194 506 4918898
1196 506 4918901
1191 502 4918904
1192 504 4918907
1192 506 4918910
1194 505 4918913
1218 497 4918916
1195 512 4918919
1225 523 4918922
1184 488 4918925
1188 510 4918928
1198 509 4918931
1192 502 4918934
1193 506 4918937
1193 508 4918940
1192 504 4918943
1196 504 4918946
1190 506 4918949
1166 552 4918952
1193 503 4918955
1194 475 4918958
1200 529 4918961
1201 493 4918964
1188 507 4918967
1195 509 4918970
1193 503 4918973
1190 507 4918976
1195 509 4918979
1194 504 4918982
1194 507 4918985
1193 497 4918988
1114 510 4918991
1195 505 4918994
1163 479 4918997
1201 520 4919001
1198 500 4919004
1189 505 4919007
1197 510 4919010
1192 506 4919013
1192 508 4919016
1196 500 4919019
1192 506 4919022
1194 502 4919025
1182 458 4919028
1199 508 4919031
1197 476 4919034
1164 507 4919037
1208 516 4919040
1190 498 4919043
1191 509 4919045
1198 508 4919048
1193 505 4919051
1192 506 4919054
1194 503 4919057
1196 508 4919060
1193 476 4919063
1242 503 4919066
1192 509 4919069
1156 491 4919072
1212 516 4919075
1192 499 4919078
1189 508 4919081
1201 505 4919084
1194 502 4919087
1195 507 4919090
1192 510 4919093
1192 506 4919096
1192 504 4919099
1178 544 4919102
1187 505 4919105
1197 490 4919108
1215 525 4919111
1188 495 4919114
1188 509 4919117
1198 507 4919120
1190 506 4919123
1196 504 4919126
1194 503 4919129
1189 508 4919132
1194 505 4919135
1192 506 4919138
1195 504 4919141
1190 525 4919144
1227 500 4919147
1176 501 4919150
1197 514 4919153
1195 500 4919156
1191 507 4919159
1196 509 4919162
1190 503 4919165
1194 505 4919168
1190 504 4919171
1195 483 4919174
1077 508 4919177
1194 508 4919180
1168 477 4919183
1197 522 4919186
1199 502 4919189
1190 505 4919192
1198 507 4919195
1192 506 4919198
1195 508 4919201
1194 506 4919204
1193 505 4919207
1193 510 4919210
1190 518 4919213
1189 505 4919216
1201 545 4919219
1201 505 4919222
1179 507 4919225
1200 511 4919228
1188 503 4919231
1194 508 4919234
1194 503 4919237
1195 504 4919240
1193 507 4919243
1190 504 4919246
1174 551 4919249
1193 502 4919252
1194 466 4919255
1183 527 4919258
1210 501 4919261
1182 499 4919264
1197 510 4919267
1192 503 4919270
1194 504 4919273
1194 508 4919276
1193 505 4919279
1194 506 4919282
1288 505 4919285
1181 513 4919288
1191 529 4919291
1202 483 4919294
1181 511 4919297
1205 508 4919300
1186 500 4919303
1194 505 4919306
1195 504 4919309
1192 506 4919312
1195 509 4919315
1191 505 4919318
1189 500 4919321
1243 500 4919324
1196 509 4919327
1192 532 4919330
1207 498 4919333
1183 504 4919336
1196 505 4919339
1193 503 4919342
1190 507 4919345
1195 507 4919348
1193 502 4919351
1193 507 4919354
1195 491 4919357
1223 505 4919360
1192 508 4919363
1159 497 4919366
1210 520 4919369
1193 493 4919372
1188 510 4919375
1197 507 4919378
1193 506 4919381
1194 506 4919384
1194 506 4919387
1193 503 4919390
1195 516 4919393
1190 497 4919396
1202 501 4919399
1202 486 4919402
1171 506 4919405
1206 514 4919408
1192 498 4919411
1191 508 4919414
1195 503 4919417
1190 504 4919420
1195 505 4919423
1194 505 4919426
1190 503 4919429
1195 527 4919432
1186 509 4919435
1205 536 4919438
1227 515 4919441
1187 510 4919444
1172 551 4919447
1113 573 4919450
1063 591 4919453
1055 597 4919456
1053 592 4919459
1051 589 4919462
1054 591 4919465
1052 595 4919468
1053 589 4919471
1049 614 4919474
1077 578 4919477
1036 589 4919480
1060 595 4919483
1052 587 4919486
1051 590 4919489
1053 589 4919492
1049 589 4919495
1054 590 4919498
1052 589 4919501
1051 590 4919504
1056 618 4919507
1046 591 4919510
1061 625 4919513
1060 576 4919516
1041 591 4919519
1059 595 4919522
1052 588 4919525
1047 591 4919528
1053 591 4919531
1050 588 4919534
1051 591 4919537
1052 592 4919540
1053 646 4919543
1053 584 4919546
1057 589 4919549
1051 579 4919552
1041 593 4919555
1061 594 4919558
1039 588 4919561
1054 592 4919564
1052 589 4919567
1054 589 4919570
1053 593 4919573
1053 593 4919576
1053 593 4919579
1050 759 4919582
1054 590 4919585
1054 592 4919588
1047 598 4919591
1046 588 4919594
1059 590 4919597
1054 588 4919600
1052 588 4919603
1054 593 4919606
1053 590 4919609
1054 591 4919612
1052 589 4919615
1052 592 4919618
1053 591 4919621
1041 532 4919624
1053 592 4919627
1054 586 4919630
1054 598 4919633
1054 591 4919636
1056 593 4919639
1058 595 4919642
1059 596 4919645
1057 595 4919648
1058 595 4919651
1059 598 4919654
1060 597 4919657
1059 599 4919660
1064 519 4919663
1061 598 4919666
1067 598 4919669
1063 596 4919672
1059 603 4919675
1064 604 4919678
1064 599 4919681
1063 602 4919684
1064 603 4919687
1065 604 4919690
1062 600 4919693
1064 601 4919696
1064 603 4919699
1064 601 4919702
1064 586 4919705
1082 603 4919708
1065 601 4919711
1063 598 4919714
1063 601 4919717
1064 604 4919720
1064 603 4919723
1061 600 4919726
1063 602 4919729
1063 601 4919732
1065 600 4919735
1063 604 4919738
1063 603 4919741
1064 602 4919744
1062 599 4919747
1062 616 4919750
1065 600 4919753
1047 600 4919756
1063 602 4919759
1065 600 4919762
1061 599 4919765
1063 599 4919768
1062 600 4919771
1065 601 4919774
1063 601 4919777
1059 600 4919780
1063 600 4919783
1063 600 4919786
1062 599 4919789
1060 558 4919792
1022 599 4919795
1060 600 4919798
1060 594 4919801
1062 600 4919804
1061 598 4919807
1061 602 4919810
1062 595 4919813
1060 598 4919816
1061 600 4919819
1061 598 4919822
1059 596 4919825
1062 599 4919828
1058 597 4919831
1060 598 4919834
1059 599 4919837
1034 600 4919840
1061 594 4919843
1058 597 4919846
1060 598 4919849
1059 600 4919852
1061 598 4919855
1058 596 4919858
1060 597 4919861
1055 594 4919864
1061 593 4919867
1058 596 4919870
1057 598 4919873
1060 592 4919876
1058 597 4919879
1060 137 4919882
1056 594 4919885
1051 597 4919888
1054 593 4919891
1060 596 4919894
1059 592 4919897
1056 592 4919900
1057 596 4919903
1060 594 4919906
1060 596 4919909
1058 596 4919912
1057 595 4919915
1059 594 4919918
1059 595 4919921
1055 594 4919924
1060 595 4919927
966 371 4919930
1060 592 4919933
1058 589 4919936
1056 597 4919939
1060 596 4919942
1057 593 4919945
1057 593 4919948
1058 596 4919951
1055 594 4919954
1056 593 4919957
1056 598 4919960
1055 595 4919963
1058 592 4919966
1057 594 4919969
1061 595 4919972
1057 592 4919975
1054 597 4919978
1056 594 4919981
1056 590 4919984
1055 593 4919987
1056 593 4919990
1056 594 4919993
1055 592 4919996
1056 593 4920000
1058 595 4920003
1056 589 4920006
1055 592 4920009
1058 592 4920012
1057 594 4920015
1055 593 4920018
1057 592 4920021
1053 600 4920024
1079 592 4920027
1054 588 4920030
1056 594 4920033
1056 593 4920036
1054 591 4920039
1053 596 4920042
1057 593 4920044
1054 593 4920047
1056 594 4920050
1056 594 4920053
1056 596 4920056
1055 593 4920059
1055 594 4920062
1057 594 4920065
1057 591 4920068
1055 602 4920071
1049 593 4920074
1058 596 4920077
1061 590 4920080
1053 592 4920083
1054 591 4920086
1056 590 4920089
1054 594 4920092
1058 592 4920095
1054 594 4920098
1057 592 4920101
1055 590 4920104
1054 592 4920107
1055 593 4920110
1055 592 4920113
1054 593 4920116
1053 590 4920119
1064 593 4920122
1053 591 4920125
1053 590 4920128
1052 594 4920131
1053 592 4920134
1053 593 4920137
1053 591 4920140
1054 591 4920143
1054 592 4920146
1058 591 4920149
1052 591 4920152
1056 593 4920155
1054 589 4920158
1054 589 4920161
1055 594 4920164
1113 561 4920167
1053 591 4920170
1055 587 4920173
1053 593 4920176
1054 589 4920179
1055 593 4920182
1054 592 4920185
1055 593 4920188
1055 591 4920191
1055 591 4920194
1054 593 4920197
1055 592 4920200
1056 591 4920203
1054 592 4920206
1054 591 4920209
1054 592 4920212
1054 598 4920215
1053 590 4920218
1059 593 4920221
1053 590 4920224
1056 592 4920227
1057 591 4920230
1055 592 4920233
1055 595 4920236
1055 590 4920239
1054 590 4920242
1054 595 4920245
1056 593 4920248
1052 589 4920251
1054 592 4920254
1054 592 4920257
1055 611 4920260
1108 592 4920263
1053 591 4920266
1054 594 4920269
1051 586 4920272
1054 591 4920275
1054 593 4920278
1055 591 4920281
1054 589 4920284
1055 593 4920287
1052 590 4920290
1053 589 4920293
1052 592 4920296
1054 594 4920299
1056 591 4920302
1053 591 4920305
