1278 3666 162077
1271 3668 162080
1276 3667 162083
1281 3648 162086
1276 3671 162089
1275 3663 162092
1280 3682 162095
1274 3660 162098
1272 3675 162101
1279 3668 162104
1274 3668 162107
1277 3670 162110
1276 3666 162113
1278 3665 162116
1276 3671 162119
1279 3669 162122
1273 3665 162125
1187 3667 162128
1280 3666 162131
1275 3671 162134
1261 3674 162137
1275 3671 162140
1284 3665 162143
1272 3665 162146
1279 3669 162149
1275 3666 162152
1276 3670 162155
1275 3665 162158
1277 3669 162161
1278 3667 162164
1275 3669 162167
1259 3745 162170
1276 3666 162173
1279 3661 162176
1288 3671 162179
1270 3667 162182
1281 3670 162185
1280 3667 162188
1274 3665 162191
1279 3668 162194
1278 3668 162197
1276 3667 162200
1276 3670 162203
1277 3664 162206
1276 3709 162209
1278 3670 162212
1276 3665 162215
1257 3668 162218
1271 3670 162221
1280 3663 162224
1273 3666 162227
1280 3668 162230
1274 3668 162233
1280 3668 162236
1277 3664 162239
1277 3668 162242
1273 3665 162245
1277 3665 162248
1279 3671 162251
1280 3669 162254
1279 3681 162257
1289 3655 162260
1268 3670 162263
1283 3671 162266
1274 3663 162269
1278 3670 162272
1278 3670 162275
1274 3668 162278
1279 3666 162281
1277 3667 162284
1277 3668 162287
1275 3665 162290
1263 3674 162293
1278 3670 162296
1271 3671 162299
1291 3663 162302
1270 3670 162305
1280 3673 162308
1279 3665 162311
1275 3670 162314
1279 3668 162317
1277 3666 162320
1274 3668 162323
1277 3667 162326
1278 3667 162329
1278 3642 162332
1303 3669 162335
1278 3664 162338
1287 3672 162341
1281 3662 162344
1267 3664 162347
1280 3678 162350
1277 3664 162353
1270 3668 162356
1278 3665 162359
1279 3670 162362
1274 3670 162365
1277 3668 162368
1278 3666 162371
1246 3773 162374
1268 3665 162377
1275 3698 162380
1269 3675 162383
1284 3663 162386
1271 3664 162389
1280 3667 162392
1276 3669 162395
1277 3670 162398
1275 3669 162401
1276 3667 162404
1278 3668 162407
1275 3666 162410
1274 3661 162413
1186 3668 162416
1273 3666 162419
1250 3680 162422
1278 3678 162425
1277 3663 162428
1275 3672 162431
1276 3668 162434
1275 3667 162437
1277 3669 162440
1276 3669 162443
1271 3669 162446
1279 3669 162449
1281 3668 162452
1276 3669 162455
1264 3667 162458
1280 3666 162461
1296 3669 162464
1263 3665 162467
1280 3672 162470
1278 3664 162473
1275 3670 162476
1279 3667 162479
1279 3668 162482
1278 3668 162485
1276 3665 162488
1279 3666 162491
1279 3668 162494
1263 3658 162497
1279 3667 162500
1278 3645 162503
1265 3675 162506
1280 3674 162509
1274 3661 162512
1279 3670 162515
1281 3669 162518
1273 3666 162521
1280 3671 162524
1276 3669 162527
1271 3667 162530
1279 3666 162533
1277 3669 162536
1262 3689 162539
1276 3665 162542
1275 3663 162545
1291 3665 162548
1272 3659 162551
1280 3671 162554
1278 3665 162557
1278 3667 162560
1280 3668 162563
1280 3669 162566
1280 3666 162569
1278 3668 162572
1275 3669 162575
1277 3748 162578
1279 3667 162581
1279 3668 162584
1275 3648 162587
1279 3666 162590
1286 3670 162593
1272 3667 162596
1278 3671 162599
1279 3666 162602
1277 3671 162605
1276 3668 162608
1280 3668 162611
1280 3669 162614
1278 3669 162617
1275 3647 162620
1255 3666 162623
1277 3667 162626
1271 3683 162629
1284 3658 162632
1271 3672 162635
1281 3671 162638
1271 3664 162641
1276 3668 162644
1278 3668 162647
1278 3669 162650
1274 3667 162653
1277 3665 162656
1277 3668 162659
1279 3670 162662
1279 3668 162665
1279 3683 162668
1269 3657 162671
1292 3670 162674
1283 3679 162677
1274 3668 162680
1277 3672 162683
1274 3664 162686
1272 3667 162689
1279 3666 162692
1277 3669 162695
1277 3670 162698
1276 3667 162701
1261 3746 162704
1275 3666 162707
1276 3725 162710
1275 3677 162713
1284 3663 162716
1272 3671 162719
1282 3671 162722
1278 3667 162725
1276 3672 162728
1278 3668 162731
1278 3667 162734
1279 3671 162737
1275 3666 162740
1277 3667 162743
1282 3669 162746
1279 3668 162749
1284 3686 162752
1274 3654 162755
1286 3670 162758
1277 3668 162761
1274 3665 162764
1279 3669 162767
1277 3668 162770
1279 3666 162773
1279 3667 162776
1279 3672 162779
1279 3668 162782
1276 3727 162785
1270 3665 162788
1277 3670 162791
1270 3653 162794
1280 3673 162797
1284 3666 162800
1270 3668 162803
1279 3668 162806
1276 3666 162809
1277 3670 162812
1279 3667 162815
1276 3666 162818
1277 3670 162821
1279 3670 162824
1278 3651 162827
1267 3668 162830
1278 3667 162833
1279 3672 162836
1285 3666 162839
1265 3662 162842
1280 3672 162845
1283 3665 162848
1276 3668 162851
1280 3668 162854
1278 3668 162857
1277 3668 162860
1276 3668 162863
1278 3669 162866
1278 3664 162869
1244 3667 162872
1276 3664 162875
1288 3673 162878
1269 3664 162881
1282 3674 162884
1280 3666 162887
1275 3669 162890
1279 3669 162893
1275 3667 162896
1279 3669 162899
1277 3670 162902
1276 3667 162905
1278 3667 162908
1279 3672 162911
1277 3668 162914
1275 3679 162917
1260 3653 162920
1281 3669 162923
1282 3668 162926
1275 3662 162929
1276 3669 162932
1277 3663 162935
1275 3666 162938
1275 3669 162941
1280 3669 162944
1276 3668 162947
1276 3666 162950
1269 3338 162953
1280 3666 162956
1277 3645 162959
1276 3666 162962
1289 3668 162965
1273 3665 162968
1278 3671 162971
1279 3666 162974
1276 3669 162977
1280 3672 162980
1277 3664 162983
1282 3668 162986
1276 3666 162989
1278 3670 162992
1259 3630 162995
1276 3668 162999
1277 3668 163002
1276 3679 163005
1278 3658 163008
1273 3672 163011
1279 3669 163014
1298 3668 163017
1280 3663 163020
1277 3667 163023
1279 3666 163026
1278 3665 163029
1279 3668 163032
1278 3672 163034
1266 3662 163037
1279 3666 163040
1275 3667 163043
1285 3664 163046
1270 3671 163049
1282 3671 163052
1276 3666 163055
1277 3668 163058
1277 3667 163061
1276 3672 163064
1277 3666 163067
1277 3668 163070
1277 3666 163073
1274 3667 163076
1283 3662 163079
1277 3667 163082
1287 3687 163085
1266 3658 163088
1282 3667 163091
1281 3669 163094
1272 3666 163097
1278 3667 163100
1276 3668 163103
1280 3665 163106
1276 3668 163109
1276 3670 163112
1276 3668 163115
1277 3669 163118
1283 3666 163121
1277 3669 163124
1294 3664 163127
1261 3691 163130
1280 3671 163133
1280 3665 163136
1277 3667 163139
1275 3664 163142
1276 3667 163145
1276 3670 163148
1277 3671 163151
1276 3670 163154
1278 3668 163157
1275 3669 163160
1274 3663 163163
1274 3666 163166
1291 3657 163169
1268 3675 163172
1281 3671 163175
1275 3664 163178
1276 3669 163181
1277 3670 163184
1279 3669 163187
1277 3668 163190
1276 3668 163193
1274 3665 163196
1277 3667 163199
1276 3666 163202
1276 3668 163205
1275 3666 163208
1270 3652 163211
1284 3668 163214
1282 3669 163217
1271 3664 163220
1279 3670 163223
1275 3668 163226
1275 3667 163229
1277 3669 163232
1276 3666 163235
1278 3673 163238
1276 3666 163241
1279 3759 163244
1277 3666 163247
1276 3668 163250
1255 3654 163253
1273 3668 163256
1282 3666 163259
1274 3668 163262
1278 3670 163265
1283 3666 163268
1274 3671 163271
1275 3668 163274
1276 3668 163277
1278 3669 163280
1278 3668 163283
1278 3673 163286
1395 3666 163289
1277 3668 163292
1253 3674 163295
1274 3675 163298
1274 3663 163301
1279 3670 163304
1280 3671 163307
1276 3665 163310
1279 3667 163313
1279 3668 163316
1279 3668 163319
1276 3668 163322
1277 3667 163325
1273 3646 163328
1344 3664 163331
1276 3668 163334
1293 3660 163337
1286 3669 163340
1270 3662 163343
1280 3670 163346
1278 3665 163349
1273 3668 163352
1278 3667 163355
1274 3669 163358
1278 3666 163361
1276 3668 163364
1278 3669 163367
1277 3645 163370
1340 3667 163373
1277 3669 163376
1263 3675 163379
1281 3661 163382
1271 3668 163385
1280 3670 163388
1276 3669 163391
1276 3668 163394
1278 3669 163397
1279 3670 163400
1279 3669 163403
1274 3666 163406
1277 3670 163409
1281 3661 163412
1286 3668 163415
1277 3663 163418
1287 3676 163421
1272 3678 163424
1274 3666 163427
1278 3665 163430
1274 3669 163433
1278 3667 163436
1276 3668 163439
1278 3667 163442
1278 3667 163445
1276 3670 163448
1276 3670 163451
1278 3673 163454
1268 3669 163457
1276 3683 163460
1283 3651 163463
1272 3664 163466
1278 3669 163469
1272 3665 163472
1278 3669 163475
1277 3666 163478
1275 3668 163481
1273 3667 163484
1276 3668 163487
1276 3667 163490
1276 3666 163493
1208 3665 163496
1276 3669 163499
1279 3666 163502
1257 3666 163505
1278 3674 163508
1279 3665 163511
1275 3668 163514
1276 3668 163517
1277 3667 163520
1276 3671 163523
1277 3667 163526
1278 3668 163529
1277 3668 163532
1277 3668 163535
1258 3011 163538
1278 3670 163541
1278 3643 163544
1280 3670 163547
1284 3669 163550
1273 3663 163553
1278 3670 163556
1278 3667 163559
1276 3665 163562
1278 3668 163565
1275 3666 163568
1273 3667 163571
1277 3669 163574
1277 3667 163577
1250 3713 163580
1277 3670 163583
1280 3672 163586
1281 3673 163589
1275 3664 163592
1282 3671 163595
1281 3668 163598
1275 3666 163601
1275 3667 163604
1278 3668 163607
1277 3669 163610
1276 3668 163613
1274 3667 163616
1276 3666 163619
1267 3689 163622
1276 3668 163625
1273 3677 163628
1281 3658 163631
1281 3668 163634
1276 3670 163637
1276 3665 163640
1277 3669 163643
1278 3667 163646
1279 3669 163649
1277 3666 163652
1279 3669 163655
1278 3661 163658
1277 3669 163661
1283 3672 163664
1279 3667 163667
1284 3662 163670
1268 3671 163673
1278 3674 163676
1278 3681 163679
1281 3669 163682
1280 3668 163685
1274 3666 163688
1277 3668 163691
1279 3669 163694
1279 3669 163697
1277 3670 163700
1277 3648 163703
800 3672 163706
1278 3667 163709
1256 3671 163712
1277 3676 163715
1280 3660 163718
1275 3671 163721
1278 3669 163724
1276 3665 163727
1278 3669 163730
1275 3670 163733
1273 3665 163736
1278 3669 163739
1278 3668 163742
1277 3655 163745
1223 3665 163748
1275 3665 163751
1268 3678 163754
1277 3658 163757
1279 3670 163760
1282 3670 163763
1275 3669 163766
1275 3665 163769
1279 3666 163772
1276 3669 163775
1278 3668 163778
1277 3667 163781
1275 3670 163784
1278 3676 163787
1273 3667 163790
1277 3687 163793
1272 3653 163796
1281 3668 163799
1277 3667 163802
1276 3668 163805
1282 3669 163808
1277 3667 163811
1278 3667 163814
1279 3665 163817
1277 3668 163820
1278 3669 163823
1274 3663 163826
1241 3696 163829
1275 3670 163832
1277 3682 163835
1275 3671 163838
1286 3662 163841
1272 3669 163844
1279 3670 163847
1278 3669 163850
1279 3669 163853
1278 3665 163856
1277 3671 163859
1280 3668 163862
1278 3668 163865
1276 3662 163868
1281 3673 163871
1277 3668 163874
1277 3681 163877
1278 3660 163880
1289 3674 163883
1282 3668 163886
1272 3663 163889
1277 3667 163892
1277 3670 163895
1278 3668 163898
1275 3664 163901
1277 3669 163904
1277 3669 163907
1277 3641 163910
1304 3671 163913
1279 3668 163916
1254 3675 163919
1270 3665 163922
1278 3664 163925
1273 3670 163928
1280 3668 163931
1277 3667 163934
1277 3667 163937
1280 3669 163940
1278 3670 163943
1277 3672 163946
1275 3668 163949
1277 3652 163952
1278 3664 163955
1277 3667 163958
1272 3683 163961
1274 3660 163964
1276 3665 163967
1283 3671 163970
1279 3667 163973
1276 3668 163976
1281 3668 163979
1282 3666 163982
1278 3664 163985
1278 3665 163988
1278 3666 163991
1278 3676 163994
1276 3670 163999
1272 3680 164002
1294 3656 164005
1282 3678 164008
1274 3664 164011
1279 3665 164014
1282 3671 164017
1279 3666 164020
1278 3667 164023
1278 3667 164026
1278 3668 164029
1279 3668 164032
1285 3670 164035
1276 3841 164038
1277 3668 164041
1276 3649 164044
1285 3670 164047
1269 3664 164049
1280 3667 164052
1277 3671 164055
1277 3664 164058
1280 3669 164061
1272 3668 164064
1281 3668 164067
1276 3669 164070
1275 3668 164073
1267 3669 164076
1278 3684 164080
1274 3663 164082
1289 3666 164085
1271 3665 164088
1280 3671 164091
1277 3668 164094
1274 3668 164097
1281 3669 164100
1278 3666 164103
1275 3666 164106
1273 3669 164109
1276 3665 164113
1277 3663 164115
1279 3666 164118
1279 3669 164121
1289 3665 164124
1265 3650 164127
1276 3671 164130
1276 3671 164133
1277 3662 164136
1282 3672 164139
1276 3666 164142
1277 3667 164146
1276 3665 164148
1280 3668 164151
1276 3668 164154
1277 3666 164157
1309 3652 164160
1275 3666 164163
1280 3666 164166
1283 3657 164169
1266 3672 164172
1277 3661 164175
1278 3668 164179
1276 3664 164181
1278 3670 164184
1275 3670 164187
1278 3667 164190
1279 3667 164193
1278 3668 164196
1276 3667 164199
1297 3666 164202
1277 3665 164205
1290 3662 164208
1270 3671 164212
1282 3660 164214
1280 3670 164217
1276 3668 164220
1278 3668 164223
1278 3667 164226
1277 3668 164229
1279 3661 164232
1279 3668 164235
1276 3670 164238
1437 3669 164241
1280 3667 164245
1278 3664 164247
1259 3675 164250
1275 3704 164253
1283 3671 164256
1275 3664 164259
1281 3667 164262
1276 3669 164265
1279 3663 164268
1278 3667 164271
1277 3669 164274
1278 3668 164278
1279 3667 164280
1255 3669 164283
1281 3617 164286
1278 3665 164289
1271 3674 164292
1273 3678 164295
1282 3655 164298
1282 3669 164301
1277 3668 164304
1281 3667 164307
1279 3670 164311
1277 3667 164313
1279 3667 164316
1277 3668 164319
1279 3669 164322
1287 3673 164325
1281 3669 164328
1286 3653 164331
1279 3663 164334
1285 3640 164337
1313 3666 164340
1365 3687 164344
1424 3713 164346
1441 3743 164349
1434 3738 164352
1426 3733 164355
1421 3733 164358
1423 3731 164361
1426 3734 164364
1420 3776 164367
1426 3734 164370
1406 3737 164373
1422 3783 164377
1431 3733 164379
1421 3730 164382
1430 3736 164385
1427 3737 164388
1428 3731 164391
1428 3737 164394
1428 3735 164397
1428 3732 164400
1425 3733 164403
1427 3734 164406
1387 3725 164410
1423 3728 164412
1419 3733 164415
1427 3749 164418
1440 3727 164421
1430 3737 164424
1423 3735 164427
1417 3731 164430
1425 3731 164433
1423 3734 164436
1427 3731 164439
1426 3734 164443
1428 3733 164445
1786 3734 164448
1427 3734 164451
1426 3735 164454
1408 3740 164457
1422 3729 164460
1429 3739 164463
1423 3729 164466
1426 3734 164469
1427 3736 164472
1426 3736 164476
1426 3732 164478
1427 3734 164481
1425 3737 164484
1427 3733 164487
1406 3733 164490
1424 3715 164493
1424 3736 164496
1431 3752 164499
1425 3743 164502
1423 3727 164505
1429 3740 164509
1424 3731 164511
1429 3736 164514
1427 3739 164517
1423 3732 164520
1428 3734 164523
1426 3735 164526
1428 3731 164529
1434 3728 164532
1428 3738 164535
1446 3725 164538
1420 3726 164542
1430 3719 164544
1436 3727 164547
1430 3717 164550
1442 3721 164553
1434 3722 164556
1434 3722 164559
1433 3716 164562
1432 3715 164565
1434 3716 164568
1437 3719 164571
1527 3678 164575
1433 3713 164577
1485 3712 164580
1438 3712 164583
1432 3720 164586
1441 3712 164589
1439 3718 164592
1434 3711 164595
1434 3713 164598
1435 3711 164601
1435 3714 164604
1439 3717 164608
1437 3713 164610
1437 3713 164613
1431 3725 164616
1435 3713 164619
1451 3714 164622
1423 3707 164625
1433 3718 164628
1433 3718 164631
1435 3711 164634
1438 3718 164637
1435 3716 164641
1436 3713 164643
1437 3718 164646
1433 3716 164649
1436 3717 164652
1430 3718 164655
1434 3854 164658
1438 3716 164661
1439 3695 164664
1441 3718 164667
1438 3721 164670
1436 3715 164674
1434 3720 164676
1434 3717 164679
1435 3721 164682
1436 3720 164685
1434 3718 164688
1433 3720 164691
1433 3717 164694
1426 3721 164697
1431 3709 164700
1429 3718 164703
1440 3723 164707
1424 3712 164709
1431 3722 164712
1430 3725 164715
1432 3719 164718
1434 3724 164721
1429 3722 164724
1431 3721 164727
1430 3721 164730
1429 3720 164733
1431 3723 164736
1427 3752 164740
1429 3715 164742
1424 3723 164745
1434 3706 164748
1432 3724 164751
1426 3725 164754
1437 3724 164757
1430 3726 164760
1430 3721 164763
1429 3720 164766
1432 3724 164769
1431 3726 164773
1433 3723 164775
1431 3728 164778
1447 3702 164781
1426 3722 164784
1439 3724 164787
1438 3730 164790
1426 3718 164793
1430 3727 164796
1431 3728 164799
1430 3726 164802
1424 3729 164806
1429 3722 164808
1429 3725 164811
1430 3729 164814
1428 3726 164817
1429 3727 164820
1430 3736 164823
1430 3727 164826
1429 3740 164829
1439 3711 164832
1434 3734 164835
1425 3732 164839
1425 3723 164841
1428 3729 164844
1427 3729 164847
1430 3729 164850
1429 3728 164853
1427 3727 164856
1433 3732 164859
1429 3727 164862
1435 3792 164865
1428 3728 164868
1431 3696 164872
1430 3741 164874
1423 3726 164877
1432 3726 164880
1428 3733 164883
1427 3728 164886
1429 3733 164889
1427 3732 164892
1426 3725 164895
1427 3729 164898
1428 3729 164901
1422 3733 164905
1416 3767 164907
1435 3730 164910
1436 3773 164913
1413 3711 164916
1436 3728 164919
1424 3738 164922
1425 3725 164925
1428 3728 164928
1423 3731 164931
1428 3731 164934
1427 3732 164938
1425 3730 164940
1428 3731 164943
1422 3776 164946
1439 3713 164949
1413 3728 164952
1418 3693 164955
1441 3744 164958
1420 3732 164961
1429 3730 164964
1427 3735 164967
1425 3730 164971
1422 3729 164973
1430 3731 164976
1428 3734 164979
1427 3734 164982
1427 3733 164985
1418 3698 164988
1421 3737 164991
1415 3733 164994
1436 3758 164999
1421 3726 165002
1430 3735 165005
1427 3751 165008
1425 3733 165011
1428 3732 165014
1427 3732 165017
1424 3734 165020
1425 3730 165023
1427 3730 165026
1425 3748 165029
1435 3726 165032
1428 3760 165035
1439 3709 165038
1407 3739 165041
1438 3736 165044
1423 3726 165047
1426 3736 165050
1427 3731 165053
1424 3730 165056
1427 3733 165059
1427 3731 165062
1423 3732 165065
1427 3734 165068
1428 3637 165071
1434 3736 165074
1424 3692 165077
1422 3755 165080
1440 3732 165083
1417 3727 165086
1426 3734 165089
1427 3727 165092
1423 3732 165095
1425 3738 165098
1428 3735 165101
1428 3736 165104
1426 3734 165107
1427 3732 165110
1440 3743 165113
1420 3735 165116
1448 3755 165119
1405 3714 165122
1426 3745 165125
1432 3734 165128
1423 3731 165131
1427 3735 165134
1429 3733 165137
1427 3733 165140
1425 3733 165143
1426 3732 165146
1426 3734 165149
1427 3696 165152
1479 3736 165155
1421 3739 165158
1416 3763 165161
1441 3727 165164
1413 3728 165167
1428 3738 165170
1424 3731 165173
1426 3734 165176
1430 3733 165179
1422 3736 165182
1425 3732 165185
1423 3731 165188
1425 3735 165191
1440 3723 165194
1408 3744 165197
1421 3710 165200
1393 3737 165203
1442 3747 165206
1424 3728 165209
1422 3737 165212
1428 3735 165215
1422 3730 165218
1426 3735 165221
1427 3729 165224
1428 3735 165227
1423 3731 165230
1426 3733 165233
1437 3735 165236
1422 3737 165239
1452 3740 165242
1401 3717 165245
1429 3745 165248
1432 3730 165251
1423 3733 165254
1430 3738 165257
1428 3735 165260
1422 3732 165263
1429 3735 165266
1426 3734 165269
1426 3736 165272
1426 3733 165275
1469 3723 165278
1427 3745 165281
1466 3738 165284
1415 3721 165287
1427 3744 165290
1432 3733 165293
1421 3733 165296
1428 3734 165299
1423 3733 165302
1426 3736 165305
1423 3732 165308
1426 3734 165311
1427 3737 165314
1410 3826 165317
1419 3731 165320
1428 3765 165323
1453 3725 165326
1406 3722 165329
1429 3746 165332
1427 3741 165335
1422 3738 165338
1427 3735 165341
1424 3732 165344
1424 3736 165347
1424 3734 165350
1424 3732 165353
1424 3696 165356
1498 3730 165359
1418 3734 165362
1430 3769 165365
1438 3724 165368
1412 3734 165371
1429 3740 165374
1423 3731 165377
1423 3735 165380
1425 3735 165383
1424 3736 165386
1424 3737 165389
1426 3735 165392
1423 3733 165395
1403 3692 165398
1432 3728 165401
1427 3716 165404
1448 3758 165407
1425 3721 165410
1418 3737 165413
1430 3734 165416
1424 3731 165419
1425 3735 165422
1427 3736 165425
1420 3732 165428
1427 3735 165431
1428 3736 165434
1423 3684 165437
1297 3743 165440
1418 3733 165443
1394 3752 165446
1445 3736 165449
1415 3724 165452
1428 3741 165455
1429 3734 165458
1420 3734 165461
1425 3736 165464
1429 3735 165467
1425 3735 165470
1425 3734 165473
1424 3734 165476
1402 3659 165479
1438 3730 165482
1424 3696 165485
1430 3758 165488
1436 3729 165491
1416 3731 165494
1428 3740 165497
1427 3732 165500
1417 3735 165503
1427 3736 165506
1424 3733 165509
1424 3732 165512
1423 3730 165515
1425 3686 165518
1414 3742 165521
1430 3732 165524
1385 3717 165527
1441 3752 165530
1429 3727 165533
1424 3738 165536
1431 3737 165539
1423 3730 165542
1426 3736 165545
1424 3733 165548
1424 3734 165551
1426 3736 165554
1425 3736 165557
1423 3731 165560
1398 3743 165563
1424 3738 165566
1392 3718 165569
1433 3749 165572
1429 3727 165575
1419 3736 165578
1428 3734 165581
1424 3732 165584
1427 3729 165587
1424 3736 165590
1422 3732 165593
1425 3736 165596
1429 3734 165599
1439 3750 165602
1421 3737 165605
1450 3752 165608
1403 3716 165611
1423 3744 165614
1432 3732 165617
1423 3734 165620
1427 3737 165623
1423 3734 165626
1426 3734 165629
1427 3735 165632
1419 3735 165635
1424 3735 165638
1427 3723 165641
1452 3727 165644
1417 3737 165647
1448 3765 165650
1427 3720 165653
1417 3736 165656
1430 3734 165659
1428 3723 165662
1425 3735 165665
1424 3736 165668
1428 3735 165671
1415 3733 165674
1424 3736 165677
1423 3727 165680
1429 3688 165683
1431 3740 165686
1423 3692 165689
1407 3755 165692
1444 3734 165695
1416 3727 165698
1426 3738 165701
1424 3733 165704
1423 3734 165707
1427 3738 165710
1423 3733 165713
1424 3733 165716
1425 3735 165719
1426 3736 165722
1435 3753 165725
1418 3735 165728
1448 3758 165731
1405 3714 165734
1421 3745 165737
1434 3733 165740
1420 3733 165743
1427 3736 165746
1424 3730 165749
1423 3735 165752
1427 3734 165755
1424 3732 165758
1425 3735 165761
1424 3734 165764
1410 3742 165767
1431 3731 165770
1384 3722 165773
1443 3752 165776
1424 3723 165779
1419 3735 165782
1430 3735 165785
1421 3732 165788
1421 3733 165791
1424 3733 165794
1426 3733 165797
1428 3737 165800
1424 3734 165803
1426 3717 165806
1516 3726 165809
1424 3736 165812
1459 3754 165815
1415 3716 165818
1419 3741 165821
1430 3733 165824
1420 3731 165827
1428 3738 165830
1425 3737 165833
1424 3734 165836
1427 3733 165839
1424 3734 165842
1424 3732 165845
1424 3744 165848
1421 3741 165851
1427 3752 165854
1402 3705 165857
1426 3751 165860
1433 3733 165863
1419 3731 165866
1423 3734 165869
1424 3733 165872
1425 3736 165875
1424 3733 165878
1425 3736 165881
1425 3735 165884
1425 3734 165887
1513 3723 165890
1417 3741 165893
1421 3698 165896
1405 3752 165899
1440 3737 165902
1417 3725 165905
1424 3738 165908
1425 3733 165911
1423 3733 165914
1427 3734 165917
1425 3735 165920
1423 3732 165923
1424 3734 165926
1426 3734 165929
1404 3721 165932
1436 3730 165935
1424 3698 165938
1433 3762 165941
1432 3724 165944
1413 3730 165947
1431 3740 165950
1426 3735 165953
1422 3733 165956
1426 3734 165959
1428 3734 165962
1426 3736 165965
1425 3738 165968
1425 3735 165971
1367 3622 165974
1435 3728 165977
1424 3717 165980
1452 3757 165983
1423 3721 165986
1417 3726 165989
1431 3737 165992
1426 3734 165995
1425 3736 165999
1443 3734 166002
1425 3734 166005
1424 3736 166008
1425 3736 166011
1426 3734 166014
1405 3781 166017
1430 3727 166020
1427 3735 166023
1459 3749 166026
1417 3724 166029
1422 3740 166031
1428 3730 166034
1423 3732 166037
1426 3734 166040
1425 3737 166043
1425 3737 166046
1428 3734 166049
1425 3731 166052
1427 3734 166055
1387 3790 166058
1420 3731 166061
1426 3763 166064
1453 3734 166067
1409 3724 166070
1428 3742 166073
1428 3731 166076
1424 3736 166079
1428 3738 166082
1424 3733 166085
1422 3734 166088
1424 3733 166091
1422 3736 166094
1425 3733 166097
1410 3751 166100
1417 3734 166103
1423 3768 166106
1450 3728 166109
1410 3727 166112
1429 3744 166115
1426 3731 166118
1424 3735 166121
1427 3736 166124
1423 3734 166127
1424 3732 166130
1425 3736 166133
1423 3735 166136
1421 3732 166139
1411 3807 166142
1414 3736 166145
1426 3778 166148
1436 3717 166151
1411 3731 166154
1434 3741 166157
1423 3730 166160
1424 3735 166163
1428 3735 166166
1425 3737 166169
1422 3734 166172
1426 3734 166175
1427 3735 166178
1426 3737 166181
1424 3764 166184
1417 3737 166187
1435 3768 166190
1411 3711 166193
1420 3743 166196
1434 3726 166199
1420 3726 166202
1422 3734 166205
1427 3734 166208
1423 3734 166211
1430 3732 166214
1424 3733 166217
1423 3734 166220
1424 3731 166223
1435 3730 166226
1424 3736 166229
1451 3724 166232
1405 3726 166235
1434 3743 166238
1425 3728 166241
1424 3731 166244
1427 3735 166247
1426 3732 166250
1423 3733 166253
1424 3736 166256
1423 3731 166259
1424 3733 166262
1424 3691 166265
1421 3724 166268
1430 3730 166271
1411 3715 166274
1428 3734 166277
1426 3735 166280
1424 3735 166283
1426 3736 166286
1426 3734 166289
1423 3732 166292
1424 3733 166295
1422 3734 166298
1425 3735 166301
1423 3734 166304
1424 3714 166307
1388 3741 166310
1421 3736 166313
1404 3738 166316
1426 3729 166319
1425 3735 166322
1421 3731 166325
1418 3734 166328
1426 3733 166331
1425 3734 166334
1423 3716 166337
1425 3734 166340
1427 3735 166343
1427 3737 166346
1426 3724 166349
1433 3730 166352
1422 3740 166355
1427 3737 166358
1420 3732 166361
1425 3733 166364
1425 3735 166367
1423 3734 166370
1425 3735 166373
1427 3735 166376
1425 3735 166379
1425 3734 166382
1424 3733 166385
1424 3734 166388
1843 3730 166391
1421 3731 166394
1425 3737 166397
1428 3736 166400
1423 3732 166403
1427 3735 166406
1425 3727 166409
1423 3732 166412
1424 3735 166415
1425 3734 166418
1424 3737 166421
1424 3730 166424
1424 3735 166427
1427 3735 166430
1426 3739 166433
1432 3735 166436
1428 3739 166439
1426 3734 166442
1423 3736 166445
1425 3737 166448
1426 3733 166451
1425 3735 166454
1425 3734 166457
1422 3734 166460
1425 3732 166463
1422 3735 166466
1421 3734 166469
1426 3736 166472
1427 3740 166475
1430 3735 166478
1422 3735 166481
1428 3735 166484
1422 3731 166487
1422 3734 166490
1423 3732 166493
1424 3736 166496
1427 3735 166499
1423 3733 166502
1425 3735 166505
1426 3735 166508
1423 3735 166511
1423 3733 166514
1424 3733 166517
1423 3737 166520
1425 3737 166523
1426 3739 166526
1424 3734 166529
1425 3736 166532
1423 3739 166535
1424 3735 166538
1427 3730 166541
1426 3736 166544
1424 3735 166547
1424 3736 166550
1422 3734 166553
1425 3734 166556
1409 3770 166559
1423 3735 166562
1425 3737 166565
1422 3732 166568
1426 3736 166571
1428 3734 166574
1424 3732 166577
1424 3737 166580
1426 3734 166583
1425 3737 166586
1426 3735 166589
1423 3735 166592
1425 3736 166595
1425 3732 166598
1418 3759 166601
1424 3734 166604
1424 3730 166607
1423 3738 166610
1429 3737 166613
1425 3733 166616
1425 3736 166619
1425 3733 166622
1423 3731 166625
1425 3736 166628
1422 3732 166631
1424 3734 166634
1426 3734 166637
1425 3737 166640
1430 3752 166643
1425 3735 166646
1420 3735 166649
1424 3736 166652
1422 3731 166655
1424 3734 166658
1425 3733 166661
1424 3716 166664
1425 3738 166667
1422 3735 166670
1426 3738 166673
1427 3736 166676
1425 3733 166679
1424 3535 166682
1425 3733 166685
1426 3736 166688
1426 3735 166691
1425 3732 166694
1426 3736 166697
1422 3732 166700
1426 3734 166703
1426 3734 166706
1426 3734 166709
1426 3734 166712
1425 3733 166715
1425 3734 166718
1423 3733 166721
1425 3724 166724
1456 3735 166727
1425 3734 166730
1422 3731 166733
1423 3734 166736
1427 3736 166739
1424 3738 166742
1423 3734 166745
1427 3734 166748
1425 3736 166751
1423 3735 166754
1425 3734 166757
1424 3738 166760
1425 3736 166763
1420 3737 166766
1447 3734 166769
1425 3730 166772
1423 3739 166775
1427 3733 166778
1425 3732 166781
1426 3735 166784
1421 3729 166787
1424 3730 166790
1424 3737 166793
1427 3736 166796
1422 3732 166799
1424 3736 166802
1425 3736 166805
1426 3740 166808
1426 3735 166811
1432 3736 166814
1427 3732 166817
1423 3732 166820
1424 3734 166823
1427 3734 166826
1428 3735 166829
1423 3734 166832
1425 3737 166835
1424 3733 166838
1425 3735 166841
1423 3736 166844
1424 3735 166847
1118 3738 166850
1425 3733 166853
1425 3737 166856
1427 3733 166859
1425 3734 166862
1424 3735 166865
1425 3733 166868
1425 3735 166871
1426 3730 166874
1424 3734 166877
1424 3733 166880
1424 3737 166883
1422 3735 166886
1424 3733 166889
1427 3736 166892
1422 3737 166895
1423 3734 166898
1426 3736 166901
1427 3734 166904
1425 3736 166907
1426 3736 166910
1425 3734 166913
1425 3737 166916
1426 3729 166919
1426 3735 166922
1428 3737 166925
1426 3732 166928
1424 3732 166931
1425 3724 166934
1427 3735 166937
1425 3736 166940
1425 3736 166943
1428 3735 166946
1425 3735 166949
1425 3733 166952
1424 3735 166955
1426 3734 166958
1427 3737 166961
1424 3734 166964
1428 3736 166967
1425 3738 166970
1426 3733 166973
1423 3736 166976
1424 3738 166979
1428 3736 166982
1426 3737 166985
1427 3731 166988
1424 3731 166991
1426 3737 166994
1424 3733 166997
1427 3734 167001
1422 3732 167004
1424 3727 167007
1426 3733 167010
1424 3737 167013
1426 3737 167016
1428 3736 167019
1424 3733 167022
1428 3737 167025
1425 3738 167028
1427 3733 167031
1425 3732 167034
1427 3732 167037
1427 3735 167039
1426 3733 167042
1426 3735 167045
1426 3734 167048
1426 3735 167051
1424 3734 167054
1426 3735 167057
1427 3736 167060
1429 3731 167063
1428 3702 167066
1425 3735 167069
1425 3739 167072
1429 3739 167075
1431 3735 167078
1423 3735 167081
1427 3732 167084
1426 3733 167087
1425 3735 167090
1428 3734 167093
1424 3733 167096
1425 3735 167099
1425 3734 167102
1426 3737 167105
1427 3570 167108
1425 3733 167111
1425 3735 167114
1427 3735 167117
1422 3730 167120
1426 3734 167123
1425 3734 167126
1423 3738 167129
1426 3733 167132
1426 3736 167135
1425 3736 167138
1423 3733 167141
1424 3734 167144
1425 3735 167147
1424 3734 167150
1424 3709 167153
1424 3734 167156
1426 3734 167159
1425 3730 167162
1423 3736 167165
1428 3736 167168
1425 3732 167171
1425 3734 167174
1427 3734 167177
1425 3736 167180
1428 3733 167183
1424 3732 167186
1426 3737 167189
1428 3734 167192
1421 3734 167195
1426 3736 167198
1424 3734 167201
1426 3735 167204
1429 3737 167207
1428 3734 167210
1425 3736 167213
1424 3735 167216
1424 3733 167219
1427 3735 167222
1426 3735 167225
1424 3734 167228
1426 3733 167231
1428 3735 167234
1426 3736 167237
1427 3736 167240
1426 3735 167243
1394 3909 167246
1424 3735 167249
1425 3730 167252
1424 3735 167255
1429 3735 167258
1422 3736 167261
1427 3733 167264
1428 3737 167267
1424 3736 167270
1425 3735 167273
1427 3734 167276
1424 3739 167279
1425 3732 167282
1423 3731 167285
1425 3736 167288
1427 3725 167291
1397 3733 167294
1430 3731 167297
1426 3736 167300
1427 3735 167303
1424 3732 167306
1424 3736 167309
1424 3736 167312
1424 3732 167315
1427 3735 167318
1425 3735 167321
1426 3732 167324
1424 3732 167327
1445 3733 167330
1426 3732 167333
1427 3735 167336
1402 3776 167339
1429 3736 167342
1423 3734 167345
1423 3736 167348
1427 3733 167351
1425 3736 167354
1427 3735 167357
1421 3732 167360
1425 3735 167363
1428 3735 167366
1423 3738 167369
1428 3736 167372
1427 3734 167375
1425 3737 167378
1426 3734 167381
1424 3739 167384
1477 3736 167387
1425 3733 167390
1420 3735 167393
1427 3736 167396
1424 3734 167399
1426 3738 167402
1427 3734 167405
1425 3734 167408
1425 3735 167411
1426 3732 167414
1425 3732 167417
1426 3733 167420
1427 3734 167423
1425 3732 167426
1424 3733 167429
1638 3734 167432
1422 3735 167435
1424 3735 167438
1423 3734 167441
1426 3738 167444
1423 3731 167447
1426 3732 167450
1428 3736 167453
1425 3735 167456
1422 3734 167459
1427 3738 167462
1428 3734 167465
1429 3736 167468
1424 3736 167471
1425 3735 167474
1425 3736 167477
1429 3725 167480
1425 3736 167483
1431 3735 167486
1423 3734 167489
1422 3736 167492
1424 3734 167495
1426 3736 167498
1425 3737 167501
1427 3737 167504
1428 3734 167507
1424 3736 167510
1426 3734 167513
1424 3733 167516
1428 3733 167519
1426 3736 167522
1425 3724 167525
1403 3734 167528
1427 3736 167531
1426 3739 167534
1429 3734 167537
1425 3734 167540
1427 3736 167543
1424 3734 167546
1423 3735 167549
1425 3735 167552
1425 3737 167555
1424 3736 167558
1426 3736 167561
1427 3735 167564
1425 3733 167567
1424 3739 167570
1433 3844 167573
1426 3736 167576
1420 3729 167579
1424 3734 167582
1425 3735 167585
1426 3735 167588
1424 3734 167591
1423 3735 167594
1426 3734 167597
1425 3735 167600
1425 3737 167603
1424 3735 167606
1425 3734 167609
1424 3734 167612
1426 3737 167615
1425 3754 167618
1563 3736 167621
1425 3727 167624
1423 3737 167627
1428 3734 167630
1425 3735 167633
1424 3737 167636
1427 3735 167639
1428 3736 167642
1424 3739 167645
1425 3733 167648
1427 3737 167651
1428 3735 167654
1427 3733 167657
1426 3732 167660
1427 3734 167663
1419 3777 167666
1427 3734 167669
1426 3733 167672
1427 3738 167675
1426 3732 167678
1425 3731 167681
1426 3736 167684
1425 3734 167687
1424 3733 167690
1425 3735 167693
1426 3733 167696
1424 3732 167699
1424 3734 167702
1426 3734 167705
1426 3732 167708
1426 3729 167711
1439 3731 167714
1426 3734 167717
1427 3735 167720
1423 3734 167723
1429 3735 167726
1427 3732 167729
1425 3734 167732
1425 3734 167735
1426 3734 167738
1425 3736 167741
1426 3736 167744
1425 3733 167747
1427 3737 167750
1428 3736 167753
1424 3136 167756
1427 3734 167759
1426 3735 167762
1426 3736 167765
1426 3737 167768
1427 3736 167771
1426 3737 167774
1424 3734 167777
1422 3732 167780
1426 3735 167783
1425 3734 167786
1423 3734 167789
1426 3735 167792
1426 3736 167795
1425 3737 167798
1423 3734 167801
1424 3696 167804
1428 3735 167807
1422 3735 167810
1427 3732 167813
1426 3734 167816
1425 3734 167819
1423 3732 167822
1426 3736 167825
1427 3734 167828
1424 3735 167831
1426 3735 167834
1427 3734 167837
1426 3736 167840
1425 3735 167843
1426 3655 167846
1441 3730 167849
1425 3733 167852
1420 3723 167855
1427 3738 167858
1426 3734 167861
1426 3737 167864
1427 3735 167867
1425 3732 167870
1426 3735 167873
1423 3734 167876
1428 3735 167879
1427 3732 167882
1426 3735 167885
1424 3732 167888
1428 3734 167891
1427 3735 167894
1427 3741 167897
1426 3731 167900
1422 3732 167903
1425 3737 167906
1422 3734 167909
1428 3737 167912
1425 3734 167915
1425 3734 167918
1423 3731 167921
1425 3736 167924
1428 3736 167927
1426 3738 167930
1425 3734 167933
1424 3727 167936
1424 3733 167939
1426 3737 167942
1425 3731 167945
1424 3737 167948
1426 3733 167951
1421 3732 167954
1425 3736 167957
1426 3736 167960
1428 3737 167963
1426 3734 167966
1424 3734 167969
1422 3740 167972
1424 3733 167975
1424 3735 167978
1422 3734 167981
1419 3735 167984
1425 3735 167987
1425 3734 167990
1423 3728 167993
1424 3735 167996
1425 3729 168000
1426 3735 168003
1426 3733 168006
1427 3735 168009
1427 3732 168012
1425 3732 168015
1425 3735 168018
1426 3734 168021
1423 3736 168024
1426 3731 168027
1429 3736 168030
1425 3732 168032
1423 3732 168035
1422 3736 168038
1426 3737 168041
1426 3733 168044
1428 3735 168047
1424 3735 168050
1423 3735 168053
1418 3734 168056
1428 3734 168059
1427 3736 168062
1755 3736 168065
1425 3732 168068
1427 3735 168071
1425 3733 168074
1426 3741 168077
1425 3735 168080
1424 3734 168083
1426 3734 168086
1421 3735 168089
1425 3735 168092
1426 3732 168095
1423 3739 168098
1425 3734 168101
1423 3732 168104
1423 3779 168107
31 3736 168110
1423 3734 168113
1422 3732 168116
1425 3737 168119
1426 3736 168122
1425 3734 168125
1425 3734 168128
1425 3736 168131
1424 3730 168134
1423 3734 168137
1427 3736 168140
1425 3734 168143
1422 3733 168146
1425 3733 168149
1408 3866 168152
1426 3737 168155
1425 3733 168158
1427 3739 168161
1428 3734 168164
1425 3734 168167
1425 3735 168170
1426 3735 168173
1426 3735 168176
1424 3733 168179
1425 3734 168182
1425 3736 168185
1425 3734 168188
1424 3738 168191
1421 3729 168194
1468 3735 168197
1424 3729 168200
1422 3734 168203
1428 3734 168206
1427 3736 168209
1423 3737 168212
1426 3733 168215
1424 3735 168218
1426 3738 168221
1423 3733 168224
1428 3734 168227
1423 3734 168230
1425 3734 168233
1424 3732 168236
1426 3741 168239
1422 3734 168242
1424 3733 168245
1428 3732 168248
1425 3733 168251
1425 3735 168254
1421 3733 168257
1424 3736 168260
1425 3733 168263
1427 3734 168266
1423 3733 168269
1425 3734 168272
1422 3732 168275
1425 3735 168278
1424 3734 168281
1415 3735 168284
1423 3737 168287
1426 3735 168290
1425 3735 168293
1425 3734 168296
1425 3735 168299
1423 3735 168302
1428 3735 168305
1421 3732 168308
1427 3736 168311
1423 3734 168314
1423 3733 168317
1426 3735 168320
1427 3735 168323
1422 3776 168326
1423 3734 168329
1422 3737 168332
1427 3736 168335
1424 3734 168338
1424 3733 168341
1424 3735 168344
1424 3733 168347
1427 3734 168350
1423 3737 168353
1423 3735 168356
1426 3735 168359
1424 3733 168362
1424 3735 168365
1423 3731 168368
1424 3733 168371
1424 3730 168374
1424 3734 168377
1428 3735 168380
1425 3735 168383
1424 3735 168386
1426 3732 168389
1424 3731 168392
1424 3733 168395
1425 3737 168398
1428 3735 168401
1427 3737 168404
1426 3731 168407
1425 3731 168410
1261 3735 168413
1425 3734 168416
1425 3734 168419
1424 3733 168422
1426 3735 168425
1425 3733 168428
1424 3735 168431
1425 3737 168434
1425 3735 168437
1423 3733 168440
1425 3735 168443
1423 3734 168446
1425 3734 168449
1425 3741 168452
1429 3736 168455
1421 3730 168458
1424 3732 168461
1426 3741 168464
1428 3734 168467
1424 3733 168470
1425 3737 168473
1426 3737 168476
1425 3732 168479
1424 3733 168482
1424 3737 168485
1426 3735 168488
1426 3733 168491
1424 3733 168494
1426 3737 168497
1424 3722 168500
1437 3730 168503
1423 3736 168506
1423 3733 168509
1421 3734 168512
1426 3735 168515
1422 3736 168518
1426 3734 168521
1424 3734 168524
1421 3735 168527
1426 3734 168530
1425 3736 168533
1425 3736 168536
1422 3733 168539
1427 3736 168542
1424 3717 168545
1416 3735 168548
1423 3731 168551
1425 3737 168554
1425 3735 168557
1423 3731 168560
1423 3736 168563
1422 3740 168566
1425 3734 168569
1422 3734 168572
1425 3735 168575
1421 3734 168578
1425 3734 168581
1424 3735 168584
1425 3738 168587
1426 3740 168590
1445 3734 168593
1426 3735 168596
1426 3737 168599
1428 3733 168602
1423 3734 168605
1428 3737 168608
1421 3733 168611
1425 3735 168614
1423 3734 168617
1428 3735 168620
1426 3736 168623
1426 3735 168626
1426 3733 168629
1424 3733 168632
1426 3735 168635
1404 3730 168638
1427 3737 168641
1423 3734 168644
1423 3731 168647
1424 3736 168650
1425 3733 168653
1424 3734 168656
1404 3734 168659
1428 3734 168662
1424 3736 168665
1425 3735 168668
1424 3733 168671
1424 3735 168674
1424 3733 168677
1426 3737 168680
1471 3735 168683
1422 3735 168686
1430 3737 168689
1423 3731 168692
1425 3735 168695
1425 3734 168698
1425 3737 168701
1424 3731 168704
1426 3735 168707
1422 3733 168710
1426 3732 168713
1425 3737 168716
1428 3735 168719
1426 3736 168722
1423 3746 168725
1465 3736 168728
1425 3731 168731
1429 3738 168734
1424 3733 168737
1425 3734 168740
1427 3732 168743
1425 3736 168746
1425 3736 168749
1426 3735 168752
1427 3736 168755
1424 3733 168758
1425 3734 168761
1424 3731 168764
1425 3737 168767
1424 3621 168770
1554 3735 168773
1424 3734 168776
1422 3734 168779
1428 3736 168782
1425 3733 168785
1424 3735 168788
1424 3731 168791
1424 3733 168794
1423 3733 168797
1425 3735 168800
1422 3732 168803
1425 3737 168806
1427 3734 168809
1425 3731 168812
1424 3735 168815
1425 3733 168818
1427 3735 168821
1424 3729 168824
1420 3735 168827
1427 3737 168830
1426 3734 168833
1423 3732 168836
1429 3734 168839
1423 3735 168842
1424 3733 168845
1420 3735 168848
1426 3735 168851
1425 3735 168854
1424 3735 168857
1425 3738 168860
1431 3744 168863
1425 3735 168866
1430 3738 168869
1426 3735 168872
1424 3735 168875
1427 3734 168878
1424 3737 168881
1425 3736 168884
1424 3734 168887
1424 3737 168890
1424 3737 168893
1427 3735 168896
1426 3738 168899
1423 3735 168902
1424 3733 168905
1434 3859 168908
1425 3735 168911
1421 3735 168914
1426 3735 168917
1425 3736 168920
1424 3733 168923
1423 3734 168926
1424 3736 168929
1423 3734 168932
1422 3734 168935
1427 3736 168938
1423 3736 168941
1428 3734 168944
1424 3735 168947
1424 3736 168950
1668 3732 168953
1421 3734 168956
1426 3734 168959
1423 3734 168962
1423 3734 168965
1423 3732 168968
1424 3735 168971
1426 3736 168974
1426 3734 168977
1425 3738 168980
1427 3734 168983
1433 3733 168986
1425 3734 168989
1423 3736 168992
1428 3736 168995
1427 3734 168999
1436 3736 169002
1425 3738 169005
1427 3733 169008
1423 3731 169011
1427 3737 169014
1423 3735 169017
1424 3737 169020
1421 3738 169023
1425 3732 169026
1426 3734 169029
1423 3735 169032
1427 3734 169035
1427 3733 169038
1425 3735 169041
1427 3727 169044
1408 3734 169046
1425 3733 169049
1428 3737 169052
1424 3737 169055
1426 3734 169058
1426 3736 169061
1425 3732 169064
1424 3734 169067
1423 3739 169070
1426 3736 169073
1425 3733 169076
1423 3737 169079
1426 3736 169082
1426 3733 169085
1425 3744 169088
1471 3739 169091
1425 3733 169094
1430 3737 169097
1423 3730 169100
1425 3736 169103
1426 3735 169106
1429 3737 169109
1424 3735 169112
1426 3733 169115
1422 3731 169118
1420 3733 169121
1425 3735 169124
1424 3735 169127
1426 3738 169130
1424 3752 169133
1396 3735 169136
1424 3730 169139
1426 3737 169142
1424 3732 169145
1425 3734 169148
1423 3733 169151
1424 3734 169154
1424 3735 169157
1425 3736 169160
1426 3738 169163
1425 3737 169166
1425 3736 169169
1424 3734 169172
1424 3734 169175
1423 3741 169178
1471 3737 169181
1423 3732 169184
1427 3736 169187
1425 3735 169190
1423 3736 169193
1420 3733 169196
1424 3733 169199
1423 3738 169202
1424 3734 169205
1426 3732 169208
1422 3730 169211
1425 3735 169214
1426 3734 169217
1426 3731 169220
1422 3745 169223
1422 3736 169226
1427 3739 169229
1426 3735 169232
1424 3733 169235
1424 3735 169238
1426 3732 169241
1423 3735 169244
1427 3736 169247
1422 3733 169250
1425 3733 169253
1425 3735 169256
1425 3734 169259
1425 3734 169262
1425 3734 169265
1426 3736 169268
1423 3732 169271
1426 3737 169274
1429 3733 169277
1426 3733 169280
1426 3735 169283
1424 3731 169286
1422 3735 169289
1424 3734 169292
1427 3738 169295
1427 3733 169298
1426 3740 169301
1424 3736 169304
1423 3734 169307
1424 3732 169310
1421 3735 169313
1443 3628 169316
1426 3732 169319
1425 3731 169322
1425 3737 169325
1427 3735 169328
1424 3733 169331
1426 3736 169334
1426 3733 169337
1425 3734 169340
1423 3733 169343
1425 3736 169346
1426 3732 169349
1426 3734 169352
1426 3737 169355
1424 3733 169358
1423 3734 169361
1430 3733 169364
1425 3739 169367
1427 3733 169370
1423 3735 169373
1424 3736 169376
1425 3735 169379
1424 3734 169382
1426 3734 169385
1427 3735 169388
1424 3733 169391
1425 3736 169394
1426 3734 169397
1423 3735 169400
1426 3734 169403
1424 3754 169406
1465 3733 169409
1423 3734 169412
1424 3735 169415
1136 3588 155013
1133 3590 155016
1134 3587 155019
1137 3594 155022
1138 3587 155025
1135 3590 155028
1138 3592 155031
1115 3627 155034
1139 3588 155037
1136 3619 155040
1147 3586 155043
1123 3583 155045
1137 3597 155048
1136 3605 155051
1132 3590 155054
1139 3590 155057
1135 3589 155060
1135 3590 155063
1139 3586 155066
1135 3592 155069
1134 3587 155072
1135 3588 155075
1143 3491 155078
1134 3597 155081
1136 3588 155084
1164 3606 155087
1131 3581 155090
1132 3594 155093
1141 3591 155096
1131 3587 155099
1139 3594 155102
1136 3588 155105
1136 3590 155108
1136 3591 155111
1136 3593 155114
1137 3590 155117
1137 3589 155120
1137 3595 155123
1138 3588 155126
1137 3564 155129
1105 3589 155132
1151 3601 155135
1131 3581 155138
1134 3595 155141
1141 3592 155144
1136 3587 155147
1138 3593 155150
1137 3587 155153
1136 3591 155156
1136 3587 155159
1137 3588 155162
1135 3589 155165
1135 3549 155168
1085 3590 155171
1136 3589 155174
1164 3612 155177
1131 3576 155180
1131 3594 155183
1141 3592 155186
1132 3587 155189
1136 3590 155192
1136 3592 155195
1133 3589 155198
1135 3589 155201
1134 3586 155204
1132 3586 155207
1134 3592 155210
1136 3589 155213
1123 3628 155216
1128 3587 155219
1151 3576 155222
1110 3585 155225
1145 3596 155228
1132 3583 155231
1132 3590 155234
1140 3589 155237
1136 3588 155240
1135 3590 155243
1137 3591 155246
1138 3592 155249
1134 3590 155252
1140 3590 155255
1138 3592 155258
1136 3593 155261
1120 3597 155264
1135 3549 155267
1127 3611 155270
1152 3589 155273
1129 3587 155276
1137 3592 155279
1136 3589 155282
1133 3589 155285
1135 3591 155288
1136 3589 155291
1130 3588 155294
1132 3589 155297
1134 3591 155300
1138 3590 155303
1135 3584 155306
1031 3594 155309
1138 3589 155312
1152 3618 155315
1140 3576 155318
1124 3589 155321
1144 3595 155324
1136 3585 155327
1132 3593 155330
1139 3592 155333
1132 3591 155336
1135 3589 155339
1133 3588 155342
1135 3587 155345
1135 3589 155348
1135 3585 155351
1101 3650 155354
1134 3583 155357
1157 3626 155360
1128 3569 155363
1129 3598 155366
1140 3586 155369
1133 3585 155372
1132 3594 155375
1136 3578 155378
1136 3589 155381
1136 3592 155384
1133 3587 155387
1136 3587 155390
1137 3589 155393
1132 3589 155396
1137 3593 155399
1151 3586 155402
1137 3576 155405
1102 3579 155408
1148 3603 155411
1138 3583 155414
1130 3589 155417
1141 3591 155420
1135 3589 155423
1138 3590 155426
1134 3588 155429
1136 3589 155432
1133 3587 155435
1136 3590 155438
1134 3591 155441
1133 3562 155444
1135 3590 155447
1140 3585 155450
1132 3618 155453
1153 3585 155456
1125 3584 155459
1136 3590 155462
1136 3588 155465
1133 3586 155468
1136 3589 155471
1136 3589 155474
1136 3593 155477
1134 3588 155480
1135 3597 155483
1135 3590 155486
1136 3590 155489
1209 3597 155492
1125 3597 155495
1131 3562 155498
1149 3613 155501
1141 3577 155504
1127 3591 155507
1140 3593 155510
1135 3588 155513
1135 3589 155516
1138 3593 155519
1135 3589 155522
1136 3592 155525
1131 3587 155528
1136 3593 155531
1134 3588 155534
1134 3612 155537
968 3587 155540
1142 3585 155543
1115 3611 155546
1161 3591 155549
1126 3581 155552
1134 3594 155555
1138 3590 155558
1130 3587 155561
1135 3589 155564
1133 3590 155567
1137 3592 155570
1136 3591 155573
1135 3589 155576
1128 3589 155579
1133 3588 155582
1100 3622 155585
1133 3586 155588
1143 3632 155591
1143 3572 155594
1122 3588 155597
1142 3593 155600
1134 3585 155603
1136 3590 155606
1137 3584 155609
1135 3591 155612
1134 3590 155615
1133 3590 155618
1135 3591 155621
1138 3591 155624
1132 3589 155627
1136 3589 155630
1121 3593 155633
1126 3560 155636
1106 3593 155639
1153 3599 155642
1137 3584 155645
1133 3590 155648
1137 3589 155651
1132 3587 155654
1136 3593 155657
1133 3589 155660
1137 3589 155663
1136 3590 155666
1135 3589 155669
1135 3590 155672
1137 3593 155675
1165 3583 155678
1137 3609 155681
1125 3564 155684
1126 3600 155687
1149 3591 155690
1130 3585 155693
1138 3592 155696
1138 3589 155699
1136 3590 155702
1135 3581 155705
1138 3589 155708
1137 3589 155711
1133 3587 155714
1129 3589 155717
1137 3588 155720
1170 3581 155723
1133 3615 155726
1140 3564 155729
1121 3594 155732
1145 3590 155735
1132 3587 155738
1137 3594 155741
1135 3588 155744
1132 3584 155747
1133 3593 155750
1133 3590 155753
1136 3590 155756
1137 3591 155759
1137 3589 155762
1133 3597 155765
1131 3585 155768
1136 3586 155771
1106 3573 155774
1143 3602 155777
1138 3582 155780
1133 3591 155783
1139 3592 155786
1136 3591 155789
1135 3590 155792
1141 3595 155795
1137 3588 155798
1138 3589 155801
1133 3591 155804
1135 3591 155807
1096 3538 155810
1139 3588 155813
1138 3589 155816
1161 3606 155819
1129 3578 155822
1132 3592 155825
1141 3589 155828
1132 3585 155831
1137 3589 155834
1134 3589 155837
1136 3591 155840
1137 3589 155843
1136 3589 155846
1136 3592 155849
1135 3587 155852
1144 3602 155855
1132 3589 155858
1148 3570 155861
1110 3585 155864
1147 3596 155867
1133 3588 155870
1133 3592 155873
1138 3588 155876
1133 3590 155879
1137 3591 155882
1132 3588 155885
1137 3590 155888
1132 3588 155891
1139 3598 155894
1136 3567 155897
1173 3583 155900
1134 3605 155903
1172 3591 155906
1116 3580 155909
1137 3597 155912
1137 3589 155915
1133 3589 155918
1138 3590 155921
1135 3591 155924
1138 3590 155927
1135 3587 155930
1137 3588 155933
1136 3587 155936
1134 3591 155939
1115 3607 155942
1133 3589 155945
1138 3617 155948
1159 3590 155951
1122 3583 155954
1130 3595 155957
1138 3588 155960
1133 3590 155963
1138 3591 155966
1135 3591 155969
1134 3590 155972
1134 3588 155975
1137 3590 155978
1136 3589 155981
1136 3562 155984
1157 3591 155987
1131 3589 155990
1137 3617 155993
1148 3580 155996
1123 3587 156000
1141 3593 156003
1134 3584 156006
1133 3589 156009
1135 3591 156012
1134 3592 156015
1138 3589 156018
1134 3588 156021
1132 3593 156024
1136 3590 156027
1097 3521 156030
1141 3581 156033
1134 3577 156036
1160 3613 156039
1133 3578 156042
1153 3591 156044
1139 3591 156047
1134 3587 156050
1138 3593 156053
1137 3590 156056
1135 3591 156059
1137 3592 156062
1134 3588 156065
1136 3590 156068
1136 3589 156071
1150 3589 156074
1139 3589 156077
1109 3601 156080
1162 3598 156083
1127 3582 156086
1134 3596 156089
1138 3588 156092
1136 3590 156095
1135 3591 156098
1137 3588 156101
1135 3589 156104
1135 3587 156107
1133 3590 156110
1138 3591 156113
1203 3588 156116
1121 3597 156119
1132 3552 156122
1111 3601 156125
1151 3593 156128
1128 3585 156131
1136 3594 156134
1137 3589 156137
1134 3587 156140
1136 3590 156143
1135 3591 156146
1136 3590 156149
1136 3589 156152
1135 3592 156155
1133 3588 156158
1144 3596 156161
1133 3593 156164
1147 3571 156167
1112 3589 156170
1145 3598 156173
1129 3583 156176
1133 3592 156179
1139 3590 156182
1134 3591 156185
1137 3591 156188
1136 3589 156191
1132 3588 156194
1136 3590 156197
1134 3592 156200
1136 3566 156203
1174 3582 156206
1132 3600 156209
1177 3597 156212
1121 3578 156215
1133 3596 156218
1141 3588 156221
1131 3588 156224
1140 3591 156227
1132 3589 156230
1139 3590 156233
1138 3592 156236
1132 3590 156239
1136 3592 156242
1136 3591 156245
1152 3591 156248
1118 3598 156251
1135 3556 156254
1117 3600 156257
1153 3592 156260
1133 3582 156263
1135 3596 156266
1139 3592 156269
1134 3586 156272
1136 3591 156275
1134 3594 156278
1137 3595 156281
1134 3588 156284
1137 3587 156287
1134 3588 156290
1123 3603 156293
1134 3587 156296
1139 3606 156299
1150 3583 156302
1135 3585 156305
1138 3595 156308
1133 3587 156311
1135 3590 156314
1136 3589 156317
1136 3591 156320
1136 3589 156323
1137 3591 156326
1136 3591 156329
1137 3589 156332
1137 3591 156335
1127 3608 156338
1132 3591 156341
1105 3592 156344
1138 3587 156347
1135 3591 156350
1137 3590 156353
1135 3589 156356
1137 3594 156359
1136 3588 156362
1137 3591 156365
1138 3591 156368
1129 3591 156371
1138 3591 156374
1136 3589 156377
1138 3573 156380
1133 3599 156383
1136 3591 156386
1124 3593 156389
1137 3587 156392
1136 3592 156395
1138 3592 156398
1137 3589 156401
1132 3587 156404
1136 3591 156407
1136 3589 156410
1138 3590 156413
1134 3587 156416
1137 3590 156419
1136 3588 156422
1137 3590 156425
1133 3580 156428
1136 3590 156431
1149 3588 156434
1140 3588 156437
1136 3589 156440
1136 3589 156443
1138 3589 156446
1133 3589 156449
1136 3589 156452
1139 3591 156455
1138 3588 156458
1134 3591 156461
1136 3591 156464
1139 3593 156467
1139 3589 156470
1138 3562 156473
1137 3585 156476
1136 3586 156479
1134 3588 156482
1138 3590 156485
1137 3589 156488
1137 3589 156491
1137 3589 156494
1136 3589 156497
1137 3591 156500
1135 3589 156503
1136 3590 156506
1138 3591 156509
1137 3589 156512
1136 3589 156515
1137 3596 156518
1138 3588 156521
1138 3591 156524
1138 3590 156527
1133 3589 156530
1137 3592 156533
1135 3587 156536
1135 3593 156539
1132 3590 156542
1137 3591 156545
1135 3590 156548
1136 3591 156551
1133 3589 156554
1133 3587 156557
1135 3593 156560
1136 3561 156563
1129 3591 156566
1134 3598 156569
1136 3589 156572
1134 3590 156575
1137 3590 156578
1134 3588 156581
1135 3590 156584
1135 3591 156587
1137 3590 156590
1137 3594 156593
1137 3587 156596
1137 3591 156599
1139 3588 156602
1138 3590 156605
1137 3590 156608
1164 3641 156611
1135 3588 156614
1137 3589 156617
1134 3594 156620
1141 3589 156623
1138 3591 156626
1136 3591 156629
1138 3590 156632
1136 3590 156635
1136 3593 156638
1137 3591 156641
1137 3591 156644
1136 3588 156647
1138 3590 156650
1134 3591 156653
1138 3605 156656
1129 3590 156659
1139 3586 156662
1130 3588 156665
1137 3590 156668
1135 3592 156671
1135 3592 156674
1138 3591 156677
1135 3589 156680
1135 3589 156683
1134 3590 156686
1136 3589 156689
1141 3592 156692
1136 3587 156695
1133 3592 156698
1135 3592 156701
1131 3578 156704
1138 3573 156707
1136 3587 156710
1135 3591 156713
1136 3585 156716
1135 3589 156719
1137 3589 156722
1136 3589 156725
1138 3592 156728
1138 3592 156731
1135 3587 156734
1136 3589 156737
1136 3590 156740
1137 3591 156743
1136 3587 156746
1136 3617 156749
1234 3589 156752
1138 3589 156755
1137 3591 156758
1139 3592 156761
1137 3588 156764
1139 3589 156767
1136 3589 156770
1136 3591 156773
1139 3589 156776
1134 3587 156779
1137 3590 156782
1136 3587 156785
1136 3590 156788
1139 3596 156791
1136 3590 156794
1143 3685 156797
1136 3589 156800
1135 3588 156803
1136 3592 156806
1138 3588 156809
1134 3591 156812
1138 3589 156815
1135 3588 156818
1139 3590 156821
1136 3588 156824
1136 3589 156827
1136 3587 156830
1135 3586 156833
1136 3591 156836
1138 3590 156839
1138 3609 156842
1072 3589 156845
1137 3585 156848
1135 3589 156851
1138 3589 156854
1136 3589 156857
1135 3590 156860
1140 3587 156863
1136 3588 156866
1135 3589 156869
1135 3589 156872
1138 3590 156875
1132 3587 156878
1136 3593 156881
1136 3590 156884
1137 3589 156887
1132 3582 156890
1137 3592 156893
1137 3592 156896
1138 3589 156899
1134 3590 156902
1135 3590 156905
1136 3589 156908
1133 3589 156911
1136 3593 156914
1137 3584 156917
1137 3589 156920
1136 3591 156923
1137 3585 156926
1137 3588 156929
1133 3587 156932
1124 3572 156935
1136 3592 156938
1135 3588 156941
1134 3590 156944
1137 3592 156947
1133 3588 156950
1137 3589 156953
1134 3590 156956
1135 3591 156959
1137 3590 156962
1134 3588 156965
1133 3589 156968
1135 3587 156971
1137 3592 156974
1136 3588 156977
1159 3590 156980
1134 3587 156983
1135 3586 156986
1136 3592 156989
1137 3590 156992
1135 3592 156995
1134 3588 156999
1134 3591 157002
1275 3667 161410
1278 3667 161413
1347 3671 161416
1275 3667 161419
1278 3668 161422
1262 3650 161425
1280 3677 161428
1276 3671 161431
1274 3660 161434
1279 3670 161437
1277 3668 161440
1282 3666 161443
1278 3667 161445
1279 3667 161448
1278 3667 161451
1278 3670 161454
1258 3669 161457
1277 3616 161460
1276 3665 161463
1291 3667 161466
1270 3666 161469
1280 3661 161472
1280 3676 161476
1276 3660 161478
1280 3668 161481
1277 3668 161484
1277 3667 161487
1279 3667 161490
1278 3670 161493
1280 3670 161496
1284 3665 161499
1279 3670 161502
1294 3664 161505
1269 3657 161509
1283 3670 161511
1278 3677 161514
1275 3663 161517
1281 3670 161520
1276 3667 161523
1282 3667 161526
1278 3672 161529
1276 3663 161532
1279 3667 161535
1277 3666 161538
620 3674 161542
1277 3670 161544
1261 3669 161547
1275 3680 161550
1277 3674 161553
1275 3662 161556
1279 3662 161559
1275 3666 161562
1277 3667 161565
1278 3667 161568
1278 3662 161571
1279 3670 161575
1276 3665 161577
1283 3670 161580
1257 3645 161583
1275 3667 161586
1291 3667 161589
1287 3668 161592
1271 3665 161595
1280 3667 161598
1278 3670 161601
1274 3666 161604
1277 3669 161608
1276 3664 161610
1277 3669 161613
1275 3669 161616
1276 3670 161619
1278 3668 161622
1321 3643 161625
1276 3671 161628
1268 3666 161631
1286 3680 161634
1274 3662 161637
1283 3669 161641
1277 3668 161643
1278 3667 161646
1277 3667 161649
1276 3667 161652
1278 3666 161655
1277 3670 161658
1279 3666 161661
1278 3668 161664
1271 3652 161667
1279 3668 161670
1273 3667 161674
1283 3677 161676
1271 3662 161679
1279 3665 161682
1285 3670 161685
1278 3667 161688
1279 3667 161691
1278 3671 161694
1277 3668 161697
1279 3667 161700
1275 3669 161703
1278 3670 161707
1312 3633 161709
1277 3665 161712
1274 3668 161715
1287 3670 161718
1270 3668 161721
1275 3663 161724
1276 3671 161727
1276 3667 161730
1278 3668 161733
1278 3669 161736
1276 3671 161740
1276 3666 161742
1279 3668 161745
1278 3669 161748
781 3663 161751
1277 3669 161754
1253 3668 161757
1275 3674 161760
1275 3678 161763
1277 3660 161766
1280 3671 161769
1277 3670 161773
1275 3664 161775
1276 3669 161778
1275 3668 161781
1276 3665 161784
1279 3669 161787
1277 3667 161790
1278 3714 161793
1275 3665 161796
1259 3665 161799
1275 3657 161802
1283 3670 161806
1272 3662 161808
1281 3668 161811
1274 3667 161814
1278 3666 161817
1280 3668 161820
1279 3667 161823
1279 3668 161826
1276 3668 161829
1277 3665 161832
1280 3665 161835
1278 3670 161839
1288 3666 161841
1268 3654 161844
1277 3674 161847
1276 3673 161850
1276 3664 161853
1280 3666 161856
1276 3670 161859
1277 3665 161862
1276 3667 161865
1277 3667 161868
1278 3669 161872
1277 3664 161874
1278 3670 161877
1281 3676 161880
1289 3667 161883
1268 3679 161886
1278 3661 161889
1282 3670 161892
1265 3667 161895
1279 3665 161898
1280 3670 161901
1277 3668 161905
1278 3664 161907
1277 3671 161910
1278 3666 161913
1274 3668 161916
1277 3667 161919
1276 3669 161922
1290 3664 161925
1267 3680 161928
1284 3663 161931
1283 3672 161934
1276 3670 161938
1277 3666 161940
1275 3671 161943
1275 3664 161946
1275 3668 161949
1276 3668 161952
1279 3672 161955
1277 3668 161958
1277 3665 161961
1278 3664 161964
1291 3666 161967
1263 3676 161971
1279 3659 161973
1280 3669 161976
1273 3663 161979
1279 3665 161982
1278 3670 161985
1277 3664 161988
1278 3670 161991
1277 3665 161994
1277 3666 161999
1278 3669 162002
1281 3671 162005
1279 3666 162008
1291 3657 162011
1259 3674 162014
1286 3672 162017
1273 3664 162020
1276 3667 162023
1278 3668 162026
1275 3667 162029
1278 3669 162032
1278 3666 162035
1278 3670 162038
1276 3669 162041
1277 3701 162044
1271 3669 162047
1278 3670 162050
1255 3676 162053
1274 3669 162056
1274 3662 162059
1274 3671 162062
1280 3671 162065
1276 3669 162068
1279 3669 162071
1277 3667 162074
