4095 1544 8097668
4095 1546 8097671
4095 1544 8097674
4095 1544 8097677
4095 1586 8097680
4095 1548 8097683
4095 1532 8097686
4095 1557 8097689
4095 1541 8097692
4095 1541 8097695
4095 1549 8097698
4095 1544 8097701
4095 1547 8097704
4095 1545 8097707
4095 1544 8097710
4095 1545 8097713
4095 1545 8097716
4095 1546 8097719
4095 1546 8097722
4095 1542 8097725
4095 1551 8097728
4095 1524 8097731
4095 1538 8097734
4095 1549 8097737
4095 1542 8097740
4095 1545 8097743
4095 1542 8097746
4095 1543 8097749
4095 1548 8097752
4095 1545 8097755
4095 1543 8097758
4095 1546 8097761
4095 1546 8097764
4095 1544 8097767
4095 1542 8097770
4095 1548 8097773
4095 1543 8097776
4095 1546 8097779
4095 1542 8097782
4095 1548 8097785
4095 1541 8097788
4095 1545 8097791
4095 1546 8097794
4095 1544 8097797
4095 1542 8097800
4095 1542 8097803
4095 1544 8097806
4095 1513 8097809
4095 1546 8097812
4095 1534 8097815
4095 1559 8097818
4095 1541 8097821
4095 1539 8097824
4095 1550 8097827
4095 1542 8097830
4095 1546 8097833
4095 1544 8097836
4095 1545 8097839
4095 1543 8097842
4095 1544 8097845
4095 1547 8097848
4095 1546 8097851
4095 1544 8097854
4095 1544 8097857
4095 1560 8097860
4095 1542 8097863
4095 1541 8097866
4095 1548 8097869
4095 1545 8097872
4095 1545 8097875
4095 1544 8097878
4095 1542 8097881
4095 1546 8097884
4095 1542 8097887
4095 1545 8097890
4095 1546 8097893
4095 1555 8097896
4095 1542 8097899
4095 1566 8097902
4095 1543 8097905
4095 1543 8097908
4095 1546 8097911
4095 1544 8097914
4095 1545 8097917
4095 1543 8097920
4095 1546 8097923
4095 1545 8097926
4095 1545 8097929
4095 1546 8097932
4095 1544 8097935
4095 1545 8097938
4095 1541 8097941
4095 1535 8097944
4095 1535 8097947
4095 1552 8097950
4095 1540 8097953
4095 1543 8097956
4095 1547 8097959
4095 1543 8097962
4095 1546 8097965
4095 1543 8097968
4095 1543 8097971
4095 1541 8097974
4095 1544 8097977
4095 1512 8097980
4095 1540 8097983
4095 1544 8097986
4095 1529 8097989
4095 1556 8097992
4095 1537 8097995
4095 1546 8097999
4095 1547 8098002
4095 1544 8098005
4095 1545 8098008
4095 1545 8098011
4095 1548 8098014
4095 1542 8098017
4095 1545 8098020
4095 1545 8098023
4095 1476 8098026
4095 1546 8098029
4095 1532 8098031
4095 1556 8098034
4095 1541 8098037
4095 1550 8098040
4095 1546 8098043
4095 1540 8098046
4095 1543 8098049
4095 1544 8098052
4095 1544 8098055
4095 1547 8098058
4095 1544 8098061
4095 1544 8098064
4095 1547 8098067
4095 1541 8098070
4095 1546 8098073
4095 1558 8098076
4095 1540 8098079
4095 1549 8098082
4095 1544 8098085
4095 1546 8098088
4095 1546 8098091
4095 1542 8098094
4095 1545 8098097
4095 1542 8098100
4095 1540 8098103
4095 1544 8098106
4095 1544 8098109
4095 1547 8098112
4095 1545 8098115
4095 1539 8098118
4095 1536 8098121
4095 1552 8098124
4095 1537 8098127
4095 1547 8098130
4095 1546 8098133
4095 1541 8098136
4095 1547 8098139
4095 1545 8098142
4095 1542 8098145
4095 1545 8098148
4095 1538 8098151
4095 1546 8098154
4095 1547 8098157
4095 1545 8098160
4095 1548 8098163
4095 1549 8098166
4095 1540 8098169
4095 1549 8098172
4095 1543 8098175
4095 1543 8098178
4095 1547 8098181
4095 1541 8098184
4095 1544 8098187
4095 1544 8098190
4095 1545 8098193
4095 1550 8098196
4095 1544 8098199
4095 1544 8098202
4095 1562 8098205
4095 1536 8098208
4095 1542 8098211
4095 1548 8098214
4095 1542 8098217
4095 1547 8098220
4095 1545 8098223
4095 1541 8098226
4095 1541 8098229
4095 1544 8098232
4095 1540 8098235
4095 1543 8098238
4095 1562 8098241
4095 1544 8098244
4095 1497 8098247
4095 1538 8098250
4095 1553 8098253
4095 1542 8098256
4095 1541 8098259
4095 1547 8098262
4095 1542 8098265
4095 1543 8098268
4095 1546 8098271
4095 1546 8098274
4095 1544 8098277
4095 1541 8098280
4095 1593 8098283
4095 1550 8098286
4095 1542 8098289
4095 1550 8098292
4095 1546 8098295
4095 1539 8098298
4095 1548 8098301
4095 1545 8098304
4095 1545 8098307
4095 1542 8098310
4095 1545 8098313
4095 1542 8098316
4095 1547 8098319
4095 1544 8098322
4095 1549 8098325
4095 1541 8098328
4095 1556 8098331
4095 1541 8098334
4095 1536 8098337
4095 1552 8098340
4095 1542 8098343
4095 1544 8098346
4095 1543 8098349
4095 1537 8098352
4095 1495 8098355
4095 1419 8098358
4094 1373 8098361
4085 1372 8098364
4090 1428 8098367
4095 1389 8098370
4095 1398 8098373
4091 1375 8098376
4095 1403 8098379
4095 1386 8098382
4090 1389 8098385
4095 1394 8098388
4095 1387 8098391
4095 1390 8098394
4092 1389 8098397
4094 1388 8098400
4092 1388 8098403
4095 1391 8098406
4093 1388 8098409
4095 1407 8098412
4095 1391 8098415
4095 1412 8098418
4095 1381 8098421
4084 1384 8098424
4095 1396 8098427
4093 1387 8098430
4095 1390 8098433
4095 1382 8098436
4094 1390 8098439
4092 1386 8098442
4095 1388 8098445
4093 1390 8098448
4095 1388 8098451
4095 1388 8098454
4091 1391 8098457
4095 1385 8098460
4080 1379 8098463
4095 1397 8098466
4095 1386 8098469
4094 1394 8098472
4095 1385 8098475
4091 1390 8098478
4095 1390 8098481
4094 1389 8098484
4095 1390 8098487
4093 1388 8098490
4091 1389 8098493
4092 1392 8098496
4095 1384 8098499
4094 1391 8098502
4095 1398 8098505
4090 1381 8098508
4089 1394 8098511
4095 1390 8098514
4093 1390 8098517
4095 1391 8098520
4095 1387 8098523
4095 1392 8098526
4093 1390 8098529
4095 1388 8098532
4095 1391 8098535
4093 1388 8098538
4091 1387 8098541
4095 1388 8098544
4095 1399 8098547
4080 1391 8098550
4095 1393 8098553
4083 1387 8098556
4082 1393 8098559
4086 1389 8098562
4069 1388 8098565
4084 1391 8098568
4083 1392 8098571
4080 1389 8098574
4081 1391 8098577
4086 1394 8098580
4094 1263 8098583
4080 1392 8098586
4079 1368 8098589
4079 1405 8098592
4083 1388 8098595
4075 1386 8098598
4086 1396 8098601
4079 1394 8098604
4077 1393 8098607
4079 1390 8098610
4081 1389 8098613
4082 1390 8098616
4077 1392 8098619
4082 1389 8098622
4079 1389 8098625
4073 1384 8098628
4080 1400 8098631
4095 1363 8098634
4074 1383 8098637
4078 1396 8098640
4081 1389 8098643
4079 1389 8098646
4083 1393 8098649
4081 1393 8098652
4080 1389 8098655
4081 1392 8098658
4079 1389 8098661
4079 1392 8098664
4083 1389 8098667
4084 1387 8098670
4080 1391 8098673
4089 1389 8098676
4072 1396 8098679
4092 1391 8098682
4078 1387 8098685
4082 1390 8098688
4082 1390 8098691
4080 1391 8098694
4083 1388 8098697
4082 1391 8098700
4084 1394 8098703
4080 1387 8098706
4082 1393 8098709
4093 1341 8098712
4086 1393 8098715
4083 1373 8098718
4091 1404 8098721
4089 1384 8098724
4078 1391 8098727
4087 1388 8098730
4084 1388 8098733
4087 1392 8098736
4081 1386 8098739
4085 1391 8098742
4086 1392 8098745
4085 1390 8098748
4083 1390 8098751
4085 1385 8098754
4081 1387 8098757
4087 1393 8098760
4095 1396 8098763
4085 1382 8098766
4085 1396 8098769
4087 1389 8098772
4094 1388 8098775
4085 1390 8098778
4086 1392 8098781
4085 1390 8098784
4087 1392 8098787
4090 1392 8098790
4087 1393 8098793
4088 1389 8098796
4086 1396 8098799
4086 1392 8098802
4083 1392 8098805
4087 1378 8098808
4090 1397 8098811
4089 1390 8098814
4087 1391 8098817
4092 1387 8098820
4088 1389 8098823
4087 1389 8098826
4089 1388 8098829
4087 1389 8098832
4091 1391 8098835
4087 1387 8098838
4054 1390 8098841
4087 1394 8098844
4090 1393 8098847
4074 1386 8098850
4095 1396 8098853
4088 1386 8098856
4087 1393 8098859
4093 1388 8098862
4088 1389 8098865
4091 1390 8098868
4085 1385 8098871
4091 1390 8098874
4091 1393 8098877
4093 1387 8098880
4095 1372 8098883
4052 1392 8098886
4090 1391 8098889
4071 1396 8098892
4095 1388 8098895
4091 1384 8098898
4092 1407 8098901
4090 1386 8098904
4089 1389 8098907
4094 1390 8098910
4094 1389 8098913
4089 1391 8098916
4093 1389 8098919
4091 1391 8098922
4088 1391 8098925
4092 1380 8098928
4087 1392 8098931
4095 1413 8098934
4091 1385 8098937
4084 1387 8098940
4095 1389 8098943
4090 1387 8098946
4089 1394 8098949
4093 1389 8098952
4095 1391 8098955
4091 1387 8098958
4090 1386 8098961
4090 1386 8098964
4091 1393 8098967
4090 1390 8098970
4095 1389 8098973
4095 1388 8098976
4087 1388 8098979
4085 1396 8098982
4095 1389 8098985
4088 1386 8098988
4091 1390 8098991
4092 1388 8098994
4086 1390 8098997
4092 1389 8099001
4091 1389 8099004
4090 1388 8099007
4094 1391 8099010
4092 1444 8099013
4092 1384 8099016
4095 1388 8099019
4090 1377 8099022
4094 1400 8099025
4095 1388 8099028
4089 1388 8099031
4095 1392 8099033
4094 1389 8099036
4092 1392 8099039
4094 1388 8099042
4092 1388 8099045
4093 1392 8099048
4094 1392 8099051
4094 1387 8099054
4095 1355 8099057
4095 1390 8099060
4094 1376 8099063
4095 1400 8099066
4094 1385 8099069
4090 1392 8099072
4095 1391 8099075
4093 1387 8099078
4092 1391 8099081
4095 1390 8099084
4092 1389 8099087
4093 1382 8099090
4093 1390 8099093
4095 1389 8099096
4092 1389 8099099
4095 1390 8099102
4095 1389 8099105
4095 1403 8099108
4090 1389 8099111
4087 1392 8099114
4095 1388 8099117
4092 1392 8099120
4093 1390 8099123
4095 1389 8099126
4095 1393 8099129
4089 1387 8099132
4095 1390 8099135
4095 1388 8099138
4093 1393 8099141
4093 1398 8099144
4090 1388 8099147
4083 1385 8099150
4090 1378 8099153
4095 1394 8099156
4095 1388 8099159
4090 1394 8099162
4095 1387 8099165
4093 1390 8099168
4094 1389 8099171
4093 1389 8099174
4095 1390 8099177
4092 1389 8099180
4094 1389 8099183
4095 1453 8099186
4094 1390 8099189
4094 1381 8099192
4085 1401 8099195
4095 1385 8099198
4090 1388 8099201
4094 1392 8099204
4094 1386 8099207
4092 1391 8099210
4094 1391 8099213
4095 1388 8099216
4095 1389 8099219
4094 1391 8099222
4093 1392 8099225
4092 1398 8099228
4095 1391 8099231
4095 1398 8099234
4095 1373 8099237
4088 1382 8099240
4092 1396 8099243
4095 1386 8099246
4090 1386 8099249
4093 1392 8099252
4095 1391 8099255
4095 1389 8099258
4091 1390 8099261
4092 1391 8099264
4093 1388 8099267
4095 1365 8099270
4094 1392 8099273
4095 1390 8099276
4095 1374 8099279
4089 1403 8099282
4095 1386 8099285
4091 1385 8099288
4094 1392 8099291
4094 1388 8099294
4092 1388 8099297
4092 1389 8099300
4095 1392 8099303
4095 1393 8099306
4095 1390 8099309
4095 1388 8099312
4092 1405 8099315
4089 1385 8099318
4094 1401 8099321
4095 1390 8099324
4090 1386 8099327
4095 1395 8099330
4094 1388 8099333
4093 1392 8099336
4095 1389 8099339
4093 1390 8099342
4094 1392 8099345
4095 1391 8099348
4094 1386 8099351
4094 1388 8099354
4095 1391 8099357
4090 1393 8099360
4091 1390 8099363
4084 1381 8099366
4095 1398 8099369
4091 1384 8099372
4093 1392 8099375
4095 1388 8099378
4091 1389 8099381
4093 1388 8099384
4092 1387 8099387
4092 1389 8099390
4095 1389 8099393
4091 1389 8099396
4092 1390 8099399
4095 1389 8099402
4094 1400 8099405
4095 1390 8099408
4092 1380 8099411
4093 1397 8099414
4095 1385 8099417
4090 1390 8099420
4095 1390 8099423
4094 1391 8099426
4087 1390 8099429
4095 1388 8099432
4095 1390 8099435
4093 1396 8099438
4094 1366 8099441
3971 1388 8099444
4095 1391 8099447
4081 1378 8099450
4095 1394 8099453
4087 1386 8099456
4093 1393 8099459
4095 1386 8099462
4095 1393 8099465
4095 1394 8099468
4095 1389 8099471
4093 1392 8099474
4095 1391 8099477
4092 1390 8099480
4093 1388 8099483
4091 1390 8099486
4089 1391 8099489
4059 1385 8099492
4093 1383 8099495
4095 1401 8099498
4095 1389 8099501
4091 1389 8099504
4094 1388 8099507
4094 1388 8099510
4095 1389 8099513
4092 1388 8099516
4094 1391 8099519
4095 1390 8099522
4095 1389 8099525
4095 1409 8099528
4092 1390 8099531
4095 1390 8099534
4095 1391 8099537
4089 1382 8099540
4095 1392 8099543
4095 1388 8099546
4093 1390 8099549
4094 1389 8099552
4095 1390 8099555
4094 1391 8099558
4092 1388 8099561
4094 1388 8099564
4095 1389 8099567
4095 1388 8099570
4088 1391 8099573
4095 1388 8099576
4081 1388 8099579
4095 1394 8099582
4092 1382 8099585
4094 1393 8099588
4095 1391 8099591
4090 1389 8099594
4095 1392 8099597
4095 1392 8099600
4094 1391 8099603
4095 1390 8099606
4095 1390 8099609
4095 1390 8099612
4095 1386 8099615
4095 1409 8099618
4086 1394 8099621
4090 1384 8099624
4095 1394 8099627
4095 1389 8099630
4094 1390 8099633
4093 1390 8099636
4093 1387 8099639
4094 1388 8099642
4094 1390 8099645
4093 1391 8099648
4093 1389 8099651
4084 1390 8099654
4093 1391 8099657
4091 1387 8099660
4082 1390 8099663
4095 1393 8099666
4090 1384 8099669
4092 1390 8099672
4095 1388 8099675
4092 1388 8099678
4095 1390 8099681
4095 1390 8099684
4095 1389 8099687
4094 1389 8099690
4093 1386 8099693
4094 1435 8099696
4095 1388 8099699
4092 1393 8099702
4095 1396 8099705
4091 1382 8099708
4094 1395 8099711
4095 1390 8099714
4091 1387 8099717
4095 1391 8099720
4095 1391 8099723
4090 1388 8099726
4095 1389 8099729
4095 1392 8099732
4094 1392 8099735
4095 1392 8099738
4094 1390 8099741
4095 1364 8099744
4095 1380 8099747
4090 1396 8099750
4095 1391 8099753
4091 1389 8099756
4095 1390 8099759
4095 1390 8099762
4093 1391 8099765
4095 1390 8099768
4093 1390 8099771
4094 1389 8099774
4095 1378 8099777
4094 1387 8099780
4094 1387 8099783
4095 1381 8099786
4086 1399 8099789
4095 1387 8099792
4087 1389 8099795
4095 1393 8099798
4095 1392 8099801
4095 1392 8099804
4095 1388 8099807
4093 1391 8099810
4093 1389 8099813
4092 1387 8099816
4092 1420 8099819
3963 1390 8099822
4090 1388 8099825
4077 1389 8099828
4095 1397 8099831
4091 1385 8099834
4091 1392 8099837
4095 1385 8099840
4092 1390 8099843
4091 1388 8099846
4093 1390 8099849
4094 1389 8099852
4093 1392 8099855
4093 1389 8099858
4091 1382 8099861
4093 1393 8099864
4093 1389 8099867
4095 1410 8099870
4095 1383 8099873
4088 1391 8099876
4095 1392 8099879
4092 1389 8099882
4094 1393 8099885
4095 1393 8099888
4093 1388 8099891
4082 1390 8099894
4095 1391 8099897
4095 1392 8099900
4095 1400 8099903
4095 1389 8099906
4095 1392 8099909
4095 1397 8099912
4088 1379 8099915
4090 1395 8099918
4095 1388 8099921
4091 1389 8099924
4095 1392 8099927
4094 1390 8099930
4094 1389 8099933
4094 1390 8099936
4095 1387 8099939
4095 1392 8099942
4093 1386 8099945
4095 1387 8099948
4094 1394 8099951
4095 1388 8099954
4090 1383 8099957
4093 1396 8099960
4095 1389 8099963
4091 1389 8099966
4095 1391 8099969
4094 1388 8099972
4092 1389 8099975
4093 1388 8099978
4094 1388 8099981
4093 1392 8099984
4095 1390 8099987
4095 1387 8099990
4094 1399 8099993
4095 1363 8099996
4087 1383 8100000
4093 1397 8100003
4095 1390 8100006
4089 1389 8100009
4094 1388 8100012
4095 1391 8100015
4095 1393 8100018
4093 1391 8100021
4095 1388 8100024
4094 1386 8100027
4091 1393 8100030
4095 1389 8100033
4094 1392 8100036
4095 1402 8100038
4090 1382 8100041
4093 1391 8100044
4095 1386 8100047
4089 1391 8100050
4095 1393 8100053
4095 1393 8100056
4095 1390 8100059
4095 1388 8100062
4095 1389 8100065
4093 1386 8100068
4092 1381 8100071
4095 1389 8100074
4095 1390 8100077
4088 1410 8100080
4095 1382 8100083
4087 1386 8100086
4095 1394 8100089
4092 1386 8100092
4092 1387 8100095
4094 1389 8100098
4092 1390 8100101
4093 1390 8100104
4093 1391 8100107
4095 1394 8100110
4095 1345 8100113
4083 1391 8100116
4095 1387 8100119
4081 1382 8100122
4095 1398 8100125
4093 1381 8100128
4090 1396 8100131
4095 1390 8100134
4091 1388 8100137
4094 1391 8100140
4095 1391 8100143
4095 1391 8100146
4093 1390 8100149
4095 1391 8100152
4095 1391 8100155
4094 1397 8100158
4091 1388 8100161
4085 1395 8100164
4084 1386 8100167
4095 1393 8100170
4092 1387 8100173
4094 1391 8100176
4095 1391 8100179
4094 1390 8100182
4094 1388 8100185
4094 1389 8100188
4093 1390 8100191
4095 1387 8100194
4094 1390 8100197
4093 1412 8100200
4088 1391 8100203
4095 1414 8100206
4086 1383 8100209
4087 1388 8100212
4095 1391 8100215
4092 1386 8100218
4088 1392 8100221
4093 1393 8100224
4094 1386 8100227
4093 1405 8100230
4094 1391 8100233
4089 1387 8100236
4093 1390 8100239
4095 841 8100242
4093 1391 8100245
4091 1372 8100248
4091 1403 8100251
4095 1388 8100254
4088 1387 8100257
4095 1390 8100260
4094 1390 8100263
4095 1389 8100266
4095 1389 8100269
4094 1391 8100272
4095 1391 8100275
4095 1389 8100278
4094 1390 8100281
4094 1388 8100284
4095 1387 8100287
4094 1368 8100290
4090 1390 8100293
4088 1396 8100296
4095 1390 8100299
4091 1387 8100302
4095 1390 8100305
4095 1388 8100308
4093 1389 8100311
4093 1390 8100314
4095 1389 8100317
4095 1388 8100320
4093 1388 8100323
4094 1389 8100326
4080 1389 8100329
4094 1388 8100332
4095 1403 8100335
4083 1386 8100338
4090 1388 8100341
4095 1393 8100344
4095 1390 8100347
4092 1388 8100350
4094 1389 8100353
4093 1388 8100356
4092 1389 8100359
4094 1388 8100362
4093 1389 8100365
4094 1401 8100368
4093 1384 8100371
4095 1389 8100374
4092 1376 8100377
4095 1400 8100380
4095 1385 8100383
4091 1389 8100386
4095 1390 8100389
4095 1387 8100392
4094 1389 8100395
4094 1393 8100398
4093 1386 8100401
4093 1388 8100404
4094 1391 8100407
4094 1393 8100410
4092 1403 8100413
4092 1390 8100416
4095 1376 8100419
4093 1378 8100422
4090 1396 8100425
4095 1390 8100428
4091 1391 8100431
4093 1390 8100434
4095 1392 8100437
4095 1391 8100440
4095 1394 8100443
4093 1392 8100446
4093 1389 8100449
4095 1389 8100452
4084 1377 8100455
4093 1390 8100458
4095 1396 8100461
4095 1396 8100464
4089 1384 8100467
4091 1393 8100470
4095 1388 8100473
4091 1390 8100476
4094 1393 8100479
4095 1388 8100482
4095 1391 8100485
4093 1390 8100488
4095 1389 8100491
4095 1389 8100494
4095 1386 8100497
4085 1394 8100500
4091 1358 8100503
4075 1401 8100506
4095 1397 8100509
4086 1384 8100512
4093 1390 8100515
4095 1391 8100518
4091 1387 8100521
4093 1387 8100524
4095 1393 8100527
4094 1391 8100530
4092 1388 8100533
4094 1385 8100536
4095 1402 8100539
4095 1389 8100542
4095 1401 8100545
4076 1367 8100548
4095 1402 8100551
4095 1389 8100554
4090 1407 8100557
4095 1392 8100560
4095 1389 8100563
4091 1390 8100566
4091 1390 8100569
4095 1389 8100572
4095 1390 8100575
4095 1395 8100578
4094 1392 8100581
4095 1382 8100584
4092 1414 8100587
4095 1368 8100590
4076 1391 8100593
4095 1395 8100596
4093 1384 8100599
4093 1393 8100602
4095 1389 8100605
4093 1391 8100608
4095 1389 8100611
4094 1389 8100614
4095 1389 8100617
4094 1387 8100620
4094 1373 8100623
4095 1383 8100626
4094 1410 8100629
4095 1386 8100632
4077 1381 8100635
4095 1398 8100638
4095 1382 8100641
4091 1391 8100644
4095 1391 8100647
4092 1388 8100650
4095 1389 8100653
4095 1388 8100656
4095 1391 8100659
4095 1390 8100662
4093 1374 8100665
4095 1380 8100668
4095 1410 8100671
4095 1383 8100674
4074 1382 8100677
4095 1396 8100680
4093 1385 8100683
4093 1391 8100686
4095 1389 8100689
4095 1390 8100692
4095 1391 8100695
4091 1389 8100698
4095 1390 8100701
4095 1388 8100704
4093 1394 8100707
4095 1382 8100710
4095 1420 8100713
4095 1369 8100716
4079 1389 8100719
4095 1396 8100722
4092 1385 8100725
4092 1391 8100728
4094 1388 8100731
4092 1390 8100734
4095 1393 8100737
4095 1388 8100740
4095 1394 8100743
4095 1391 8100746
4095 1400 8100749
4095 1386 8100752
4094 1405 8100755
4088 1364 8100758
4087 1402 8100761
4095 1390 8100764
4093 1389 8100767
4095 1390 8100770
4093 1388 8100773
4093 1387 8100776
4093 1384 8100779
4092 1391 8100782
4092 1389 8100785
4094 1388 8100788
4095 1390 8100791
4081 1399 8100794
4090 1363 8100797
4064 1386 8100800
4095 1400 8100803
4091 1386 8100806
4091 1384 8100809
4095 1390 8100812
4092 1392 8100815
4094 1393 8100818
4094 1388 8100821
4093 1390 8100824
4095 1390 8100827
4091 1387 8100830
4095 1371 8100833
4094 1392 8100836
4092 1354 8100839
4094 1412 8100842
4095 1386 8100845
4085 1387 8100848
4095 1393 8100851
4095 1388 8100854
4094 1392 8100857
4095 1392 8100860
4092 1387 8100863
4094 1391 8100866
4094 1388 8100869
4090 1391 8100872
4075 1371 8100875
4091 1384 8100878
4095 1411 8100881
4095 1396 8100884
4081 1379 8100887
4094 1394 8100890
4095 1387 8100893
4077 1388 8100896
4095 1390 8100899
4095 1391 8100902
4093 1393 8100905
4093 1390 8100908
4094 1389 8100911
4094 1391 8100914
4095 1418 8100917
4088 1390 8100920
4095 1407 8100923
4076 1373 8100926
4094 1401 8100929
4095 1390 8100932
4091 1390 8100935
4095 1393 8100938
4095 1387 8100941
4090 1387 8100944
4093 1393 8100947
4095 1390 8100950
4095 1388 8100953
4094 1419 8100956
4095 1373 8100959
4095 1384 8100962
4077 1358 8100965
4087 1404 8100968
4095 1390 8100971
4089 1384 8100974
4094 1393 8100977
4095 1388 8100980
4095 1391 8100983
4095 1390 8100986
4094 1386 8100989
4095 1392 8100992
4091 1387 8100995
4092 1390 8100999
4094 1397 8101002
4095 1395 8101005
4095 1355 8101008
4095 1414 8101011
4095 1386 8101014
4086 1385 8101017
4095 1393 8101020
4095 1388 8101023
4092 1389 8101026
4095 1388 8101029
4091 1390 8101031
4094 1390 8101034
4093 1391 8101037
4094 1389 8101040
4095 1361 8101043
4095 1387 8101046
4091 1391 8101049
4095 1414 8101052
4092 1373 8101055
4086 1390 8101058
4095 1392 8101061
4089 1387 8101064
4094 1393 8101067
4095 1388 8101070
4092 1390 8101073
4094 1388 8101076
4093 1389 8101079
4095 1390 8101082
4095 1391 8101085
4095 1404 8101088
4087 1390 8101091
4095 1407 8101094
4071 1372 8101097
4095 1401 8101100
4095 1385 8101103
4091 1390 8101106
4094 1390 8101109
4094 1389 8101112
4095 1389 8101115
4095 1390 8101118
4095 1390 8101121
4095 1390 8101124
4094 1389 8101127
4095 1387 8101130
4084 1400 8101133
4092 1358 8101136
4071 1401 8101139
4095 1395 8101142
4088 1381 8101145
4093 1395 8101148
4095 1391 8101151
4089 1387 8101154
4095 1391 8101157
4095 1390 8101160
4095 1393 8101163
4094 1389 8101166
4095 1389 8101169
4093 1369 8101172
4095 1391 8101175
4091 1389 8101178
4082 1417 8101181
4095 1387 8101184
4082 1383 8101187
4095 1394 8101190
4093 1391 8101193
4094 1390 8101196
4094 1391 8101199
4091 1390 8101202
4095 1391 8101205
4094 1388 8101208
4094 1393 8101211
4095 1390 8101214
4078 1443 8101217
4083 1387 8101220
4095 1429 8101223
4095 1374 8101226
4083 1390 8101229
4095 1397 8101232
4094 1387 8101235
4095 1392 8101238
4095 1390 8101241
4093 1389 8101244
4092 1391 8101247
4094 1391 8101250
4095 1388 8101253
4095 1392 8101256
4095 1396 8101259
4085 1391 8101262
4093 1397 8101265
4076 1366 8101268
4095 1403 8101271
4095 1387 8101274
4087 1388 8101277
4095 1392 8101280
4094 1391 8101283
4095 1392 8101286
4095 1394 8101289
4095 1388 8101292
4095 1394 8101295
4092 1387 8101298
4095 1391 8101301
3797 1390 8101304
4095 1391 8101307
4058 1379 8101310
4095 1406 8101313
4095 1377 8101316
4085 1389 8101319
4095 1391 8101322
4092 1388 8101325
4095 1393 8101328
4093 1390 8101331
4093 1389 8101334
4092 1389 8101337
4093 1390 8101340
4093 1387 8101343
4071 1416 8101346
4090 1385 8101349
4092 1418 8101352
4095 1387 8101355
4082 1383 8101358
4095 1395 8101361
4095 1388 8101364
4091 1392 8101367
4094 1389 8101370
4094 1389 8101373
4095 1389 8101376
4094 1391 8101379
4095 1391 8101382
4092 1389 8101385
4095 1397 8101388
4095 1381 8101391
4095 1417 8101394
4095 1366 8101397
4080 1392 8101400
4095 1394 8101403
4090 1387 8101406
4095 1392 8101409
4095 1390 8101412
4095 1389 8101415
4094 1389 8101418
4094 1389 8101421
4095 1391 8101424
4095 1392 8101427
4094 1401 8101430
4093 1371 8101433
4095 1389 8101436
4072 1362 8101439
4089 1405 8101442
4095 1389 8101445
4090 1389 8101448
4095 1393 8101451
4095 1388 8101454
4094 1392 8101457
4095 1391 8101460
4095 1387 8101463
4095 1388 8101466
4095 1391 8101469
4093 1389 8101472
4090 1419 8101475
4095 1394 8101478
4092 1357 8101481
4094 1408 8101484
4095 1387 8101487
4085 1388 8101490
4095 1393 8101493
4095 1391 8101496
4093 1392 8101499
4095 1390 8101502
4093 1387 8101505
4093 1388 8101508
4093 1392 8101511
4095 1392 8101514
4094 1356 8101517
4016 1393 8101520
4093 1391 8101523
4074 1411 8101526
4095 1391 8101529
4086 1385 8101532
4095 1397 8101535
4093 1386 8101538
4092 1389 8101541
4095 1391 8101544
4095 1393 8101547
4084 1389 8101550
4094 1391 8101553
4094 1389 8101556
4092 1418 8101559
4065 1336 8101562
4095 1388 8101565
4095 1376 8101568
4095 1411 8101571
4095 1375 8101574
4089 1392 8101577
4095 1393 8101580
4090 1386 8101583
4093 1392 8101586
4095 1393 8101589
4093 1390 8101592
4095 1391 8101595
4094 1389 8101598
4092 1391 8101601
4095 1448 8101604
4093 1372 8101607
4095 1632 8087207
4095 1704 8087210
4095 1701 8087213
4095 1685 8087216
4095 1700 8087219
4095 1708 8087222
4095 1701 8087225
4095 1710 8087228
4095 1704 8087231
4095 1704 8087234
4095 1705 8087237
4095 1701 8087240
4095 1705 8087243
4095 1706 8087246
4095 1712 8087249
4095 1704 8087252
4095 1704 8087255
4095 1709 8087258
4095 1712 8087261
4095 1698 8087264
4095 1708 8087267
4095 1701 8087270
4095 1703 8087273
4095 1702 8087276
4095 1703 8087279
4095 1702 8087282
4095 1701 8087285
4095 1680 8087288
4095 1685 8087291
4019 1701 8087294
4095 1703 8087297
4095 1714 8087300
4095 1697 8087303
4095 1704 8087306
4095 1703 8087309
4095 1701 8087312
4095 1705 8087315
4095 1702 8087318
4095 1700 8087321
4095 1703 8087324
4095 1701 8087327
4095 1702 8087330
4095 1683 8087333
4095 1703 8087336
4095 1696 8087339
4095 1714 8087342
4095 1697 8087345
4095 1707 8087348
4095 1701 8087351
4095 1701 8087354
4095 1704 8087357
4095 1700 8087360
4095 1703 8087363
4095 1705 8087366
4095 1704 8087369
4095 1706 8087372
4095 1689 8087375
4095 1701 8087378
4095 1702 8087381
4095 1699 8087384
4095 1701 8087387
4095 1707 8087390
4095 1699 8087393
4095 1706 8087396
4095 1703 8087399
4095 1702 8087402
4095 1703 8087405
4095 1701 8087408
4095 1702 8087411
4095 1701 8087414
4095 1691 8087417
4095 1701 8087420
4095 1701 8087423
4095 1696 8087426
4095 1701 8087429
4095 1707 8087432
4095 1702 8087435
4095 1702 8087438
4095 1701 8087441
4095 1703 8087444
4095 1702 8087447
4095 1702 8087450
4095 1705 8087453
4095 1704 8087456
4095 1684 8087459
4095 1702 8087462
4095 1699 8087465
4095 1718 8087468
4095 1694 8087471
4095 1706 8087474
4095 1700 8087477
4095 1701 8087480
4095 1702 8087483
4095 1703 8087486
4095 1704 8087489
4095 1700 8087492
4095 1704 8087495
4095 1704 8087498
4095 1679 8087501
4095 1703 8087504
4095 1700 8087507
4095 1718 8087510
4095 1694 8087513
4095 1703 8087516
4095 1706 8087519
4095 1701 8087522
4095 1705 8087525
4095 1704 8087528
4095 1705 8087531
4095 1703 8087534
4095 1703 8087537
4095 1703 8087540
4095 1707 8087543
4095 1699 8087546
4095 1704 8087549
4095 1700 8087552
4095 1709 8087555
4095 1698 8087558
4095 1708 8087561
4095 1701 8087564
4095 1705 8087567
4095 1703 8087570
4095 1700 8087573
4095 1703 8087576
4095 1698 8087579
4095 1704 8087582
4095 2093 8087585
4095 1706 8087588
4095 1702 8087591
4095 1683 8087594
4095 1702 8087597
4095 1703 8087600
4095 1704 8087603
4095 1702 8087606
4095 1702 8087609
4095 1704 8087612
4095 1715 8087615
4095 1703 8087618
4095 1704 8087621
4095 1700 8087624
4095 1703 8087627
4095 1716 8087630
4095 1703 8087633
4095 1711 8087636
4095 1694 8087639
4095 1705 8087642
4095 1695 8087645
4095 1700 8087648
4095 1705 8087651
4095 1702 8087654
4095 1702 8087657
4095 1705 8087660
4095 1704 8087663
4095 1704 8087666
4095 1702 8087669
4095 1754 8087672
4095 1702 8087675
4095 1705 8087678
4095 1713 8087681
4095 1695 8087684
4095 1707 8087687
4095 1704 8087690
4095 1703 8087693
4095 1704 8087696
4095 1700 8087699
4095 1703 8087702
4095 1703 8087705
4095 1700 8087708
4095 1703 8087711
4095 1707 8087714
4095 1704 8087717
4095 1709 8087720
4095 1698 8087723
4095 1706 8087726
4095 1698 8087729
4095 1705 8087732
4095 1706 8087735
4095 1701 8087738
4095 1705 8087741
4095 1702 8087744
4095 1701 8087747
4095 1705 8087750
4095 1703 8087753
4095 1672 8087756
4095 1698 8087759
4095 1701 8087762
4095 1715 8087765
4095 1693 8087768
4095 1706 8087771
4095 1705 8087774
4095 1699 8087777
4095 1700 8087780
4095 1706 8087783
4095 1703 8087786
4095 1699 8087789
4095 1703 8087792
4095 1703 8087795
4095 1683 8087798
4095 1703 8087801
4095 1704 8087804
4095 1694 8087807
4095 1702 8087810
4095 1698 8087813
4095 1704 8087816
4095 1705 8087819
4095 1704 8087822
4095 1706 8087825
4095 1704 8087828
4095 1704 8087831
4095 1704 8087834
4095 1702 8087837
4095 1705 8087840
4095 1696 8087843
4095 1702 8087846
4095 1713 8087849
4095 1692 8087852
4095 1703 8087855
4095 1707 8087858
4095 1699 8087861
4095 1708 8087864
4095 1704 8087867
4095 1700 8087870
4095 1702 8087873
4095 1703 8087876
4095 1702 8087879
4095 1702 8087882
4095 1704 8087885
4095 1702 8087888
4095 1679 8087891
4095 1702 8087894
4095 1709 8087897
4095 1699 8087900
4095 1706 8087903
4095 1704 8087906
4095 1699 8087909
4095 1701 8087912
4095 1706 8087915
4095 1704 8087918
4095 1703 8087921
4095 1704 8087924
4095 1693 8087927
4095 1703 8087930
4095 1711 8087933
4095 1699 8087936
4095 1702 8087939
4095 1694 8087942
4095 1699 8087945
4095 1704 8087948
4095 1705 8087951
4095 1702 8087954
4095 1707 8087957
4095 1703 8087960
4095 1702 8087963
4095 1703 8087966
4095 1701 8087969
4095 1702 8087972
4095 1698 8087975
4095 1699 8087978
4095 1706 8087981
4095 1700 8087984
4095 1706 8087987
4095 1703 8087990
4095 1705 8087993
4095 1705 8087996
4095 1700 8088000
4095 1703 8088003
4095 1701 8088006
4095 1700 8088009
4095 1700 8088012
4095 1696 8088015
4095 1704 8088018
4095 1686 8088021
4095 1708 8088024
4095 1706 8088027
4095 1700 8088030
4095 1702 8088032
4095 1703 8088035
4095 1703 8088038
4095 1705 8088041
4095 1700 8088044
4095 1702 8088047
4095 1708 8088050
4095 1702 8088053
4095 1707 8088056
4095 1701 8088059
4095 1714 8088062
4095 1691 8088065
4095 1703 8088068
4095 1706 8088071
4095 1700 8088074
4095 1706 8088077
4095 1703 8088080
4095 1702 8088083
4095 1704 8088086
4095 1705 8088089
4095 1704 8088092
4095 1702 8088095
4095 1682 8088098
4095 1702 8088101
4095 1729 8088104
4095 1714 8088107
4095 1697 8088110
4095 1701 8088113
4095 1703 8088116
4095 1703 8088119
4095 1705 8088122
4095 1704 8088125
4095 1704 8088128
4095 1703 8088131
4095 1697 8088134
4095 1700 8088137
4095 1702 8088140
4095 1702 8088143
4095 1677 8088146
4095 1702 8088149
4095 1708 8088152
4095 1697 8088155
4095 1705 8088158
4095 1704 8088161
4095 1701 8088164
4095 1700 8088167
4095 1704 8088170
4095 1704 8088173
4095 1706 8088176
4095 1700 8088179
4074 1703 8088182
4095 1702 8088185
4095 1696 8088188
4095 1718 8088191
4095 1702 8088194
4095 1699 8088197
4095 1704 8088200
4095 1703 8088203
4095 1702 8088206
4095 1706 8088209
4095 1703 8088212
4095 1704 8088215
4095 1702 8088218
4095 1705 8088221
4095 1707 8088224
4095 1699 8088227
4095 1708 8088230
4095 1697 8088233
4095 1709 8088236
4095 1700 8088239
4095 1703 8088242
4095 1704 8088245
4095 1699 8088248
4095 1704 8088251
4095 1707 8088254
4095 1703 8088257
4095 1705 8088260
4095 1706 8088263
4095 1702 8088266
4095 1699 8088269
4095 1702 8088272
4095 1706 8088275
4095 1708 8088278
4095 1700 8088281
4095 1704 8088284
4095 1704 8088287
4095 1704 8088290
4095 1702 8088293
4095 1703 8088296
4095 1701 8088299
4095 1703 8088302
4095 1704 8088305
4095 1701 8088308
4095 1704 8088311
4095 1688 8088314
4095 1707 8088317
4095 1709 8088320
4095 1697 8088323
4095 1705 8088326
4095 1703 8088329
4095 1703 8088332
4095 1702 8088335
4095 1702 8088338
4095 1702 8088341
4095 1704 8088344
4095 1701 8088347
4095 1870 8088350
4095 1703 8088353
4095 1688 8088356
4095 1708 8088359
4095 1699 8088362
4095 1704 8088365
4095 1706 8088368
4095 1700 8088371
4095 1701 8088374
4095 1704 8088377
4095 1701 8088380
4095 1705 8088383
4095 1707 8088386
4095 1703 8088389
4095 1642 8088392
4095 1702 8088395
4095 1698 8088398
4095 1704 8088401
4095 1699 8088404
4095 1709 8088407
4095 1702 8088410
4095 1703 8088413
4095 1704 8088416
4095 1703 8088419
4095 1704 8088422
4095 1705 8088425
4095 1704 8088428
4095 1703 8088431
4095 1695 8088434
4095 1704 8088437
4095 1721 8088440
4095 1690 8088443
4095 1709 8088446
4095 1705 8088449
4095 1701 8088452
4095 1704 8088455
4095 1701 8088458
4095 1703 8088461
4095 1703 8088464
4095 1701 8088467
4095 1703 8088470
4095 1703 8088473
4095 1701 8088476
4095 1714 8088479
4095 1685 8088482
4095 1711 8088485
4095 1702 8088488
4095 1698 8088491
4095 1703 8088494
4095 1702 8088497
4095 1702 8088500
4095 1704 8088503
4095 1703 8088506
4095 1699 8088509
4095 1705 8088512
4095 1703 8088515
3760 1706 8088518
4095 1701 8088521
4095 1706 8088524
4095 1711 8088527
4095 1695 8088530
4095 1705 8088533
4095 1706 8088536
4095 1704 8088539
4095 1704 8088542
4095 1702 8088545
4095 1704 8088548
4095 1708 8088551
4095 1701 8088554
4095 1685 8088557
4095 1704 8088560
4095 1700 8088563
4095 1718 8088566
4095 1697 8088569
4095 1706 8088572
4095 1702 8088575
4095 1701 8088578
4095 1705 8088581
4095 1704 8088584
4095 1702 8088587
4095 1701 8088590
4095 1704 8088593
4095 1702 8088596
4095 1712 8088599
4095 1703 8088602
4095 1703 8088605
4095 1711 8088608
4095 1714 8088611
4095 1700 8088614
4095 1700 8088617
4095 1705 8088620
4095 1701 8088623
4095 1704 8088626
4095 1703 8088629
4095 1703 8088632
4095 1705 8088635
4095 1703 8088638
4095 1684 8088641
4095 1707 8088644
4095 1699 8088647
4095 1685 8088650
4095 1703 8088653
4095 1703 8088656
4095 1701 8088659
4095 1706 8088662
4095 1705 8088665
4095 1703 8088668
4095 1704 8088671
4095 1698 8088674
4095 1703 8088677
4095 1702 8088680
4095 1703 8088683
4095 1716 8088686
4095 1703 8088689
4095 1721 8088692
4095 1693 8088695
4095 1707 8088698
4095 1706 8088701
4095 1703 8088704
4095 1702 8088707
4095 1701 8088710
4095 1706 8088713
4095 1702 8088716
4095 1704 8088719
4095 1704 8088722
4095 1702 8088725
4095 1609 8088728
4095 1702 8088731
4095 1695 8088734
4095 1710 8088737
4095 1697 8088740
4095 1706 8088743
4095 1700 8088746
4095 1702 8088749
4095 1704 8088752
4095 1704 8088755
4095 1705 8088758
4095 1702 8088761
4095 1702 8088764
4095 1702 8088767
4095 1696 8088770
4095 1703 8088773
4095 1678 8088776
4095 1699 8088779
4095 1706 8088782
4095 1698 8088785
4095 1706 8088788
4095 1701 8088791
4095 1703 8088794
4095 1702 8088797
4095 1703 8088800
4095 1704 8088803
4095 1703 8088806
4095 1702 8088809
4095 1710 8088812
4095 1704 8088815
4095 1718 8088818
4095 1692 8088821
4095 1703 8088824
4095 1702 8088827
4095 1699 8088830
4095 1701 8088833
4095 1702 8088836
4095 1700 8088839
4095 1701 8088842
4095 1703 8088845
4095 1703 8088848
4095 1703 8088851
4095 1691 8088854
4095 1704 8088857
4095 1696 8088860
4095 1704 8088863
4095 1699 8088866
4095 1705 8088869
4095 1701 8088872
4095 1705 8088875
4095 1704 8088878
4095 1707 8088881
4095 1703 8088884
4095 1702 8088887
4095 1704 8088890
4095 1703 8088893
4095 1682 8088896
4095 1702 8088899
4095 1705 8088902
4095 1705 8088905
4095 1699 8088908
4095 1703 8088911
4095 1705 8088914
4095 1700 8088917
4095 1702 8088920
4095 1700 8088923
4095 1704 8088926
4095 1703 8088929
4095 1704 8088932
4095 1705 8088935
4095 1733 8088938
4095 1708 8088941
4095 1718 8088944
4095 1698 8088947
4095 1709 8088950
4095 1695 8088953
4095 1706 8088956
4095 1705 8088959
4095 1699 8088962
4095 1705 8088965
4095 1705 8088968
4095 1703 8088971
4095 1706 8088974
4095 1702 8088977
4095 1924 8088980
4095 1703 8088983
4095 1701 8088986
4095 1687 8088989
4095 1699 8088992
4095 1705 8088995
4095 1702 8088999
4095 1705 8089002
4095 1704 8089005
4095 1701 8089008
4095 1703 8089011
4095 1701 8089014
4095 1705 8089017
4095 1707 8089020
4095 1702 8089023
4095 1707 8089026
4095 1703 8089029
4095 1707 8089031
4095 1699 8089034
4095 1710 8089037
4095 1703 8089040
4095 1702 8089043
4095 1702 8089046
4095 1705 8089049
4095 1706 8089052
4095 1704 8089055
4095 1703 8089058
4095 1704 8089061
4095 1703 8089064
4095 1798 8089067
4095 1702 8089070
4095 1692 8089073
4095 1702 8089076
4095 1700 8089079
4095 1704 8089082
4095 1702 8089085
4095 1703 8089088
4095 1702 8089091
4095 1703 8089094
4095 1704 8089097
4095 1704 8089100
4095 1698 8089103
4095 1702 8089106
4095 1740 8089109
4095 1701 8089112
4095 1678 8089115
4095 1698 8089118
4095 1705 8089121
4095 1700 8089124
4095 1706 8089127
4095 1703 8089130
4095 1707 8089133
4095 1702 8089136
4095 1705 8089139
4095 1703 8089142
4095 1700 8089145
4095 1705 8089148
4095 1709 8089151
4095 1702 8089154
4095 1716 8089157
4095 1696 8089160
4095 1708 8089163
4095 1705 8089166
4095 1700 8089169
4095 1706 8089172
4095 1701 8089175
4095 1703 8089178
4095 1706 8089181
4095 1702 8089184
4095 1702 8089187
4095 1701 8089190
4095 1690 8089193
4095 1701 8089196
4095 1544 8093604
4095 1545 8093607
4095 1542 8093610
4095 1546 8093613
4095 1547 8093616
4095 1544 8093619
4095 1545 8093622
4095 1543 8093624
4095 1545 8093627
4095 1543 8093630
4095 1547 8093633
4095 1545 8093636
4095 1550 8093639
4095 1550 8093642
4095 1546 8093645
4095 1542 8093648
4095 1544 8093651
4095 1544 8093654
4095 1543 8093657
4095 1545 8093660
4095 1543 8093663
4095 1547 8093666
4095 1499 8093669
4095 1542 8093672
4095 1547 8093675
4095 1543 8093678
4095 1542 8093681
4095 1547 8093684
4095 1549 8093687
4095 1540 8093690
4095 1544 8093693
4095 1544 8093696
4095 1545 8093699
4095 1542 8093702
4095 1546 8093705
4095 1543 8093708
4095 1543 8093711
4095 1585 8093714
4095 1544 8093717
4095 1547 8093720
4095 1543 8093723
4095 1547 8093726
4095 1546 8093729
4095 1547 8093732
4095 1543 8093735
4095 1544 8093738
4095 1544 8093741
4095 1544 8093744
4095 1545 8093747
4095 1545 8093750
4095 1546 8093753
4095 1544 8093756
4095 1552 8093759
4095 1546 8093762
4095 1548 8093765
4095 1544 8093768
4095 1544 8093771
4095 1549 8093774
4095 1545 8093777
4095 1547 8093780
4095 1546 8093783
4095 1545 8093786
4095 1541 8093789
4095 1545 8093792
4095 1548 8093795
4095 1548 8093798
4095 1546 8093801
4095 1543 8093804
4095 1547 8093807
4095 1546 8093810
4095 1542 8093813
4095 1548 8093816
4095 1548 8093819
4095 1543 8093822
4095 1543 8093825
4095 1546 8093828
4095 1545 8093831
4095 1543 8093834
4095 1546 8093837
4095 1549 8093840
4095 1545 8093843
4095 1250 8093846
4095 1548 8093849
4095 1544 8093852
4095 1543 8093855
4095 1544 8093858
4095 1547 8093861
4095 1542 8093864
4095 1545 8093867
4095 1544 8093870
4095 1544 8093873
4095 1545 8093876
4095 1544 8093879
4095 1546 8093882
4095 1544 8093885
4095 1546 8093888
4095 1497 8093891
4095 1548 8093894
4095 1546 8093897
4095 1543 8093900
4095 1544 8093903
4095 1545 8093906
4095 1545 8093909
4095 1538 8093912
4095 1545 8093915
4095 1544 8093918
4095 1547 8093921
4095 1542 8093924
4095 1547 8093927
4095 1548 8093930
4095 1544 8093933
4095 1550 8093936
4095 1546 8093939
4095 1546 8093942
4095 1549 8093945
4095 1546 8093948
4095 1545 8093951
4095 1541 8093954
4095 1539 8093957
4095 1547 8093960
4095 1545 8093963
4095 1546 8093966
4095 1545 8093969
4095 1545 8093972
4095 1542 8093975
4095 1541 8093978
4095 12 8093981
4095 1541 8093984
4095 1545 8093987
4095 1543 8093990
4095 1547 8093993
4095 1545 8093996
4095 1545 8094000
4095 1544 8094003
4095 1546 8094006
4095 1544 8094009
4095 1545 8094012
4095 1542 8094015
4095 1544 8094018
4095 1543 8094021
4095 1546 8094024
4095 1551 8094027
4095 1543 8094030
4095 1548 8094033
4095 1544 8094036
4095 1544 8094039
4095 1546 8094041
4095 1546 8094044
4095 1542 8094047
4095 1547 8094050
4095 1545 8094053
4095 1545 8094056
4095 1544 8094059
4095 1546 8094062
4095 1545 8094065
4095 1538 8094068
4095 1544 8094071
4095 1544 8094074
4095 1544 8094077
4095 1547 8094080
4095 1544 8094083
4095 1547 8094086
4095 1545 8094089
4095 1544 8094092
4095 1543 8094095
4095 1543 8094098
4095 1543 8094101
4095 1544 8094104
4095 1545 8094107
4095 1545 8094110
4095 1533 8094113
4095 1543 8094116
4095 1545 8094119
4095 1546 8094122
4095 1544 8094125
4095 1545 8094128
4095 1544 8094131
4095 1548 8094134
4095 1542 8094137
4095 1544 8094140
4095 1547 8094143
4095 1545 8094146
4095 1543 8094149
4095 1544 8094152
4095 1548 8094155
4095 1546 8094158
4095 1547 8094161
4095 1545 8094164
4095 1542 8094167
4095 1542 8094170
4095 1549 8094173
4095 1547 8094176
4095 1546 8094179
4095 1544 8094182
4095 1545 8094185
4095 1546 8094188
4095 1545 8094191
4095 1544 8094194
4095 1559 8094197
4095 1543 8094200
4095 1545 8094203
4095 1543 8094206
4095 1547 8094209
4095 1544 8094212
4095 1545 8094215
4095 1543 8094218
4095 1543 8094221
4095 1545 8094224
4095 1545 8094227
4095 1546 8094230
4095 1544 8094233
4095 1544 8094236
4095 1549 8094239
4095 1541 8094242
4095 1545 8094245
4095 1544 8094248
4095 1545 8094251
4095 1544 8094254
4095 1545 8094257
4095 1535 8094260
4095 1543 8094263
4095 1544 8094266
4095 1544 8094269
4095 1543 8094272
4095 1545 8094275
4095 1542 8094278
4095 1543 8094281
4095 1511 8094284
4095 1548 8094287
4095 1540 8094290
4095 1543 8094293
4095 1548 8094296
4095 1544 8094299
4095 1544 8094302
4095 1546 8094305
4095 1546 8094308
4095 1544 8094311
4095 1544 8094314
4095 1546 8094317
4095 1547 8094320
4095 1545 8094323
4024 1545 8094326
4095 1545 8094329
4095 1547 8094332
4095 1542 8094335
4095 1546 8094338
4095 1547 8094341
4095 1544 8094344
4095 1544 8094347
4095 1546 8094350
4095 1545 8094353
4095 1547 8094356
4095 1542 8094359
4095 1544 8094362
4095 1543 8094365
4095 1541 8094368
4095 1546 8094371
4095 1545 8094374
4095 1549 8094377
4095 1544 8094380
4095 1546 8094383
4095 1545 8094386
4095 1543 8094389
4095 1540 8094392
4095 1545 8094395
4095 1545 8094398
4095 1544 8094401
4095 1546 8094404
4095 1544 8094407
4095 1542 8094410
4095 1543 8094413
4095 1547 8094416
4095 1546 8094419
4095 1545 8094422
4095 1544 8094425
4095 1547 8094428
4095 1545 8094431
4095 1544 8094434
4095 1548 8094437
4095 1547 8094440
4095 1542 8094443
4095 1541 8094446
4095 1547 8094449
4095 1543 8094452
3814 1549 8094455
4095 1545 8094458
4095 1544 8094461
4095 1543 8094464
4095 1545 8094467
4095 1546 8094470
4095 1545 8094473
4095 1544 8094476
4095 1544 8094479
4095 1546 8094482
4095 1544 8094485
4095 1546 8094488
4095 1544 8094491
4095 1546 8094494
4095 1532 8094497
4095 1543 8094500
4095 1549 8094503
4095 1544 8094506
4095 1549 8094509
4095 1544 8094512
4095 1546 8094515
4095 1544 8094518
4095 1545 8094521
4095 1545 8094524
4095 1544 8094527
4095 1543 8094530
4095 1544 8094533
4095 1545 8094536
4095 1554 8094539
4095 1546 8094542
4095 1541 8094545
4095 1546 8094548
4095 1543 8094551
4095 1545 8094554
4095 1541 8094557
4095 1543 8094560
4095 1542 8094563
4095 1544 8094566
4095 1548 8094569
4095 1545 8094572
4095 1545 8094575
4095 1544 8094578
4095 1536 8094581
4095 1548 8094584
4095 1548 8094587
4095 1541 8094590
4095 1548 8094593
4095 1543 8094596
4095 1544 8094599
4095 1549 8094602
4095 1542 8094605
4095 1545 8094608
4095 1543 8094611
4095 1544 8094614
4095 1544 8094617
4095 1546 8094620
4095 1538 8094623
4095 1545 8094626
4095 1540 8094629
4095 1544 8094632
4095 1544 8094635
4095 1545 8094638
4095 1545 8094641
4095 1543 8094644
4095 1543 8094647
4095 1543 8094650
4095 1545 8094653
4095 1542 8094656
4095 1544 8094659
4095 1544 8094662
4095 1645 8094665
4095 1547 8094668
4095 1542 8094671
4095 1546 8094674
4095 1542 8094677
4095 1543 8094680
4095 1546 8094683
4095 1544 8094686
4095 1542 8094689
4095 1546 8094692
4095 1545 8094695
4095 1543 8094698
4095 1545 8094701
4095 1544 8094704
4095 1544 8094707
4095 1509 8094710
4095 1545 8094713
4095 1543 8094716
4095 1545 8094719
4095 1546 8094722
4095 1548 8094725
4095 1545 8094728
4095 1545 8094731
4095 1547 8094734
4095 1542 8094737
4095 1543 8094740
4095 1546 8094743
4095 1545 8094746
4095 1544 8094749
4095 1547 8094752
4095 1545 8094755
4095 1546 8094758
4095 1545 8094761
4095 1541 8094764
4095 1545 8094767
4095 1546 8094770
4095 1544 8094773
4095 1546 8094776
4095 1543 8094779
4095 1546 8094782
4095 1545 8094785
4095 1544 8094788
4095 1546 8094791
4095 1595 8094794
4095 1545 8094797
4095 1544 8094800
4095 1544 8094803
4095 1544 8094806
4095 1547 8094809
4095 1544 8094812
4095 1547 8094815
4095 1543 8094818
4095 1542 8094821
4095 1546 8094824
4095 1543 8094827
4095 1545 8094830
4095 1546 8094833
4095 1546 8094836
4093 1985 8094839
4095 1544 8094842
4095 1545 8094845
4095 1545 8094848
4095 1547 8094851
4095 1543 8094854
4095 1545 8094857
4095 1545 8094860
4095 1544 8094863
4095 1547 8094866
4095 1546 8094869
4095 1544 8094872
4095 1544 8094875
4095 1547 8094878
4095 1564 8094881
4095 1546 8094884
4095 1545 8094887
4095 1545 8094890
4095 1544 8094893
4095 1543 8094896
4095 1545 8094899
4095 1544 8094902
4095 1544 8094905
4095 1544 8094908
4095 1544 8094911
4095 1549 8094914
4095 1544 8094917
4095 1544 8094920
4095 1547 8094923
4095 1541 8094926
4095 1543 8094929
4095 1543 8094932
4095 1546 8094935
4095 1545 8094938
4095 1544 8094941
4095 1545 8094944
4095 1544 8094947
4095 1545 8094950
4095 1544 8094953
4095 1543 8094956
4095 1544 8094959
4095 1543 8094962
4095 1545 8094965
4095 1546 8094968
4095 1545 8094971
4095 1542 8094974
4095 1549 8094977
4095 1545 8094980
4095 1546 8094983
4095 1541 8094986
4095 1546 8094989
4095 1543 8094992
4095 1544 8094995
4095 1548 8094999
4095 1545 8095002
4095 1546 8095005
4095 1541 8095008
4095 1548 8095011
4095 1548 8095014
4095 1544 8095017
4095 1549 8095020
4095 1543 8095023
4095 1546 8095026
4095 1547 8095029
4095 1544 8095032
4095 1546 8095035
4095 1542 8095038
4095 1543 8095041
4095 1546 8095043
4095 1542 8095046
4095 1548 8095049
4095 1545 8095052
4095 1540 8095055
4095 1544 8095058
4095 1549 8095061
4095 1543 8095064
4095 1549 8095067
4095 1545 8095070
4095 1543 8095073
4095 1544 8095076
4095 1544 8095079
4095 1545 8095082
4095 1542 8095085
4095 1547 8095088
4095 1546 8095091
4095 1546 8095094
4095 1614 8095097
4095 1546 8095100
4095 1543 8095103
4095 1545 8095106
4095 1544 8095109
4095 1546 8095112
4095 1542 8095115
4095 1542 8095118
4095 1546 8095121
4095 1546 8095124
4095 1545 8095127
4095 1545 8095130
4095 1547 8095133
4095 1544 8095136
4095 1544 8095139
4095 1398 8095142
4095 1547 8095145
4095 1543 8095148
4095 1545 8095151
4095 1546 8095154
4095 1544 8095157
4095 1546 8095160
4095 1546 8095163
4095 1546 8095166
4095 1546 8095169
4095 1546 8095172
4095 1543 8095175
4095 1544 8095178
4095 1546 8095181
4095 1539 8095184
4071 1540 8095187
4095 1546 8095190
4095 1543 8095193
4095 1545 8095196
4095 1543 8095199
4095 1544 8095202
4095 1544 8095205
4095 1543 8095208
4095 1546 8095211
4095 1544 8095214
4095 1546 8095217
4095 1547 8095220
4095 1545 8095223
4095 1542 8095226
4095 1653 8095229
4095 1545 8095232
4095 1543 8095235
4095 1546 8095238
4095 1542 8095241
4095 1546 8095244
4095 1544 8095247
4095 1542 8095250
4095 1545 8095253
4095 1545 8095256
4095 1543 8095259
4095 1543 8095262
4095 1546 8095265
4095 1545 8095268
4095 1552 8095271
4095 1546 8095274
4095 1543 8095277
4095 1544 8095280
4095 1543 8095283
4095 1546 8095286
4095 1544 8095289
4095 1544 8095292
4095 1547 8095295
4095 1546 8095298
4095 1543 8095301
4095 1546 8095304
4095 1544 8095307
4095 1544 8095310
4095 1543 8095313
4095 1548 8095316
4095 1545 8095319
4095 1545 8095322
4095 1547 8095325
4095 1542 8095328
4095 1546 8095331
4095 1547 8095334
4095 1543 8095337
4095 1539 8095340
4095 1545 8095343
4095 1543 8095346
4095 1543 8095349
4095 1546 8095352
4095 1544 8095355
4095 1546 8095358
4095 1540 8095361
4095 1546 8095364
4095 1546 8095367
4095 1543 8095370
4095 1543 8095373
4095 1545 8095376
4095 1544 8095379
4095 1542 8095382
4095 1547 8095385
4095 1547 8095388
4095 1543 8095391
4095 1543 8095394
4095 1547 8095397
4095 1440 8095400
4095 1547 8095403
4095 1545 8095406
4095 1547 8095409
4095 1545 8095412
4095 1543 8095415
4095 1546 8095418
4095 1543 8095421
4095 1548 8095424
4095 1546 8095427
4095 1546 8095430
4095 1546 8095433
4095 1546 8095436
4095 1543 8095439
4095 1546 8095442
4060 0 8095445
4095 1544 8095448
4095 1545 8095451
4095 1540 8095454
4095 1548 8095457
4095 1542 8095460
4095 1544 8095463
4095 1544 8095466
4095 1543 8095469
4095 1544 8095472
4095 1544 8095475
4095 1547 8095478
4095 1545 8095481
4095 1546 8095484
4095 1542 8095487
4080 1543 8095490
4095 1543 8095493
4095 1545 8095496
4095 1548 8095499
4095 1544 8095502
4095 1543 8095505
4095 1546 8095508
4095 1543 8095511
4095 1542 8095514
4095 1550 8095517
4095 1548 8095520
4095 1544 8095523
4095 1545 8095526
4095 1544 8095529
4095 1501 8095532
4095 1543 8095535
4095 1545 8095538
4095 1548 8095541
4095 1542 8095544
4095 1544 8095547
4095 1547 8095550
4095 1547 8095553
4095 1546 8095556
4095 1544 8095559
4095 1547 8095562
4095 1544 8095565
4095 1545 8095568
4095 1545 8095571
4095 1544 8095574
4095 1544 8095577
4095 1546 8095580
4095 1547 8095583
4095 1545 8095586
4095 1535 8095589
4095 1544 8095592
4095 1543 8095595
4095 1545 8095598
4095 1546 8095601
4095 1541 8095604
4095 1545 8095607
4095 1544 8095610
4095 1545 8095613
4095 1545 8095616
4095 1545 8095619
4095 1544 8095622
4095 1544 8095625
4095 1543 8095628
4095 1546 8095631
4095 1543 8095634
4095 1543 8095637
4095 1546 8095640
4095 1543 8095643
4095 1545 8095646
4095 1547 8095649
4095 1546 8095652
4095 1545 8095655
4095 1541 8095658
4095 1677 8095661
4095 1544 8095664
4095 1541 8095667
4095 1546 8095670
4095 1546 8095673
4095 1542 8095676
4095 1545 8095679
4095 1546 8095682
4095 1546 8095685
4095 1543 8095688
4095 1543 8095691
4095 1544 8095694
4095 1543 8095697
4095 1546 8095700
4095 1552 8095703
4095 1546 8095706
4095 1540 8095709
4095 1546 8095712
4095 1540 8095715
4095 1545 8095718
4095 1546 8095721
4095 1546 8095724
4095 1545 8095727
4095 1546 8095730
4095 1548 8095733
4095 1544 8095736
4095 1543 8095739
4095 1544 8095742
4095 1542 8095745
4095 1533 8095748
4095 1545 8095751
4095 1547 8095754
4095 1542 8095757
4095 1546 8095760
4095 1546 8095763
4095 1543 8095766
4095 1542 8095769
4095 1544 8095772
4095 1544 8095775
4095 1540 8095778
4095 1546 8095781
4095 1548 8095784
4095 1544 8095787
4058 1567 8095790
4095 1547 8095793
4095 1548 8095796
4095 1542 8095799
4095 1544 8095802
4095 1544 8095805
4095 1544 8095808
4095 1544 8095811
4095 1547 8095814
4095 1545 8095817
4095 1546 8095820
4095 1546 8095823
4095 1547 8095826
4095 1542 8095829
4095 1543 8095832
4095 1547 8095835
4095 1546 8095838
4095 1543 8095841
4095 1546 8095844
4095 1547 8095847
4095 1545 8095850
4095 1550 8095853
4095 1542 8095856
4095 1544 8095859
4095 1546 8095862
4095 1545 8095865
4095 1543 8095868
4095 1546 8095871
4095 1543 8095874
4095 1570 8095877
4095 1545 8095880
4095 1544 8095883
4095 1549 8095886
4095 1543 8095889
4095 1547 8095892
4095 1548 8095895
4095 1545 8095898
4095 1543 8095901
4095 1544 8095904
4095 1544 8095907
4095 1543 8095910
4095 1545 8095913
4095 1534 8095916
4095 1542 8095919
4095 1542 8095922
4095 1547 8095925
4095 1546 8095928
4095 1545 8095931
4095 1541 8095934
4095 1545 8095937
4095 1544 8095940
4095 1544 8095943
4095 1550 8095946
4095 1546 8095949
4095 1544 8095952
4095 1543 8095955
4095 1546 8095958
4095 1885 8095961
4095 1547 8095964
4095 1547 8095967
4095 1545 8095970
4095 1543 8095973
4095 1547 8095976
4095 1544 8095979
4095 1545 8095982
4095 1547 8095985
4095 1544 8095988
4095 1546 8095991
4095 1544 8095994
4095 1546 8095999
4095 1547 8096002
4095 1545 8096005
4095 1146 8096008
4095 1545 8096011
4095 1542 8096014
4095 1543 8096017
4095 1549 8096020
4095 1545 8096023
4095 1541 8096026
4095 1545 8096029
4095 1541 8096032
4095 1544 8096035
4095 1546 8096038
4095 1545 8096041
4095 1546 8096044
4095 1544 8096047
4043 1560 8096050
4095 1545 8096053
4095 1542 8096056
4095 1545 8096059
4095 1547 8096062
4095 1543 8096064
4095 1548 8096067
4095 1543 8096070
4095 1544 8096074
4095 1540 8096076
4095 1547 8096079
4095 1544 8096082
4095 1545 8096085
4095 1544 8096088
4095 1542 8096091
4095 1532 8096094
4095 1543 8096097
4095 1550 8096100
4095 1544 8096103
4095 1543 8096107
4095 1542 8096109
4095 1548 8096112
4095 1544 8096115
4095 1544 8096118
4095 1546 8096121
4095 1543 8096124
4095 1546 8096127
4095 1544 8096130
4095 1547 8096133
4095 1545 8096136
4095 1546 8096140
4095 1545 8096142
4095 1544 8096145
4095 1543 8096148
4095 1546 8096151
4095 1544 8096154
4095 1544 8096157
4095 1548 8096160
4095 1543 8096163
4095 1543 8096166
4095 1546 8096169
4095 1545 8096173
4095 1541 8096175
4095 1564 8096178
4095 1541 8096181
4095 1544 8096184
4095 1543 8096187
4095 1547 8096190
4095 1548 8096193
4095 1543 8096196
4095 1544 8096199
4095 1545 8096202
4095 1546 8096206
4095 1542 8096208
4095 1549 8096211
4095 1543 8096214
4095 1543 8096217
4095 1546 8096220
4095 1509 8096223
4095 1545 8096226
4095 1544 8096229
4095 1548 8096232
4095 1545 8096235
4095 1545 8096239
4095 1542 8096241
4095 1544 8096244
4095 1545 8096247
4095 1545 8096250
4095 1545 8096253
4095 1542 8096256
4095 1544 8096259
4095 1543 8096262
4095 1542 8096265
4095 1546 8096268
4095 1547 8096272
4095 1544 8096274
4095 1543 8096277
4095 1545 8096280
4095 1547 8096283
4095 1543 8096286
4095 1543 8096289
4095 1545 8096292
4095 1545 8096295
4095 1543 8096298
4095 1543 8096301
4095 1548 8096305
4095 1495 8096307
4095 1544 8096310
4095 1543 8096313
4095 1543 8096316
4095 1543 8096319
4095 1547 8096322
4095 1545 8096325
4095 1544 8096328
4095 1541 8096331
4095 1545 8096334
4095 1545 8096338
4095 1540 8096340
4095 1546 8096343
4095 1544 8096346
4095 1546 8096349
4095 1578 8096352
4095 1544 8096355
4095 1545 8096358
4095 1543 8096361
4095 1543 8096364
4095 1543 8096367
4095 1545 8096371
4095 1542 8096373
4095 1548 8096376
4095 1546 8096379
4095 1545 8096382
4095 1544 8096385
4095 1545 8096388
4095 1545 8096391
4095 1541 8096394
4095 1544 8096397
4095 1540 8096400
4095 1545 8096404
4095 1545 8096406
4095 1545 8096409
4095 1540 8096412
4095 1547 8096415
4095 1543 8096418
4095 1545 8096421
4095 1541 8096424
4095 1545 8096427
4095 1543 8096430
4095 1544 8096433
4095 1548 8096437
4095 1529 8096439
4095 1544 8096442
4095 1544 8096445
4095 1543 8096448
4095 1544 8096451
4095 1542 8096454
4095 1545 8096457
4095 1543 8096460
4095 1542 8096463
4095 1546 8096466
4095 1547 8096470
4095 1542 8096472
4095 1544 8096475
4095 1542 8096478
4095 1543 8096481
4095 1542 8096484
4095 1550 8096487
4095 1544 8096490
4095 1542 8096493
4095 1544 8096496
4095 1544 8096499
4095 1546 8096503
4095 1539 8096505
4095 1547 8096508
4095 1543 8096511
4095 1546 8096514
4095 1544 8096517
4095 1545 8096520
4056 1544 8096523
4095 1541 8096526
4095 1547 8096529
4095 1542 8096532
4095 1546 8096536
4095 1541 8096538
4095 1548 8096541
4095 1545 8096544
4095 1543 8096547
4095 1543 8096550
4095 1543 8096553
4095 1544 8096556
4095 1541 8096559
4095 1544 8096562
4095 1545 8096565
4095 1529 8096569
4095 1540 8096571
4095 1544 8096574
4095 1543 8096577
4095 1545 8096580
4095 1546 8096583
4095 1545 8096586
4095 1546 8096589
4095 1544 8096592
4095 1544 8096595
4095 1545 8096598
4095 1548 8096602
4095 1542 8096604
4095 1544 8096607
4095 1547 8096610
4095 1544 8096613
4095 1542 8096616
4095 1548 8096619
4095 1548 8096622
4095 1545 8096625
4095 1544 8096628
4095 1544 8096631
4095 1545 8096635
4095 1541 8096637
4095 1545 8096640
4095 1543 8096643
4095 1544 8096646
4095 1545 8096649
4095 1713 8096652
4095 1551 8096655
4095 1544 8096658
4095 1544 8096661
4095 1538 8096664
4095 1545 8096668
4095 1540 8096670
4095 1547 8096673
4095 1545 8096676
4095 1545 8096679
4095 1545 8096682
4095 1545 8096685
4095 1545 8096688
4095 1544 8096691
4095 1544 8096694
4095 1758 8096697
4095 1547 8096701
4095 1541 8096703
4095 1546 8096706
4095 1545 8096709
4095 1546 8096712
4095 1546 8096715
4095 1544 8096718
4095 1548 8096721
4095 1546 8096724
4095 1544 8096727
4095 1543 8096730
4095 1546 8096734
4095 1543 8096736
4095 1541 8096739
4095 1543 8096742
4095 1543 8096745
4095 1548 8096748
4095 1544 8096751
4095 1546 8096754
4095 1544 8096757
4095 1543 8096760
4095 1544 8096763
4095 1546 8096767
4095 1541 8096769
4095 1548 8096772
4095 1545 8096775
4095 1543 8096778
4095 1545 8096781
4095 1545 8096784
4095 1548 8096787
4095 1542 8096790
4095 1539 8096793
4095 1549 8096796
4095 1536 8096800
4095 1544 8096802
4095 1547 8096805
4095 1542 8096808
4095 1545 8096811
4095 1545 8096814
4095 1544 8096817
4095 1546 8096820
4095 1543 8096823
4095 1644 8096826
4095 1543 8096829
4095 1526 8096833
4095 1560 8096835
4095 1541 8096838
4095 1542 8096841
4095 1548 8096844
4095 1542 8096847
4095 1544 8096850
4095 1545 8096853
4095 1545 8096856
4095 1545 8096859
4095 1547 8096862
4095 1546 8096866
4095 1544 8096868
4095 1543 8096871
4095 1552 8096874
4095 1542 8096877
4095 1535 8096880
4095 1551 8096883
4095 1544 8096886
4095 1544 8096889
4095 1543 8096892
4095 1545 8096895
4095 1550 8096899
4095 1541 8096901
4095 1546 8096904
4095 1545 8096907
4095 1491 8096910
4095 1542 8096913
4095 1544 8096916
4095 1525 8096919
4095 1555 8096922
4095 1542 8096925
4095 1548 8096928
4095 1545 8096932
4095 1539 8096934
4095 1547 8096937
4095 1541 8096940
4095 1546 8096943
4095 1543 8096946
4095 1547 8096949
4095 1545 8096952
4095 1551 8096955
4095 1546 8096958
4095 1559 8096961
4095 1541 8096965
4095 1544 8096967
4095 1547 8096970
4095 1542 8096973
4095 1548 8096976
4095 1546 8096979
4095 1543 8096982
4095 1546 8096985
4095 1543 8096988
4095 1544 8096991
4095 1544 8096994
4095 1689 8096998
4095 1531 8097002
4095 1559 8097005
4095 1544 8097008
4095 1543 8097011
4095 1546 8097014
4095 1542 8097017
4095 1544 8097020
4095 1544 8097023
4095 1545 8097026
4095 1549 8097029
4095 1544 8097032
4095 1543 8097035
4095 1545 8097038
4095 1543 8097041
4095 1537 8097044
4095 1537 8097047
4095 1555 8097050
4095 1541 8097053
4095 1543 8097056
4095 1548 8097059
4095 1542 8097062
4095 1542 8097065
4095 1546 8097068
4095 1546 8097071
4095 1543 8097074
4095 1544 8097077
4095 1548 8097080
4095 1542 8097083
4095 1544 8097086
4095 1564 8097089
4095 1544 8097092
4095 1541 8097095
4095 1545 8097098
4095 1538 8097101
4095 1544 8097104
4095 1547 8097107
4095 1546 8097110
4095 1542 8097113
4095 1545 8097116
4095 1542 8097119
4095 1537 8097122
4095 1538 8097125
4095 1543 8097128
4095 1528 8097131
4095 1557 8097134
4095 1541 8097137
4095 1547 8097140
4095 1549 8097143
4095 1542 8097146
4095 1545 8097149
4095 1541 8097152
4095 1544 8097155
4095 1545 8097158
4095 1546 8097161
4095 1547 8097164
4095 1554 8097167
4095 1546 8097170
4095 1548 8097173
4095 1538 8097176
4095 1550 8097179
4095 1546 8097182
4095 1545 8097185
4095 1543 8097188
4095 1543 8097191
4095 1546 8097194
4095 1542 8097197
4095 1545 8097200
4095 1545 8097203
4095 1543 8097206
4095 1526 8097209
4095 1543 8097212
4095 1533 8097215
4095 1559 8097218
4095 1541 8097221
4095 1547 8097224
4095 1546 8097227
4095 1542 8097230
4095 1544 8097233
4095 1547 8097236
4095 1543 8097239
4095 1547 8097242
4095 1540 8097245
4095 1545 8097248
4095 1544 8097251
4095 1542 8097254
4095 1538 8097257
4095 1544 8097260
4095 1552 8097263
4095 1543 8097266
4095 1544 8097269
4095 1548 8097272
4095 1543 8097275
4095 1546 8097278
4095 1545 8097281
4095 1543 8097284
4095 1544 8097287
4095 1545 8097290
4095 1549 8097293
4095 1546 8097296
4095 1545 8097299
4095 1564 8097302
4095 1540 8097305
4095 1541 8097308
4095 1545 8097311
4095 1543 8097314
4095 1543 8097317
4095 1543 8097320
4095 1548 8097323
4095 1547 8097326
4095 1548 8097329
4095 1544 8097332
4095 1547 8097335
4095 1545 8097338
4095 1542 8097341
4095 1551 8097344
4095 1542 8097347
4095 1549 8097350
4095 1542 8097353
4095 1548 8097356
4095 1545 8097359
4095 1543 8097362
4095 1545 8097365
4095 1544 8097368
4095 1542 8097371
4095 1542 8097374
4095 1545 8097377
4095 1568 8097380
4095 1545 8097383
4095 1558 8097386
4095 1541 8097389
4095 1537 8097392
4095 1551 8097395
4095 1540 8097398
4095 1546 8097401
4095 1546 8097404
4095 1544 8097407
4095 1543 8097410
4095 1545 8097413
4095 1545 8097416
4095 1543 8097419
4095 1546 8097422
4095 1543 8097425
4095 1551 8097428
4095 1529 8097431
4095 1554 8097434
4095 1543 8097437
4095 1546 8097440
4095 1549 8097443
4095 1546 8097446
4095 1545 8097449
4095 1545 8097452
4095 1546 8097455
4095 1546 8097458
4095 1544 8097461
4095 1542 8097464
4095 1546 8097467
4095 1545 8097470
4095 1562 8097473
4095 1543 8097476
4095 1544 8097479
4095 1546 8097482
4095 1541 8097485
4095 1547 8097488
4095 1544 8097491
4095 1544 8097494
4095 1547 8097497
4095 1545 8097500
4095 1545 8097503
4095 1543 8097506
4095 1547 8097509
4095 1545 8097512
4095 1550 8097515
4095 1536 8097518
4095 1552 8097521
4095 1542 8097524
4095 1543 8097527
4095 1544 8097530
4095 1541 8097533
4095 1547 8097536
4095 1546 8097539
4095 1542 8097542
4095 1545 8097545
4095 1543 8097548
4095 1649 8097551
4095 1547 8097554
4095 1532 8097557
4095 1559 8097560
4095 1538 8097563
4095 1544 8097566
4095 1551 8097569
4095 1531 8097572
4095 1544 8097575
4095 1546 8097578
4095 1542 8097581
4095 1544 8097584
4095 1547 8097587
4095 1546 8097590
4095 1544 8097593
4095 1543 8097596
4095 1559 8097599
4095 1531 8097602
4095 1536 8097605
4095 1551 8097608
4095 1547 8097611
4095 1543 8097614
4095 1543 8097617
4095 1545 8097620
4095 1545 8097623
4095 1544 8097626
4095 1542 8097629
4095 1546 8097632
4095 1539 8097635
4095 1536 8097638
4095 1542 8097641
4095 1544 8097644
4095 1547 8097647
4095 1544 8097650
4095 1542 8097653
4095 1546 8097656
4095 1544 8097659
4095 1543 8097662
4095 1545 8097665
