766 3293 1540919
765 3294 1540922
764 3295 1540925
761 3293 1540928
762 3293 1540931
765 3295 1540934
763 3412 1540937
764 3297 1540940
763 3294 1540943
768 3291 1540946
762 3291 1540949
761 3296 1540952
766 3293 1540955
766 3296 1540958
769 3296 1540961
764 3293 1540964
761 3292 1540967
763 3295 1540970
763 3294 1540973
766 3292 1540976
765 3295 1540979
764 3296 1540982
754 3295 1540985
766 3294 1540988
769 3295 1540991
764 3293 1540994
764 3295 1540997
762 3291 1541001
762 3304 1541004
767 3294 1541007
764 3297 1541010
764 3297 1541013
765 3293 1541016
763 3291 1541019
760 3293 1541022
761 3293 1541025
767 3326 1541028
766 3294 1541031
760 3296 1541033
768 3295 1541036
765 3291 1541039
761 3294 1541042
765 3295 1541045
763 3292 1541048
766 3293 1541051
763 3293 1541054
760 3291 1541057
764 3294 1541060
765 3293 1541063
764 3295 1541066
762 3310 1541069
911 3295 1541072
760 3291 1541075
761 3295 1541078
766 3295 1541081
763 3294 1541084
766 3297 1541087
763 3294 1541090
763 3296 1541093
763 3293 1541096
763 3295 1541099
765 3295 1541102
765 3296 1541105
766 3294 1541108
765 3293 1541111
760 3299 1541114
764 3297 1541117
761 3290 1541120
762 3297 1541123
766 3300 1541126
763 3292 1541129
762 3295 1541132
763 3296 1541135
765 3293 1541138
761 3294 1541141
766 3297 1541144
765 3295 1541147
763 3295 1541150
763 3293 1541153
760 3283 1541156
709 3294 1541159
763 3292 1541162
759 3292 1541165
764 3295 1541168
767 3292 1541171
761 3293 1541174
765 3295 1541177
765 3296 1541180
762 3295 1541183
760 3295 1541186
754 3292 1541189
762 3294 1541192
766 3294 1541195
766 3293 1541198
761 3421 1541201
765 3292 1541204
760 3290 1541207
762 3295 1541210
765 3294 1541213
761 3298 1541216
766 3295 1541219
762 3293 1541222
763 3297 1541225
763 3294 1541228
764 3291 1541231
765 3294 1541234
763 3295 1541237
760 3293 1541240
762 3290 1541243
755 3296 1541246
762 3292 1541249
766 3297 1541252
766 3293 1541255
760 3296 1541258
764 3293 1541261
762 3293 1541264
763 3299 1541267
765 3295 1541270
764 3292 1541273
764 3294 1541276
762 3297 1541279
763 3295 1541282
763 3295 1541285
764 3296 1541288
765 3295 1541291
765 3298 1541294
762 3291 1541297
765 3292 1541300
763 3292 1541303
761 3293 1541306
766 3295 1541309
768 3295 1541312
765 3297 1541315
764 3293 1541318
764 3290 1541321
762 3295 1541324
762 3295 1541327
779 3154 1541330
767 3294 1541333
763 3293 1541336
760 3293 1541339
766 3295 1541342
764 3294 1541345
764 3295 1541348
762 3293 1541351
761 3290 1541354
763 3292 1541357
762 3293 1541360
760 3292 1541363
762 3294 1541366
764 3293 1541369
763 3294 1541372
761 3293 1541375
766 3300 1541378
765 3297 1541381
761 3298 1541384
764 3296 1541387
766 3295 1541390
762 3292 1541393
760 3293 1541396
764 3293 1541399
764 3295 1541402
761 3289 1541405
764 3297 1541408
766 3295 1541411
764 3290 1541414
745 3295 1541417
765 3289 1541420
763 3297 1541423
764 3291 1541426
761 3292 1541429
766 3296 1541432
767 3295 1541435
763 3294 1541438
764 3296 1541441
763 3295 1541444
764 3297 1541447
764 3294 1541450
764 3293 1541453
764 3293 1541456
707 3294 1541459
763 3294 1541462
761 3291 1541465
762 3298 1541468
762 3291 1541471
761 3294 1541474
765 3296 1541477
764 3296 1541480
764 3296 1541483
765 3292 1541486
761 3296 1541489
763 3293 1541492
763 3292 1541495
766 3448 1541498
765 3299 1541501
761 3292 1541504
765 3295 1541507
763 3293 1541510
762 3296 1541513
761 3296 1541516
762 3295 1541519
764 3296 1541522
761 3292 1541525
763 3293 1541528
766 3296 1541531
764 3295 1541534
762 3293 1541537
766 3293 1541540
764 3284 1541543
764 3294 1541546
763 3297 1541549
768 3296 1541552
763 3294 1541555
764 3293 1541558
763 3292 1541561
764 3295 1541564
764 3293 1541567
763 3296 1541570
764 3294 1541573
764 3294 1541576
762 3293 1541579
762 3296 1541582
770 3339 1541585
764 3295 1541588
762 3293 1541591
763 3296 1541594
763 3293 1541597
763 3296 1541600
761 3293 1541603
761 3292 1541606
763 3294 1541609
762 3297 1541612
760 3293 1541615
766 3292 1541618
763 3296 1541621
762 3295 1541624
661 1718 1541627
767 3295 1541630
761 3294 1541633
761 3293 1541636
765 3294 1541639
761 3295 1541642
763 3294 1541645
769 3296 1541648
764 3296 1541651
762 3295 1541654
765 3291 1541657
762 3293 1541660
762 3293 1541663
766 3296 1541666
761 3292 1541669
761 3297 1541672
766 3294 1541675
766 3296 1541678
764 3296 1541681
764 3295 1541684
766 3297 1541687
761 3294 1541690
764 3295 1541693
764 3292 1541696
761 3295 1541699
762 3293 1541702
764 3295 1541705
765 3292 1541708
764 3315 1541711
916 3295 1541714
764 3294 1541717
760 3294 1541720
760 3295 1541723
763 3293 1541726
762 3291 1541729
765 3298 1541732
760 3294 1541735
763 3296 1541738
764 3296 1541741
768 3297 1541744
764 3293 1541747
764 3294 1541750
763 3295 1541753
761 3290 1541756
762 3292 1541759
765 3296 1541762
764 3295 1541765
759 3292 1541768
765 3296 1541771
762 3297 1541774
763 3295 1541777
766 3293 1541780
765 3292 1541783
764 3294 1541786
761 3294 1541789
762 3293 1541792
763 3296 1541795
767 3380 1541798
762 3293 1541801
764 3292 1541804
763 3295 1541807
764 3295 1541810
761 3293 1541813
760 3294 1541816
762 3295 1541819
763 3294 1541822
762 3295 1541825
763 3295 1541828
764 3294 1541831
763 3295 1541834
764 3297 1541837
764 3294 1541840
789 3297 1541843
763 3292 1541846
766 3297 1541849
762 3296 1541852
762 3295 1541855
764 3295 1541858
763 3290 1541861
761 3294 1541864
761 3293 1541867
763 3291 1541870
766 3296 1541873
763 3295 1541876
761 3294 1541879
764 3293 1541882
764 3290 1541885
762 3292 1541888
766 3295 1541891
763 3294 1541894
762 3295 1541897
762 3291 1541900
762 3294 1541903
766 3294 1541906
763 3295 1541909
770 3295 1541912
764 3293 1541915
763 3295 1541918
761 3293 1541921
762 3295 1541924
757 3296 1541927
769 3295 1541930
762 3296 1541933
763 3293 1541936
763 3294 1541939
764 3288 1541942
761 3295 1541945
764 3295 1541948
764 3295 1541951
763 3293 1541954
763 3295 1541957
765 3293 1541960
766 3294 1541963
763 3295 1541966
765 3210 1541969
764 3297 1541972
764 3295 1541975
764 3295 1541978
761 3293 1541981
764 3297 1541984
763 3296 1541987
759 3294 1541990
765 3293 1541993
763 3295 1541996
762 3291 1542000
763 3294 1542003
764 3294 1542006
760 3294 1542009
764 3293 1542012
724 3295 1542015
761 3298 1542018
765 3295 1542021
762 3290 1542024
762 3296 1542027
762 3292 1542030
765 3295 1542033
764 3295 1542036
763 3301 1542038
768 3294 1542041
765 3293 1542044
763 3298 1542047
762 3291 1542050
763 3293 1542053
767 3295 1542056
767 3298 1542059
764 3292 1542062
763 3275 1542065
757 3297 1542068
776 3295 1542071
761 3291 1542074
764 3298 1542077
763 3295 1542080
761 3290 1542083
765 3296 1542086
764 3295 1542089
764 3293 1542092
765 3293 1542095
763 3298 1542098
762 3301 1542101
768 3293 1542104
765 3307 1542107
749 3285 1542110
769 3300 1542113
771 3290 1542116
760 3294 1542119
767 3297 1542122
763 3292 1542125
763 3294 1542128
764 3296 1542131
765 3292 1542134
761 3293 1542137
762 3295 1542140
762 3292 1542143
762 3291 1542146
762 3295 1542149
784 3305 1542152
752 3288 1542155
765 3299 1542158
768 3292 1542161
762 3292 1542164
764 3296 1542167
759 3294 1542170
766 3296 1542173
763 3296 1542176
762 3294 1542179
764 3294 1542182
763 3294 1542185
763 3282 1542188
732 3295 1542191
763 3300 1542194
778 3296 1542197
751 3292 1542200
766 3297 1542203
766 3294 1542206
764 3299 1542209
762 3293 1542212
764 3292 1542215
761 3296 1542218
766 3297 1542221
764 3294 1542224
765 3297 1542227
764 3298 1542230
751 3313 1542233
762 3291 1542236
772 3309 1542239
758 3284 1542242
760 3296 1542245
767 3296 1542248
762 3294 1542251
766 3296 1542254
763 3294 1542257
758 3296 1542260
763 3294 1542263
764 3290 1542266
761 3291 1542269
766 3294 1542272
765 3283 1542275
784 3292 1542278
767 3298 1542281
780 3294 1542284
752 3291 1542287
766 3302 1542290
767 3292 1542293
761 3294 1542296
767 3294 1542299
766 3292 1542302
764 3298 1542305
766 3293 1542308
765 3291 1542311
768 3295 1542314
765 3296 1542317
751 3269 1542320
763 3293 1542323
762 3312 1542326
761 3286 1542329
759 3296 1542332
766 3294 1542335
761 3292 1542338
765 3304 1542341
764 3292 1542344
762 3295 1542347
766 3296 1542350
762 3297 1542353
762 3294 1542356
763 3294 1542359
761 3295 1542362
766 3293 1542365
763 3301 1542368
774 3288 1542371
757 3296 1542374
767 3297 1542377
763 3294 1542380
761 3296 1542383
763 3293 1542386
763 3294 1542389
764 3295 1542392
766 3295 1542395
765 3292 1542398
762 3293 1542401
766 3293 1542404
768 3301 1542407
762 3295 1542410
773 3282 1542413
759 3301 1542416
773 3300 1542419
763 3289 1542422
764 3293 1542425
766 3292 1542428
763 3295 1542431
764 3295 1542434
762 3293 1542437
763 3298 1542440
762 3294 1542443
764 3294 1542446
839 3291 1542449
758 3297 1542452
765 3276 1542455
799 3288 1542458
765 3301 1542461
760 3291 1542464
763 3297 1542467
766 3296 1542470
764 3296 1542473
762 3294 1542476
764 3294 1542479
766 3295 1542482
765 3296 1542485
762 3289 1542488
763 3282 1542491
856 3295 1542494
763 3293 1542497
768 3293 1542500
774 3292 1542503
759 3292 1542506
764 3297 1542509
764 3290 1542512
762 3294 1542515
763 3295 1542518
762 3294 1542521
762 3296 1542524
763 3293 1542527
764 3293 1542530
764 3296 1542533
758 3297 1542536
764 3292 1542539
766 3310 1542542
759 3283 1542545
768 3292 1542548
766 3297 1542551
759 3295 1542554
766 3295 1542557
764 3297 1542560
761 3295 1542563
762 3292 1542566
767 3293 1542569
760 3296 1542572
763 3293 1542575
823 3290 1542578
762 3296 1542581
763 3278 1542584
750 3303 1542587
766 3299 1542590
757 3293 1542593
763 3295 1542596
765 3292 1542599
764 3290 1542602
767 3294 1542605
762 3292 1542608
764 3295 1542611
765 3298 1542614
764 3297 1542617
764 3273 1542620
781 3291 1542623
763 3290 1542626
762 3308 1542629
760 3283 1542632
766 3300 1542635
767 3295 1542638
764 3290 1542641
764 3295 1542644
764 3294 1542647
761 3295 1542650
765 3294 1542653
766 3295 1542656
765 3295 1542659
763 3650 1542662
763 3295 1542665
765 3295 1542668
765 3281 1542671
761 3291 1542674
771 3296 1542677
761 3290 1542680
763 3298 1542683
764 3295 1542686
763 3294 1542689
764 3295 1542692
762 3294 1542695
761 3293 1542698
765 3294 1542701
767 3295 1542704
736 3385 1542707
766 3293 1542710
764 3293 1542713
768 3302 1542716
761 3287 1542719
764 3298 1542722
762 3295 1542725
761 3292 1542728
763 3295 1542731
765 3287 1542734
764 3294 1542737
759 3293 1542740
763 3295 1542743
779 3296 1542746
743 3387 1542749
765 3295 1542752
763 3302 1542755
772 3299 1542758
755 3290 1542761
763 3297 1542764
766 3295 1542767
766 3295 1542770
762 3292 1542773
763 3297 1542776
765 3292 1542779
764 3293 1542782
761 3294 1542785
762 3294 1542788
748 3195 1542791
763 3292 1542794
762 3294 1542797
778 3299 1542800
756 3291 1542803
764 3295 1542806
767 3296 1542809
761 3292 1542812
764 3296 1542815
764 3294 1542818
762 3296 1542821
766 3294 1542824
762 3294 1542827
763 3294 1542830
735 3341 1542833
767 3296 1542836
762 3285 1542839
772 3304 1542842
757 3285 1542845
768 3302 1542848
765 3294 1542851
762 3290 1542854
764 3297 1542857
765 3295 1542860
764 3293 1542863
766 3296 1542866
765 3296 1542869
766 3292 1542872
758 3394 1542875
764 3294 1542878
763 3292 1542881
765 3304 1542884
765 3286 1542887
763 3299 1542890
768 3293 1542893
759 3295 1542896
760 3298 1542899
766 3297 1542902
760 3295 1542905
762 3294 1542908
763 3295 1542911
764 3295 1542914
775 3298 1542917
762 3293 1542920
764 3274 1542923
756 3294 1542926
769 3291 1542929
759 3293 1542932
770 3300 1542935
763 3291 1542938
761 3293 1542941
763 3294 1542944
759 3294 1542947
763 3296 1542950
763 3292 1542953
763 3292 1542956
763 3293 1542959
766 3292 1542962
765 3289 1542965
742 3301 1542968
759 3295 1542971
765 3291 1542974
759 3294 1542977
766 3297 1542980
761 3293 1542983
765 3293 1542986
761 3298 1542989
764 3294 1542992
762 3292 1542995
763 3295 1542999
763 3287 1543002
745 3294 1543005
765 3297 1543008
779 3294 1543011
751 3295 1543014
763 3299 1543017
766 3291 1543020
763 3295 1543023
768 3294 1543026
766 3294 1543029
762 3295 1543031
762 3294 1543034
765 3295 1543037
763 3293 1543040
764 3284 1543043
737 3292 1543046
762 3298 1543049
776 3289 1543052
775 3299 1543055
756 3288 1543058
763 3296 1543061
765 3294 1543064
766 3295 1543067
762 3302 1543070
786 3293 1543073
763 3292 1543076
760 3294 1543079
764 3293 1543082
764 3294 1543085
763 3290 1543088
764 3295 1543091
775 3294 1543094
753 3282 1543097
765 3301 1543100
767 3291 1543103
760 3294 1543106
761 3295 1543109
763 3292 1543112
761 3292 1543115
764 3295 1543118
762 3295 1543121
766 3297 1543124
764 3293 1543127
753 3276 1543130
761 3293 1543133
763 3299 1543136
762 3303 1543139
765 3288 1543142
757 3296 1543145
767 3295 1543148
763 3295 1543151
764 3293 1543154
763 3293 1543157
762 3297 1543160
763 3296 1543163
761 3294 1543166
769 3295 1543169
763 3286 1543172
761 3294 1543175
763 3300 1543178
778 3292 1543181
755 3295 1543184
764 3299 1543187
772 3291 1543190
765 3296 1543193
764 3296 1543196
763 3296 1543199
765 3299 1543202
765 3295 1543205
763 3292 1543208
763 3295 1543211
764 3250 1543214
764 3299 1543217
761 3293 1543220
748 3276 1543223
775 3294 1543226
768 3296 1543229
759 3293 1543232
764 3297 1543235
770 3294 1543238
763 3294 1543241
761 3294 1543244
765 3295 1543247
764 3294 1543250
758 3293 1543253
763 3294 1543256
750 3300 1543259
761 3298 1543262
763 3307 1543265
776 3300 1543268
754 3290 1543271
764 3295 1543274
764 3292 1543277
763 3295 1543280
765 3296 1543283
762 3292 1543286
764 3297 1543289
767 3298 1543292
761 3295 1543295
762 3293 1543298
757 3290 1543301
753 3295 1543304
762 3306 1543307
777 3283 1543310
753 3302 1543313
763 3297 1543316
760 3291 1543319
763 3297 1543322
767 3293 1543325
760 3294 1543328
763 3294 1543331
763 3293 1543334
764 3297 1543337
763 3291 1543340
765 3227 1543343
765 3294 1543346
765 3295 1543349
750 3278 1543352
769 3302 1543355
770 3291 1543358
758 3295 1543361
765 3299 1543364
765 3292 1543367
763 3294 1543370
761 3294 1543373
764 3291 1543376
764 3293 1543379
766 3295 1543382
755 3297 1543385
734 3370 1543388
764 3293 1543391
765 3283 1543394
773 3300 1543397
755 3286 1543400
765 3299 1543403
766 3292 1543406
761 3293 1543409
765 3297 1543412
767 3295 1543415
762 3295 1543418
764 3294 1543421
764 3296 1543424
764 3295 1543427
766 3287 1543430
766 3292 1543433
763 3288 1543436
744 3294 1543439
758 3301 1543442
766 3292 1543445
763 3297 1543448
762 3294 1543451
760 3294 1543454
766 3295 1543457
765 3293 1543460
767 3292 1543463
762 3295 1543466
761 3293 1543469
762 3278 1543472
795 3293 1543475
767 3294 1543478
767 3306 1543481
757 3288 1543484
765 3293 1543487
765 3295 1543490
760 3295 1543493
765 3296 1543496
766 3292 1543499
764 3296 1543502
765 3296 1543505
764 3291 1543508
764 3294 1543511
766 3320 1543514
799 3294 1543517
763 3293 1543520
736 3328 1543523
768 3304 1543526
764 3292 1543529
769 3295 1543532
768 3299 1543535
761 3293 1543538
763 3290 1543541
765 3295 1543544
764 3295 1543547
762 3292 1543550
769 3293 1543553
764 3297 1543556
767 3289 1543559
765 3293 1543562
776 3280 1543565
752 3294 1543568
769 3298 1543571
762 3292 1543574
764 3295 1543577
767 3295 1543580
761 3291 1543583
763 3298 1543586
765 3297 1543589
765 3296 1543592
763 3295 1543595
765 3296 1543598
747 3311 1543601
761 3291 1543604
759 3300 1543607
769 3287 1543610
765 3295 1543613
765 3295 1543616
761 3294 1543619
764 3294 1543622
764 3301 1543625
762 3295 1543628
764 3294 1543631
763 3294 1543634
761 3292 1543637
760 3292 1543640
753 3324 1543643
761 3294 1543646
760 3327 1543649
754 3298 1543652
769 3289 1543655
759 3300 1543658
766 3304 1543661
761 3293 1543664
766 3299 1543667
762 3291 1543670
760 3293 1543673
762 3293 1543676
766 3296 1543679
761 3294 1543682
694 3297 1543685
766 3294 1543688
763 3287 1543691
741 3302 1543694
764 3299 1543697
765 3292 1543700
760 3295 1543703
762 3292 1543706
762 3295 1543709
766 3294 1543712
764 3296 1543715
766 3297 1543718
766 3293 1543721
768 3294 1543724
765 3279 1543727
731 3293 1543730
763 3300 1543733
780 3284 1543736
751 3305 1543739
760 3298 1543742
767 3290 1543745
761 3295 1543748
765 3296 1543751
765 3294 1543754
761 3297 1543757
764 3295 1543760
764 3293 1543763
762 3294 1543766
761 3261 1543769
857 3291 1543772
763 3295 1543775
780 3301 1543778
773 3293 1543781
755 3291 1543784
765 3296 1543787
764 3292 1543790
761 3295 1543793
765 3291 1543796
760 3295 1543799
763 3293 1543802
762 3292 1543805
765 3299 1543808
763 3293 1543811
763 3295 1543814
764 3292 1543817
762 3277 1543820
790 3298 1543823
773 3295 1543826
751 3292 1543829
769 3298 1543832
771 3291 1543835
764 3295 1543838
764 3294 1543841
761 3294 1543844
762 3295 1543847
763 3296 1543850
767 3295 1543853
748 3306 1543856
764 3294 1543859
760 3301 1543862
766 3288 1543865
757 3296 1543868
770 3296 1543871
761 3292 1543874
765 3297 1543877
762 3294 1543880
762 3296 1543883
765 3294 1543886
763 3295 1543889
764 3295 1543892
761 3293 1543895
777 3329 1543898
764 3295 1543901
764 3265 1543904
773 3296 1543907
768 3294 1543910
755 3293 1543913
764 3297 1543916
762 3292 1543919
759 3299 1543922
763 3294 1543925
762 3294 1543928
764 3296 1543931
764 3293 1543934
765 3293 1543937
765 3293 1543940
778 3294 1543943
760 3310 1543946
778 3283 1543949
752 3301 1543952
765 3299 1543955
765 3292 1543958
762 3297 1543961
765 3294 1543964
764 3293 1543967
763 3294 1543970
765 3295 1543973
765 3296 1543976
761 3294 1543979
763 3280 1543982
946 3296 1543985
763 3297 1543988
744 3305 1543991
769 3302 1543994
759 3291 1543997
763 3293 1544001
763 3294 1544004
761 3292 1544007
764 3294 1544010
760 3296 1544013
763 3297 1544016
768 3296 1544019
766 3292 1544022
763 3294 1544025
768 3285 1544028
759 3292 1544031
776 3290 1544033
750 3292 1544036
770 3299 1544039
764 3289 1544042
766 3295 1544045
766 3296 1544048
763 3297 1544051
767 3294 1544054
765 3292 1544057
765 3294 1544060
766 3290 1544063
763 3291 1544066
734 3400 1544069
767 3294 1544072
746 3294 1544075
762 3302 1544078
765 3284 1544081
761 3298 1544084
767 3291 1544087
762 3292 1544090
767 3298 1544093
766 3293 1544096
760 3292 1544099
765 3294 1544102
765 3298 1544105
765 3295 1544108
764 3276 1544111
835 3296 1544114
763 3294 1544117
767 3298 1544120
764 3286 1544123
762 3299 1544126
768 3296 1544129
760 3294 1544132
765 3297 1544135
765 3289 1544138
764 3296 1544141
765 3296 1544144
766 3298 1544147
762 3295 1544150
763 3294 1544153
754 3325 1544156
768 3295 1544159
763 3310 1544162
758 3286 1544165
766 3292 1544168
770 3298 1544171
758 3295 1544174
765 3297 1544177
761 3296 1544180
764 3295 1544183
765 3295 1544186
762 3292 1544189
763 3294 1544192
765 3294 1544195
761 3295 1544198
766 3295 1544201
765 3313 1544204
781 3285 1544207
784 3294 1544210
765 3299 1544213
763 3288 1544216
763 3295 1544219
765 3296 1544222
764 3296 1544225
765 3296 1544228
761 3295 1544231
766 3295 1544234
765 3293 1544237
761 3294 1544240
769 3305 1544243
766 3294 1544246
777 3281 1544249
748 3297 1544252
761 3296 1544255
767 3294 1544258
767 3295 1544261
757 3296 1544264
763 3296 1544267
762 3288 1544270
765 3300 1544273
764 3295 1544276
764 3294 1544279
763 3293 1544282
763 3295 1544285
762 3294 1544288
761 3299 1544291
745 3318 1544294
761 3300 1544297
764 3293 1544300
763 3297 1544303
767 3300 1544306
765 3293 1544309
766 3293 1544312
765 3295 1544315
762 3293 1544318
762 3295 1544321
764 3298 1544324
768 3315 1544327
757 3291 1544330
764 3295 1544333
746 3295 1544336
766 3299 1544339
769 3292 1544342
763 3292 1544345
763 3296 1544348
760 3290 1544351
762 3295 1544354
765 3297 1544357
766 3296 1544360
760 3294 1544363
765 3294 1544366
764 3292 1544369
741 3376 1544372
764 3295 1544375
764 3303 1544378
759 3292 1544381
767 3294 1544384
753 3293 1544387
764 3296 1544390
765 3297 1544393
762 3294 1544396
766 3294 1544399
775 3292 1544402
755 3296 1544405
763 3296 1544408
767 3293 1544411
764 3266 1544414
874 3291 1544417
764 3293 1544420
757 3296 1544423
773 3296 1544426
753 3289 1544429
766 3294 1544432
764 3292 1544435
761 3296 1544438
766 3294 1544441
764 3294 1544444
764 3297 1544447
763 3294 1544450
765 3293 1544453
764 3292 1544456
747 3286 1544459
758 3292 1544462
761 3294 1544465
770 3293 1544468
759 3300 1544471
768 3299 1544474
762 3291 1544477
765 3296 1544480
764 3291 1544483
762 3293 1544486
765 3294 1544489
765 3296 1544492
760 3294 1544495
762 3298 1544498
768 3300 1544501
760 3295 1544504
764 3313 1544507
754 3292 1544510
759 3294 1544513
768 3294 1544516
758 3291 1544519
765 3298 1544522
763 3295 1544525
760 3295 1544528
766 3296 1544531
766 3295 1544534
764 3297 1544537
763 3297 1544540
766 3297 1544543
766 3294 1544546
763 3292 1544549
741 3289 1544552
768 3299 1544555
761 3292 1544558
768 3298 1544561
769 3293 1544564
765 3294 1544567
763 3292 1544570
765 3293 1544573
766 3294 1544576
761 3296 1544579
762 3293 1544582
761 3292 1544585
758 3270 1544588
764 3294 1544591
758 3312 1544594
760 3287 1544597
780 3293 1544600
760 3295 1544603
761 3295 1544606
767 3296 1544609
755 3295 1544612
764 3292 1544615
763 3292 1544618
764 3295 1544621
762 3294 1544624
763 3293 1544627
792 3273 1544630
767 3300 1544633
766 3272 1544636
763 3291 1544639
771 3296 1544642
755 3295 1544645
762 3295 1544648
764 3294 1544651
764 3297 1544654
764 3294 1544657
761 3295 1544660
764 3293 1544663
763 3296 1544666
764 3295 1544669
765 3294 1544672
747 3293 1544675
760 3293 1544678
772 3292 1544681
754 3292 1544684
768 3300 1544687
763 3292 1544690
763 3295 1544693
772 3296 1544696
763 3296 1544699
763 3296 1544702
763 3292 1544705
763 3293 1544708
761 3297 1544711
763 3293 1544714
672 3296 1544717
764 3296 1544720
743 3289 1544723
761 3301 1544726
758 3287 1544729
760 3298 1544732
769 3289 1544735
760 3293 1544738
765 3297 1544741
766 3297 1544744
764 3296 1544747
762 3295 1544750
766 3296 1544753
767 3294 1544756
767 3300 1544759
762 3294 1544762
777 3310 1544765
757 3296 1544768
760 3298 1544771
768 3300 1544774
758 3294 1544777
766 3290 1544780
773 3280 1544783
777 3281 1544786
776 3282 1544789
768 3300 1544792
802 3348 1544795
857 3393 1544798
863 3355 1544801
889 3407 1544804
880 3397 1544807
869 3407 1544810
875 3396 1544813
873 3402 1544816
881 3405 1544819
880 3399 1544822
876 3402 1544825
879 3401 1544828
877 3404 1544831
882 3406 1544834
877 3402 1544837
878 3403 1544840
877 3413 1544843
876 3402 1544846
876 3418 1544849
879 3387 1544852
872 3399 1544855
879 3403 1544858
876 3403 1544861
881 3406 1544864
879 3400 1544867
878 3406 1544870
879 3403 1544873
879 3403 1544876
880 3403 1544879
879 3401 1544882
880 3374 1544885
893 3399 1544888
876 3401 1544891
878 3407 1544894
893 3402 1544897
870 3400 1544900
879 3410 1544903
880 3400 1544906
878 3403 1544909
879 3400 1544912
880 3399 1544915
877 3403 1544918
879 3402 1544921
874 3399 1544924
878 3402 1544927
885 3407 1544930
877 3405 1544933
894 3394 1544936
897 3407 1544939
879 3407 1544942
875 3394 1544945
878 3410 1544948
881 3402 1544951
879 3403 1544954
878 3399 1544957
879 3401 1544960
880 3405 1544963
878 3405 1544966
880 3401 1544969
860 3469 1544972
879 3401 1544975
877 3397 1544978
887 3402 1544981
875 3396 1544984
885 3403 1544987
885 3391 1544990
886 3395 1544993
889 3395 1544996
885 3391 1545000
889 3392 1545003
892 3391 1545006
887 3389 1545009
889 3384 1545012
944 3391 1545015
891 3387 1545018
890 3377 1545021
876 3390 1545024
896 3393 1545027
896 3381 1545030
891 3386 1545033
897 3386 1545036
893 3386 1545038
893 3387 1545041
895 3384 1545044
894 3384 1545047
897 3386 1545050
893 3387 1545053
895 3374 1545056
911 3383 1545059
892 3379 1545062
905 3391 1545065
884 3378 1545068
892 3387 1545071
896 3386 1545074
892 3387 1545077
895 3388 1545080
894 3387 1545083
891 3387 1545086
894 3388 1545089
891 3384 1545092
892 3385 1545095
893 3376 1545098
1017 3390 1545101
892 3386 1545104
865 3406 1545107
893 3395 1545110
886 3380 1545113
891 3389 1545116
894 3388 1545119
890 3390 1545122
889 3388 1545125
890 3388 1545128
891 3388 1545131
893 3388 1545134
891 3390 1545137
894 3390 1545140
899 3390 1545143
890 3389 1545146
904 3385 1545149
878 3402 1545152
891 3397 1545155
889 3384 1545158
883 3390 1545161
891 3390 1545164
887 3390 1545167
889 3391 1545170
889 3389 1545173
892 3394 1545176
890 3393 1545179
889 3392 1545182
892 3417 1545185
886 3392 1545188
884 3404 1545191
886 3383 1545194
882 3397 1545197
894 3390 1545200
880 3390 1545203
887 3397 1545206
890 3392 1545209
889 3394 1545212
887 3401 1545215
888 3393 1545218
885 3393 1545221
886 3393 1545224
876 3380 1545227
886 3394 1545230
885 3403 1545233
894 3387 1545236
881 3398 1545239
889 3395 1545242
883 3393 1545245
882 3396 1545248
887 3394 1545251
884 3397 1545254
883 3397 1545257
886 3391 1545260
886 3395 1545263
886 3398 1545266
871 3413 1545269
889 3395 1545272
880 3402 1545275
897 3385 1545278
875 3399 1545281
885 3398 1545284
881 3395 1545287
886 3398 1545290
883 3394 1545293
885 3399 1545296
884 3395 1545299
882 3395 1545302
885 3398 1545305
888 3399 1545308
871 3394 1545311
887 3396 1545314
880 3393 1545317
895 3390 1545320
873 3408 1545323
882 3399 1545326
884 3396 1545329
880 3395 1545332
881 3396 1545335
883 3398 1545338
882 3401 1545341
883 3398 1545344
883 3398 1545347
884 3397 1545350
865 3392 1545353
882 3399 1545356
880 3404 1545359
894 3391 1545362
876 3398 1545365
883 3399 1545368
883 3392 1545371
886 3398 1545374
883 3401 1545377
884 3397 1545380
887 3394 1545383
883 3400 1545386
881 3397 1545389
884 3409 1545392
867 3423 1545395
883 3400 1545398
880 3392 1545401
881 3397 1545404
875 3396 1545407
883 3405 1545410
880 3394 1545413
881 3400 1545416
882 3401 1545419
881 3399 1545422
884 3399 1545425
881 3399 1545428
882 3399 1545431
882 3397 1545434
868 3350 1545437
881 3399 1545440
880 3387 1545443
893 3399 1545446
875 3417 1545449
880 3404 1545452
880 3399 1545455
881 3400 1545458
880 3401 1545461
880 3400 1545464
876 3396 1545467
883 3400 1545470
882 3400 1545473
879 3403 1545476
878 3367 1545479
879 3398 1545482
877 3419 1545485
878 3386 1545488
889 3397 1545491
881 3403 1545494
878 3399 1545497
877 3403 1545500
880 3400 1545503
880 3399 1545506
882 3404 1545509
879 3401 1545512
880 3398 1545515
880 3399 1545518
879 3421 1545521
878 3400 1545524
879 3413 1545527
878 3392 1545530
896 3398 1545533
885 3401 1545536
877 3401 1545539
873 3406 1545542
881 3398 1545545
879 3401 1545548
880 3404 1545551
879 3399 1545554
880 3400 1545557
882 3403 1545560
876 3418 1545563
877 3398 1545566
877 3415 1545569
885 3394 1545572
888 3401 1545575
883 3403 1545578
877 3398 1545581
881 3403 1545584
881 3398 1545587
879 3401 1545590
884 3403 1545593
880 3400 1545596
879 3401 1545599
880 3400 1545602
862 3449 1545605
878 3400 1545608
880 3391 1545611
892 3401 1545614
872 3395 1545617
880 3403 1545620
881 3398 1545623
877 3402 1545626
880 3403 1545629
879 3399 1545632
878 3401 1545635
882 3400 1545638
877 3402 1545641
881 3404 1545644
868 3560 1545647
884 3402 1545650
880 3373 1545653
891 3402 1545656
887 3401 1545659
877 3405 1545662
882 3403 1545665
883 3395 1545668
879 3402 1545671
873 3402 1545674
877 3400 1545677
881 3401 1545680
880 3403 1545683
877 3398 1545686
882 3411 1545689
879 3401 1545692
879 3419 1545695
869 3377 1545698
880 3406 1545701
882 3402 1545704
873 3399 1545707
876 3401 1545710
881 3400 1545713
877 3403 1545716
880 3402 1545719
879 3400 1545722
878 3403 1545725
880 3401 1545728
897 3375 1545731
937 3404 1545734
875 3404 1545737
885 3429 1545740
889 3398 1545743
869 3399 1545746
885 3406 1545749
878 3402 1545752
878 3401 1545755
885 3403 1545758
880 3399 1545761
877 3401 1545764
879 3401 1545767
878 3399 1545770
878 3404 1545773
889 3396 1545776
883 3401 1545779
886 3375 1545782
856 3403 1545785
892 3405 1545788
876 3394 1545791
879 3405 1545794
877 3400 1545797
885 3401 1545800
878 3404 1545803
880 3402 1545806
879 3401 1545809
881 3408 1545812
879 3400 1545815
866 3481 1545818
890 3397 1545821
877 3380 1545824
901 3426 1545827
880 3392 1545830
873 3402 1545833
885 3405 1545836
878 3400 1545839
876 3403 1545842
880 3401 1545845
877 3401 1545848
878 3401 1545851
878 3400 1545854
878 3403 1545857
881 3386 1545860
914 3392 1545863
881 3413 1545866
922 3402 1545869
861 3391 1545872
880 3412 1545875
883 3398 1545878
876 3401 1545881
882 3403 1545884
879 3398 1545887
877 3401 1545890
881 3403 1545893
878 3401 1545896
878 3402 1545899
881 3401 1545902
888 3399 1545905
876 3400 1545908
894 3376 1545911
851 3400 1545914
888 3409 1545917
875 3390 1545920
876 3404 1545923
882 3402 1545926
875 3397 1545929
879 3404 1545932
881 3403 1545935
879 3401 1545938
878 3402 1545941
879 3406 1545944
1206 3399 1545947
862 3411 1545950
874 3361 1545953
848 3410 1545956
897 3412 1545959
872 3391 1545962
876 3412 1545965
886 3402 1545968
878 3402 1545971
881 3402 1545974
880 3401 1545977
878 3403 1545980
888 3400 1545983
878 3402 1545986
880 3520 1545989
870 3408 1545992
883 3395 1545995
841 3403 1545999
905 3414 1546002
874 3392 1546005
874 3402 1546008
881 3403 1546011
876 3403 1546014
878 3409 1546017
882 3401 1546020
880 3398 1546023
881 3400 1546026
881 3400 1546029
877 3401 1546031
874 3325 1546034
890 3402 1546037
876 3383 1546040
905 3424 1546043
879 3392 1546046
871 3406 1546049
886 3404 1546052
880 3401 1546055
873 3401 1546058
877 3402 1546061
881 3403 1546064
878 3403 1546067
877 3400 1546070
877 3399 1546073
877 3377 1546076
928 3405 1546079
874 3403 1546082
895 3434 1546085
886 3388 1546088
869 3402 1546091
887 3404 1546094
877 3400 1546097
878 3405 1546100
881 3400 1546103
881 3404 1546106
880 3401 1546109
876 3400 1546112
879 3402 1546115
881 3408 1546118
858 3484 1546121
868 3402 1546124
887 3447 1546127
888 3388 1546130
868 3402 1546133
886 3405 1546136
875 3399 1546139
878 3402 1546142
881 3398 1546145
879 3403 1546148
878 3405 1546151
878 3400 1546154
879 3404 1546157
879 3403 1546160
880 3404 1546163
893 3391 1546166
880 3430 1546169
890 3373 1546172
861 3403 1546175
884 3407 1546178
876 3398 1546181
879 3404 1546184
880 3398 1546187
877 3402 1546190
878 3402 1546193
875 3401 1546196
878 3404 1546199
882 3400 1546202
875 3404 1546205
895 3408 1546208
874 3401 1546211
900 3385 1546214
851 3397 1546217
888 3410 1546220
875 3396 1546223
877 3405 1546226
879 3405 1546229
877 3400 1546232
879 3403 1546235
880 3404 1546238
877 3400 1546241
877 3401 1546244
884 3402 1546247
878 3416 1546250
871 3400 1546253
879 3410 1546256
850 3383 1546259
882 3419 1546262
887 3397 1546265
880 3402 1546268
881 3405 1546271
879 3397 1546274
879 3401 1546277
879 3402 1546280
881 3402 1546283
879 3398 1546286
879 3401 1546289
882 3421 1546292
869 3389 1546295
886 3401 1546298
840 3387 1546301
896 3418 1546304
879 3391 1546307
869 3402 1546310
888 3404 1546313
877 3399 1546316
877 3404 1546319
881 3402 1546322
879 3402 1546325
873 3406 1546328
877 3403 1546331
878 3402 1546334
879 3189 1546337
888 3400 1546340
879 3373 1546343
897 3428 1546346
882 3390 1546349
867 3402 1546352
884 3402 1546355
881 3400 1546358
879 3402 1546361
880 3401 1546364
878 3401 1546367
880 3404 1546370
881 3401 1546373
886 3398 1546376
878 3365 1546379
922 3393 1546382
872 3400 1546385
914 3427 1546388
875 3386 1546391
872 3421 1546394
888 3403 1546397
875 3399 1546400
880 3404 1546403
881 3401 1546406
877 3407 1546409
879 3404 1546412
876 3402 1546415
878 3402 1546418
882 3404 1546421
876 3426 1546424
872 3407 1546427
906 3424 1546430
859 3381 1546433
877 3413 1546436
885 3401 1546439
873 3401 1546442
881 3407 1546445
879 3398 1546448
876 3401 1546451
880 3401 1546454
878 3403 1546457
879 3402 1546460
879 3404 1546463
880 3399 1546466
849 3410 1546469
878 3386 1546472
842 3394 1546475
894 3414 1546478
880 3395 1546481
874 3401 1546484
881 3402 1546487
878 3401 1546490
880 3403 1546493
878 3402 1546496
877 3402 1546499
876 3405 1546502
881 3401 1546505
879 3346 1546508
814 3409 1546511
873 3403 1546514
879 3434 1546517
893 3392 1546520
866 3399 1546523
882 3407 1546526
877 3398 1546529
879 3402 1546532
881 3405 1546535
878 3400 1546538
879 3402 1546541
885 3403 1546544
882 3404 1546547
872 3398 1546550
885 3417 1546553
871 3407 1546556
906 3418 1546559
853 3383 1546562
882 3415 1546565
886 3400 1546568
873 3401 1546571
878 3405 1546574
881 3401 1546577
876 3401 1546580
876 3393 1546583
878 3401 1546586
880 3403 1546589
878 3402 1546592
925 3391 1546595
872 3408 1546598
876 3360 1546601
862 3419 1546604
895 3400 1546607
872 3394 1546610
882 3408 1546613
877 3400 1546616
877 3400 1546619
881 3403 1546622
876 3403 1546625
877 3400 1546628
879 3400 1546631
875 3403 1546634
877 3386 1546637
966 3390 1546640
878 3406 1546643
920 3420 1546646
866 3383 1546649
875 3407 1546652
885 3402 1546655
875 3401 1546658
878 3402 1546661
881 3401 1546664
879 3404 1546667
876 3399 1546670
879 3401 1546673
881 3402 1546676
877 3403 1546679
882 3380 1546682
885 3402 1546685
877 3367 1546688
864 3413 1546691
894 3410 1546694
874 3395 1546697
880 3406 1546700
880 3398 1546703
879 3402 1546706
881 3401 1546709
880 3401 1546712
876 3401 1546715
880 3404 1546718
879 3417 1546721
859 3490 1546724
885 3399 1546727
883 3416 1546730
909 3409 1546733
865 3384 1546736
877 3407 1546739
884 3402 1546742
876 3402 1546745
880 3404 1546748
879 3400 1546751
880 3404 1546754
875 3401 1546757
878 3401 1546760
879 3400 1546763
879 3415 1546766
876 3396 1546769
878 3423 1546772
863 3373 1546775
873 3409 1546778
887 3400 1546781
874 3399 1546784
880 3403 1546787
875 3402 1546790
879 3401 1546793
878 3401 1546796
878 3405 1546799
878 3401 1546802
878 3398 1546805
879 3400 1546808
792 3416 1546811
876 3402 1546814
855 3423 1546817
908 3405 1546820
868 3392 1546823
879 3409 1546826
884 3400 1546829
878 3405 1546832
877 3401 1546835
878 3400 1546838
883 3402 1546841
880 3403 1546844
879 3402 1546847
879 3400 1546850
887 3420 1546853
871 3404 1546856
908 3414 1546859
852 3386 1546862
881 3413 1546865
884 3397 1546868
874 3400 1546871
883 3405 1546874
878 3401 1546877
874 3401 1546880
878 3400 1546883
878 3403 1546886
874 3404 1546889
877 3403 1546892
970 3391 1546895
879 3410 1546898
873 3358 1546901
869 3423 1546904
896 3398 1546907
868 3399 1546910
879 3408 1546913
881 3402 1546916
876 3404 1546919
881 3404 1546922
875 3400 1546925
880 3398 1546928
883 3404 1546931
878 3401 1546934
879 3344 1546937
847 3410 1546940
873 3405 1546943
891 3434 1546946
887 3392 1546949
866 3402 1546952
884 3404 1546955
876 3401 1546958
881 3402 1546961
879 3404 1546964
881 3403 1546967
878 3403 1546970
880 3402 1546973
878 3401 1546976
879 3401 1546979
840 3449 1546982
872 3401 1546985
881 3446 1546988
892 3390 1546991
863 3396 1546994
886 3409 1546997
880 3395 1547001
878 3403 1547004
879 3400 1547007
879 3403 1547010
877 3404 1547013
883 3402 1547016
880 3398 1547019
879 3403 1547022
877 3370 1547025
929 3400 1547028
876 3405 1547031
917 3423 1547033
869 3387 1547036
876 3409 1547039
887 3399 1547042
872 3400 1547045
879 3406 1547048
879 3404 1547051
880 3400 1547054
658 3179 1532654
672 3194 1532657
651 3176 1532660
652 3183 1532663
665 3182 1532666
657 3178 1532669
657 3179 1532672
660 3178 1532675
654 3177 1532678
657 3177 1532681
656 3180 1532684
657 3181 1532687
658 3179 1532690
662 3176 1532693
664 3180 1532696
658 3168 1532699
665 3169 1532702
651 3192 1532705
663 3178 1532708
652 3167 1532711
657 3181 1532714
658 3181 1532717
657 3181 1532720
660 3181 1532723
658 3178 1532726
655 3181 1532729
657 3179 1532732
659 3181 1532735
655 3195 1532738
658 3178 1532741
655 3182 1532744
671 3157 1532747
655 3171 1532750
656 3185 1532753
661 3182 1532756
655 3176 1532759
657 3180 1532762
656 3179 1532765
655 3176 1532768
655 3177 1532771
658 3180 1532774
656 3172 1532777
659 3202 1532780
660 3178 1532783
658 3179 1532786
656 3169 1532789
670 3187 1532792
654 3175 1532795
654 3182 1532798
663 3180 1532801
655 3178 1532804
656 3182 1532807
659 3178 1532810
657 3179 1532813
658 3182 1532816
658 3178 1532819
659 3180 1532822
867 3177 1532825
654 3182 1532828
660 3179 1532831
645 3182 1532834
669 3185 1532837
658 3173 1532840
658 3181 1532843
657 3178 1532846
656 3182 1532849
659 3178 1532852
659 3180 1532855
657 3177 1532858
658 3180 1532861
660 3179 1532864
657 3325 1532867
656 3174 1532870
660 3176 1532873
658 3162 1532876
654 3190 1532879
661 3173 1532882
654 3177 1532885
664 3181 1532888
656 3175 1532891
657 3178 1532894
659 3176 1532897
659 3178 1532900
655 3177 1532903
659 3179 1532906
657 3175 1532909
698 3177 1532912
655 3181 1532915
656 3180 1532918
643 3185 1532921
669 3179 1532924
652 3173 1532927
657 3182 1532930
660 3176 1532933
654 3178 1532936
659 3180 1532939
658 3177 1532942
658 3177 1532945
659 3183 1532948
661 3180 1532951
660 3170 1532954
625 3180 1532957
658 3180 1532960
647 3192 1532963
670 3172 1532966
653 3175 1532969
663 3185 1532972
656 3174 1532975
660 3180 1532978
660 3181 1532981
658 3178 1532984
660 3179 1532987
655 3179 1532990
659 3179 1532993
657 3179 1532996
658 3205 1533000
662 3181 1533003
668 3202 1533006
649 3179 1533009
649 3179 1533012
661 3180 1533015
656 3176 1533018
659 3178 1533021
660 3180 1533024
656 3178 1533027
658 3182 1533030
651 3175 1533033
657 3177 1533036
658 3178 1533039
657 3179 1533041
661 3177 1533044
663 3164 1533047
662 3170 1533050
654 3189 1533053
663 3178 1533056
655 3178 1533059
659 3178 1533062
657 3179 1533065
656 3178 1533068
659 3179 1533071
656 3181 1533074
659 3178 1533077
656 3180 1533080
657 3176 1533083
660 3174 1533086
657 3180 1533089
660 3167 1533092
646 3189 1533095
666 3178 1533098
651 3176 1533101
660 3184 1533104
656 3179 1533107
657 3181 1533110
660 3179 1533113
667 3177 1533116
657 3180 1533119
657 3179 1533122
658 3176 1533125
489 3179 1533128
653 3184 1533131
657 3175 1533134
642 3181 1533137
666 3184 1533140
656 3177 1533143
660 3181 1533146
657 3177 1533149
652 3181 1533152
659 3181 1533155
660 3180 1533158
659 3178 1533161
659 3178 1533164
657 3175 1533167
655 3215 1533170
656 3175 1533173
658 3177 1533176
650 3167 1533179
669 3189 1533182
657 3170 1533185
654 3182 1533188
663 3188 1533191
651 3176 1533194
660 3180 1533197
650 3175 1533200
655 3179 1533203
656 3180 1533206
659 3182 1533209
659 3180 1533212
611 3177 1533215
652 3181 1533218
656 3175 1533221
642 3193 1533224
666 3178 1533227
653 3173 1533230
658 3179 1533233
657 3175 1533236
656 3182 1533239
661 3180 1533242
658 3178 1533245
657 3178 1533248
659 3178 1533251
658 3176 1533254
659 3178 1533257
656 3170 1533260
660 3179 1533263
657 3161 1533266
653 3191 1533269
666 3176 1533272
653 3177 1533275
659 3182 1533278
655 3176 1533281
657 3179 1533284
657 3179 1533287
658 3179 1533290
655 3178 1533293
659 3181 1533296
657 3178 1533299
656 3178 1533302
665 3176 1533305
657 3188 1533308
655 3177 1533311
645 3169 1533314
664 3184 1533317
652 3174 1533320
658 3183 1533323
662 3180 1533326
661 3178 1533329
656 3180 1533332
657 3177 1533335
657 3181 1533338
658 3178 1533341
658 3180 1533344
611 3327 1533347
657 3179 1533350
656 3161 1533353
668 3194 1533356
656 3173 1533359
653 3180 1533362
658 3178 1533365
654 3175 1533368
657 3181 1533371
656 3179 1533374
660 3181 1533377
657 3176 1533380
657 3179 1533383
658 3179 1533386
659 3178 1533389
657 3207 1533392
652 3180 1533395
673 3198 1533398
651 3176 1533401
651 3186 1533404
663 3181 1533407
656 3178 1533410
656 3181 1533413
657 3179 1533416
656 3176 1533419
656 3178 1533422
655 3177 1533425
660 3181 1533428
659 3179 1533431
657 3177 1533434
658 3191 1533437
654 3180 1533440
645 3184 1533443
643 3174 1533446
668 3187 1533449
653 3184 1533452
658 3180 1533455
657 3175 1533458
656 3180 1533461
655 3179 1533464
657 3177 1533467
656 3179 1533470
657 3179 1533473
656 3178 1533476
656 3177 1533479
659 3194 1533482
657 3178 1533485
652 3180 1533488
644 3175 1533491
668 3184 1533494
653 3174 1533497
656 3177 1533500
657 3178 1533503
657 3182 1533506
659 3178 1533509
656 3176 1533512
659 3183 1533515
658 3178 1533518
658 3177 1533521
654 3177 1533524
656 3186 1533527
652 3177 1533530
634 3168 1533533
656 3172 1533536
663 3188 1533539
660 3178 1533542
656 3181 1533545
657 3182 1533548
657 3177 1533551
656 3177 1533554
658 3178 1533557
659 3182 1533560
657 3178 1533563
658 3178 1533566
655 3178 1533569
659 3155 1533572
658 3178 1533575
657 3199 1533578
669 3174 1533581
654 3175 1533584
663 3185 1533587
657 3174 1533590
656 3177 1533593
658 3177 1533596
658 3181 1533599
658 3180 1533602
657 3175 1533605
657 3180 1533608
658 3177 1533611
657 3180 1533614
657 3181 1533617
653 3181 1533620
655 3177 1533623
642 3188 1533626
671 3177 1533629
652 3173 1533632
660 3184 1533635
658 3180 1533638
657 3179 1533641
660 3178 1533644
656 3179 1533647
656 3181 1533650
662 3180 1533653
656 3177 1533656
658 3179 1533659
658 3176 1533662
695 3177 1533665
657 3189 1533668
680 3154 1533671
652 3169 1533674
658 3184 1533677
661 3178 1533680
655 3180 1533683
658 3181 1533686
655 3177 1533689
659 3178 1533692
658 3179 1533695
658 3181 1533698
660 3182 1533701
658 3183 1533704
658 3179 1533707
656 3190 1533710
656 3179 1533713
661 3183 1533716
645 3181 1533719
668 3179 1533722
655 3174 1533725
656 3181 1533728
661 3181 1533731
656 3178 1533734
659 3178 1533737
657 3178 1533740
656 3177 1533743
657 3181 1533746
656 3182 1533749
660 3181 1533752
708 3177 1533755
656 3181 1533758
659 3161 1533761
652 3192 1533764
664 3177 1533767
654 3175 1533770
658 3183 1533773
655 3175 1533776
656 3190 1533779
657 3182 1533782
661 3180 1533785
656 3180 1533788
659 3180 1533791
655 3176 1533794
657 3178 1533797
657 3185 1533800
669 3179 1533803
660 3179 1533806
673 3194 1533809
654 3175 1533812
650 3184 1533815
666 3181 1533818
656 3176 1533821
660 3178 1533824
654 3177 1533827
659 3178 1533830
657 3180 1533833
661 3178 1533836
655 3180 1533839
656 3178 1533842
658 3176 1533845
659 3207 1533848
656 3181 1533851
673 3139 1533854
660 3169 1533857
654 3183 1533860
663 3177 1533863
658 3179 1533866
656 3181 1533869
655 3177 1533872
651 3177 1533875
656 3180 1533878
657 3183 1533881
659 3180 1533884
653 3179 1533887
657 3181 1533890
657 3178 1533893
666 3179 1533896
658 3189 1533899
644 3172 1533902
669 3186 1533905
651 3171 1533908
656 3182 1533911
660 3178 1533914
657 3182 1533917
658 3181 1533920
659 3179 1533923
654 3177 1533926
653 3175 1533929
658 3183 1533932
665 3181 1533935
660 3168 1533938
1048 3182 1533941
659 3183 1533944
648 3194 1533947
668 3169 1533950
650 3174 1533953
661 3183 1533956
656 3174 1533959
650 3180 1533962
662 3181 1533965
657 3171 1533968
661 3183 1533971
658 3179 1533974
658 3181 1533977
660 3178 1533980
656 3181 1533983
656 3182 1533986
658 3180 1533989
680 3159 1533992
658 3167 1533995
657 3185 1533999
661 3180 1534002
660 3181 1534005
658 3175 1534008
658 3181 1534011
657 3177 1534014
657 3177 1534017
657 3177 1534020
658 3174 1534023
656 3181 1534026
659 3178 1534029
658 3180 1534032
656 3181 1534035
655 3164 1534038
644 3188 1534041
664 3180 1534043
653 3173 1534046
657 3182 1534049
657 3180 1534052
659 3180 1534055
662 3180 1534058
656 3178 1534061
659 3180 1534064
658 3181 1534067
659 3179 1534070
659 3179 1534073
658 3175 1534076
660 3174 1534079
660 3198 1534082
674 3174 1534085
653 3172 1534088
664 3185 1534091
659 3180 1534094
651 3178 1534097
660 3179 1534100
657 3180 1534103
661 3172 1534106
654 3175 1534109
657 3180 1534112
655 3176 1534115
678 3177 1534118
657 3133 1534121
170 3180 1534124
658 3178 1534127
649 3194 1534130
668 3181 1534133
650 3176 1534136
660 3184 1534139
655 3176 1534142
657 3181 1534145
656 3178 1534148
656 3177 1534151
657 3182 1534154
657 3180 1534157
657 3177 1534160
656 3177 1534163
656 3179 1534166
656 3174 1534169
657 3182 1534172
653 3163 1534175
660 3190 1534178
659 3173 1534181
656 3179 1534184
661 3180 1534187
657 3179 1534190
657 3177 1534193
655 3177 1534196
657 3178 1534199
654 3176 1534202
658 3182 1534205
655 3178 1534208
658 3180 1534211
659 3190 1534214
655 3179 1534217
661 3183 1534220
645 3177 1534223
668 3183 1534226
653 3173 1534229
654 3182 1534232
658 3181 1534235
657 3180 1534238
658 3177 1534241
661 3181 1534244
658 3179 1534247
659 3178 1534250
658 3183 1534253
656 3182 1534256
662 3184 1534259
652 3177 1534262
658 3173 1534265
659 3169 1534268
659 3188 1534271
659 3179 1534274
656 3178 1534277
657 3178 1534280
655 3177 1534283
657 3182 1534286
658 3177 1534289
657 3179 1534292
656 3178 1534295
659 3181 1534298
659 3178 1534301
659 3206 1534304
648 3178 1534307
680 3166 1534310
659 3166 1534313
652 3188 1534316
663 3178 1534319
653 3180 1534322
662 3181 1534325
657 3179 1534328
662 3181 1534331
658 3179 1534334
658 3180 1534337
656 3179 1534340
658 3178 1534343
659 3179 1534346
660 3184 1534349
656 3182 1534352
649 3169 1534355
657 3171 1534358
655 3183 1534361
660 3178 1534364
657 3179 1534367
659 3180 1534370
656 3178 1534373
659 3180 1534376
659 3177 1534379
658 3180 1534382
658 3182 1534385
658 3178 1534388
658 3255 1534391
657 3172 1534394
658 3180 1534397
642 3171 1534400
674 3187 1534403
652 3173 1534406
656 3181 1534409
661 3177 1534412
657 3177 1534415
655 3181 1534418
658 3177 1534421
656 3178 1534424
657 3177 1534427
660 3182 1534430
657 3180 1534433
657 3174 1534436
700 3177 1534439
658 3190 1534442
694 3172 1534445
660 3169 1534448
659 3186 1534451
659 3175 1534454
655 3180 1534457
662 3180 1534460
658 3177 1534463
657 3180 1534466
658 3176 1534469
653 3177 1534472
659 3175 1534475
654 3177 1534478
660 3177 1534481
653 3181 1534484
660 3179 1534487
643 3180 1534490
671 3183 1534493
654 3175 1534496
656 3181 1534499
658 3178 1534502
655 3175 1534505
658 3179 1534508
656 3182 1534511
658 3176 1534514
658 3180 1534517
658 3180 1534520
658 3179 1534523
655 3175 1534526
656 3179 1534529
668 3202 1534532
647 3180 1534535
647 3176 1534538
663 3182 1534541
656 3172 1534544
662 3178 1534547
660 3180 1534550
659 3179 1534553
658 3179 1534556
660 3178 1534559
658 3177 1534562
658 3178 1534565
660 3177 1534568
655 3180 1534571
660 3180 1534574
659 3165 1534577
654 3189 1534580
664 3176 1534583
654 3175 1534586
660 3181 1534589
656 3175 1534592
656 3179 1534595
658 3179 1534598
658 3180 1534601
653 3175 1534604
660 3180 1534607
657 3179 1534610
658 3173 1534613
614 3180 1534616
661 3181 1534619
661 3196 1534622
654 3178 1534625
655 3177 1534628
661 3184 1534631
659 3169 1534634
653 3177 1534637
659 3180 1534640
659 3178 1534643
765 3297 1539052
759 3290 1539055
764 3295 1539058
764 3293 1539061
760 3294 1539064
766 3295 1539067
766 3295 1539070
765 3295 1539073
766 3297 1539076
766 3294 1539079
764 3293 1539082
754 3295 1539085
764 3301 1539088
765 3295 1539090
766 3298 1539093
762 3279 1539096
764 3295 1539099
763 3293 1539102
763 3293 1539105
764 3296 1539108
762 3294 1539111
763 3294 1539114
765 3293 1539117
766 3294 1539121
766 3292 1539123
764 3296 1539126
803 3294 1539129
764 3294 1539132
766 3291 1539135
768 3295 1539138
764 3294 1539141
765 3292 1539144
765 3295 1539147
765 3296 1539150
765 3296 1539154
761 3291 1539156
764 3295 1539159
765 3294 1539162
764 3294 1539165
764 3294 1539168
768 3292 1539171
764 3388 1539174
759 3290 1539177
766 3295 1539180
766 3297 1539183
764 3293 1539187
766 3292 1539189
764 3294 1539192
764 3291 1539195
763 3296 1539198
767 3293 1539201
767 3295 1539204
762 3295 1539207
763 3293 1539210
766 3293 1539213
315 3194 1539216
765 3301 1539220
762 3293 1539222
764 3293 1539225
762 3294 1539228
763 3294 1539231
764 3293 1539234
763 3294 1539237
766 3295 1539240
765 3294 1539243
764 3292 1539246
768 3294 1539249
764 3297 1539253
762 3292 1539255
766 3297 1539258
763 3293 1539261
761 3294 1539264
764 3295 1539267
766 3292 1539270
765 3297 1539273
766 3292 1539276
765 3294 1539279
764 3295 1539282
764 3290 1539286
764 3290 1539288
763 3294 1539291
766 3294 1539294
760 3295 1539297
766 3291 1539300
758 3296 1539303
765 3307 1539306
762 3296 1539309
768 3300 1539312
765 3292 1539315
765 3295 1539319
762 3293 1539321
764 3295 1539324
764 3293 1539327
763 3296 1539330
766 3298 1539333
764 3300 1539336
766 3296 1539339
762 3296 1539342
762 3294 1539345
803 3270 1539348
764 3296 1539352
760 3290 1539354
767 3299 1539357
762 3294 1539360
763 3295 1539363
766 3294 1539366
765 3295 1539369
765 3297 1539372
761 3293 1539375
766 3293 1539378
763 3293 1539381
768 3296 1539385
766 3293 1539387
803 3294 1539390
763 3633 1539393
762 3293 1539396
763 3291 1539399
766 3292 1539402
766 3295 1539405
762 3292 1539408
772 3294 1539411
765 3294 1539414
764 3295 1539418
762 3291 1539420
763 3304 1539423
763 3293 1539426
765 3293 1539429
764 3295 1539432
763 3526 1539435
769 3294 1539438
766 3294 1539441
761 3292 1539444
765 3296 1539447
765 3295 1539451
763 3294 1539453
765 3295 1539456
766 3292 1539459
764 3297 1539462
765 3297 1539465
766 3298 1539468
767 3294 1539471
761 3293 1539474
764 3291 1539477
758 3297 1539480
765 3296 1539484
767 3296 1539486
764 3292 1539489
764 3294 1539492
760 3296 1539495
767 3294 1539498
764 3294 1539501
764 3295 1539504
763 3293 1539507
763 3288 1539510
763 3294 1539513
767 3296 1539517
764 3293 1539519
767 3297 1539522
763 3291 1539525
767 3294 1539528
762 3296 1539531
767 3293 1539534
766 3296 1539537
762 3293 1539540
767 3293 1539543
764 3295 1539546
765 3294 1539550
764 3294 1539552
764 3296 1539555
763 3293 1539558
761 3294 1539561
912 3292 1539564
761 3292 1539567
764 3294 1539570
763 3296 1539573
762 3292 1539576
765 3293 1539579
763 3295 1539583
766 3292 1539585
765 3295 1539588
763 3291 1539591
765 3295 1539594
765 3294 1539597
765 3296 1539600
764 3296 1539603
762 3293 1539606
675 3308 1539609
765 3293 1539612
762 3298 1539616
766 3292 1539618
764 3296 1539621
763 3293 1539624
762 3295 1539627
763 3293 1539630
765 3290 1539633
762 3297 1539636
764 3293 1539639
764 3293 1539642
763 3296 1539645
764 3296 1539649
763 3290 1539651
766 3303 1539654
764 3295 1539657
764 3297 1539660
762 3293 1539663
766 3295 1539666
762 3296 1539669
764 3293 1539672
761 3295 1539675
763 3294 1539678
763 3297 1539682
762 3291 1539684
765 3297 1539687
763 3293 1539690
762 3292 1539693
761 3435 1539696
764 3294 1539699
765 3290 1539702
764 3294 1539705
762 3295 1539708
764 3293 1539711
763 3297 1539715
763 3292 1539717
763 3295 1539720
761 3290 1539723
763 3296 1539726
763 3295 1539729
763 3294 1539732
914 3297 1539735
762 3291 1539738
764 3295 1539741
761 3297 1539744
763 3294 1539748
763 3289 1539750
763 3295 1539753
763 3292 1539756
765 3296 1539759
765 3294 1539762
763 3294 1539765
763 3295 1539768
764 3294 1539771
764 3294 1539774
761 3294 1539777
766 3293 1539781
762 3293 1539783
766 3299 1539786
761 3294 1539789
764 3293 1539792
765 3295 1539795
763 3295 1539798
763 3296 1539801
761 3294 1539804
763 3293 1539807
761 3294 1539810
764 3295 1539814
762 3291 1539816
763 3296 1539819
759 3292 1539822
763 3297 1539825
766 3297 1539828
761 3296 1539831
768 3293 1539834
762 3296 1539837
764 3293 1539840
766 3295 1539843
762 3293 1539847
763 3291 1539849
767 3294 1539852
763 3295 1539855
762 3296 1539858
760 3296 1539861
763 3291 1539864
765 3295 1539867
763 3296 1539870
765 3292 1539873
764 3294 1539876
765 3296 1539880
765 3291 1539882
764 3294 1539885
761 3295 1539888
762 3295 1539891
764 3293 1539894
765 3294 1539897
763 3295 1539900
1183 3293 1539903
766 3293 1539906
764 3296 1539909
764 3300 1539913
759 3291 1539915
763 3296 1539918
762 3293 1539921
764 3292 1539924
764 3298 1539927
764 3294 1539930
765 3294 1539933
759 3294 1539936
763 3291 1539939
763 3295 1539942
756 3293 1539946
759 3282 1539948
765 3296 1539951
762 3293 1539954
762 3292 1539957
764 3295 1539960
761 3294 1539963
763 3293 1539966
771 3292 1539969
763 3294 1539972
763 3292 1539975
764 3295 1539979
764 3294 1539981
765 3294 1539984
764 3292 1539987
738 3292 1539990
764 3295 1539993
761 3292 1539996
764 3294 1540001
762 3293 1540004
763 3297 1540007
766 3295 1540010
762 3294 1540013
759 3293 1540016
763 3295 1540019
764 3295 1540022
764 3296 1540025
762 3292 1540028
763 3279 1540031
762 3289 1540034
764 3294 1540037
769 3297 1540040
763 3293 1540043
765 3298 1540046
764 3291 1540049
759 3292 1540052
764 3298 1540055
765 3294 1540058
761 3296 1540061
765 3294 1540064
759 3295 1540067
765 3294 1540070
762 3295 1540073
765 3289 1540076
764 3294 1540079
762 3296 1540082
766 3294 1540085
764 3293 1540088
764 3296 1540091
763 3291 1540094
764 3295 1540097
763 3293 1540100
764 3292 1540103
761 3293 1540106
765 3294 1540109
765 3295 1540112
769 3294 1540115
780 3289 1540118
762 3294 1540121
767 3290 1540124
761 3295 1540127
767 3296 1540130
763 3293 1540133
766 3294 1540136
766 3296 1540139
764 3293 1540142
765 3294 1540145
765 3294 1540148
764 3296 1540151
764 3295 1540154
764 3294 1540157
741 3279 1540160
767 3296 1540163
763 3295 1540166
764 3293 1540169
763 3296 1540172
767 3301 1540175
764 3293 1540178
763 3294 1540181
766 3296 1540184
761 3293 1540187
765 3296 1540190
764 3295 1540193
764 3295 1540196
763 3292 1540199
764 3295 1540202
766 3295 1540205
764 3295 1540208
767 3296 1540211
762 3292 1540214
762 3294 1540217
763 3294 1540220
765 3297 1540223
761 3294 1540226
768 3296 1540229
764 3292 1540232
765 3294 1540235
760 3292 1540238
762 3294 1540241
765 3293 1540244
729 3293 1540247
766 3292 1540250
762 3297 1540253
769 3296 1540256
762 3290 1540259
766 3295 1540262
763 3292 1540265
764 3295 1540268
761 3295 1540271
763 3297 1540274
769 3293 1540277
762 3294 1540280
766 3294 1540283
765 3303 1540286
952 3295 1540289
762 3293 1540292
762 3293 1540295
762 3293 1540298
766 3294 1540301
762 3296 1540304
762 3300 1540307
768 3297 1540310
765 3292 1540313
763 3294 1540316
763 3295 1540319
764 3293 1540322
761 3293 1540325
761 3506 1540328
762 3293 1540331
763 3293 1540334
767 3297 1540337
763 3293 1540340
766 3292 1540343
764 3293 1540346
764 3293 1540349
764 3294 1540352
766 3296 1540355
763 3291 1540358
765 3292 1540361
763 3296 1540364
763 3294 1540367
764 3295 1540370
770 3300 1540373
766 3295 1540376
756 3291 1540379
765 3295 1540382
762 3294 1540385
760 3294 1540388
763 3292 1540391
763 3294 1540394
763 3294 1540397
765 3291 1540400
765 3301 1540403
761 3291 1540406
763 3295 1540409
764 3294 1540412
853 3280 1540415
767 3295 1540418
765 3298 1540421
758 3282 1540424
760 3296 1540427
763 3293 1540430
763 3291 1540433
764 3297 1540436
764 3294 1540439
764 3299 1540442
764 3295 1540445
766 3296 1540448
765 3294 1540451
764 3294 1540454
763 3293 1540457
777 3295 1540460
762 3291 1540463
763 3296 1540466
768 3296 1540469
764 3293 1540472
765 3296 1540475
764 3292 1540478
761 3298 1540481
761 3293 1540484
765 3297 1540487
764 3294 1540490
766 3295 1540493
762 3296 1540496
762 3293 1540499
763 3291 1540502
764 3293 1540505
767 3298 1540508
765 3292 1540511
762 3295 1540514
764 3294 1540517
764 3293 1540520
763 3292 1540523
764 3295 1540526
762 3294 1540529
763 3292 1540532
762 3295 1540535
763 3295 1540538
763 3294 1540541
790 3292 1540544
765 3296 1540547
765 3298 1540550
763 3292 1540553
762 3296 1540556
770 3295 1540559
761 3292 1540562
763 3294 1540565
763 3294 1540568
763 3293 1540571
764 3293 1540574
763 3295 1540577
763 3295 1540580
766 3295 1540583
764 3380 1540586
762 3291 1540589
764 3293 1540592
764 3291 1540595
762 3293 1540598
763 3297 1540601
765 3295 1540604
763 3294 1540607
765 3296 1540610
764 3296 1540613
762 3294 1540616
764 3298 1540619
762 3294 1540622
763 3293 1540625
761 3293 1540628
385 3290 1540631
763 3296 1540634
764 3298 1540637
763 3300 1540640
761 3293 1540643
761 3294 1540646
761 3294 1540649
765 3292 1540652
760 3294 1540655
764 3295 1540658
759 3296 1540661
763 3294 1540664
762 3294 1540667
764 3296 1540670
764 3293 1540673
761 3297 1540676
764 3296 1540679
767 3296 1540682
764 3293 1540685
761 3295 1540688
766 3295 1540691
763 3293 1540694
765 3294 1540697
762 3297 1540700
764 3296 1540703
766 3292 1540706
764 3294 1540709
764 3294 1540712
763 3296 1540715
765 3299 1540718
754 3291 1540721
764 3295 1540724
765 3293 1540727
763 3294 1540730
764 3297 1540733
763 3293 1540736
767 3296 1540739
765 3294 1540742
761 3294 1540745
764 3294 1540748
766 3310 1540751
761 3294 1540754
766 3294 1540757
760 3293 1540760
742 3311 1540763
761 3295 1540766
765 3295 1540769
767 3296 1540772
764 3292 1540775
762 3294 1540778
759 3295 1540781
763 3295 1540784
762 3293 1540787
762 3298 1540790
763 3293 1540793
763 3294 1540796
765 3298 1540799
762 3296 1540802
764 3360 1540805
763 3288 1540808
763 3294 1540811
764 3293 1540814
762 3294 1540817
762 3293 1540820
768 3298 1540823
765 3292 1540826
766 3294 1540829
764 3296 1540832
760 3294 1540835
764 3295 1540838
763 3298 1540841
765 3297 1540844
766 3294 1540847
765 3301 1540850
757 3293 1540853
764 3294 1540856
765 3295 1540859
763 3293 1540862
762 3297 1540865
764 3296 1540868
765 3296 1540871
763 3293 1540874
765 3295 1540877
764 3294 1540880
762 3301 1540883
763 3291 1540886
765 3296 1540889
761 3294 1540892
777 3436 1540895
765 3296 1540898
763 3292 1540901
762 3298 1540904
764 3292 1540907
760 3293 1540910
762 3296 1540913
765 3293 1540916
