0 0 637002
0 0 637007
0 0 637011
0 0 637015
0 0 637020
0 0 637024
0 0 637028
0 0 637033
0 0 637037
0 0 637041
0 0 637046
0 0 637050
0 0 637054
0 0 637059
0 0 637063
0 0 637067
0 0 637072
0 0 637076
0 0 637080
0 0 637085
0 0 637089
0 0 637093
0 0 637098
0 0 637102
0 0 637106
0 0 637111
0 0 637115
0 0 637119
0 0 637124
0 0 637128
0 0 637132
0 0 637137
0 0 637141
0 0 637145
0 0 637150
0 0 637154
0 0 637158
0 0 637163
0 0 637167
0 0 637171
0 0 637176
0 0 637180
0 0 637184
0 0 637189
0 0 637193
0 0 637197
0 0 637202
0 0 637206
0 0 637210
0 0 637215
0 0 637219
0 0 637223
0 0 637228
0 0 637232
0 0 637236
0 0 637241
0 0 637245
0 0 637249
0 0 637254
0 0 637258
0 0 637262
0 0 637267
0 0 637271
0 0 637275
0 0 637280
0 0 637284
0 0 637288
0 0 637293
0 0 637297
0 0 637301
0 0 637306
0 0 637310
0 0 637314
0 0 637319
0 0 637323
0 0 637327
0 0 637332
0 0 637336
0 0 637341
0 0 637345
0 0 637349
0 0 637354
0 0 637358
0 0 637362
0 0 637367
0 0 637371
0 0 637376
0 0 637380
0 0 637384
0 0 637389
0 0 637393
0 0 637398
0 0 637402
0 0 637406
0 0 637411
0 0 637415
0 0 637419
0 0 637424
0 0 637428
0 0 637433
0 0 637437
0 0 637441
0 0 637446
0 0 637450
0 0 637454
0 0 637459
0 0 637463
0 0 637468
0 0 637472
0 0 637476
0 0 637481
0 0 637485
0 0 637490
0 0 637494
0 0 637498
0 0 637503
0 0 637507
0 0 637511
0 0 637516
0 0 637520
0 0 637525
0 0 637529
0 0 637533
0 0 637538
0 0 637542
0 0 637546
0 0 637551
0 0 637555
0 0 637560
0 0 637564
0 0 637568
0 0 637573
0 0 637577
0 0 637582
0 0 637586
0 0 637590
0 0 637595
0 0 637599
0 0 637603
0 0 637608
0 0 637612
0 0 637617
0 0 637621
0 0 637625
0 0 637630
0 0 637634
0 0 637638
0 0 637643
0 0 637647
0 0 637652
0 0 637656
0 0 637660
0 0 637665
0 0 637669
0 0 637674
0 0 637678
0 0 637682
0 0 637687
0 0 637691
0 0 637695
0 0 637700
0 0 637704
0 0 637709
0 0 637713
0 0 637717
0 0 637722
0 0 637726
0 0 637730
0 0 637735
0 0 637739
0 0 637744
0 0 637748
0 0 637752
0 0 637757
0 0 637761
0 0 637766
0 0 637770
0 0 637774
0 0 637779
0 0 637783
0 0 637787
0 0 637792
0 0 637796
0 0 637801
0 0 637805
0 0 637809
0 0 637814
0 0 637818
0 0 637822
0 0 637827
0 0 637831
0 0 637836
0 0 637840
0 0 637844
0 0 637849
0 0 637853
0 0 637858
0 0 637862
0 0 637866
0 0 637871
0 0 637875
0 0 637879
0 0 637884
0 0 637888
0 0 637893
0 0 637897
0 0 637901
0 0 637906
0 0 637910
0 0 637914
0 0 637919
0 0 637923
0 0 637928
0 0 637932
0 0 637936
0 0 637941
0 0 637945
0 0 637950
0 0 637954
0 0 637958
0 0 637963
0 0 637967
0 0 637971
0 0 637976
0 0 637980
0 0 637985
0 0 637989
0 0 637993
0 0 637999
0 0 638003
0 0 638008
0 0 638012
0 0 638016
0 0 638021
0 0 638025
0 0 638029
0 0 638034
0 0 638038
0 0 638042
0 0 638047
0 0 638051
0 0 638055
0 0 638060
0 0 638064
0 0 638068
0 0 638073
0 0 638077
0 0 638081
0 0 638086
0 0 638090
0 0 638094
0 0 638099
0 0 638103
0 0 638107
0 0 638112
0 0 638116
0 0 638120
0 0 638125
0 0 638129
0 0 638133
0 0 638138
0 0 638142
0 0 638146
0 0 638151
0 0 638155
0 0 638159
0 0 638164
0 0 638168
0 0 638172
0 0 638177
0 0 638181
0 0 638185
0 0 638190
0 0 638194
0 0 638198
0 0 638203
0 0 638207
0 0 638211
0 0 638216
0 0 638220
0 0 638224
0 0 638229
0 0 638233
0 0 638237
0 0 638242
0 0 638246
0 0 638250
0 0 638255
0 0 638259
0 0 638263
0 0 638268
0 0 638272
0 0 638276
0 0 638281
0 0 638285
0 0 638289
0 0 638294
0 0 638298
0 0 638302
0 0 638307
0 0 638311
0 0 638315
0 0 638320
0 0 638324
0 0 638328
0 0 638333
0 0 638337
0 0 638341
0 0 638346
0 0 638350
0 0 638354
0 0 638359
0 0 638363
0 0 638367
0 0 638372
0 0 638376
0 0 638380
0 0 638385
0 0 638389
0 0 638393
0 0 638398
0 0 638402
0 0 638406
0 0 638411
0 0 638415
0 0 638419
0 0 638424
0 0 638428
0 0 638432
0 0 638437
0 0 638441
0 0 638445
0 0 638450
0 0 638454
0 0 638458
0 0 638463
0 0 638467
0 0 638471
0 0 638476
0 0 638480
0 0 638484
0 0 638489
0 0 638493
0 0 638497
0 0 638502
0 0 638506
0 0 638510
0 0 638515
0 0 638519
0 0 638523
0 0 638528
0 0 638532
0 0 638536
0 0 638541
0 0 638545
0 0 638549
0 0 638554
0 0 638558
0 0 638562
0 0 638567
0 0 638571
0 0 638575
0 0 638580
0 0 638584
0 0 638588
0 0 638593
0 0 638597
0 0 638601
0 0 638606
0 0 638610
0 0 638614
0 0 638619
0 0 638623
0 0 638627
0 0 638632
0 0 638636
0 0 638640
0 0 638645
0 0 638649
0 0 638653
0 0 638658
0 0 638662
0 0 638666
0 0 638671
0 0 638675
0 0 638679
0 0 638684
0 0 638688
0 0 638692
0 0 638697
0 0 638701
0 0 638705
0 0 638710
0 0 638714
0 0 638718
0 0 638723
0 0 638727
0 0 638731
0 0 638736
0 0 638740
0 0 638744
0 0 638749
0 0 638753
0 0 638757
0 0 638762
0 0 638766
0 0 638770
0 0 638775
0 0 638779
0 0 638783
0 0 638788
0 0 638792
0 0 638796
0 0 638801
0 0 638805
0 0 638809
0 0 638814
0 0 638818
0 0 638822
0 0 638827
0 0 638831
0 0 638835
0 0 638840
0 0 638844
0 0 638848
0 0 638853
0 0 638857
0 0 638861
0 0 638866
0 0 638870
0 0 638874
0 0 638879
0 0 638883
0 0 638887
0 0 638892
0 0 638896
0 0 638900
0 0 638905
0 0 638909
0 0 638913
0 0 638918
0 0 638922
0 0 638926
0 0 638931
0 0 638935
0 0 638939
0 0 638944
0 0 638948
0 0 638952
0 0 638957
0 0 638961
0 0 638965
0 0 638970
0 0 638974
0 0 638978
0 0 638983
0 0 638987
0 0 638991
0 0 638996
0 0 639001
0 0 639006
0 0 639010
0 0 639014
0 0 639019
0 0 639023
0 0 639027
0 0 639032
0 0 639036
0 0 639040
0 0 639045
0 0 639049
0 0 639053
0 0 639058
0 0 639062
0 0 639066
0 0 639071
0 0 639075
0 0 639079
0 0 639084
0 0 639088
0 0 639092
0 0 639097
0 0 639101
0 0 639105
0 0 639110
0 0 639114
0 0 639118
0 0 639123
0 0 639127
0 0 639131
0 0 639136
0 0 639140
0 0 639144
0 0 639149
0 0 639153
0 0 639157
0 0 639162
0 0 639166
0 0 639170
0 0 639175
0 0 639179
0 0 639183
0 0 639188
0 0 639192
0 0 639196
0 0 639201
0 0 639205
0 0 639209
0 0 639214
0 0 639218
0 0 639222
0 0 639227
0 0 639231
0 0 639235
0 0 639240
0 0 639244
0 0 639248
0 0 639253
0 0 639257
0 0 639261
0 0 639266
0 0 639270
0 0 639274
0 0 639279
0 0 639283
0 0 639287
0 0 639292
0 0 639296
0 0 639300
0 0 639305
0 0 639309
0 0 639313
0 0 639318
0 0 639322
0 0 639326
0 0 639331
0 0 639335
0 0 639339
0 0 639344
0 0 639348
0 0 639352
0 0 639357
0 0 639361
0 0 639365
0 0 639370
0 0 639374
0 0 639378
0 0 639383
0 0 639387
0 0 639391
0 0 639396
0 0 639400
0 0 639404
0 0 639409
0 0 639413
0 0 639417
0 0 639422
0 0 639426
0 0 639430
0 0 639435
0 0 639439
0 0 639443
0 0 639448
0 0 639452
0 0 639456
0 0 639461
0 0 639465
0 0 639469
0 0 639474
0 0 639478
0 0 639482
0 0 639487
0 0 639491
0 0 639495
0 0 639500
0 0 639504
0 0 639508
0 0 639513
0 0 639517
0 0 639521
0 0 639526
0 0 639530
0 0 639534
0 0 639539
0 0 639543
0 0 639547
0 0 639552
0 0 639556
0 0 639560
0 0 639565
0 0 639569
0 0 639573
0 0 639578
0 0 639582
0 0 639586
0 0 639591
0 0 639595
0 0 639599
0 0 639604
0 0 639608
0 0 639612
0 0 639617
0 0 639621
0 0 639625
0 0 639630
0 0 639634
0 0 639638
0 0 639643
0 0 639647
0 0 639651
0 0 639656
0 0 639660
0 0 639664
0 0 639669
0 0 639673
0 0 639677
0 0 639682
0 0 639686
0 0 639690
0 0 639695
0 0 639699
0 0 639703
0 0 639708
0 0 639712
0 0 639716
0 0 639721
0 0 639725
0 0 639729
0 0 639734
0 0 639738
0 0 639742
0 0 639747
0 0 639751
0 0 639755
0 0 639760
0 0 639764
0 0 639768
0 0 639773
0 0 639777
0 0 639781
0 0 639786
0 0 639790
0 0 639794
0 0 639799
0 0 639803
0 0 639807
0 0 639812
0 0 639816
0 0 639820
0 0 639825
0 0 639829
0 0 639833
0 0 639838
0 0 639842
0 0 639846
0 0 639851
0 0 639855
0 1 639859
0 1 639864
2 0 639868
8 7 639872
9 9 639877
6 14 639881
10 18 639885
16 19 639890
18 21 639894
#TRIGGER ON
24 16 639898
25 24 639901
25 26 639904
23 25 639907
28 26 639910
28 29 639913
34 32 639916
34 33 639919
36 32 639922
35 36 639925
39 38 639928
37 37 639931
42 42 639934
43 46 639936
48 44 639939
49 44 639943
49 44 639945
52 50 639948
51 48 639951
54 52 639954
55 55 639957
56 55 639960
55 59 639963
58 60 639966
62 65 639969
64 62 639972
62 64 639976
70 65 639978
66 67 639981
70 68 639984
68 70 639987
72 75 639990
76 70 639993
77 75 639996
82 80 640001
82 79 640004
83 78 640007
82 84 640010
87 78 640013
83 87 640016
90 94 640019
91 92 640022
90 92 640025
91 94 640028
93 93 640031
92 96 640034
100 97 640037
98 102 640040
99 103 640043
105 102 640046
100 107 640049
105 107 640052
110 111 640055
111 108 640058
110 108 640061
108 110 640064
115 114 640067
114 110 640070
115 118 640073
118 118 640076
124 122 640079
121 121 640082
125 123 640085
123 123 640088
126 124 640091
122 127 640094
128 124 640097
130 129 640100
129 130 640103
132 137 640106
134 135 640109
135 134 640112
134 140 640115
141 142 640118
141 141 640121
139 142 640124
143 144 640127
144 151 640130
147 150 640133
149 153 640136
153 153 640139
150 150 640142
150 151 640145
152 156 640148
153 153 640151
153 160 640154
159 155 640157
162 162 640160
160 162 640163
166 166 640166
166 164 640169
167 169 640172
168 166 640175
169 165 640178
167 172 640181
173 171 640184
169 175 640187
176 176 640190
175 177 640193
176 175 640196
178 181 640199
183 182 640202
184 188 640205
183 182 640208
182 184 640211
184 190 640214
187 183 640217
188 192 640220
192 193 640223
192 195 640226
190 189 640229
192 190 640232
194 197 640235
196 198 640238
197 197 640241
200 199 640244
203 204 640247
202 202 640250
201 207 640253
207 203 640256
206 199 640259
208 205 640262
208 210 640265
215 212 640268
214 214 640271
213 214 640274
214 214 640277
214 218 640280
216 217 640283
218 225 640286
221 219 640289
221 224 640292
222 222 640295
226 229 640298
228 226 640301
227 231 640304
229 229 640307
230 230 640310
227 234 640313
235 233 640316
234 228 640319
233 232 640322
237 236 640325
237 239 640328
244 242 640331
243 240 640334
244 246 640337
243 244 640340
241 245 640343
245 244 640346
246 248 640349
248 250 640352
250 249 640355
253 250 640358
254 254 640361
255 254 640364
260 254 640367
258 255 640370
256 254 640373
258 258 640376
256 260 640379
263 264 640382
266 264 640385
265 262 640388
266 268 640391
265 269 640394
271 273 640397
266 272 640400
272 270 640403
268 271 640406
274 274 640409
273 275 640412
274 276 640415
278 281 640418
281 280 640421
282 281 640424
282 278 640427
281 280 640430
285 282 640433
284 291 640436
288 290 640439
285 287 640442
289 294 640445
291 298 640448
293 291 640451
291 291 640454
293 292 640457
295 294 640460
296 297 640463
296 294 640466
300 299 640469
301 300 640472
299 300 640475
304 307 640478
305 303 640481
301 305 640484
304 305 640487
308 309 640490
307 306 640493
308 311 640496
313 311 640499
312 307 640502
310 315 640505
315 310 640508
311 317 640511
319 319 640514
319 319 640517
320 320 640520
324 322 640523
319 318 640526
322 326 640529
326 323 640532
326 328 640535
327 331 640538
323 329 640541
323 329 640544
327 330 640547
329 330 640550
332 336 640553
334 334 640556
334 332 640559
336 336 640562
339 338 640565
340 339 640568
341 341 640571
339 342 640574
340 346 640577
347 345 640580
344 347 640583
348 346 640586
344 345 640589
344 347 640592
349 356 640595
349 350 640598
352 356 640601
355 358 640604
350 353 640607
349 359 640610
355 356 640613
358 358 640616
358 356 640619
361 361 640622
359 359 640625
362 365 640628
365 363 640631
366 364 640634
362 366 640637
368 366 640640
367 369 640643
369 374 640646
370 368 640649
373 374 640652
375 373 640655
369 371 640658
374 383 640661
377 377 640664
377 382 640667
377 379 640670
379 378 640673
374 383 640676
382 384 640679
378 383 640682
385 382 640685
387 384 640688
384 386 640691
389 388 640694
390 384 640697
393 394 640700
395 392 640703
391 392 640706
389 395 640709
392 394 640712
391 393 640715
396 399 640718
401 397 640721
394 396 640724
399 404 640727
400 401 640730
403 403 640733
404 402 640736
404 400 640739
403 404 640742
406 410 640745
409 405 640748
407 410 640751
410 406 640754
411 411 640757
411 415 640760
410 415 640763
415 415 640766
412 414 640769
413 415 640772
414 418 640775
416 418 640778
417 420 640781
422 420 640784
424 421 640787
423 423 640790
424 420 640793
420 423 640796
429 426 640799
429 428 640802
427 424 640805
424 433 640808
428 429 640811
426 436 640814
430 434 640817
429 427 640820
433 433 640823
435 435 640826
435 435 640829
438 435 640832
438 440 640835
441 440 640838
440 440 640841
442 443 640844
445 441 640847
445 441 640850
447 442 640853
444 442 640856
448 455 640859
450 446 640862
450 453 640865
449 450 640868
451 448 640871
450 457 640874
452 456 640877
453 456 640880
456 457 640883
455 456 640886
454 453 640889
456 461 640892
458 463 640895
463 460 640898
461 465 640901
465 459 640904
458 460 640907
464 466 640910
464 462 640913
466 464 640916
467 463 640919
469 468 640922
474 474 640925
470 470 640928
473 476 640931
471 475 640934
472 469 640937
470 472 640940
472 475 640943
475 476 640946
474 474 640949
475 481 640952
483 476 640955
480 484 640958
485 480 640961
483 484 640964
484 486 640967
483 481 640970
486 490 640973
488 484 640976
484 489 640979
489 490 640982
488 487 640985
491 488 640988
490 492 640991
492 492 640994
496 498 640999
493 498 641002
495 496 641005
498 497 641008
498 499 641011
497 495 641014
496 500 641017
500 502 641020
496 499 641023
503 501 641026
501 507 641029
507 504 641032
509 508 641035
508 508 641038
510 507 641040
508 506 641043
507 508 641046
508 508 641049
511 511 641052
508 512 641055
515 511 641058
515 514 641061
513 516 641065
515 514 641067
518 516 641070
517 515 641073
520 518 641076
519 518 641079
518 520 641082
522 523 641085
522 525 641088
525 524 641091
526 524 641094
521 522 641098
530 525 641100
528 532 641103
528 530 641106
530 529 641109
529 529 641112
528 526 641115
536 532 641118
533 534 641121
534 535 641124
533 532 641127
533 534 641131
535 531 641133
541 538 641136
539 536 641139
540 538 641142
539 545 641145
539 536 641148
543 543 641151
541 541 641154
541 545 641157
544 544 641160
544 545 641164
547 541 641166
549 551 641169
546 547 641172
550 549 641175
550 548 641178
552 545 641181
552 552 641184
549 551 641187
554 555 641190
549 554 641193
553 556 641197
560 555 641199
559 558 641202
563 559 641205
560 560 641208
561 554 641211
559 559 641214
562 553 641217
563 566 641220
564 565 641223
565 566 641226
566 565 641230
568 562 641232
568 566 641235
570 566 641238
568 568 641241
571 573 641244
568 569 641247
575 571 641250
571 578 641253
572 574 641256
575 577 641259
570 568 641263
578 567 641265
577 575 641268
580 573 641271
576 579 641274
581 578 641277
578 578 641280
581 582 641283
579 584 641286
580 585 641289
582 583 641292
583 586 641296
588 576 641298
587 584 641301
588 582 641304
589 589 641307
589 592 641310
588 590 641313
593 593 641316
589 593 641319
592 594 641322
590 593 641325
591 594 641329
598 589 641331
594 594 641334
600 594 641337
596 600 641340
598 596 641343
599 599 641346
600 603 641349
599 597 641352
602 604 641355
599 603 641358
604 605 641362
605 599 641364
607 604 641367
606 606 641370
607 604 641373
606 606 641376
604 605 641379
609 608 641382
607 611 641385
614 612 641388
610 614 641391
611 612 641395
616 609 641397
611 611 641400
617 608 641403
615 614 641406
617 614 641409
614 617 641412
623 619 641415
619 621 641418
620 622 641421
624 621 641424
621 621 641428
621 617 641430
624 625 641433
624 623 641436
625 624 641439
623 625 641442
626 625 641445
626 627 641448
628 628 641451
629 627 641454
630 631 641457
627 626 641461
634 627 641463
634 632 641466
633 630 641469
633 633 641472
630 634 641475
633 630 641478
638 635 641481
634 634 641484
640 637 641487
640 639 641490
641 637 641494
644 639 641496
640 638 641499
644 642 641502
638 643 641505
643 642 641508
639 641 641511
643 643 641514
640 645 641517
644 645 641520
648 644 641523
647 648 641527
650 643 641529
651 649 641532
650 645 641535
651 650 641538
654 653 641541
652 650 641544
654 654 641547
652 657 641550
652 658 641553
653 655 641556
651 651 641560
659 652 641562
657 656 641565
660 656 641568
661 664 641571
655 654 641574
660 657 641577
661 660 641580
663 664 641583
662 664 641586
662 666 641589
659 658 641593
663 660 641595
665 667 641598
667 666 641601
668 665 641604
667 670 641607
667 667 641610
671 671 641613
669 674 641616
670 669 641619
672 676 641622
667 670 641626
676 666 641628
669 674 641631
676 672 641634
673 676 641637
678 673 641640
674 673 641643
679 675 641646
678 680 641649
681 680 641652
681 678 641655
681 678 641659
683 676 641661
687 681 641664
682 682 641667
685 685 641670
681 681 641673
684 679 641676
683 690 641679
684 687 641682
689 690 641685
688 690 641688
684 688 641692
686 684 641694
690 691 641697
689 692 641700
688 691 641703
693 691 641706
688 690 641709
696 698 641712
695 696 641715
699 695 641718
697 696 641721
693 696 641725
698 692 641727
699 697 641730
701 693 641733
698 702 641736
700 703 641739
698 697 641742
702 701 641745
701 699 641748
704 703 641751
703 707 641754
700 703 641758
705 702 641760
702 703 641763
705 706 641766
706 707 641769
706 710 641772
704 704 641775
710 708 641778
710 711 641781
707 709 641784
711 711 641787
710 713 641791
713 707 641793
708 711 641796
714 713 641799
714 715 641802
714 714 641805
714 713 641808
714 714 641811
715 715 641814
719 719 641817
720 720 641820
716 717 641824
720 712 641826
717 718 641829
723 717 641832
722 719 641835
713 711 641838
713 713 641841
716 714 641844
713 715 641847
713 712 641850
710 711 641853
705 709 641857
707 706 641859
707 707 641862
704 704 641865
703 702 641868
703 707 641871
701 699 641874
704 700 641877
699 702 641880
698 695 641883
697 695 641886
696 698 641890
693 690 641892
695 695 641895
691 690 641898
687 691 641901
689 692 641904
687 689 641907
688 691 641910
687 691 641913
688 687 641916
687 686 641919
682 681 641923
685 680 641925
683 681 641928
683 683 641931
678 685 641934
676 679 641937
673 675 641940
677 678 641943
678 676 641946
677 677 641949
671 670 641952
670 671 641956
676 666 641958
669 672 641961
671 666 641964
670 669 641967
666 671 641970
666 668 641973
664 668 641976
665 659 641979
666 664 641982
663 664 641985
661 660 641989
660 650 641991
659 659 641994
657 657 641999
658 660 642002
654 656 642005
653 652 642008
651 650 642011
654 658 642014
649 649 642017
653 652 642020
649 650 642023
649 649 642026
648 648 642029
647 643 642032
645 646 642035
644 645 642038
645 645 642041
642 646 642044
645 644 642047
640 640 642050
639 641 642053
640 642 642056
638 640 642059
640 640 642062
636 630 642065
630 637 642068
636 634 642071
636 634 642074
635 635 642077
631 632 642080
629 629 642083
633 635 642086
634 629 642089
628 627 642092
625 626 642095
625 625 642098
630 625 642101
625 624 642104
624 624 642107
623 621 642110
622 621 642113
621 620 642116
622 624 642119
618 621 642122
623 622 642125
621 621 642128
618 614 642131
614 617 642134
613 618 642137
614 617 642140
614 613 642143
610 609 642146
606 608 642149
614 612 642152
610 608 642155
612 609 642158
610 609 642161
606 605 642164
601 610 642167
606 606 642170
604 606 642173
604 599 642176
603 601 642179
603 598 642182
599 604 642185
602 599 642188
600 601 642191
600 601 642194
595 596 642197
599 599 642200
597 597 642203
596 592 642206
590 593 642209
594 591 642212
592 588 642215
593 594 642218
592 593 642221
592 591 642224
587 591 642227
591 585 642230
586 590 642233
590 584 642236
583 584 642239
584 582 642242
583 583 642245
583 586 642248
583 583 642251
583 579 642254
587 581 642257
582 580 642260
579 576 642263
580 580 642266
577 578 642269
574 578 642272
575 575 642275
575 573 642278
576 572 642281
575 574 642284
572 571 642287
572 573 642290
575 574 642293
568 568 642296
566 571 642299
568 571 642302
571 572 642305
567 564 642308
564 562 642311
566 568 642314
568 566 642317
567 565 642320
564 564 642323
563 559 642326
564 566 642329
563 565 642332
559 561 642335
558 560 642338
558 563 642341
558 557 642344
556 556 642347
556 558 642350
555 553 642353
554 559 642356
556 557 642359
552 550 642362
548 552 642365
551 554 642368
546 552 642371
552 550 642374
552 546 642377
540 547 642380
549 550 642383
551 547 642386
548 545 642389
547 543 642392
540 542 642395
547 543 642398
544 542 642401
539 542 642404
543 543 642407
544 538 642410
539 538 642413
539 541 642416
540 541 642419
540 540 642422
538 536 642425
539 525 642428
533 538 642431
536 538 642434
532 532 642437
532 531 642440
532 532 642443
533 530 642446
534 531 642449
529 529 642452
532 533 642455
528 527 642458
529 524 642461
525 531 642464
528 532 642467
525 529 642470
524 522 642473
525 524 642476
523 525 642479
523 521 642482
520 524 642485
523 522 642488
521 521 642491
518 521 642494
517 523 642497
518 520 642500
519 522 642503
520 517 642506
516 515 642509
515 512 642512
517 519 642515
518 515 642518
517 510 642521
514 514 642524
504 512 642527
510 511 642530
510 511 642533
507 510 642536
510 509 642539
507 509 642542
507 504 642545
510 513 642548
508 513 642551
504 507 642554
503 510 642557
503 504 642560
504 508 642563
500 503 642566
502 505 642569
502 502 642572
501 498 642575
501 494 642578
499 503 642581
503 497 642584
498 499 642587
497 497 642590
497 498 642593
498 503 642596
496 496 642599
493 496 642602
491 490 642605
495 492 642608
491 490 642611
491 489 642614
491 492 642617
494 492 642620
494 492 642623
490 485 642626
487 489 642629
489 494 642632
486 486 642635
487 487 642638
484 486 642641
481 484 642644
484 484 642647
481 483 642650
484 488 642653
486 483 642656
481 482 642659
480 485 642662
482 482 642665
484 481 642668
480 477 642671
479 479 642674
477 475 642677
480 475 642680
473 476 642683
479 478 642686
478 476 642689
471 470 642692
475 478 642695
478 474 642698
473 472 642701
473 471 642704
477 472 642707
469 467 642710
469 468 642713
470 465 642716
469 471 642719
469 470 642722
470 469 642725
463 471 642728
468 469 642731
466 471 642734
465 466 642737
462 463 642740
460 461 642743
464 462 642746
467 460 642749
461 462 642752
463 459 642755
457 461 642758
460 460 642761
460 458 642764
459 460 642767
461 458 642770
458 456 642773
457 453 642776
457 458 642779
457 456 642782
457 455 642785
451 458 642788
455 453 642791
454 451 642794
451 451 642797
451 453 642800
454 448 642803
450 446 642806
451 450 642809
455 449 642812
449 451 642815
450 447 642818
449 450 642821
448 444 642824
443 449 642827
441 446 642830
446 449 642833
446 441 642836
442 440 642839
443 441 642842
447 443 642845
443 441 642848
443 444 642851
442 444 642854
443 440 642857
437 441 642860
440 440 642863
439 443 642866
439 437 642869
435 436 642872
435 433 642875
436 438 642878
434 437 642881
435 432 642884
432 438 642887
435 434 642890
431 434 642893
432 433 642896
431 434 642899
432 432 642902
427 428 642905
426 426 642908
431 432 642911
429 426 642914
429 425 642917
428 431 642920
428 428 642923
426 426 642926
428 426 642929
426 426 642932
423 425 642935
425 425 642938
423 421 642941
424 425 642944
419 420 642947
422 421 642950
420 423 642953
420 419 642956
419 419 642959
419 422 642962
418 421 642965
421 418 642968
419 416 642971
420 418 642974
420 416 642977
416 413 642980
415 417 642983
415 417 642986
414 409 642989
413 417 642992
413 415 642995
414 414 642999
414 411 643002
410 413 643005
409 413 643008
409 412 643011
409 414 643014
409 411 643017
409 404 643020
409 405 643023
407 406 643026
407 408 643029
407 409 643032
403 409 643034
407 406 643037
403 407 643040
405 406 643043
405 405 643046
403 401 643049
402 404 643052
405 397 643055
396 400 643058
403 404 643061
401 397 643064
399 398 643067
400 394 643070
399 398 643073
397 397 643076
398 401 643079
400 396 643082
391 393 643085
397 398 643088
399 398 643091
396 395 643094
392 393 643097
393 392 643100
393 392 643103
392 392 643106
391 391 643109
392 392 643112
395 392 643115
391 388 643118
385 397 643121
392 392 643124
387 392 643127
389 388 643130
388 383 643133
385 384 643136
389 391 643139
383 383 643142
387 388 643145
387 384 643148
383 385 643151
382 388 643154
382 385 643157
382 383 643160
385 382 643163
381 378 643166
379 381 643169
380 382 643172
380 381 643175
378 382 643178
383 383 643181
376 375 643184
376 384 643187
379 380 643190
377 379 643193
379 376 643196
375 376 643199
376 376 643202
377 378 643205
375 374 643208
371 378 643211
376 377 643214
371 370 643217
368 376 643220
373 375 643223
376 369 643226
373 371 643229
374 373 643232
370 368 643235
368 367 643238
370 375 643241
370 366 643244
368 369 643247
368 366 643250
365 371 643253
366 364 643256
366 364 643259
368 368 643262
368 362 643265
365 362 643268
367 368 643271
365 362 643274
368 366 643277
360 363 643280
359 359 643283
355 364 643286
361 365 643289
361 364 643292
363 361 643295
361 360 643298
358 356 643301
358 361 643304
361 360 643307
358 358 643310
356 359 643313
355 357 643316
354 358 643319
354 360 643322
354 357 643325
354 355 643328
352 351 643331
356 353 643334
355 354 643337
353 354 643340
354 355 643343
353 350 643346
347 351 643349
348 351 643352
348 353 643355
350 350 643358
348 347 643361
351 348 643364
347 344 643367
349 353 643370
349 347 643373
350 348 643376
345 347 643379
346 343 643382
346 349 643385
347 347 643388
343 343 643391
345 345 643394
346 344 643397
340 344 643400
346 344 643403
341 343 643406
340 342 643409
343 342 643412
340 341 643415
336 341 643418
337 337 643421
340 343 643424
341 335 643427
336 334 643430
339 337 643433
336 343 643436
342 337 643439
337 340 643442
338 340 643445
335 330 643448
331 340 643451
337 333 643454
332 332 643457
338 336 643460
337 327 643463
332 328 643466
336 337 643469
334 329 643472
333 330 643475
335 333 643478
330 324 643481
328 333 643484
331 334 643487
331 330 643490
327 325 643493
326 329 643496
328 327 643499
328 333 643502
327 326 643505
328 331 643508
327 323 643511
325 323 643514
323 331 643517
332 330 643520
323 321 643523
323 321 643526
325 323 643529
321 324 643532
323 324 643535
325 320 643538
322 323 643541
318 321 643544
321 322 643547
318 324 643550
321 318 643553
321 320 643556
321 318 643559
318 314 643562
315 318 643565
323 321 643568
317 314 643571
315 317 643574
316 316 643577
316 316 643580
315 319 643583
315 315 643586
315 314 643589
314 313 643592
315 313 643595
313 312 643598
313 313 643601
315 312 643604
313 311 643607
314 316 643610
313 309 643613
306 310 643616
311 313 643619
312 313 643622
309 304 643625
308 310 643628
310 311 643631
309 307 643634
309 306 643637
309 309 643640
308 308 643643
306 302 643646
304 310 643649
308 305 643652
304 302 643655
303 302 643658
303 305 643661
304 304 643664
301 305 643667
302 304 643670
305 305 643673
303 299 643676
302 300 643679
302 306 643682
303 297 643685
299 298 643688
303 300 643691
302 299 643694
300 296 643697
299 298 643700
298 298 643703
298 301 643706
299 300 643709
298 295 643712
297 300 643715
296 299 643718
295 294 643721
294 293 643724
296 293 643727
294 292 643730
296 294 643733
297 295 643736
294 294 643739
293 294 643742
294 293 643745
289 297 643748
293 296 643751
291 291 643754
292 290 643757
290 288 643760
292 287 643763
292 290 643766
291 288 643769
291 292 643772
291 294 643775
287 287 643778
286 293 643781
288 288 643784
284 285 643787
285 289 643790
290 288 643793
284 283 643796
287 288 643799
288 284 643802
286 281 643805
284 286 643808
286 284 643811
284 286 643814
284 285 643817
281 286 643820
283 282 643823
280 282 643826
283 282 643829
282 282 643832
283 281 643835
281 282 643838
283 280 643841
278 273 643844
278 280 643847
281 280 643850
280 279 643853
278 281 643856
277 279 643859
274 275 643862
279 282 643865
277 274 643868
277 281 643871
278 280 643874
275 272 643877
271 277 643880
277 278 643883
276 275 643886
275 272 643889
273 273 643892
273 271 643895
272 272 643898
272 269 643901
273 275 643904
273 275 643907
269 267 643910
271 280 643913
272 273 643916
266 269 643919
270 274 643922
269 265 643925
265 266 643928
270 269 643931
265 266 643934
269 274 643937
270 268 643940
268 264 643943
263 270 643946
271 270 643949
267 266 643952
262 264 643955
264 260 643958
261 262 643961
263 269 643964
266 267 643967
264 265 643970
260 267 643973
261 261 643976
261 267 643979
262 266 643982
261 263 643985
264 260 643988
261 260 643991
260 258 643994
259 262 643997
258 261 644001
259 255 644004
262 262 644007
257 257 644010
259 256 644013
259 255 644016
261 255 644019
256 254 644022
261 259 644025
258 261 644028
255 251 644032
258 253 644034
258 258 644037
256 258 644040
253 258 644043
252 256 644046
257 254 644049
255 260 644052
253 254 644055
252 257 644058
252 250 644061
254 258 644065
251 250 644067
251 251 644070
251 247 644073
253 252 644076
252 251 644079
249 251 644082
247 250 644085
253 249 644088
251 253 644091
249 249 644094
248 249 644098
249 243 644100
251 250 644103
246 243 644106
250 247 644109
246 250 644112
245 241 644115
249 250 644118
246 248 644121
247 247 644124
243 245 644127
243 244 644131
247 242 644133
244 243 644136
244 240 644139
245 245 644142
246 243 644145
242 237 644148
245 245 644151
243 244 644154
246 240 644157
246 240 644160
239 239 644164
244 237 644166
244 240 644169
242 238 644172
239 235 644175
243 242 644178
240 238 644181
239 239 644184
237 237 644187
243 242 644190
239 242 644193
234 234 644197
242 234 644199
242 237 644202
236 234 644205
234 235 644208
234 238 644211
235 234 644214
235 237 644217
235 235 644220
238 240 644223
236 236 644226
229 236 644230
234 230 644232
236 234 644235
231 234 644238
229 232 644241
234 234 644244
229 230 644247
233 230 644250
233 239 644253
227 231 644256
234 233 644259
225 233 644263
232 225 644265
229 231 644268
231 227 644271
230 231 644274
227 226 644277
229 229 644280
229 232 644283
228 224 644286
230 230 644289
230 225 644292
222 226 644296
226 223 644298
229 230 644301
223 224 644304
225 227 644307
225 229 644310
223 224 644313
227 228 644316
222 228 644319
226 227 644322
225 227 644325
219 223 644329
224 221 644331
225 222 644334
222 222 644337
219 221 644340
221 224 644343
222 218 644346
223 222 644349
220 218 644352
225 220 644355
221 224 644358
218 216 644362
222 216 644364
222 216 644367
218 220 644370
215 216 644373
219 219 644376
215 214 644379
219 219 644382
217 218 644385
217 221 644388
217 216 644391
219 218 644395
218 214 644397
216 215 644400
214 213 644403
215 213 644406
215 217 644409
212 214 644412
217 214 644415
216 212 644418
213 216 644421
217 212 644424
211 212 644428
212 210 644430
213 214 644433
212 215 644436
210 215 644439
210 211 644442
210 210 644445
210 211 644448
212 209 644451
210 212 644454
212 209 644457
209 211 644461
211 204 644463
212 212 644466
205 207 644469
207 212 644472
204 211 644475
204 206 644478
208 214 644481
204 205 644484
210 205 644487
207 205 644490
208 204 644494
207 205 644496
206 207 644499
204 205 644502
206 208 644505
204 211 644508
200 204 644511
208 207 644514
201 204 644517
206 203 644520
204 207 644523
199 200 644527
205 202 644529
207 202 644532
201 204 644535
205 201 644538
201 211 644541
200 201 644544
204 207 644547
201 202 644550
202 201 644553
200 200 644556
202 201 644560
200 196 644562
200 202 644565
197 201 644568
201 200 644571
196 202 644574
200 197 644577
201 201 644580
198 199 644583
200 201 644586
197 197 644589
195 198 644593
199 195 644595
193 195 644598
198 198 644601
192 198 644604
196 191 644607
194 197 644610
196 197 644613
195 198 644616
197 199 644619
191 196 644622
194 195 644626
195 192 644628
194 196 644631
195 192 644634
192 189 644637
194 197 644640
190 189 644643
195 195 644646
191 195 644649
191 193 644652
195 189 644655
191 193 644659
190 190 644661
191 189 644664
191 191 644667
187 190 644670
191 193 644673
187 184 644676
192 186 644679
189 189 644682
190 191 644685
191 190 644688
186 186 644692
192 183 644694
189 189 644697
189 186 644700
187 188 644703
186 182 644706
188 182 644709
188 185 644712
185 186 644715
184 188 644718
188 185 644721
185 185 644725
191 182 644727
187 186 644730
188 183 644733
185 183 644736
187 183 644739
182 187 644742
182 181 644745
186 186 644748
184 182 644751
184 182 644754
184 181 644758
187 179 644760
182 182 644763
183 184 644766
178 183 644769
182 180 644772
179 179 644775
185 181 644778
181 185 644781
183 182 644784
182 182 644787
177 177 644791
179 175 644793
178 181 644796
179 180 644799
182 178 644802
180 177 644805
180 178 644808
179 179 644811
175 178 644814
173 181 644817
180 179 644820
177 179 644824
181 172 644826
178 178 644829
178 173 644832
177 178 644835
171 176 644838
173 173 644841
173 177 644844
176 178 644847
176 180 644850
175 179 644853
174 171 644857
177 169 644859
175 176 644862
172 174 644865
172 178 644868
172 173 644871
170 173 644874
173 171 644877
172 174 644880
173 174 644883
173 171 644886
170 173 644890
172 167 644892
172 175 644895
171 169 644898
173 176 644901
171 168 644904
170 167 644907
168 168 644910
169 170 644913
172 173 644916
170 167 644919
168 170 644923
168 165 644925
169 174 644928
166 168 644931
169 170 644934
166 166 644937
167 165 644940
169 170 644943
170 165 644946
166 170 644949
166 166 644952
164 165 644956
167 163 644958
162 165 644961
165 166 644964
164 164 644967
166 165 644970
165 162 644973
165 166 644976
163 168 644979
166 165 644982
164 169 644985
161 160 644989
165 166 644991
163 161 644994
165 163 644999
161 162 645002
164 159 645005
162 161 645008
163 157 645011
161 169 645014
161 158 645017
161 167 645020
164 160 645023
159 165 645026
162 160 645029
157 160 645032
160 165 645035
158 158 645038
158 162 645041
158 158 645044
161 161 645047
158 154 645050
162 159 645053
155 156 645056
164 160 645059
157 159 645062
162 157 645065
155 160 645068
160 159 645071
156 164 645074
159 154 645077
155 157 645080
154 152 645083
155 155 645086
156 155 645089
161 154 645092
154 161 645095
155 152 645098
150 159 645101
159 155 645104
154 157 645107
159 155 645110
155 154 645113
150 153 645116
155 154 645119
155 150 645122
149 155 645125
153 157 645128
152 147 645131
148 153 645134
156 154 645137
152 156 645140
153 154 645143
151 152 645146
146 148 645149
151 154 645152
150 153 645155
151 152 645158
149 150 645161
151 150 645164
145 152 645167
149 151 645170
146 151 645173
152 149 645176
148 151 645179
148 147 645182
147 150 645185
151 147 645188
151 150 645191
147 148 645194
150 145 645197
145 151 645200
152 149 645203
149 147 645206
149 149 645209
148 140 645212
144 143 645215
147 146 645218
146 148 645221
147 147 645224
148 149 645227
146 143 645230
143 147 645233
148 148 645236
145 142 645239
144 144 645242
146 146 645245
142 141 645248
144 149 645251
147 144 645254
143 145 645257
146 147 645260
139 144 645263
139 148 645266
141 141 645269
142 148 645272
144 142 645275
141 144 645278
141 140 645281
138 142 645284
143 141 645287
141 139 645290
145 145 645293
137 138 645296
139 143 645299
141 142 645302
143 139 645305
140 139 645308
138 138 645311
140 141 645314
139 142 645317
143 139 645320
140 138 645323
139 139 645326
141 135 645329
135 140 645332
140 137 645335
141 139 645338
141 137 645341
139 136 645344
139 135 645347
140 140 645350
137 134 645353
141 137 645356
139 136 645359
135 136 645362
134 142 645365
136 135 645368
136 136 645371
136 135 645374
134 136 645377
135 138 645380
133 137 645383
136 136 645386
136 139 645389
132 135 645392
136 137 645395
132 134 645398
131 136 645401
134 131 645404
132 134 645407
138 133 645410
132 129 645413
133 133 645416
135 129 645419
133 134 645422
137 131 645425
132 130 645428
131 136 645431
131 134 645434
130 134 645437
134 134 645440
129 129 645443
128 132 645446
131 129 645449
128 130 645452
132 130 645455
131 132 645458
133 129 645461
127 133 645464
132 131 645467
129 129 645470
131 130 645473
130 129 645476
131 129 645479
130 128 645482
127 131 645485
131 129 645488
127 127 645491
125 130 645494
124 129 645497
129 130 645500
125 130 645503
129 125 645506
127 124 645509
121 123 645512
128 125 645515
128 126 645518
129 130 645521
129 124 645524
124 125 645527
125 124 645530
126 125 645533
126 127 645536
124 122 645539
125 121 645542
123 121 645545
127 129 645548
128 118 645551
123 126 645554
128 126 645557
122 119 645560
125 128 645563
125 123 645566
123 129 645569
124 122 645572
119 121 645575
121 125 645578
122 123 645581
120 123 645584
126 123 645587
121 124 645590
120 120 645593
119 124 645596
123 122 645599
119 121 645602
123 120 645605
120 122 645608
123 121 645611
121 121 645614
121 120 645617
121 120 645620
121 122 645623
120 121 645626
119 122 645629
117 121 645632
118 125 645635
119 117 645638
118 115 645641
121 119 645644
118 118 645647
123 119 645650
119 119 645653
119 118 645656
116 118 645659
118 120 645662
115 121 645665
119 120 645668
116 116 645671
117 119 645674
114 116 645677
116 116 645680
115 117 645683
122 116 645686
116 114 645689
115 114 645692
119 119 645695
115 119 645698
116 116 645701
114 115 645704
116 115 645707
115 116 645710
116 114 645713
112 117 645716
117 115 645719
115 119 645722
114 115 645725
113 116 645728
114 115 645731
114 115 645734
114 116 645737
115 111 645740
111 113 645743
113 111 645746
118 111 645749
114 116 645752
117 114 645755
112 111 645758
109 114 645761
112 114 645764
115 115 645767
111 110 645770
112 110 645773
110 107 645776
112 116 645779
114 109 645782
112 111 645785
114 113 645788
109 108 645791
109 116 645794
112 113 645797
110 112 645800
112 106 645803
110 109 645806
109 107 645809
110 113 645812
109 111 645815
111 112 645818
107 109 645821
107 109 645824
107 111 645827
105 108 645830
106 112 645833
108 105 645836
106 106 645839
107 107 645842
107 106 645845
106 107 645848
110 106 645851
109 105 645854
107 101 645857
101 109 645860
108 109 645863
108 107 645866
106 105 645869
103 106 645872
108 109 645875
107 105 645878
102 107 645881
105 106 645884
106 106 645887
104 108 645890
100 107 645893
106 110 645896
104 108 645899
104 104 645902
100 103 645905
105 103 645908
104 105 645911
104 109 645914
109 102 645917
104 106 645920
106 102 645923
101 104 645926
104 102 645929
104 106 645932
103 98 645935
100 101 645938
101 101 645941
105 98 645944
101 103 645947
108 102 645950
102 99 645953
101 101 645956
101 104 645959
103 100 645962
98 104 645965
103 102 645968
102 101 645971
101 100 645974
102 103 645977
103 102 645980
104 99 645983
94 96 645986
98 102 645989
97 101 645992
99 101 645995
99 105 645999
99 98 646002
100 96 646005
99 99 646008
98 103 646011
101 100 646014
97 95 646017
102 97 646020
101 96 646023
98 94 646026
97 96 646029
101 99 646032
97 103 646034
98 99 646037
98 103 646040
98 100 646043
95 99 646046
97 97 646049
95 99 646052
98 97 646055
94 96 646058
99 99 646061
96 94 646064
94 95 646067
99 94 646070
93 93 646073
98 97 646076
98 98 646079
98 95 646082
95 91 646085
92 98 646088
98 102 646091
94 94 646094
92 95 646097
97 95 646100
93 91 646103
95 96 646106
91 93 646109
97 98 646112
96 96 646115
94 90 646118
93 94 646121
94 95 646124
95 96 646127
93 91 646130
94 92 646133
92 90 646136
94 95 646139
95 97 646142
90 91 646145
90 96 646148
93 92 646151
90 94 646154
92 95 646157
94 91 646160
92 89 646163
94 88 646166
91 89 646169
95 92 646172
90 90 646175
91 93 646178
89 91 646181
89 92 646184
89 95 646187
90 91 646190
89 90 646193
88 90 646196
94 88 646199
89 87 646202
90 90 646205
92 87 646208
89 94 646211
92 90 646214
87 86 646217
87 90 646220
87 93 646223
90 90 646226
86 87 646229
89 83 646232
85 84 646235
91 87 646238
87 85 646241
87 90 646244
85 87 646247
87 87 646250
86 87 646253
85 89 646256
86 85 646259
88 86 646262
87 87 646265
89 86 646268
88 87 646271
88 87 646274
88 88 646277
86 89 646280
87 87 646283
85 91 646286
87 91 646289
83 85 646292
85 83 646295
86 86 646298
85 83 646301
88 86 646304
86 85 646307
86 87 646310
86 88 646313
86 86 646316
80 86 646319
81 89 646322
84 86 646325
86 81 646328
84 79 646331
80 85 646334
86 85 646337
85 81 646340
84 86 646343
82 87 646346
83 84 646349
81 85 646352
80 82 646355
81 83 646358
85 82 646361
83 81 646364
80 82 646367
82 79 646370
82 87 646373
85 84 646376
81 80 646379
82 80 646382
81 84 646385
82 84 646388
84 84 646391
81 79 646394
81 78 646397
78 80 646400
82 85 646403
83 81 646406
83 82 646409
84 79 646412
83 78 646415
79 86 646418
83 80 646421
76 81 646424
79 81 646427
79 80 646430
76 78 646433
78 78 646436
81 79 646439
80 78 646442
82 80 646445
79 83 646448
78 81 646451
77 82 646454
75 78 646457
80 76 646460
79 75 646463
77 72 646466
81 78 646469
76 78 646472
79 79 646475
79 81 646478
76 77 646481
76 78 646484
75 76 646487
74 79 646490
79 76 646493
79 78 646496
76 74 646499
75 78 646502
76 80 646505
81 80 646508
74 74 646511
76 77 646514
74 80 646517
78 76 646520
74 77 646523
73 74 646526
73 75 646529
73 72 646532
75 79 646535
75 74 646538
78 76 646541
73 74 646544
76 74 646547
72 79 646550
71 77 646553
76 79 646556
73 73 646559
73 74 646562
75 74 646565
75 73 646568
76 72 646571
76 76 646574
75 76 646577
76 72 646580
72 74 646583
76 74 646586
75 74 646589
73 73 646592
71 72 646595
69 73 646598
75 76 646601
76 70 646604
70 72 646607
75 69 646610
69 72 646613
72 72 646616
70 75 646619
70 71 646622
68 75 646625
72 71 646628
69 68 646631
72 71 646634
72 70 646637
71 72 646640
75 72 646643
68 69 646646
66 73 646649
70 71 646652
70 72 646655
70 66 646658
71 67 646661
68 65 646664
69 69 646667
74 72 646670
67 74 646673
70 71 646676
64 70 646679
65 72 646682
70 72 646685
69 68 646688
71 71 646691
69 65 646694
64 66 646697
74 72 646700
72 69 646703
68 69 646706
65 69 646709
67 69 646712
67 73 646715
68 63 646718
68 66 646721
68 64 646724
69 67 646727
67 66 646730
69 70 646733
70 71 646736
66 70 646739
69 69 646742
62 64 646745
64 69 646748
68 72 646751
69 69 646754
65 65 646757
67 62 646760
64 67 646763
72 67 646766
67 64 646769
67 65 646772
66 65 646775
66 61 646778
61 70 646781
61 67 646784
66 70 646787
62 63 646790
65 66 646793
66 67 646796
65 66 646799
66 66 646802
66 68 646805
71 67 646808
64 60 646811
63 69 646814
62 63 646817
65 69 646820
64 64 646823
61 62 646826
65 64 646829
68 64 646832
63 63 646835
62 66 646838
60 64 646841
62 66 646844
60 67 646847
61 65 646850
61 66 646853
63 66 646856
61 63 646859
66 62 646862
59 63 646865
65 65 646868
63 65 646871
60 63 646874
58 60 646877
61 64 646880
65 61 646883
62 63 646886
62 62 646889
62 63 646892
61 59 646895
64 62 646898
62 61 646901
64 61 646904
60 62 646907
60 60 646910
59 67 646913
62 68 646916
62 62 646919
61 64 646922
63 59 646925
59 59 646928
61 61 646931
63 62 646934
62 60 646937
60 60 646940
59 57 646943
58 66 646946
58 64 646949
58 63 646952
59 59 646955
58 65 646958
58 56 646961
61 62 646964
59 59 646967
58 59 646970
57 60 646973
58 55 646976
55 62 646979
61 65 646982
59 58 646985
60 59 646988
61 57 646991
61 57 646994
59 58 646997
59 59 647001
57 53 647004
58 56 647007
59 60 647010
58 58 647013
55 55 647016
59 59 647019
56 57 647022
56 59 647025
58 59 647028
59 60 647032
56 54 647034
59 59 647037
58 53 647040
56 58 647043
55 56 647046
58 55 647049
59 59 647052
58 56 647055
56 58 647058
56 60 647061
53 59 647065
56 53 647067
55 58 647070
59 54 647073
56 56 647076
53 55 647079
54 55 647082
60 57 647085
55 56 647088
56 55 647091
58 55 647094
56 54 647098
53 53 647100
57 53 647103
55 53 647106
55 57 647109
57 51 647112
52 54 647115
55 55 647118
57 54 647121
55 56 647124
58 55 647127
53 53 647131
57 49 647133
54 57 647136
55 56 647139
50 55 647142
52 55 647145
53 52 647148
58 57 647151
54 56 647154
53 52 647157
55 58 647160
51 50 647164
56 49 647166
55 51 647169
54 53 647172
54 52 647175
52 50 647178
50 53 647181
54 55 647184
52 56 647187
52 56 647190
53 52 647193
52 51 647197
55 47 647199
51 52 647202
53 53 647205
51 51 647208
53 52 647211
49 47 647214
54 55 647217
48 56 647220
53 51 647223
52 54 647226
53 50 647230
51 43 647232
50 51 647235
51 54 647238
53 55 647241
50 50 647244
50 47 647247
53 52 647250
51 52 647253
51 57 647256
52 50 647259
49 49 647263
52 47 647265
48 47 647268
51 47 647271
50 51 647274
51 50 647277
49 46 647280
52 48 647283
50 53 647286
47 53 647289
48 46 647292
50 46 647296
52 45 647298
49 52 647301
50 47 647304
50 52 647307
49 50 647310
49 45 647313
50 50 647316
49 51 647319
46 51 647322
51 47 647325
49 50 647329
51 40 647331
49 49 647334
48 44 647337
49 52 647340
47 49 647343
48 46 647346
48 47 647349
53 48 647352
47 49 647355
46 52 647358
48 50 647362
49 44 647364
50 48 647367
47 45 647370
49 46 647373
47 46 647376
46 42 647379
46 49 647382
49 51 647385
42 51 647388
47 46 647391
44 47 647395
48 40 647397
47 46 647400
46 43 647403
49 50 647406
46 45 647409
47 47 647412
45 47 647415
45 47 647418
43 47 647421
48 52 647424
45 46 647428
43 41 647430
45 50 647433
44 41 647436
46 43 647439
43 44 647442
46 39 647445
44 50 647448
44 42 647451
44 47 647454
46 46 647457
43 43 647461
46 41 647463
46 45 647466
45 45 647469
42 42 647472
45 43 647475
43 47 647478
47 46 647481
43 50 647484
43 47 647487
43 47 647490
38 41 647494
45 45 647496
40 41 647499
43 44 647502
40 46 647505
44 44 647508
41 42 647511
46 47 647514
44 46 647517
43 46 647520
45 45 647523
41 46 647527
43 39 647529
44 47 647532
43 42 647535
40 44 647538
41 40 647541
42 44 647544
42 43 647547
41 42 647550
41 41 647553
43 42 647556
35 40 647560
45 33 647562
42 40 647565
44 37 647568
41 42 647571
42 44 647574
42 41 647577
42 40 647580
44 41 647583
44 42 647586
42 38 647589
36 38 647593
45 41 647595
42 44 647598
44 37 647601
41 41 647604
43 37 647607
39 43 647610
41 40 647613
42 39 647616
42 43 647619
39 40 647622
42 38 647626
44 37 647628
43 42 647631
41 41 647634
41 35 647637
38 39 647640
41 37 647643
40 41 647646
43 40 647649
42 44 647652
42 39 647655
39 40 647659
40 33 647661
41 42 647664
42 36 647667
39 38 647670
35 38 647673
38 37 647676
44 42 647679
39 37 647682
41 43 647685
39 44 647688
35 37 647692
38 36 647694
38 42 647697
38 38 647700
37 40 647703
39 39 647706
37 37 647709
40 43 647712
34 39 647715
37 39 647718
38 40 647721
32 36 647725
39 33 647727
38 41 647730
39 36 647733
34 37 647736
39 40 647739
34 38 647742
42 39 647745
34 36 647748
40 36 647751
38 38 647754
38 35 647758
37 35 647760
37 35 647763
40 35 647766
40 37 647769
36 40 647772
36 34 647775
39 37 647778
38 38 647781
38 39 647784
35 35 647787
35 34 647791
41 30 647793
42 39 647796
39 33 647799
39 37 647802
38 35 647805
35 34 647808
39 36 647811
37 36 647814
36 39 647817
38 34 647820
34 37 647824
37 30 647826
37 38 647829
37 32 647832
36 40 647835
32 38 647838
35 33 647841
22 44 647844
32 33 647847
35 33 647850
33 34 647853
33 31 647857
37 34 647859
34 32 647862
37 34 647865
37 35 647868
35 36 647871
31 31 647874
36 32 647877
33 34 647880
35 39 647883
33 31 647886
34 34 647890
29 32 647892
35 34 647895
35 34 647898
34 35 647901
