0 0 2116943
0 0 2116947
0 0 2116951
0 0 2116956
0 0 2116960
0 0 2116964
0 0 2116969
0 0 2116973
0 0 2116977
0 0 2116982
0 0 2116986
0 0 2116990
0 0 2116995
0 0 2117000
0 0 2117005
0 0 2117009
0 0 2117013
0 0 2117018
0 0 2117022
0 0 2117026
0 0 2117031
0 0 2117035
0 0 2117039
0 0 2117044
0 0 2117048
0 0 2117052
0 0 2117057
0 0 2117061
0 0 2117065
0 0 2117070
0 0 2117074
0 0 2117078
0 0 2117083
0 0 2117087
0 0 2117091
0 0 2117096
0 0 2117100
0 0 2117104
0 0 2117109
0 0 2117113
0 0 2117117
0 0 2117122
0 0 2117126
0 0 2117130
0 0 2117135
0 0 2117139
0 0 2117143
0 0 2117148
0 0 2117152
0 0 2117156
0 0 2117161
0 0 2117165
0 0 2117169
0 0 2117174
0 0 2117178
0 0 2117182
0 0 2117187
0 0 2117191
0 0 2117195
0 0 2117200
0 0 2117204
0 0 2117208
0 0 2117213
0 0 2117217
0 0 2117221
0 0 2117226
0 0 2117230
0 0 2117234
0 0 2117239
0 0 2117243
0 0 2117247
0 0 2117252
0 0 2117256
0 0 2117260
0 0 2117265
0 0 2117269
0 0 2117273
0 0 2117278
0 0 2117282
0 0 2117286
0 0 2117291
0 0 2117295
0 0 2117299
0 0 2117304
0 0 2117308
0 0 2117312
0 0 2117317
0 0 2117321
0 0 2117325
0 0 2117330
0 0 2117334
0 0 2117338
0 0 2117343
0 0 2117347
0 0 2117351
0 0 2117356
0 0 2117360
0 0 2117364
0 0 2117369
0 0 2117373
0 0 2117377
0 0 2117382
0 0 2117386
0 0 2117390
0 0 2117395
0 0 2117399
0 0 2117403
0 0 2117408
0 0 2117412
0 0 2117416
0 0 2117421
0 0 2117425
0 0 2117429
0 0 2117434
0 0 2117438
0 0 2117442
0 0 2117447
0 0 2117451
0 0 2117455
0 0 2117460
0 0 2117464
0 0 2117468
0 0 2117473
0 0 2117477
0 0 2117481
0 0 2117486
0 0 2117490
0 0 2117494
0 0 2117499
0 0 2117503
0 0 2117507
0 0 2117512
0 0 2117516
0 0 2117520
0 0 2117525
0 0 2117529
0 0 2117533
0 0 2117538
0 0 2117542
0 0 2117546
0 0 2117551
0 0 2117555
0 0 2117559
0 0 2117564
0 0 2117568
0 0 2117572
0 0 2117577
0 0 2117581
0 0 2117585
0 0 2117590
0 0 2117594
0 0 2117598
0 0 2117603
0 0 2117607
0 0 2117611
0 0 2117616
0 0 2117620
0 0 2117624
0 0 2117629
0 0 2117633
0 0 2117637
0 0 2117642
0 0 2117646
0 0 2117650
0 0 2117655
0 0 2117659
0 0 2117663
0 0 2117668
0 0 2117672
0 0 2117676
0 0 2117681
0 0 2117685
0 0 2117689
0 0 2117694
0 0 2117698
0 0 2117702
0 0 2117707
0 0 2117711
0 0 2117715
0 0 2117720
0 0 2117724
0 0 2117728
0 0 2117733
0 0 2117737
0 0 2117741
0 0 2117746
0 0 2117750
0 0 2117754
0 0 2117759
0 0 2117763
0 0 2117767
0 0 2117772
0 0 2117776
0 0 2117780
0 0 2117785
0 0 2117789
0 0 2117793
0 0 2117798
0 0 2117802
0 0 2117806
0 0 2117811
0 0 2117815
0 0 2117819
0 0 2117824
0 0 2117828
0 0 2117832
0 0 2117837
0 0 2117841
0 0 2117845
0 0 2117850
0 0 2117854
0 0 2117858
0 0 2117863
0 0 2117867
0 0 2117871
0 0 2117876
0 0 2117880
0 0 2117884
0 0 2117889
0 0 2117893
0 0 2117897
0 0 2117902
0 0 2117906
0 0 2117910
0 0 2117915
0 0 2117919
0 0 2117923
0 0 2117928
0 0 2117932
0 0 2117936
0 0 2117941
0 0 2117945
0 0 2117949
0 0 2117954
0 0 2117958
0 0 2117962
0 0 2117967
0 0 2117971
0 0 2117976
0 0 2117980
0 0 2117984
0 0 2117989
0 0 2117993
0 0 2117999
0 0 2118004
0 0 2118008
0 0 2118012
0 0 2118017
0 0 2118021
0 0 2118025
0 0 2118030
0 0 2118034
0 0 2118039
0 0 2118043
0 0 2118047
0 0 2118052
0 0 2118056
0 0 2118060
0 0 2118065
0 0 2118069
0 0 2118074
0 0 2118078
0 0 2118082
0 0 2118087
0 0 2118091
0 0 2118096
0 0 2118100
0 0 2118104
0 0 2118109
0 0 2118113
0 0 2118117
0 0 2118122
0 0 2118126
0 0 2118131
0 0 2118135
0 0 2118139
0 0 2118144
0 0 2118148
0 0 2118152
0 0 2118157
0 0 2118161
0 0 2118166
0 0 2118170
0 0 2118174
0 0 2118179
0 0 2118183
0 0 2118188
0 0 2118192
0 0 2118196
0 0 2118201
0 0 2118205
0 0 2118209
0 0 2118214
0 0 2118218
0 0 2118223
0 0 2118227
0 0 2118231
0 0 2118236
0 0 2118240
0 0 2118244
0 0 2118249
0 0 2118253
0 0 2118258
0 0 2118262
0 0 2118266
0 0 2118271
0 0 2118275
0 0 2118280
0 0 2118284
0 0 2118288
0 0 2118293
0 0 2118297
0 0 2118301
0 0 2118306
0 0 2118310
0 0 2118315
0 0 2118319
0 0 2118323
0 0 2118328
0 0 2118332
0 0 2118336
0 0 2118341
0 0 2118345
0 0 2118350
0 0 2118354
0 0 2118358
0 0 2118363
0 0 2118367
0 0 2118372
0 0 2118376
0 0 2118380
0 0 2118385
0 0 2118389
0 0 2118393
0 0 2118398
0 0 2118402
0 0 2118407
0 0 2118411
0 0 2118415
0 0 2118420
0 0 2118424
0 0 2118428
0 0 2118433
0 0 2118437
0 0 2118442
0 0 2118446
0 0 2118450
0 0 2118455
0 0 2118459
0 0 2118464
0 0 2118468
0 0 2118472
0 0 2118477
0 0 2118481
0 0 2118485
0 0 2118490
0 0 2118494
0 0 2118499
0 0 2118503
0 0 2118507
0 0 2118512
0 0 2118516
0 0 2118520
0 0 2118525
0 0 2118529
0 0 2118534
0 0 2118538
0 0 2118542
0 0 2118547
0 0 2118551
0 0 2118556
0 0 2118560
0 0 2118564
0 0 2118569
0 0 2118573
0 0 2118577
0 0 2118582
0 0 2118586
0 0 2118591
0 0 2118595
0 0 2118599
0 0 2118604
0 0 2118608
0 0 2118612
0 0 2118617
0 0 2118621
0 0 2118626
0 0 2118630
0 0 2118634
0 0 2118639
0 0 2118643
0 0 2118647
0 0 2118652
0 0 2118656
0 0 2118660
0 0 2118665
0 0 2118669
0 0 2118673
0 0 2118678
0 0 2118682
0 0 2118686
0 0 2118691
0 0 2118695
0 0 2118699
0 0 2118704
0 0 2118708
0 0 2118712
0 0 2118717
0 0 2118721
0 0 2118725
0 0 2118730
0 0 2118734
0 0 2118738
0 0 2118743
0 0 2118747
0 0 2118751
0 0 2118756
0 0 2118760
0 0 2118764
0 0 2118769
0 0 2118773
0 0 2118777
0 0 2118782
0 0 2118786
0 0 2118790
0 0 2118795
0 0 2118799
0 0 2118803
0 0 2118808
0 0 2118812
0 0 2118816
0 0 2118821
0 0 2118825
0 0 2118829
0 0 2118834
0 0 2118838
0 0 2118842
0 0 2118847
0 0 2118851
0 0 2118855
0 0 2118860
0 0 2118864
0 0 2118868
0 0 2118873
0 0 2118877
0 0 2118881
0 0 2118886
0 0 2118890
0 0 2118894
0 0 2118899
0 0 2118903
0 0 2118907
0 0 2118912
0 0 2118916
0 0 2118920
0 0 2118925
0 0 2118929
0 0 2118933
0 0 2118938
0 0 2118942
0 0 2118946
0 0 2118951
0 0 2118955
0 0 2118959
0 0 2118964
0 0 2118968
0 0 2118972
0 0 2118977
0 0 2118981
0 0 2118985
0 0 2118990
0 0 2118994
0 0 2119000
0 0 2119004
0 0 2119008
0 0 2119013
0 0 2119017
0 0 2119021
0 0 2119026
0 0 2119030
0 0 2119034
0 0 2119039
0 0 2119043
0 0 2119047
0 0 2119052
0 0 2119056
0 0 2119060
0 0 2119065
0 0 2119069
0 0 2119073
0 0 2119078
0 0 2119082
0 0 2119086
0 0 2119091
0 0 2119095
0 0 2119099
0 0 2119104
0 0 2119108
0 0 2119112
0 0 2119117
0 0 2119121
0 0 2119125
0 0 2119130
0 0 2119134
0 0 2119138
0 0 2119143
0 0 2119147
0 0 2119151
0 0 2119156
0 0 2119160
0 0 2119164
0 0 2119169
0 0 2119173
0 0 2119177
0 0 2119182
0 0 2119186
0 0 2119190
0 0 2119195
0 0 2119199
0 0 2119203
0 0 2119208
0 0 2119212
0 0 2119216
0 0 2119221
0 0 2119225
0 0 2119229
0 0 2119234
0 0 2119238
0 0 2119242
0 0 2119247
0 0 2119251
0 0 2119255
0 0 2119260
0 0 2119264
0 0 2119268
0 0 2119273
0 0 2119277
0 0 2119281
0 0 2119286
0 0 2119290
0 0 2119294
0 0 2119299
0 0 2119303
0 0 2119307
0 0 2119312
0 0 2119316
0 0 2119320
0 0 2119325
0 0 2119329
0 0 2119333
0 0 2119338
0 0 2119342
0 0 2119346
0 0 2119351
0 0 2119355
0 0 2119359
0 0 2119364
0 0 2119368
0 0 2119372
0 0 2119377
0 0 2119381
0 0 2119385
0 0 2119390
0 0 2119394
0 0 2119398
0 0 2119403
0 0 2119407
0 0 2119411
0 0 2119416
0 0 2119420
0 0 2119424
0 0 2119429
0 0 2119433
0 0 2119437
0 0 2119442
0 0 2119446
0 0 2119450
0 0 2119455
0 0 2119459
0 0 2119463
0 0 2119468
0 0 2119472
0 0 2119476
0 0 2119481
0 0 2119485
0 0 2119489
0 0 2119494
0 0 2119498
0 0 2119502
0 0 2119507
0 0 2119511
0 0 2119515
0 0 2119520
0 0 2119524
0 0 2119528
0 0 2119533
0 0 2119537
0 0 2119541
0 0 2119546
0 0 2119550
0 0 2119554
0 0 2119559
0 0 2119563
0 0 2119567
0 0 2119572
0 0 2119576
0 0 2119580
0 0 2119585
0 0 2119589
0 0 2119593
0 0 2119598
0 0 2119602
0 0 2119606
0 0 2119611
0 0 2119615
0 0 2119619
0 0 2119624
0 0 2119628
0 0 2119632
0 0 2119637
0 0 2119641
0 0 2119645
0 0 2119650
0 0 2119654
0 0 2119658
0 0 2119663
0 0 2119667
0 0 2119671
0 0 2119676
0 0 2119680
0 0 2119684
0 0 2119689
0 0 2119693
0 0 2119697
0 0 2119702
0 0 2119706
0 0 2119710
0 0 2119715
0 0 2119719
0 0 2119723
0 0 2119728
0 0 2119732
0 0 2119736
0 0 2119741
0 0 2119745
0 0 2119749
0 0 2119754
0 0 2119758
0 0 2119762
0 0 2119767
0 0 2119771
0 0 2119775
0 0 2119780
0 0 2119784
0 0 2119788
0 0 2119793
0 0 2119797
0 0 2119801
4 6 2119806
5 4 2119810
5 14 2119814
12 14 2119819
15 19 2119823
17 16 2119827
19 16 2119832
20 25 2119836
#TRIGGER ON
21 26 2119840
29 25 2119843
28 24 2119846
30 28 2119849
32 31 2119852
29 32 2119855
35 34 2119858
34 39 2119861
38 41 2119864
38 41 2119867
49 39 2119870
39 44 2119873
43 44 2119876
47 48 2119879
45 46 2119881
52 43 2119884
53 54 2119887
51 50 2119890
56 59 2119893
57 57 2119896
59 57 2119900
61 54 2119902
62 63 2119905
63 63 2119908
65 64 2119911
66 65 2119914
65 66 2119917
69 71 2119920
72 74 2119923
71 74 2119926
78 74 2119929
74 77 2119933
76 72 2119935
78 78 2119938
80 81 2119941
83 82 2119944
84 82 2119947
84 81 2119950
88 91 2119953
89 90 2119956
93 90 2119959
94 95 2119962
90 93 2119966
98 94 2119968
101 95 2119971
103 94 2119974
97 102 2119977
103 102 2119980
101 104 2119983
104 104 2119986
105 109 2119989
109 111 2119992
111 112 2119995
109 109 2120000
113 115 2120003
114 116 2120006
118 118 2120009
117 120 2120012
122 121 2120015
119 119 2120018
121 126 2120021
124 122 2120024
127 124 2120027
127 125 2120030
126 128 2120033
126 134 2120036
131 134 2120039
129 130 2120042
137 134 2120045
136 135 2120048
132 133 2120051
140 143 2120054
140 138 2120057
142 143 2120060
143 143 2120063
143 145 2120066
144 150 2120069
144 149 2120072
146 153 2120075
153 153 2120078
150 147 2120081
150 148 2120084
157 156 2120087
155 152 2120090
158 156 2120093
158 161 2120096
162 161 2120099
156 162 2120102
162 166 2120105
164 166 2120108
169 164 2120111
168 164 2120114
165 166 2120117
173 176 2120120
172 171 2120123
174 175 2120126
180 177 2120129
178 175 2120132
175 175 2120135
181 181 2120138
178 182 2120141
186 181 2120144
182 184 2120147
182 185 2120150
186 189 2120153
189 190 2120156
192 190 2120159
194 195 2120162
192 192 2120165
192 194 2120168
194 196 2120171
198 198 2120174
201 199 2120177
200 195 2120180
197 199 2120183
203 200 2120186
204 204 2120189
205 203 2120192
207 210 2120195
208 207 2120198
206 213 2120201
210 211 2120204
209 213 2120207
214 214 2120210
211 212 2120213
213 213 2120216
217 222 2120219
218 219 2120222
218 223 2120225
221 223 2120228
221 222 2120231
225 228 2120234
224 226 2120237
226 227 2120240
232 227 2120243
228 228 2120246
228 228 2120249
230 237 2120252
235 234 2120255
237 237 2120258
235 238 2120261
236 237 2120264
235 244 2120267
240 241 2120270
240 240 2120273
241 247 2120276
248 242 2120279
244 242 2120282
249 248 2120285
251 247 2120288
250 249 2120291
250 253 2120294
254 248 2120297
250 256 2120300
256 257 2120303
256 258 2120306
258 256 2120309
259 257 2120312
262 261 2120315
261 258 2120318
261 262 2120321
267 266 2120324
264 267 2120327
264 268 2120330
263 269 2120333
270 274 2120336
272 272 2120339
272 270 2120342
271 271 2120345
279 272 2120348
278 272 2120351
278 274 2120354
279 281 2120357
279 281 2120360
280 277 2120363
278 286 2120366
284 283 2120369
284 287 2120372
290 289 2120375
288 283 2120378
285 288 2120381
292 292 2120384
293 290 2120387
291 297 2120390
295 296 2120393
295 293 2120396
291 299 2120399
295 299 2120402
299 302 2120405
300 300 2120408
299 299 2120411
298 301 2120414
306 306 2120417
308 306 2120420
306 305 2120423
307 310 2120426
308 307 2120429
307 312 2120432
306 310 2120435
312 313 2120438
314 316 2120441
313 312 2120444
312 314 2120447
315 320 2120450
319 317 2120453
320 325 2120456
325 322 2120459
322 317 2120462
320 324 2120465
325 328 2120468
323 327 2120471
324 326 2120474
328 325 2120477
328 330 2120480
331 327 2120483
328 333 2120486
333 334 2120489
335 334 2120492
334 334 2120495
334 342 2120498
340 339 2120501
332 340 2120504
341 337 2120507
338 338 2120510
342 344 2120513
347 348 2120516
342 346 2120519
347 350 2120522
346 347 2120525
345 344 2120528
349 352 2120531
348 350 2120534
352 357 2120537
355 358 2120540
350 353 2120543
350 353 2120546
357 356 2120549
357 360 2120552
360 359 2120555
362 363 2120558
363 361 2120561
364 365 2120564
364 361 2120567
361 365 2120570
365 364 2120573
365 367 2120576
365 366 2120579
369 373 2120582
369 371 2120585
373 375 2120588
370 376 2120591
369 371 2120594
369 378 2120597
377 374 2120600
374 380 2120603
379 376 2120606
379 381 2120609
376 380 2120612
386 384 2120615
380 381 2120618
383 386 2120621
386 386 2120624
388 383 2120627
383 390 2120630
384 389 2120633
389 393 2120636
393 390 2120639
391 390 2120642
391 390 2120645
394 396 2120648
391 394 2120651
395 396 2120654
396 400 2120657
399 396 2120660
399 403 2120663
401 403 2120666
401 400 2120669
403 405 2120672
403 404 2120675
402 399 2120678
403 406 2120681
407 409 2120684
408 410 2120687
414 409 2120690
408 407 2120693
410 415 2120696
410 415 2120699
412 413 2120702
414 414 2120705
414 418 2120708
413 416 2120711
419 418 2120714
416 418 2120717
420 423 2120720
422 423 2120723
423 423 2120726
419 425 2120729
422 424 2120732
421 425 2120735
427 430 2120738
428 428 2120741
426 424 2120744
431 430 2120747
429 432 2120750
432 432 2120753
434 434 2120756
438 434 2120759
431 437 2120762
436 437 2120765
434 434 2120768
436 436 2120771
439 440 2120774
438 439 2120777
439 442 2120780
441 443 2120783
446 448 2120786
445 447 2120789
445 445 2120792
441 453 2120795
444 445 2120798
445 448 2120801
451 448 2120804
449 451 2120807
449 451 2120810
456 458 2120813
453 452 2120816
450 454 2120819
452 457 2120822
457 456 2120825
451 464 2120828
462 457 2120831
458 459 2120834
458 461 2120837
464 461 2120840
463 462 2120843
464 459 2120846
465 464 2120849
470 470 2120852
464 465 2120855
467 468 2120858
464 470 2120861
475 468 2120864
469 470 2120867
471 471 2120870
475 468 2120873
470 474 2120876
477 477 2120879
476 473 2120882
477 477 2120885
479 479 2120888
479 481 2120891
478 480 2120894
480 480 2120897
478 483 2120900
484 484 2120903
484 483 2120906
481 482 2120909
484 485 2120912
489 486 2120915
489 489 2120918
492 494 2120921
489 488 2120924
491 494 2120927
491 493 2120930
491 493 2120933
492 492 2120936
494 498 2120939
495 496 2120942
499 494 2120945
496 496 2120948
500 500 2120951
500 504 2120954
500 496 2120957
499 502 2120960
504 504 2120963
500 504 2120966
503 505 2120969
505 501 2120972
503 505 2120975
511 511 2120978
508 509 2120981
510 511 2120984
507 509 2120987
507 511 2120990
508 519 2120993
514 513 2120996
512 513 2121000
514 518 2121003
518 516 2121006
513 513 2121009
519 517 2121012
518 518 2121015
518 524 2121018
520 519 2121021
520 519 2121024
517 522 2121027
524 526 2121029
525 521 2121032
522 526 2121035
530 523 2121038
525 527 2121041
529 528 2121044
528 529 2121047
528 529 2121050
531 532 2121053
531 532 2121056
533 531 2121059
533 534 2121062
534 537 2121065
534 536 2121068
537 539 2121071
535 536 2121074
541 540 2121077
540 537 2121080
537 536 2121083
539 541 2121086
542 544 2121089
545 542 2121092
547 547 2121095
540 542 2121098
541 546 2121101
548 547 2121104
547 552 2121107
550 544 2121110
548 547 2121113
547 550 2121116
554 552 2121119
553 549 2121122
553 556 2121125
556 554 2121128
552 550 2121131
548 558 2121134
558 557 2121137
557 559 2121140
559 562 2121143
560 556 2121146
554 558 2121149
559 564 2121152
563 563 2121155
561 565 2121158
564 564 2121161
565 564 2121164
566 569 2121167
566 564 2121170
564 566 2121173
569 571 2121176
569 570 2121179
567 567 2121182
566 571 2121185
575 575 2121188
575 576 2121191
573 572 2121194
571 571 2121197
572 577 2121200
577 576 2121203
577 576 2121206
578 578 2121209
581 576 2121212
578 577 2121215
584 582 2121218
583 580 2121221
580 583 2121224
582 588 2121227
581 581 2121230
579 587 2121233
588 586 2121236
588 588 2121239
586 587 2121242
587 588 2121245
588 589 2121248
591 591 2121251
588 587 2121254
594 591 2121257
590 593 2121260
594 592 2121263
591 593 2121266
594 595 2121269
594 595 2121272
597 594 2121275
598 593 2121278
595 597 2121281
600 598 2121284
600 598 2121287
597 601 2121290
602 604 2121293
601 604 2121296
601 604 2121299
604 603 2121302
601 606 2121305
605 607 2121308
609 608 2121311
604 601 2121314
609 608 2121317
611 611 2121320
612 613 2121323
607 610 2121326
611 611 2121329
609 617 2121332
612 611 2121335
612 616 2121338
615 616 2121341
613 614 2121344
615 608 2121347
617 616 2121350
618 619 2121353
620 618 2121356
623 621 2121359
617 617 2121362
618 624 2121365
624 621 2121368
622 625 2121371
623 621 2121374
624 625 2121377
624 625 2121380
624 626 2121383
626 630 2121386
628 633 2121389
626 629 2121392
630 628 2121395
627 631 2121398
634 634 2121401
633 631 2121404
631 635 2121407
634 630 2121410
629 634 2121413
635 640 2121416
636 636 2121419
633 640 2121422
638 638 2121425
639 641 2121428
642 638 2121431
636 640 2121434
642 645 2121437
641 641 2121440
641 641 2121443
643 643 2121446
644 644 2121449
644 641 2121452
646 644 2121455
647 646 2121458
647 645 2121461
645 651 2121464
648 648 2121467
643 650 2121470
650 653 2121473
653 650 2121476
649 645 2121479
654 654 2121482
654 655 2121485
655 652 2121488
653 659 2121491
653 655 2121494
652 660 2121497
659 657 2121500
656 659 2121503
657 657 2121506
661 658 2121509
657 653 2121512
659 663 2121515
663 662 2121518
667 664 2121521
660 662 2121524
663 659 2121527
662 667 2121530
664 667 2121533
664 665 2121536
665 669 2121539
666 665 2121542
665 667 2121545
669 669 2121548
670 671 2121551
671 671 2121554
671 670 2121557
671 672 2121560
669 673 2121563
674 676 2121566
671 672 2121569
672 678 2121572
675 675 2121575
674 678 2121578
673 679 2121581
676 676 2121584
679 682 2121587
679 681 2121590
679 680 2121593
679 684 2121596
680 684 2121599
678 679 2121602
682 684 2121605
685 684 2121608
681 684 2121611
684 688 2121614
685 687 2121617
684 684 2121620
686 687 2121623
683 688 2121626
686 691 2121629
689 688 2121632
690 690 2121635
691 687 2121638
691 689 2121641
691 690 2121644
690 690 2121647
697 693 2121650
696 695 2121653
693 692 2121656
697 695 2121659
695 700 2121662
696 695 2121665
695 693 2121668
697 700 2121671
701 695 2121674
702 696 2121677
702 698 2121680
701 705 2121683
703 701 2121686
700 702 2121689
701 702 2121692
705 703 2121695
705 703 2121698
704 710 2121701
706 707 2121704
708 705 2121707
702 708 2121710
709 706 2121713
709 707 2121716
712 708 2121719
710 709 2121722
711 709 2121725
710 712 2121728
707 715 2121731
710 716 2121734
713 713 2121737
712 714 2121740
712 713 2121743
713 717 2121746
716 714 2121749
718 717 2121752
715 719 2121755
721 718 2121758
716 718 2121761
722 724 2121764
722 719 2121767
719 717 2121770
716 715 2121773
716 715 2121776
715 715 2121779
717 715 2121782
712 712 2121785
710 713 2121788
710 709 2121791
704 712 2121794
709 713 2121797
706 708 2121800
705 700 2121803
701 701 2121806
700 703 2121809
706 702 2121812
700 701 2121815
700 705 2121818
698 700 2121821
693 696 2121824
692 699 2121827
696 699 2121830
696 693 2121833
689 693 2121836
691 690 2121839
689 687 2121842
687 693 2121845
688 686 2121848
690 691 2121851
685 684 2121854
684 680 2121857
683 689 2121860
683 683 2121863
681 678 2121866
679 681 2121869
683 675 2121872
678 676 2121875
683 678 2121878
676 675 2121881
674 675 2121884
673 676 2121887
673 669 2121890
672 676 2121893
676 671 2121896
669 671 2121899
672 668 2121902
668 670 2121905
667 665 2121908
668 669 2121911
663 664 2121914
667 666 2121917
667 662 2121920
661 662 2121923
660 660 2121926
662 660 2121929
657 658 2121932
660 656 2121935
657 658 2121938
657 653 2121941
657 658 2121944
653 655 2121947
655 655 2121950
653 654 2121953
650 647 2121956
649 655 2121959
651 650 2121962
643 649 2121965
648 645 2121968
649 644 2121971
645 640 2121974
645 647 2121977
647 646 2121980
645 642 2121983
639 643 2121986
640 642 2121989
639 642 2121992
634 638 2121995
638 636 2121999
639 638 2122002
637 634 2122005
636 639 2122008
637 639 2122011
631 636 2122014
635 631 2122017
632 630 2122020
632 629 2122023
628 626 2122026
625 630 2122029
628 631 2122032
626 629 2122034
628 629 2122037
629 627 2122040
628 628 2122043
620 621 2122046
621 617 2122049
622 623 2122052
623 619 2122055
616 619 2122058
621 618 2122061
621 616 2122064
616 615 2122067
616 615 2122070
616 616 2122073
613 612 2122076
615 611 2122079
614 614 2122082
612 611 2122085
610 614 2122088
611 611 2122091
606 608 2122094
606 605 2122097
611 606 2122100
607 601 2122103
608 606 2122106
609 605 2122109
604 604 2122112
603 606 2122115
600 604 2122118
597 603 2122121
598 603 2122124
598 602 2122127
602 596 2122130
597 596 2122133
598 597 2122136
598 596 2122139
596 597 2122142
597 599 2122145
593 596 2122148
590 589 2122151
590 597 2122154
591 592 2122157
588 589 2122160
592 589 2122163
592 584 2122166
587 586 2122169
588 589 2122172
585 584 2122175
585 586 2122178
586 581 2122181
585 582 2122184
582 585 2122187
582 583 2122190
583 583 2122193
582 582 2122196
581 582 2122199
578 577 2122202
583 578 2122205
577 575 2122208
578 581 2122211
575 574 2122214
573 574 2122217
575 578 2122220
574 570 2122223
571 576 2122226
576 571 2122229
573 569 2122232
571 567 2122235
570 570 2122238
570 563 2122241
568 569 2122244
568 564 2122247
568 564 2122250
560 564 2122253
565 563 2122256
561 564 2122259
564 557 2122262
563 560 2122265
564 558 2122268
560 556 2122271
563 561 2122274
563 558 2122277
557 559 2122280
557 557 2122283
554 559 2122286
553 558 2122289
554 560 2122292
556 549 2122295
552 554 2122298
551 550 2122301
553 553 2122304
551 547 2122307
550 549 2122310
553 550 2122313
547 548 2122316
546 552 2122319
548 550 2122322
548 547 2122325
546 550 2122328
547 546 2122331
541 542 2122334
547 545 2122337
544 541 2122340
545 541 2122343
544 546 2122346
541 541 2122349
537 541 2122352
540 541 2122355
540 541 2122358
536 536 2122361
537 538 2122364
536 533 2122367
535 537 2122370
535 536 2122373
533 531 2122376
533 537 2122379
534 530 2122382
530 534 2122385
530 532 2122388
532 530 2122391
531 525 2122394
530 528 2122397
530 528 2122400
526 527 2122403
527 525 2122406
531 528 2122409
525 528 2122412
524 527 2122415
524 530 2122418
523 526 2122421
521 526 2122424
522 523 2122427
521 521 2122430
520 519 2122433
522 521 2122436
520 518 2122439
518 519 2122442
520 516 2122445
515 513 2122448
517 519 2122451
513 514 2122454
511 515 2122457
514 514 2122460
514 512 2122463
510 508 2122466
511 514 2122469
511 510 2122472
507 508 2122475
515 513 2122478
508 503 2122481
507 511 2122484
507 509 2122487
507 508 2122490
507 510 2122493
509 506 2122496
503 502 2122499
504 506 2122502
502 503 2122505
501 502 2122508
500 505 2122511
504 501 2122514
496 499 2122517
501 503 2122520
499 501 2122523
497 495 2122526
499 495 2122529
494 494 2122532
496 497 2122535
496 497 2122538
498 494 2122541
495 497 2122544
495 492 2122547
492 495 2122550
490 498 2122553
490 493 2122556
491 488 2122559
490 488 2122562
489 488 2122565
491 491 2122568
489 486 2122571
487 488 2122574
487 484 2122577
485 482 2122580
484 487 2122583
489 484 2122586
482 485 2122589
483 483 2122592
486 479 2122595
482 476 2122598
480 485 2122601
480 476 2122604
480 480 2122607
480 482 2122610
479 476 2122613
473 478 2122616
479 481 2122619
476 480 2122622
475 476 2122625
474 473 2122628
475 473 2122631
472 473 2122634
475 475 2122637
475 473 2122640
471 473 2122643
472 471 2122646
471 472 2122649
472 469 2122652
470 470 2122655
470 464 2122658
468 466 2122661
466 465 2122664
471 465 2122667
464 464 2122670
466 466 2122673
467 460 2122676
469 459 2122679
463 468 2122682
461 462 2122685
462 463 2122688
462 462 2122691
462 460 2122694
460 459 2122697
460 461 2122700
458 462 2122703
460 459 2122706
460 460 2122709
458 452 2122712
451 457 2122715
459 459 2122718
455 456 2122721
455 455 2122724
457 451 2122727
450 451 2122730
457 459 2122733
455 450 2122736
451 453 2122739
447 456 2122742
450 446 2122745
447 450 2122748
453 454 2122751
450 446 2122754
448 447 2122757
450 445 2122760
444 444 2122763
449 446 2122766
449 447 2122769
444 448 2122772
445 444 2122775
445 442 2122778
441 442 2122781
442 443 2122784
444 438 2122787
440 445 2122790
443 440 2122793
436 434 2122796
441 444 2122799
441 438 2122802
440 438 2122805
439 441 2122808
438 438 2122811
431 439 2122814
438 438 2122817
433 433 2122820
435 434 2122823
436 431 2122826
431 432 2122829
435 434 2122832
430 431 2122835
430 432 2122838
433 434 2122841
432 427 2122844
430 431 2122847
433 430 2122850
427 429 2122853
428 427 2122856
430 424 2122859
426 423 2122862
429 425 2122865
424 423 2122868
425 430 2122871
425 428 2122874
423 426 2122877
422 426 2122880
424 421 2122883
422 423 2122886
425 421 2122889
420 418 2122892
419 416 2122895
419 421 2122898
419 419 2122901
419 421 2122904
419 418 2122907
417 414 2122910
417 419 2122913
416 415 2122916
417 416 2122919
415 413 2122922
414 413 2122925
411 412 2122928
413 410 2122931
413 415 2122934
412 411 2122937
411 415 2122940
410 409 2122943
406 409 2122946
412 413 2122949
411 410 2122952
407 408 2122955
410 410 2122958
403 406 2122961
406 413 2122964
408 407 2122967
404 407 2122970
406 408 2122973
404 401 2122976
400 410 2122979
406 406 2122982
401 406 2122985
403 405 2122988
403 399 2122991
400 401 2122994
405 399 2122997
401 403 2123001
399 403 2123004
397 396 2123007
401 398 2123010
397 399 2123013
395 396 2123016
397 397 2123019
396 395 2123022
399 398 2123025
395 397 2123028
394 391 2123032
399 394 2123034
390 394 2123037
393 389 2123040
392 392 2123043
391 394 2123046
390 387 2123049
392 394 2123052
392 389 2123055
392 392 2123058
389 389 2123061
387 389 2123065
387 386 2123067
388 388 2123070
387 387 2123073
386 383 2123076
386 389 2123079
385 383 2123082
386 387 2123085
384 382 2123088
386 383 2123091
385 384 2123094
385 387 2123098
383 373 2123100
383 383 2123103
378 378 2123106
382 383 2123109
378 382 2123112
379 379 2123115
384 383 2123118
375 378 2123121
380 378 2123124
380 382 2123127
376 376 2123131
379 374 2123133
373 373 2123136
380 374 2123139
376 376 2123142
372 372 2123145
371 373 2123148
377 376 2123151
374 370 2123154
376 374 2123157
373 375 2123160
371 368 2123164
373 369 2123166
376 369 2123169
373 371 2123172
368 370 2123175
370 369 2123178
364 366 2123181
372 366 2123184
368 370 2123187
368 367 2123190
368 366 2123193
365 365 2123197
365 363 2123199
367 366 2123202
363 366 2123205
365 365 2123208
360 365 2123211
362 359 2123214
363 364 2123217
365 363 2123220
364 363 2123223
363 364 2123226
358 358 2123230
362 358 2123232
361 363 2123235
358 359 2123238
356 362 2123241
354 357 2123244
356 355 2123247
355 359 2123250
354 356 2123253
356 360 2123256
349 354 2123259
355 355 2123263
353 354 2123265
354 353 2123268
352 355 2123271
353 358 2123274
357 353 2123277
349 350 2123280
352 354 2123283
350 350 2123286
350 353 2123289
350 352 2123292
350 354 2123296
352 341 2123298
351 349 2123301
344 349 2123304
345 351 2123307
343 348 2123310
344 340 2123313
344 346 2123316
348 345 2123319
345 347 2123322
346 348 2123325
344 341 2123329
346 339 2123331
342 341 2123334
341 340 2123337
344 343 2123340
340 343 2123343
340 336 2123346
340 340 2123349
340 342 2123352
343 347 2123355
335 339 2123358
339 338 2123362
345 335 2123364
338 335 2123367
339 338 2123370
340 338 2123373
337 334 2123376
337 332 2123379
333 340 2123382
338 337 2123385
335 341 2123388
335 332 2123391
335 335 2123395
335 328 2123397
336 333 2123400
334 332 2123403
330 333 2123406
331 333 2123409
330 330 2123412
333 330 2123415
333 334 2123418
330 332 2123421
327 329 2123424
328 327 2123428
330 325 2123430
330 331 2123433
330 331 2123436
328 326 2123439
327 324 2123442
322 323 2123445
329 325 2123448
326 328 2123451
325 325 2123454
327 326 2123457
323 322 2123461
326 319 2123463
327 325 2123466
321 322 2123469
321 323 2123472
317 322 2123475
322 320 2123478
323 325 2123481
318 319 2123484
318 321 2123487
318 322 2123490
316 315 2123494
323 319 2123496
318 318 2123499
318 315 2123502
316 319 2123505
314 318 2123508
314 315 2123511
316 319 2123514
315 316 2123517
316 320 2123520
315 315 2123523
312 315 2123527
314 310 2123529
314 315 2123532
317 308 2123535
310 312 2123538
310 315 2123541
311 312 2123544
310 313 2123547
312 313 2123550
313 313 2123553
311 311 2123556
306 311 2123560
313 306 2123562
307 308 2123565
309 307 2123568
306 307 2123571
303 307 2123574
305 305 2123577
305 309 2123580
306 308 2123583
305 306 2123586
306 306 2123589
306 304 2123593
304 304 2123595
304 304 2123598
302 300 2123601
302 302 2123604
303 308 2123607
297 302 2123610
305 303 2123613
299 305 2123616
303 301 2123619
300 306 2123622
295 304 2123626
306 298 2123628
298 303 2123631
299 294 2123634
300 300 2123637
296 299 2123640
299 296 2123643
299 298 2123646
295 294 2123649
300 298 2123652
296 297 2123655
294 298 2123659
297 293 2123661
293 293 2123664
294 295 2123667
293 300 2123670
291 292 2123673
290 293 2123676
293 293 2123679
292 297 2123682
295 294 2123685
292 292 2123688
289 292 2123692
292 283 2123694
290 289 2123697
293 286 2123700
291 289 2123703
289 290 2123706
286 286 2123709
291 289 2123712
287 291 2123715
288 289 2123718
287 291 2123721
286 286 2123725
289 280 2123727
288 289 2123730
286 283 2123733
286 282 2123736
285 289 2123739
281 280 2123742
288 288 2123745
285 285 2123748
284 284 2123751
286 286 2123754
277 282 2123758
285 279 2123760
281 285 2123763
278 281 2123766
281 280 2123769
280 284 2123772
282 279 2123775
284 282 2123778
280 280 2123781
279 279 2123784
282 282 2123787
279 272 2123791
277 275 2123793
279 282 2123796
280 275 2123799
278 280 2123802
273 277 2123805
275 272 2123808
278 278 2123811
274 275 2123814
275 277 2123817
278 276 2123820
275 272 2123824
278 271 2123826
272 271 2123829
272 272 2123832
273 278 2123835
270 271 2123838
271 269 2123841
272 276 2123844
272 274 2123847
272 272 2123850
271 270 2123853
267 267 2123857
271 267 2123859
271 268 2123862
272 269 2123865
267 267 2123868
268 268 2123871
267 266 2123874
268 268 2123877
268 265 2123880
268 270 2123883
267 267 2123886
267 267 2123890
271 265 2123892
265 264 2123895
266 266 2123898
262 264 2123901
263 264 2123904
265 264 2123907
262 266 2123910
264 265 2123913
266 264 2123916
260 263 2123919
265 261 2123923
264 257 2123925
261 260 2123928
264 259 2123931
261 259 2123934
257 259 2123937
264 258 2123940
260 259 2123943
260 260 2123946
257 261 2123949
256 260 2123952
257 255 2123956
257 254 2123958
259 258 2123961
261 256 2123964
255 260 2123967
256 253 2123970
256 254 2123973
257 257 2123976
257 256 2123979
256 254 2123982
254 255 2123985
253 251 2123989
255 253 2123991
257 255 2123994
255 253 2123999
255 252 2124002
253 252 2124005
247 249 2124008
253 249 2124011
251 250 2124014
248 250 2124017
254 250 2124020
251 248 2124023
253 250 2124026
253 251 2124029
246 247 2124032
247 251 2124035
250 249 2124038
245 249 2124041
249 250 2124044
248 245 2124047
242 244 2124050
249 254 2124053
243 244 2124056
246 252 2124059
246 249 2124062
244 243 2124065
243 243 2124068
243 248 2124071
243 246 2124074
242 246 2124077
243 243 2124080
241 239 2124083
242 244 2124086
242 247 2124089
241 244 2124092
242 247 2124095
242 238 2124098
239 242 2124101
240 245 2124104
241 240 2124107
238 238 2124110
243 235 2124113
239 237 2124116
239 244 2124119
242 240 2124122
236 241 2124125
239 239 2124128
236 234 2124131
235 242 2124134
238 238 2124137
238 237 2124140
237 234 2124143
236 238 2124146
233 236 2124149
234 235 2124152
236 233 2124155
237 239 2124158
233 233 2124161
234 231 2124164
231 238 2124167
236 233 2124170
232 236 2124173
236 233 2124176
231 228 2124179
230 233 2124182
234 234 2124185
234 229 2124188
232 232 2124191
233 230 2124194
228 228 2124197
230 232 2124200
229 232 2124203
231 230 2124206
232 228 2124209
232 229 2124212
227 224 2124215
227 228 2124218
234 227 2124221
228 227 2124224
229 231 2124227
226 227 2124230
221 228 2124233
230 230 2124236
229 226 2124239
231 222 2124242
225 227 2124245
224 223 2124248
226 223 2124251
226 224 2124254
228 226 2124257
225 225 2124260
224 221 2124263
224 228 2124266
225 224 2124269
220 225 2124272
224 222 2124275
223 218 2124278
221 221 2124281
225 222 2124284
221 220 2124287
222 220 2124290
222 221 2124293
219 219 2124296
218 221 2124299
221 221 2124302
218 219 2124305
217 221 2124308
219 218 2124311
218 218 2124314
219 219 2124317
220 217 2124320
219 217 2124323
217 216 2124326
218 216 2124329
214 213 2124332
215 220 2124335
217 214 2124338
218 215 2124341
217 214 2124344
213 216 2124347
214 213 2124350
212 211 2124353
219 216 2124356
211 213 2124359
212 210 2124362
214 220 2124365
212 211 2124368
212 217 2124371
209 212 2124374
213 212 2124377
208 211 2124380
215 213 2124383
213 212 2124386
211 211 2124389
212 211 2124392
207 205 2124395
207 216 2124398
211 206 2124401
205 213 2124404
212 208 2124407
210 208 2124410
208 208 2124413
208 209 2124416
210 204 2124419
207 209 2124422
208 208 2124425
209 208 2124428
204 204 2124431
208 208 2124434
206 205 2124437
204 205 2124440
208 207 2124443
200 204 2124446
206 206 2124449
203 204 2124452
208 206 2124455
206 205 2124458
203 205 2124461
205 203 2124464
202 205 2124467
203 205 2124470
208 201 2124473
202 203 2124476
203 202 2124479
204 202 2124482
203 201 2124485
205 200 2124488
203 202 2124491
200 198 2124494
201 204 2124497
203 198 2124500
198 201 2124503
203 200 2124506
199 197 2124509
199 197 2124512
201 201 2124515
203 197 2124518
198 203 2124521
199 196 2124524
197 196 2124527
194 200 2124530
199 200 2124533
197 199 2124536
197 194 2124539
196 194 2124542
195 190 2124545
194 197 2124548
199 194 2124551
197 194 2124554
196 194 2124557
196 192 2124560
192 195 2124563
197 194 2124566
195 195 2124569
193 191 2124572
191 189 2124575
196 190 2124578
195 193 2124581
193 195 2124584
194 195 2124587
193 193 2124590
189 189 2124593
189 197 2124596
192 193 2124599
189 193 2124602
192 196 2124605
193 188 2124608
186 185 2124611
192 191 2124614
192 187 2124617
187 189 2124620
189 191 2124623
188 187 2124626
185 189 2124629
189 189 2124632
190 188 2124635
186 186 2124638
185 186 2124641
186 185 2124644
188 186 2124647
186 185 2124650
188 188 2124653
186 181 2124656
185 186 2124659
185 186 2124662
189 186 2124665
184 184 2124668
187 185 2124671
185 177 2124674
184 179 2124677
184 187 2124680
187 181 2124683
187 187 2124686
183 182 2124689
180 186 2124692
181 182 2124695
178 182 2124698
176 158 2124701
183 183 2124704
183 180 2124707
180 185 2124710
187 186 2124713
180 178 2124716
181 183 2124719
179 181 2124722
180 178 2124725
173 182 2124728
178 182 2124731
180 180 2124734
179 179 2124737
178 179 2124740
179 176 2124743
175 178 2124746
178 177 2124749
177 177 2124752
175 180 2124755
179 174 2124758
173 178 2124761
175 178 2124764
171 177 2124767
179 176 2124770
177 176 2124773
175 173 2124776
176 179 2124779
176 173 2124782
176 173 2124785
176 175 2124788
173 172 2124791
175 176 2124794
172 173 2124797
173 175 2124800
177 173 2124803
171 171 2124806
170 172 2124809
175 174 2124812
175 173 2124815
172 172 2124818
178 175 2124821
169 168 2124824
171 174 2124827
172 177 2124830
171 172 2124833
174 171 2124836
169 171 2124839
169 169 2124842
170 174 2124845
172 171 2124848
171 174 2124851
170 169 2124854
168 165 2124857
167 172 2124860
171 167 2124863
165 168 2124866
170 167 2124869
169 166 2124872
167 167 2124875
167 167 2124878
170 167 2124881
167 170 2124884
168 171 2124887
166 166 2124890
168 167 2124893
163 168 2124896
165 167 2124899
165 163 2124902
166 167 2124905
168 163 2124908
163 166 2124911
166 164 2124914
168 165 2124917
163 161 2124920
164 161 2124923
160 163 2124926
165 164 2124929
161 166 2124932
165 161 2124935
166 160 2124938
160 159 2124941
161 164 2124944
164 162 2124947
161 164 2124950
162 167 2124953
162 158 2124956
157 165 2124959
161 162 2124962
159 163 2124965
161 159 2124968
154 161 2124971
159 160 2124974
161 159 2124977
159 162 2124980
162 162 2124983
158 156 2124986
160 160 2124989
156 160 2124992
158 160 2124995
158 158 2124999
159 160 2125002
159 156 2125005
155 158 2125008
156 163 2125011
158 159 2125014
156 157 2125017
149 155 2125020
155 156 2125023
153 155 2125026
156 160 2125029
159 159 2125032
153 154 2125034
155 158 2125037
154 156 2125040
159 157 2125043
152 153 2125046
155 152 2125049
148 152 2125052
155 153 2125055
150 153 2125058
156 151 2125061
154 153 2125064
151 155 2125067
151 148 2125070
150 153 2125073
154 157 2125076
153 151 2125079
151 152 2125082
153 151 2125085
149 151 2125088
153 151 2125091
155 152 2125094
155 149 2125097
151 144 2125100
152 146 2125103
152 151 2125106
152 151 2125109
151 151 2125112
147 149 2125115
147 147 2125118
146 149 2125121
149 154 2125124
148 149 2125127
145 147 2125130
148 148 2125133
149 142 2125136
147 150 2125139
149 147 2125142
149 148 2125145
147 145 2125148
145 148 2125151
145 149 2125154
149 146 2125157
142 150 2125160
149 149 2125163
142 145 2125166
145 145 2125169
147 146 2125172
148 147 2125175
147 144 2125178
142 144 2125181
145 141 2125184
140 148 2125187
144 147 2125190
142 145 2125193
144 145 2125196
141 144 2125199
144 143 2125202
144 145 2125205
142 140 2125208
143 146 2125211
142 141 2125214
142 142 2125217
141 143 2125220
145 145 2125223
142 142 2125226
145 141 2125229
140 139 2125232
136 141 2125235
141 144 2125238
142 142 2125241
142 143 2125244
136 139 2125247
140 142 2125250
139 142 2125253
137 139 2125256
135 143 2125259
141 139 2125262
136 137 2125265
138 141 2125268
139 142 2125271
137 135 2125274
138 141 2125277
141 138 2125280
137 134 2125283
136 139 2125286
140 142 2125289
136 137 2125292
133 138 2125295
136 137 2125298
137 136 2125301
140 135 2125304
136 135 2125307
138 135 2125310
135 136 2125313
134 132 2125316
132 137 2125319
138 137 2125322
138 132 2125325
136 136 2125328
133 133 2125331
130 135 2125334
134 139 2125337
133 130 2125340
137 136 2125343
131 131 2125346
134 136 2125349
138 136 2125352
133 134 2125355
130 139 2125358
133 135 2125361
128 129 2125364
131 131 2125367
130 132 2125370
131 132 2125373
132 131 2125376
132 134 2125379
134 133 2125382
130 133 2125385
131 129 2125388
131 135 2125391
133 129 2125394
131 127 2125397
132 127 2125400
132 133 2125403
130 128 2125406
133 127 2125409
129 132 2125412
130 128 2125415
127 131 2125418
127 132 2125421
128 129 2125424
129 127 2125427
126 126 2125430
128 127 2125433
129 127 2125436
129 127 2125439
130 128 2125442
126 129 2125445
130 122 2125448
123 126 2125451
128 128 2125454
127 123 2125457
124 126 2125460
126 126 2125463
126 126 2125466
126 128 2125469
123 125 2125472
126 126 2125475
126 129 2125478
125 124 2125481
124 127 2125484
126 128 2125487
125 126 2125490
123 123 2125493
125 128 2125496
123 119 2125499
126 126 2125502
125 123 2125505
126 126 2125508
125 125 2125511
124 121 2125514
117 125 2125517
124 122 2125520
122 122 2125523
125 120 2125526
123 122 2125529
123 119 2125532
125 122 2125535
124 120 2125538
126 123 2125541
123 123 2125544
120 120 2125547
116 126 2125550
124 119 2125553
125 123 2125556
121 117 2125559
119 121 2125562
123 117 2125565
121 121 2125568
119 122 2125571
122 120 2125574
120 122 2125577
121 119 2125580
117 122 2125583
121 119 2125586
123 119 2125589
122 114 2125592
115 116 2125595
117 116 2125598
121 118 2125601
117 117 2125604
118 120 2125607
117 119 2125610
117 115 2125613
113 118 2125616
118 121 2125619
119 119 2125622
117 114 2125625
118 114 2125628
112 113 2125631
120 116 2125634
118 117 2125637
116 116 2125640
115 120 2125643
116 114 2125646
112 120 2125649
117 113 2125652
117 114 2125655
115 112 2125658
113 111 2125661
112 114 2125664
114 114 2125667
114 115 2125670
114 114 2125673
114 115 2125676
115 113 2125679
114 113 2125682
114 112 2125685
114 116 2125688
114 113 2125691
108 115 2125694
111 109 2125697
115 116 2125700
114 114 2125703
109 111 2125706
112 115 2125709
112 108 2125712
108 115 2125715
114 114 2125718
107 111 2125721
110 111 2125724
109 105 2125727
108 112 2125730
113 114 2125733
110 107 2125736
108 116 2125739
110 108 2125742
107 108 2125745
109 113 2125748
111 112 2125751
110 112 2125754
110 108 2125757
111 107 2125760
109 109 2125763
109 109 2125766
109 108 2125769
109 113 2125772
108 108 2125775
107 101 2125778
103 111 2125781
109 112 2125784
105 108 2125787
105 112 2125790
108 108 2125793
106 108 2125796
108 107 2125799
102 101 2125802
106 112 2125805
107 108 2125808
104 107 2125811
105 109 2125814
104 104 2125817
104 110 2125820
105 104 2125823
106 106 2125826
105 102 2125829
107 107 2125832
106 102 2125835
104 102 2125838
106 107 2125841
105 106 2125844
102 108 2125847
104 103 2125850
102 108 2125853
105 103 2125856
100 97 2125859
103 102 2125862
102 106 2125865
102 106 2125868
102 103 2125871
103 104 2125874
100 104 2125877
98 104 2125880
100 102 2125883
102 103 2125886
102 102 2125889
104 104 2125892
99 95 2125895
103 100 2125898
104 103 2125901
104 105 2125904
103 100 2125907
99 98 2125910
98 105 2125913
102 100 2125916
98 101 2125919
101 100 2125922
100 101 2125925
100 98 2125928
98 104 2125931
101 101 2125934
99 101 2125937
99 99 2125940
100 101 2125943
99 102 2125946
98 101 2125949
96 98 2125952
98 102 2125955
98 98 2125958
97 96 2125961
98 102 2125964
98 98 2125967
99 102 2125970
98 97 2125973
99 96 2125976
96 103 2125979
99 100 2125982
98 97 2125985
99 95 2125988
98 95 2125991
96 99 2125994
99 100 2125997
96 96 2126001
96 96 2126004
102 94 2126007
98 94 2126010
92 95 2126013
92 97 2126016
97 98 2126019
98 99 2126022
94 95 2126025
98 99 2126028
94 92 2126032
100 90 2126034
94 92 2126037
95 92 2126040
98 97 2126043
96 94 2126046
95 90 2126049
92 94 2126052
95 92 2126055
95 97 2126058
94 94 2126061
92 91 2126065
97 88 2126067
100 97 2126070
95 90 2126073
92 96 2126076
92 91 2126079
93 92 2126082
93 95 2126085
94 90 2126088
95 91 2126091
94 92 2126094
90 91 2126098
90 85 2126100
91 91 2126103
94 89 2126106
91 94 2126109
85 91 2126112
94 82 2126115
93 90 2126118
91 93 2126121
90 90 2126124
88 94 2126127
86 86 2126131
94 90 2126133
90 89 2126136
88 88 2126139
89 90 2126142
88 87 2126145
89 88 2126148
90 84 2126151
87 89 2126154
90 93 2126157
86 91 2126160
86 86 2126164
93 89 2126166
87 89 2126169
91 88 2126172
87 89 2126175
87 91 2126178
84 85 2126181
88 90 2126184
86 89 2126187
90 88 2126190
86 92 2126193
81 87 2126197
89 82 2126199
88 87 2126202
88 84 2126205
87 88 2126208
85 86 2126211
86 82 2126214
91 88 2126217
83 90 2126220
83 88 2126223
86 87 2126226
89 85 2126230
85 81 2126232
86 87 2126235
81 87 2126238
84 86 2126241
86 84 2126244
82 81 2126247
85 85 2126250
86 88 2126253
86 87 2126256
83 86 2126259
85 85 2126263
85 82 2126265
84 85 2126268
84 83 2126271
84 82 2126274
84 82 2126277
81 84 2126280
81 85 2126283
85 84 2126286
84 89 2126289
84 86 2126292
80 82 2126296
84 80 2126298
88 83 2126301
82 81 2126304
80 83 2126307
75 83 2126310
81 81 2126313
83 84 2126316
79 82 2126319
81 86 2126322
78 85 2126325
81 82 2126329
87 77 2126331
78 80 2126334
82 80 2126337
80 83 2126340
79 81 2126343
80 78 2126346
81 81 2126349
77 84 2126352
80 82 2126355
80 83 2126358
79 82 2126362
82 78 2126364
78 82 2126367
78 76 2126370
84 84 2126373
79 82 2126376
78 80 2126379
78 78 2126382
78 81 2126385
81 82 2126388
79 78 2126391
77 76 2126395
80 75 2126397
76 80 2126400
81 82 2126403
73 81 2126406
78 79 2126409
74 77 2126412
80 81 2126415
80 78 2126418
78 80 2126421
76 75 2126424
79 76 2126428
79 78 2126430
77 76 2126433
76 77 2126436
79 78 2126439
76 78 2126442
78 73 2126445
78 73 2126448
77 75 2126451
76 79 2126454
75 77 2126457
74 75 2126461
75 72 2126463
75 76 2126466
80 80 2126469
73 77 2126472
77 77 2126475
72 70 2126478
76 78 2126481
77 74 2126484
75 78 2126487
76 71 2126490
74 75 2126494
73 75 2126496
75 73 2126499
72 74 2126502
75 73 2126505
73 74 2126508
71 68 2126511
72 74 2126514
72 73 2126517
77 75 2126520
75 73 2126523
74 72 2126527
77 69 2126529
74 76 2126532
75 72 2126535
71 70 2126538
74 75 2126541
72 73 2126544
71 73 2126547
74 72 2126550
74 77 2126553
77 74 2126556
71 71 2126560
74 68 2126562
74 72 2126565
74 72 2126568
71 70 2126571
69 72 2126574
68 68 2126577
71 72 2126580
73 71 2126583
70 76 2126586
70 73 2126589
70 72 2126593
73 68 2126595
70 71 2126598
72 69 2126601
73 71 2126604
69 71 2126607
67 69 2126610
67 74 2126613
73 72 2126616
72 70 2126619
69 74 2126622
70 68 2126626
71 71 2126628
68 68 2126631
66 64 2126634
70 71 2126637
71 69 2126640
66 63 2126643
71 71 2126646
69 75 2126649
68 71 2126652
70 71 2126655
68 70 2126659
69 66 2126661
67 68 2126664
65 66 2126667
67 72 2126670
65 71 2126673
63 64 2126676
70 68 2126679
65 68 2126682
69 69 2126685
66 65 2126688
67 67 2126692
69 61 2126694
66 66 2126697
68 62 2126700
68 65 2126703
65 67 2126706
64 64 2126709
67 66 2126712
67 64 2126715
67 70 2126718
65 67 2126721
63 64 2126725
69 60 2126727
66 67 2126730
65 65 2126733
64 67 2126736
65 62 2126739
63 63 2126742
64 65 2126745
63 63 2126748
64 69 2126751
65 64 2126754
62 63 2126758
68 62 2126760
65 67 2126763
64 63 2126766
64 69 2126769
64 63 2126772
64 66 2126775
59 66 2126778
64 64 2126781
63 66 2126784
66 64 2126787
60 63 2126791
61 58 2126793
64 63 2126796
62 66 2126799
65 66 2126802
61 61 2126805
60 60 2126808
60 62 2126811
60 69 2126814
63 62 2126817
60 63 2126820
62 59 2126824
64 59 2126826
64 63 2126829
62 59 2126832
62 62 2126835
64 60 2126838
61 60 2126841
62 60 2126844
59 62 2126847
65 65 2126850
63 62 2126853
60 56 2126857
60 54 2126859
63 59 2126862
61 60 2126865
59 62 2126868
58 58 2126871
61 60 2126874
62 60 2126877
60 63 2126880
59 59 2126883
58 61 2126886
58 60 2126890
62 55 2126892
60 59 2126895
61 56 2126898
56 59 2126901
62 60 2126904
56 59 2126907
59 61 2126910
59 63 2126913
61 59 2126916
59 57 2126919
55 57 2126923
61 55 2126925
61 60 2126928
56 56 2126931
58 59 2126934
57 61 2126937
58 55 2126940
58 63 2126943
55 58 2126946
58 58 2126949
58 61 2126952
55 58 2126956
61 54 2126958
57 61 2126961
59 55 2126964
58 61 2126967
53 55 2126970
58 52 2126973
61 59 2126976
57 58 2126979
57 60 2126982
57 62 2126985
57 58 2126989
60 55 2126991
56 56 2126994
58 53 2126999
57 53 2127002
57 55 2127005
54 54 2127008
55 54 2127011
52 57 2127014
50 51 2127017
54 57 2127020
56 55 2127023
54 55 2127026
56 55 2127029
51 54 2127032
53 59 2127035
57 54 2127038
57 51 2127041
56 54 2127044
56 53 2127047
52 51 2127050
56 56 2127053
55 56 2127056
55 58 2127059
56 55 2127062
53 53 2127065
55 57 2127068
55 53 2127071
59 51 2127074
52 51 2127077
57 56 2127080
52 51 2127083
55 54 2127086
53 50 2127089
53 54 2127092
54 54 2127095
51 53 2127098
51 57 2127101
51 58 2127104
53 52 2127107
56 51 2127110
53 51 2127113
54 54 2127116
54 53 2127119
51 47 2127122
54 54 2127125
51 54 2127128
49 48 2127131
50 53 2127134
53 51 2127137
53 53 2127140
52 51 2127143
51 51 2127146
50 48 2127149
51 50 2127152
57 49 2127155
49 55 2127158
50 49 2127161
53 51 2127164
53 53 2127167
49 53 2127170
49 53 2127173
52 49 2127176
50 47 2127179
49 45 2127182
56 54 2127185
52 52 2127188
50 51 2127191
51 52 2127194
49 49 2127197
49 48 2127200
49 50 2127203
51 53 2127206
51 51 2127209
49 48 2127212
46 47 2127215
52 55 2127218
50 47 2127221
50 54 2127224
48 51 2127227
50 48 2127230
47 53 2127233
49 52 2127236
47 48 2127239
48 46 2127242
46 48 2127245
50 48 2127248
49 51 2127251
46 47 2127254
49 54 2127257
48 47 2127260
46 50 2127263
46 52 2127266
48 47 2127269
47 49 2127272
49 46 2127275
47 43 2127278
45 45 2127281
50 50 2127284
48 48 2127287
49 49 2127290
46 48 2127293
50 44 2127296
43 48 2127299
44 45 2127302
46 52 2127305
51 46 2127308
46 47 2127311
47 50 2127314
45 46 2127317
42 48 2127320
50 48 2127323
49 47 2127326
45 46 2127329
44 53 2127332
47 48 2127335
45 47 2127338
45 45 2127341
47 47 2127344
44 42 2127347
48 46 2127350
43 46 2127353
46 45 2127356
44 48 2127359
46 48 2127362
42 46 2127365
45 48 2127368
46 47 2127371
46 48 2127374
49 42 2127377
44 40 2127380
44 46 2127383
45 46 2127386
48 48 2127389
45 47 2127392
44 43 2127395
41 49 2127398
46 46 2127401
44 47 2127404
43 42 2127407
42 44 2127410
42 47 2127413
45 48 2127416
41 42 2127419
44 43 2127422
45 46 2127425
45 44 2127428
41 43 2127431
44 48 2127434
42 48 2127437
45 46 2127440
41 44 2127443
38 44 2127446
43 48 2127449
46 42 2127452
42 45 2127455
42 43 2127458
38 41 2127461
42 46 2127464
43 46 2127467
41 42 2127470
44 41 2127473
44 46 2127476
41 41 2127479
43 42 2127482
43 39 2127485
42 42 2127488
46 44 2127491
41 38 2127494
40 43 2127497
40 43 2127500
44 41 2127503
37 41 2127506
42 40 2127509
40 39 2127512
43 43 2127515
42 44 2127518
42 46 2127521
40 43 2127524
39 40 2127527
36 49 2127530
42 43 2127533
37 39 2127536
36 41 2127539
40 39 2127542
39 38 2127545
42 40 2127548
39 40 2127551
42 44 2127554
38 44 2127557
39 42 2127560
38 46 2127563
41 40 2127566
37 43 2127569
40 36 2127572
40 43 2127575
38 40 2127578
40 38 2127581
40 41 2127584
41 40 2127587
40 41 2127590
39 40 2127593
38 41 2127596
39 38 2127599
39 41 2127602
40 38 2127605
39 39 2127608
35 33 2127611
41 40 2127614
41 35 2127617
41 38 2127620
40 41 2127623
38 37 2127626
37 38 2127629
38 38 2127632
40 38 2127635
39 34 2127638
41 40 2127641
41 38 2127644
38 40 2127647
38 38 2127650
39 37 2127653
35 36 2127656
39 38 2127659
37 35 2127662
38 39 2127665
37 39 2127668
37 37 2127671
39 37 2127674
38 36 2127677
36 40 2127680
41 35 2127683
37 40 2127686
41 39 2127689
34 35 2127692
36 42 2127695
37 35 2127698
36 41 2127701
38 38 2127704
40 36 2127707
35 35 2127710
38 36 2127713
35 36 2127716
36 37 2127719
39 39 2127722
36 36 2127725
35 37 2127728
36 39 2127731
35 39 2127734
34 35 2127737
32 37 2127740
34 35 2127743
34 37 2127746
38 42 2127749
36 41 2127752
34 39 2127755
32 35 2127758
35 38 2127761
35 36 2127764
32 39 2127767
37 36 2127770
33 38 2127773
31 32 2127776
33 38 2127779
37 40 2127782
32 34 2127785
33 37 2127788
34 33 2127791
32 37 2127794
32 36 2127797
38 36 2127800
35 32 2127803
34 30 2127806
33 33 2127809
35 34 2127812
32 34 2127815
40 34 2127818
35 31 2127821
34 29 2127824
33 38 2127827
36 35 2127830
33 36 2127833
33 34 2127836
34 29 2127839
31 31 2127842
