0 0 6276764
0 0 6276769
0 0 6276773
0 0 6276777
0 0 6276782
0 0 6276786
0 0 6276790
0 0 6276795
0 0 6276799
0 0 6276803
0 0 6276808
0 0 6276812
0 0 6276816
0 0 6276821
0 0 6276825
0 0 6276829
0 0 6276834
0 0 6276838
0 0 6276842
0 0 6276847
0 0 6276851
0 0 6276855
0 0 6276860
0 0 6276864
0 0 6276868
0 0 6276873
0 0 6276877
0 0 6276881
0 0 6276886
0 0 6276890
0 0 6276894
0 0 6276899
0 0 6276903
0 0 6276907
0 0 6276912
0 0 6276916
0 0 6276920
0 0 6276925
0 0 6276929
0 0 6276933
0 0 6276938
0 0 6276942
0 0 6276946
0 0 6276951
0 0 6276955
0 0 6276959
0 0 6276964
0 0 6276968
0 0 6276972
0 0 6276977
0 0 6276981
0 0 6276985
0 0 6276990
0 0 6276994
0 0 6277000
0 0 6277004
0 0 6277008
0 0 6277013
0 0 6277017
0 0 6277021
0 0 6277026
0 0 6277030
0 0 6277034
0 0 6277039
0 0 6277043
0 0 6277047
0 0 6277052
0 0 6277056
0 0 6277060
0 0 6277065
0 0 6277069
0 0 6277073
0 0 6277078
0 0 6277082
0 0 6277086
0 0 6277091
0 0 6277095
0 0 6277099
0 0 6277104
0 0 6277108
0 0 6277113
0 0 6277117
0 0 6277121
0 0 6277126
0 0 6277130
0 0 6277134
0 0 6277139
0 0 6277143
0 0 6277148
0 0 6277152
0 0 6277156
0 0 6277161
0 0 6277165
0 0 6277169
0 0 6277174
0 0 6277178
0 0 6277183
0 0 6277187
0 0 6277191
0 0 6277196
0 0 6277200
0 0 6277205
0 0 6277209
0 0 6277213
0 0 6277218
0 0 6277222
0 0 6277226
0 0 6277231
0 0 6277235
0 0 6277240
0 0 6277244
0 0 6277248
0 0 6277253
0 0 6277257
0 0 6277261
0 0 6277266
0 0 6277270
0 0 6277275
0 0 6277279
0 0 6277283
0 0 6277288
0 0 6277292
0 0 6277297
0 0 6277301
0 0 6277305
0 0 6277310
0 0 6277314
0 0 6277318
0 0 6277323
0 0 6277327
0 0 6277332
0 0 6277336
0 0 6277340
0 0 6277345
0 0 6277349
0 0 6277353
0 0 6277358
0 0 6277362
0 0 6277367
0 0 6277371
0 0 6277375
0 0 6277380
0 0 6277384
0 0 6277389
0 0 6277393
0 0 6277397
0 0 6277402
0 0 6277406
0 0 6277410
0 0 6277415
0 0 6277419
0 0 6277424
0 0 6277428
0 0 6277432
0 0 6277437
0 0 6277441
0 0 6277445
0 0 6277450
0 0 6277454
0 0 6277459
0 0 6277463
0 0 6277467
0 0 6277472
0 0 6277476
0 0 6277481
0 0 6277485
0 0 6277489
0 0 6277494
0 0 6277498
0 0 6277502
0 0 6277507
0 0 6277511
0 0 6277516
0 0 6277520
0 0 6277524
0 0 6277529
0 0 6277533
0 0 6277537
0 0 6277542
0 0 6277546
0 0 6277551
0 0 6277555
0 0 6277559
0 0 6277564
0 0 6277568
0 0 6277573
0 0 6277577
0 0 6277581
0 0 6277586
0 0 6277590
0 0 6277594
0 0 6277599
0 0 6277603
0 0 6277608
0 0 6277612
0 0 6277616
0 0 6277621
0 0 6277625
0 0 6277629
0 0 6277634
0 0 6277638
0 0 6277643
0 0 6277647
0 0 6277651
0 0 6277656
0 0 6277660
0 0 6277665
0 0 6277669
0 0 6277673
0 0 6277678
0 0 6277682
0 0 6277686
0 0 6277691
0 0 6277695
0 0 6277700
0 0 6277704
0 0 6277708
0 0 6277713
0 0 6277717
0 0 6277721
0 0 6277726
0 0 6277730
0 0 6277735
0 0 6277739
0 0 6277743
0 0 6277748
0 0 6277752
0 0 6277757
0 0 6277761
0 0 6277765
0 0 6277770
0 0 6277774
0 0 6277778
0 0 6277783
0 0 6277787
0 0 6277791
0 0 6277796
0 0 6277800
0 0 6277804
0 0 6277809
0 0 6277813
0 0 6277817
0 0 6277822
0 0 6277826
0 0 6277830
0 0 6277835
0 0 6277839
0 0 6277843
0 0 6277848
0 0 6277852
0 0 6277856
0 0 6277861
0 0 6277865
0 0 6277869
0 0 6277874
0 0 6277878
0 0 6277882
0 0 6277887
0 0 6277891
0 0 6277895
0 0 6277900
0 0 6277904
0 0 6277908
0 0 6277913
0 0 6277917
0 0 6277921
0 0 6277926
0 0 6277930
0 0 6277934
0 0 6277939
0 0 6277943
0 0 6277947
0 0 6277952
0 0 6277956
0 0 6277960
0 0 6277965
0 0 6277969
0 0 6277973
0 0 6277978
0 0 6277982
0 0 6277986
0 0 6277991
0 0 6277995
0 0 6278000
0 0 6278005
0 0 6278009
0 0 6278013
0 0 6278018
0 0 6278022
0 0 6278026
0 0 6278031
0 0 6278035
0 0 6278039
0 0 6278044
0 0 6278048
0 0 6278052
0 0 6278057
0 0 6278061
0 0 6278065
0 0 6278070
0 0 6278074
0 0 6278078
0 0 6278083
0 0 6278087
0 0 6278091
0 0 6278096
0 0 6278100
0 0 6278104
0 0 6278109
0 0 6278113
0 0 6278117
0 0 6278122
0 0 6278126
0 0 6278130
0 0 6278135
0 0 6278139
0 0 6278143
0 0 6278148
0 0 6278152
0 0 6278156
0 0 6278161
0 0 6278165
0 0 6278169
0 0 6278174
0 0 6278178
0 0 6278182
0 0 6278187
0 0 6278191
0 0 6278195
0 0 6278200
0 0 6278204
0 0 6278208
0 0 6278213
0 0 6278217
0 0 6278221
0 0 6278226
0 0 6278230
0 0 6278234
0 0 6278239
0 0 6278243
0 0 6278247
0 0 6278252
0 0 6278256
0 0 6278260
0 0 6278265
0 0 6278269
0 0 6278273
0 0 6278278
0 0 6278282
0 0 6278286
0 0 6278291
0 0 6278295
0 0 6278299
0 0 6278304
0 0 6278308
0 0 6278312
0 0 6278317
0 0 6278321
0 0 6278325
0 0 6278330
0 0 6278334
0 0 6278338
0 0 6278343
0 0 6278347
0 0 6278351
0 0 6278356
0 0 6278360
0 0 6278364
0 0 6278369
0 0 6278373
0 0 6278377
0 0 6278382
0 0 6278386
0 0 6278390
0 0 6278395
0 0 6278399
0 0 6278403
0 0 6278408
0 0 6278412
0 0 6278416
0 0 6278421
0 0 6278425
0 0 6278429
0 0 6278434
0 0 6278438
0 0 6278442
0 0 6278447
0 0 6278451
0 0 6278455
0 0 6278460
0 0 6278464
0 0 6278468
0 0 6278473
0 0 6278477
0 0 6278481
0 0 6278486
0 0 6278490
0 0 6278494
0 0 6278499
0 0 6278503
0 0 6278507
0 0 6278512
0 0 6278516
0 0 6278520
0 0 6278525
0 0 6278529
0 0 6278533
0 0 6278538
0 0 6278542
0 0 6278546
0 0 6278551
0 0 6278555
0 0 6278559
0 0 6278564
0 0 6278568
0 0 6278572
0 0 6278577
0 0 6278581
0 0 6278585
0 0 6278590
0 0 6278594
0 0 6278598
0 0 6278603
0 0 6278607
0 0 6278611
0 0 6278616
0 0 6278620
0 0 6278624
0 0 6278629
0 0 6278633
0 0 6278637
0 0 6278642
0 0 6278646
0 0 6278650
0 0 6278655
0 0 6278659
0 0 6278663
0 0 6278668
0 0 6278672
0 0 6278676
0 0 6278681
0 0 6278685
0 0 6278689
0 0 6278694
0 0 6278698
0 0 6278702
0 0 6278707
0 0 6278711
0 0 6278715
0 0 6278720
0 0 6278724
0 0 6278728
0 0 6278733
0 0 6278737
0 0 6278741
0 0 6278746
0 0 6278750
0 0 6278754
0 0 6278759
0 0 6278763
0 0 6278767
0 0 6278772
0 0 6278776
0 0 6278780
0 0 6278785
0 0 6278789
0 0 6278793
0 0 6278798
0 0 6278802
0 0 6278806
0 0 6278811
0 0 6278815
0 0 6278819
0 0 6278824
0 0 6278828
0 0 6278832
0 0 6278837
0 0 6278841
0 0 6278845
0 0 6278850
0 0 6278854
0 0 6278858
0 0 6278863
0 0 6278867
0 0 6278871
0 0 6278876
0 0 6278880
0 0 6278884
0 0 6278889
0 0 6278893
0 0 6278897
0 0 6278902
0 0 6278906
0 0 6278910
0 0 6278915
0 0 6278919
0 0 6278923
0 0 6278928
0 0 6278932
0 0 6278936
0 0 6278941
0 0 6278945
0 0 6278949
0 0 6278954
0 0 6278958
0 0 6278962
0 0 6278967
0 0 6278971
0 0 6278975
0 0 6278980
0 0 6278984
0 0 6278988
0 0 6278993
0 0 6278999
0 0 6279004
0 0 6279008
0 0 6279012
0 0 6279017
0 0 6279021
0 0 6279025
0 0 6279030
0 0 6279034
0 0 6279038
0 0 6279043
0 0 6279047
0 0 6279051
0 0 6279056
0 0 6279060
0 0 6279064
0 0 6279069
0 0 6279073
0 0 6279077
0 0 6279082
0 0 6279086
0 0 6279090
0 0 6279095
0 0 6279099
0 0 6279103
0 0 6279108
0 0 6279112
0 0 6279116
0 0 6279121
0 0 6279125
0 0 6279129
0 0 6279134
0 0 6279138
0 0 6279142
0 0 6279147
0 0 6279151
0 0 6279155
0 0 6279160
0 0 6279164
0 0 6279168
0 0 6279173
0 0 6279177
0 0 6279181
0 0 6279186
0 0 6279190
0 0 6279194
0 0 6279199
0 0 6279203
0 0 6279207
0 0 6279212
0 0 6279216
0 0 6279220
0 0 6279225
0 0 6279229
0 0 6279233
0 0 6279238
0 0 6279242
0 0 6279246
0 0 6279251
0 0 6279255
0 0 6279259
0 0 6279264
0 0 6279268
0 0 6279272
0 0 6279277
0 0 6279281
0 0 6279285
0 0 6279290
0 0 6279294
0 0 6279298
0 0 6279303
0 0 6279307
0 0 6279311
0 0 6279316
0 0 6279320
0 0 6279324
0 0 6279329
0 0 6279333
0 0 6279337
0 0 6279342
0 0 6279346
0 0 6279350
0 0 6279355
0 0 6279359
0 0 6279363
0 0 6279368
0 0 6279372
0 0 6279376
0 0 6279381
0 0 6279385
0 0 6279389
0 0 6279394
0 0 6279398
0 0 6279402
0 0 6279407
0 0 6279411
0 0 6279415
0 0 6279420
0 0 6279424
0 0 6279428
0 0 6279433
0 0 6279437
0 0 6279441
0 0 6279446
0 0 6279450
0 0 6279454
0 0 6279459
0 0 6279463
0 0 6279467
0 0 6279472
0 0 6279476
0 0 6279480
0 0 6279485
0 0 6279489
0 0 6279493
0 0 6279498
0 0 6279502
0 0 6279506
0 0 6279511
0 0 6279515
0 0 6279519
0 0 6279524
0 0 6279528
0 0 6279532
0 0 6279537
0 0 6279541
0 0 6279545
0 0 6279550
0 0 6279554
0 0 6279558
0 0 6279563
0 0 6279567
0 0 6279571
0 0 6279576
0 0 6279580
0 0 6279584
0 0 6279589
0 0 6279593
0 0 6279597
0 0 6279602
0 0 6279606
0 0 6279610
0 0 6279615
0 0 6279619
0 0 6279623
0 3 6279628
9 4 6279632
6 10 6279636
12 11 6279641
12 14 6279645
12 15 6279649
17 19 6279654
17 19 6279658
#TRIGGER ON
21 22 6279662
25 30 6279665
26 25 6279668
32 25 6279671
26 29 6279674
27 27 6279677
34 42 6279680
34 36 6279683
34 38 6279686
38 38 6279689
38 47 6279692
43 43 6279695
42 47 6279698
42 54 6279701
46 46 6279704
48 51 6279707
48 49 6279710
51 53 6279713
50 52 6279716
57 57 6279719
57 63 6279722
61 56 6279725
62 59 6279728
62 63 6279731
65 62 6279734
65 60 6279737
62 64 6279740
67 78 6279743
68 74 6279746
75 72 6279749
72 71 6279752
71 71 6279755
75 82 6279758
80 79 6279761
83 90 6279764
76 79 6279767
80 85 6279770
82 87 6279773
92 88 6279776
87 88 6279779
90 89 6279782
91 102 6279785
92 92 6279788
90 95 6279791
91 92 6279794
97 100 6279797
102 102 6279800
99 100 6279803
101 103 6279806
102 107 6279809
104 108 6279812
106 104 6279815
105 104 6279818
107 104 6279821
112 113 6279824
114 116 6279827
116 119 6279830
115 120 6279833
117 117 6279836
114 121 6279839
120 118 6279842
118 119 6279845
121 128 6279848
125 125 6279851
125 124 6279854
129 131 6279857
129 131 6279860
131 135 6279863
135 133 6279866
131 133 6279869
135 139 6279872
139 138 6279875
139 136 6279878
140 137 6279881
144 141 6279884
141 140 6279887
145 151 6279890
144 148 6279893
149 147 6279896
151 152 6279899
151 152 6279902
147 156 6279905
155 155 6279908
152 163 6279911
156 157 6279914
156 156 6279917
155 159 6279920
162 165 6279923
163 164 6279926
162 165 6279929
163 162 6279932
163 165 6279935
166 170 6279938
168 172 6279941
171 174 6279944
174 169 6279947
173 174 6279950
176 171 6279953
177 177 6279956
183 181 6279959
180 176 6279962
181 183 6279965
181 183 6279968
182 186 6279971
184 183 6279974
186 186 6279977
187 188 6279980
191 186 6279983
190 185 6279986
193 195 6279989
196 192 6279992
196 199 6279995
197 194 6279999
194 195 6280002
197 201 6280005
202 199 6280008
201 206 6280011
207 205 6280014
206 211 6280017
204 202 6280020
205 207 6280023
208 211 6280026
211 211 6280029
210 212 6280032
211 218 6280034
215 215 6280037
212 214 6280040
219 220 6280043
218 221 6280046
221 221 6280049
220 224 6280052
223 223 6280055
225 223 6280058
227 224 6280061
227 227 6280064
228 228 6280067
225 229 6280070
233 231 6280073
229 229 6280076
233 234 6280079
231 235 6280082
236 238 6280085
235 241 6280088
237 235 6280091
242 245 6280094
244 241 6280097
241 248 6280100
245 240 6280103
243 247 6280106
246 246 6280109
251 248 6280112
253 247 6280115
251 254 6280118
252 250 6280121
255 250 6280124
251 253 6280127
254 257 6280130
256 255 6280133
261 257 6280136
259 258 6280139
259 258 6280142
263 262 6280145
267 265 6280148
265 265 6280151
266 269 6280154
264 269 6280157
262 275 6280160
268 275 6280163
270 275 6280166
272 272 6280169
275 272 6280172
273 273 6280175
276 275 6280178
278 279 6280181
278 281 6280184
281 280 6280187
280 282 6280190
279 286 6280193
286 284 6280196
287 287 6280199
288 286 6280202
289 287 6280205
289 286 6280208
291 291 6280211
294 292 6280214
293 291 6280217
293 298 6280220
296 295 6280223
294 299 6280226
299 298 6280229
294 299 6280232
298 300 6280235
299 299 6280238
300 300 6280241
310 302 6280244
308 307 6280247
309 309 6280250
306 305 6280253
308 305 6280256
304 313 6280259
308 312 6280262
317 315 6280265
314 314 6280268
316 313 6280271
315 311 6280274
316 321 6280277
319 318 6280280
319 319 6280283
319 324 6280286
322 320 6280289
323 328 6280292
329 326 6280295
324 327 6280298
330 331 6280301
328 325 6280304
325 327 6280307
330 332 6280310
333 334 6280313
335 338 6280316
334 334 6280319
337 339 6280322
334 339 6280325
339 339 6280328
338 344 6280331
339 340 6280334
339 339 6280337
342 341 6280340
346 346 6280343
345 343 6280346
350 346 6280349
349 347 6280352
352 349 6280355
350 351 6280358
350 350 6280361
350 354 6280364
353 356 6280367
357 354 6280370
354 350 6280373
354 360 6280376
356 358 6280379
360 362 6280382
361 361 6280385
356 361 6280388
359 365 6280391
362 366 6280394
362 373 6280397
367 369 6280400
368 365 6280403
367 362 6280406
369 369 6280409
369 374 6280412
375 374 6280415
372 373 6280418
374 372 6280421
375 380 6280424
375 377 6280427
377 380 6280430
379 379 6280433
378 380 6280436
382 381 6280439
379 382 6280442
385 383 6280445
383 383 6280448
386 385 6280451
387 385 6280454
386 392 6280457
389 393 6280460
391 392 6280463
392 386 6280466
391 392 6280469
394 388 6280472
393 396 6280475
397 398 6280478
399 400 6280481
398 396 6280484
399 399 6280487
399 400 6280490
402 398 6280493
400 405 6280496
404 401 6280499
408 406 6280502
405 400 6280505
406 408 6280508
409 410 6280511
407 405 6280514
410 410 6280517
412 412 6280520
410 414 6280523
412 414 6280526
412 419 6280529
415 416 6280532
411 414 6280535
415 419 6280538
422 419 6280541
417 416 6280544
422 423 6280547
424 424 6280550
423 419 6280553
424 425 6280556
426 424 6280559
423 426 6280562
426 427 6280565
429 425 6280568
429 428 6280571
427 434 6280574
434 433 6280577
432 434 6280580
434 436 6280583
436 437 6280586
431 438 6280589
437 438 6280592
436 438 6280595
441 434 6280598
437 437 6280601
442 439 6280604
439 440 6280607
443 444 6280610
446 445 6280613
443 451 6280616
446 443 6280619
444 451 6280622
447 449 6280625
450 445 6280628
447 447 6280631
453 452 6280634
451 446 6280637
456 452 6280640
458 452 6280643
460 455 6280646
456 455 6280649
453 452 6280652
458 463 6280655
459 460 6280658
461 457 6280661
465 458 6280664
460 456 6280667
464 461 6280670
466 468 6280673
469 468 6280676
467 466 6280679
465 462 6280682
468 465 6280685
470 473 6280688
474 473 6280691
472 473 6280694
474 475 6280697
477 472 6280700
471 471 6280703
476 479 6280706
477 476 6280709
476 476 6280712
478 482 6280715
482 479 6280718
479 484 6280721
480 482 6280724
481 484 6280727
483 484 6280730
486 483 6280733
481 483 6280736
485 493 6280739
489 492 6280742
488 487 6280745
488 492 6280748
488 492 6280751
485 498 6280754
490 494 6280757
492 494 6280760
495 494 6280763
494 488 6280766
495 496 6280769
501 499 6280772
498 498 6280775
499 501 6280778
500 501 6280781
501 499 6280784
497 504 6280787
501 503 6280790
503 506 6280793
502 508 6280796
507 507 6280799
506 509 6280802
507 509 6280805
510 502 6280808
511 511 6280811
509 512 6280814
515 510 6280817
509 517 6280820
515 511 6280823
516 517 6280826
513 512 6280829
515 516 6280832
518 519 6280835
522 525 6280838
519 518 6280841
520 524 6280844
520 520 6280847
517 523 6280850
522 525 6280853
527 527 6280856
525 525 6280859
527 526 6280862
523 520 6280865
526 525 6280868
529 534 6280871
528 531 6280874
530 534 6280877
529 534 6280880
534 538 6280883
533 540 6280886
536 536 6280889
533 537 6280892
539 536 6280895
535 538 6280898
535 533 6280901
539 541 6280904
543 540 6280907
540 540 6280910
541 537 6280913
540 541 6280916
540 551 6280919
545 547 6280922
543 546 6280925
547 547 6280928
548 545 6280931
550 545 6280934
552 551 6280937
549 548 6280940
552 555 6280943
551 554 6280946
551 556 6280949
552 555 6280952
554 549 6280955
554 556 6280958
554 551 6280961
557 555 6280964
554 559 6280967
562 562 6280970
557 559 6280973
560 562 6280976
559 568 6280979
562 563 6280982
558 568 6280985
564 566 6280988
561 566 6280991
569 569 6280994
569 562 6280997
569 565 6281001
569 565 6281004
573 570 6281007
569 572 6281010
570 571 6281013
574 570 6281016
569 568 6281020
578 571 6281022
575 577 6281025
575 576 6281028
577 578 6281031
573 577 6281034
579 576 6281037
583 575 6281040
581 580 6281043
585 587 6281046
581 581 6281049
583 583 6281053
584 581 6281055
585 587 6281058
591 587 6281061
584 585 6281064
584 585 6281067
587 582 6281070
590 590 6281073
590 590 6281076
590 588 6281079
596 590 6281082
591 591 6281086
596 593 6281088
594 593 6281091
596 595 6281094
595 596 6281097
597 593 6281100
596 596 6281103
599 601 6281106
597 598 6281109
602 606 6281112
599 604 6281115
601 601 6281119
604 604 6281121
601 600 6281124
605 604 6281127
604 608 6281130
602 607 6281133
602 609 6281136
607 612 6281139
608 608 6281142
608 613 6281145
608 609 6281148
603 609 6281152
613 609 6281154
613 615 6281157
614 617 6281160
616 616 6281163
614 617 6281166
616 612 6281169
616 621 6281172
614 616 6281175
617 615 6281178
620 614 6281181
618 619 6281185
622 618 6281187
621 620 6281190
624 622 6281193
621 625 6281196
627 628 6281199
626 621 6281202
624 628 6281205
625 625 6281208
624 623 6281211
631 628 6281214
626 630 6281218
633 625 6281220
634 627 6281223
629 629 6281226
632 633 6281229
628 639 6281232
633 632 6281235
632 635 6281238
634 633 6281241
637 639 6281244
637 638 6281247
636 635 6281251
642 636 6281253
641 639 6281256
642 640 6281259
640 637 6281262
642 646 6281265
638 637 6281268
642 640 6281271
643 644 6281274
646 642 6281277
647 649 6281280
645 642 6281284
649 641 6281286
645 649 6281289
648 645 6281292
647 651 6281295
648 648 6281298
649 651 6281301
651 653 6281304
654 651 6281307
650 654 6281310
659 650 6281313
655 658 6281317
658 650 6281319
659 656 6281322
654 649 6281325
656 655 6281328
655 655 6281331
659 660 6281334
660 660 6281337
661 663 6281340
662 662 6281343
663 660 6281346
663 669 6281350
665 659 6281352
665 667 6281355
663 664 6281358
664 668 6281361
667 665 6281364
664 666 6281367
668 666 6281370
667 666 6281373
670 669 6281376
669 672 6281379
671 671 6281383
673 668 6281385
677 672 6281388
672 670 6281391
677 676 6281394
669 672 6281397
674 673 6281400
678 678 6281403
679 680 6281406
676 682 6281409
679 684 6281412
678 677 6281416
681 675 6281418
683 681 6281421
679 681 6281424
683 681 6281427
677 682 6281430
682 680 6281433
688 687 6281436
684 687 6281439
691 684 6281442
684 682 6281445
685 687 6281449
687 685 6281451
689 686 6281454
689 689 6281457
690 689 6281460
693 689 6281463
692 687 6281466
694 691 6281469
691 690 6281472
694 697 6281475
697 694 6281478
698 694 6281482
699 694 6281484
698 699 6281487
695 696 6281490
698 695 6281493
697 693 6281496
699 695 6281499
700 703 6281502
700 701 6281505
705 704 6281508
702 702 6281511
700 702 6281515
704 697 6281517
704 707 6281520
703 702 6281523
705 704 6281526
704 704 6281529
701 705 6281532
710 711 6281535
711 720 6281538
708 710 6281541
708 706 6281544
706 707 6281548
712 706 6281550
714 713 6281553
713 711 6281556
714 719 6281559
712 719 6281562
713 713 6281565
715 714 6281568
717 715 6281571
718 717 6281574
713 711 6281577
715 711 6281581
724 714 6281583
719 715 6281586
724 719 6281589
725 723 6281592
718 721 6281595
712 714 6281598
713 720 6281601
711 711 6281604
709 709 6281607
714 711 6281610
716 709 6281614
710 708 6281616
709 708 6281619
706 713 6281622
705 709 6281625
702 705 6281628
701 702 6281631
701 705 6281634
698 703 6281637
701 706 6281640
697 708 6281643
694 696 6281647
697 694 6281649
696 696 6281652
693 694 6281655
690 693 6281658
690 695 6281661
686 698 6281664
692 695 6281667
688 692 6281670
688 689 6281673
684 689 6281676
680 684 6281680
686 680 6281682
685 685 6281685
681 681 6281688
678 680 6281691
680 681 6281694
675 679 6281697
679 682 6281700
677 681 6281703
676 674 6281706
674 679 6281709
671 673 6281713
671 669 6281715
671 675 6281718
673 667 6281721
671 672 6281724
668 677 6281727
668 667 6281730
665 664 6281733
666 663 6281736
668 664 6281739
666 664 6281742
664 660 6281746
662 664 6281748
664 657 6281751
660 659 6281754
656 659 6281757
660 659 6281760
651 654 6281763
657 655 6281766
656 665 6281769
656 654 6281772
655 656 6281775
650 653 6281779
651 647 6281781
650 652 6281784
649 653 6281787
652 659 6281790
646 647 6281793
644 647 6281796
642 644 6281799
642 645 6281802
642 646 6281805
645 645 6281808
636 641 6281812
643 636 6281814
637 642 6281817
637 637 6281820
635 641 6281823
634 639 6281826
633 636 6281829
635 635 6281832
633 636 6281835
635 638 6281838
633 632 6281841
629 632 6281845
633 625 6281847
631 630 6281850
627 628 6281853
627 627 6281856
626 626 6281859
624 625 6281862
627 626 6281865
623 627 6281868
619 624 6281871
622 620 6281874
617 624 6281878
623 617 6281880
619 624 6281883
618 618 6281886
616 627 6281889
616 622 6281892
612 616 6281895
619 620 6281898
612 615 6281901
612 612 6281904
613 614 6281907
608 617 6281911
613 608 6281913
612 613 6281916
611 611 6281919
607 614 6281922
605 607 6281925
601 609 6281928
597 608 6281931
605 605 6281934
604 607 6281937
604 606 6281940
602 605 6281944
599 601 6281946
600 603 6281949
599 602 6281952
600 600 6281955
594 595 6281958
597 592 6281961
598 600 6281964
595 598 6281967
594 594 6281970
595 594 6281973
590 592 6281977
592 592 6281979
589 591 6281982
587 590 6281985
586 588 6281988
588 586 6281991
585 586 6281994
589 589 6281999
586 585 6282002
584 583 6282005
580 585 6282008
579 581 6282011
584 590 6282014
580 581 6282017
585 586 6282020
579 584 6282023
579 578 6282026
575 579 6282029
576 580 6282032
576 577 6282035
575 577 6282038
573 573 6282041
568 573 6282044
575 578 6282047
572 575 6282050
572 575 6282053
573 576 6282056
569 569 6282059
567 572 6282062
570 569 6282065
570 567 6282068
567 566 6282071
568 564 6282074
563 567 6282077
565 565 6282080
568 560 6282083
564 559 6282086
563 558 6282089
561 559 6282092
557 562 6282095
563 562 6282098
562 562 6282101
559 555 6282104
558 554 6282107
553 552 6282110
555 559 6282113
561 556 6282116
555 556 6282119
556 556 6282122
550 556 6282125
549 553 6282128
550 548 6282131
548 550 6282134
551 544 6282137
549 546 6282140
547 545 6282143
547 548 6282146
543 546 6282149
546 548 6282152
546 551 6282155
546 543 6282158
543 542 6282161
543 548 6282164
538 540 6282167
538 540 6282170
538 539 6282173
540 540 6282176
541 540 6282179
539 532 6282182
540 540 6282185
538 537 6282188
539 535 6282191
536 536 6282194
531 534 6282197
531 533 6282200
532 534 6282203
533 533 6282206
528 530 6282209
530 543 6282212
527 529 6282215
530 532 6282218
526 529 6282221
526 526 6282224
524 532 6282227
526 527 6282230
526 527 6282233
525 522 6282236
527 525 6282239
526 525 6282242
527 524 6282245
525 519 6282248
521 525 6282251
519 522 6282254
518 519 6282257
517 522 6282260
513 521 6282263
518 519 6282266
516 518 6282269
517 514 6282272
513 515 6282275
517 519 6282278
512 512 6282281
513 516 6282284
514 515 6282287
513 512 6282290
510 514 6282293
512 512 6282296
510 506 6282299
510 506 6282302
508 508 6282305
507 509 6282308
512 510 6282311
505 509 6282314
508 509 6282317
505 507 6282320
504 503 6282323
502 508 6282326
503 507 6282329
502 503 6282332
502 502 6282335
500 502 6282338
498 500 6282341
498 500 6282344
502 499 6282347
501 499 6282350
499 502 6282353
500 495 6282356
492 496 6282359
496 491 6282362
496 493 6282365
494 492 6282368
492 490 6282371
492 493 6282374
495 490 6282377
490 487 6282380
492 491 6282383
492 490 6282386
489 486 6282389
488 488 6282392
491 485 6282395
484 486 6282398
487 484 6282401
482 488 6282404
484 485 6282407
484 481 6282410
484 486 6282413
485 483 6282416
483 480 6282419
477 481 6282422
480 479 6282425
481 480 6282428
484 479 6282431
477 477 6282434
479 476 6282437
476 472 6282440
478 476 6282443
477 477 6282446
480 476 6282449
477 477 6282452
476 468 6282455
470 476 6282458
476 470 6282461
472 474 6282464
473 470 6282467
471 471 6282470
469 471 6282473
470 475 6282476
471 468 6282479
470 468 6282482
467 471 6282485
466 465 6282488
467 472 6282491
465 469 6282494
466 471 6282497
466 466 6282500
466 461 6282503
462 458 6282506
464 461 6282509
461 461 6282512
464 464 6282515
464 464 6282518
459 460 6282521
457 463 6282524
461 459 6282527
460 460 6282530
458 453 6282533
457 456 6282536
456 454 6282539
459 456 6282542
456 456 6282545
457 458 6282548
452 453 6282551
453 448 6282554
447 450 6282557
453 454 6282560
451 451 6282563
451 451 6282566
452 452 6282569
448 447 6282572
450 452 6282575
449 444 6282578
449 448 6282581
447 446 6282584
446 444 6282587
444 450 6282590
444 446 6282593
449 445 6282596
448 443 6282599
444 443 6282602
438 437 6282605
441 444 6282608
444 443 6282611
442 445 6282614
438 441 6282617
439 440 6282620
440 439 6282623
440 439 6282626
440 437 6282629
443 439 6282632
440 438 6282635
435 433 6282638
437 436 6282641
436 433 6282644
437 433 6282647
435 434 6282650
437 437 6282653
431 432 6282656
433 435 6282659
429 431 6282662
428 427 6282665
432 432 6282668
429 429 6282671
429 430 6282674
427 428 6282677
428 431 6282680
427 429 6282683
426 426 6282686
419 430 6282689
425 428 6282692
421 426 6282695
425 421 6282698
427 427 6282701
425 425 6282704
423 427 6282707
425 426 6282710
422 423 6282713
419 421 6282716
418 419 6282719
421 421 6282722
419 419 6282725
417 420 6282728
419 418 6282731
417 418 6282734
412 417 6282737
417 413 6282740
415 409 6282743
418 415 6282746
415 412 6282749
414 411 6282752
412 412 6282755
409 413 6282758
414 412 6282761
410 409 6282764
413 410 6282767
409 404 6282770
410 412 6282773
412 409 6282776
410 416 6282779
409 411 6282782
408 407 6282785
404 410 6282788
408 412 6282791
408 408 6282794
406 405 6282797
405 399 6282800
403 398 6282803
406 402 6282806
404 403 6282809
402 408 6282812
406 406 6282815
400 398 6282818
398 405 6282821
403 399 6282824
397 398 6282827
399 395 6282830
400 394 6282833
396 396 6282836
400 398 6282839
396 398 6282842
397 395 6282845
396 397 6282848
396 397 6282851
392 396 6282854
394 393 6282857
393 396 6282860
393 391 6282863
392 388 6282866
394 393 6282869
397 391 6282872
393 387 6282875
391 394 6282878
391 394 6282881
393 388 6282884
390 388 6282887
388 391 6282890
393 391 6282893
388 391 6282896
390 386 6282899
388 382 6282902
386 389 6282905
387 385 6282908
389 384 6282911
386 382 6282914
385 382 6282917
384 386 6282920
384 382 6282923
382 382 6282926
383 381 6282929
380 381 6282932
383 381 6282935
380 379 6282938
381 380 6282941
383 381 6282944
379 380 6282947
374 377 6282950
371 377 6282953
377 377 6282956
377 378 6282959
374 373 6282962
377 374 6282965
375 371 6282968
377 375 6282971
375 376 6282974
375 377 6282977
375 378 6282980
372 370 6282983
368 374 6282986
371 369 6282989
373 375 6282992
376 368 6282995
371 371 6282999
370 371 6283002
370 377 6283005
370 369 6283008
368 371 6283011
368 369 6283014
367 369 6283017
364 367 6283020
366 365 6283023
365 362 6283026
368 366 6283029
364 363 6283032
368 360 6283035
362 354 6283037
364 361 6283040
364 360 6283043
364 361 6283046
359 356 6283049
362 363 6283052
358 361 6283055
362 359 6283058
358 360 6283061
355 356 6283064
360 360 6283067
359 359 6283070
355 357 6283073
359 362 6283076
358 357 6283079
356 358 6283082
357 356 6283085
354 356 6283088
356 354 6283091
358 353 6283094
352 356 6283097
352 347 6283100
350 353 6283103
356 357 6283106
350 353 6283109
349 350 6283112
348 353 6283115
351 350 6283118
347 354 6283121
352 352 6283124
348 348 6283127
346 349 6283130
351 345 6283133
348 349 6283136
347 350 6283139
349 345 6283142
343 343 6283145
340 349 6283148
349 348 6283151
345 346 6283154
346 346 6283157
341 342 6283160
343 334 6283163
343 342 6283166
342 343 6283169
343 345 6283172
340 346 6283175
339 337 6283178
341 342 6283181
338 340 6283184
340 346 6283187
339 340 6283190
337 340 6283193
335 335 6283196
336 340 6283199
339 336 6283202
338 340 6283205
336 337 6283208
335 335 6283211
330 340 6283214
338 335 6283217
334 328 6283220
334 335 6283223
335 327 6283226
330 330 6283229
335 333 6283232
332 332 6283235
331 330 6283238
334 329 6283241
329 324 6283244
331 338 6283247
330 333 6283250
328 334 6283253
329 323 6283256
330 331 6283259
331 324 6283262
330 326 6283265
326 325 6283268
329 329 6283271
325 328 6283274
326 323 6283277
323 327 6283280
321 323 6283283
325 326 6283286
327 319 6283289
323 323 6283292
322 319 6283295
320 320 6283298
322 318 6283301
323 323 6283304
319 323 6283307
319 327 6283310
317 323 6283313
318 321 6283316
321 322 6283319
318 315 6283322
316 316 6283325
317 314 6283328
316 312 6283331
319 314 6283334
319 313 6283337
320 318 6283340
314 310 6283343
313 318 6283346
320 315 6283349
311 313 6283352
315 310 6283355
313 310 6283358
311 311 6283361
317 314 6283364
312 310 6283367
312 310 6283370
316 312 6283373
312 307 6283376
309 312 6283379
309 312 6283382
313 309 6283385
310 306 6283388
306 304 6283391
308 311 6283394
311 310 6283397
309 307 6283400
307 307 6283403
305 308 6283406
306 302 6283409
305 308 6283412
308 306 6283415
302 308 6283418
304 303 6283421
304 304 6283424
301 303 6283427
303 304 6283430
304 307 6283433
304 307 6283436
299 300 6283439
299 300 6283442
299 305 6283445
303 302 6283448
300 296 6283451
299 304 6283454
305 305 6283457
297 300 6283460
303 301 6283463
298 301 6283466
298 297 6283469
300 300 6283472
297 299 6283475
296 302 6283478
295 294 6283481
295 298 6283484
293 296 6283487
295 297 6283490
298 298 6283493
295 298 6283496
292 292 6283499
297 295 6283502
296 293 6283505
295 293 6283508
290 292 6283511
291 286 6283514
292 291 6283517
290 292 6283520
296 289 6283523
285 285 6283526
291 291 6283529
290 291 6283532
288 292 6283535
290 295 6283538
288 291 6283541
287 291 6283544
288 291 6283547
290 291 6283550
291 284 6283553
283 283 6283556
286 280 6283559
285 287 6283562
286 288 6283565
287 289 6283568
285 283 6283571
283 280 6283574
282 282 6283577
286 285 6283580
286 282 6283583
282 279 6283586
283 280 6283589
279 280 6283592
281 284 6283595
280 279 6283598
282 281 6283601
279 279 6283604
277 280 6283607
276 281 6283610
277 282 6283613
279 278 6283616
275 278 6283619
279 280 6283622
276 280 6283625
278 278 6283628
279 281 6283631
277 278 6283634
272 277 6283637
273 271 6283640
273 277 6283643
272 277 6283646
273 278 6283649
275 271 6283652
270 272 6283655
274 273 6283658
274 274 6283661
272 272 6283664
276 274 6283667
272 271 6283670
272 269 6283673
270 275 6283676
272 270 6283679
270 265 6283682
273 270 6283685
271 263 6283688
265 269 6283691
269 268 6283694
268 268 6283697
270 268 6283700
268 268 6283703
267 264 6283706
266 267 6283709
266 268 6283712
267 270 6283715
270 271 6283718
266 269 6283721
262 264 6283724
264 264 6283727
263 262 6283730
266 260 6283733
262 263 6283736
264 265 6283739
263 265 6283742
262 263 6283745
262 263 6283748
259 261 6283751
259 262 6283754
261 257 6283757
262 263 6283760
265 261 6283763
264 262 6283766
259 262 6283769
259 257 6283772
258 262 6283775
259 258 6283778
260 265 6283781
257 255 6283784
257 256 6283787
256 257 6283790
259 255 6283793
257 256 6283796
260 257 6283799
255 258 6283802
256 257 6283805
252 254 6283808
256 256 6283811
253 257 6283814
255 257 6283817
251 254 6283820
252 252 6283823
251 249 6283826
252 252 6283829
254 253 6283832
249 251 6283835
254 253 6283838
255 252 6283841
253 251 6283844
253 248 6283847
248 249 6283850
250 244 6283853
250 246 6283856
254 248 6283859
252 247 6283862
248 249 6283865
253 252 6283868
247 242 6283871
246 248 6283874
252 248 6283877
248 247 6283880
246 243 6283883
246 245 6283886
244 238 6283889
245 247 6283892
246 243 6283895
250 246 6283898
246 245 6283901
243 244 6283904
242 250 6283907
243 244 6283910
238 248 6283913
239 244 6283916
241 245 6283919
241 242 6283922
240 246 6283925
240 239 6283928
237 240 6283931
240 246 6283934
242 240 6283937
239 245 6283940
239 240 6283943
239 240 6283946
237 240 6283949
240 239 6283952
233 235 6283955
241 240 6283958
238 241 6283961
240 239 6283964
240 238 6283967
239 239 6283970
233 237 6283973
234 242 6283976
235 235 6283979
233 231 6283982
235 233 6283985
233 229 6283988
236 238 6283991
236 233 6283994
234 236 6283999
231 236 6284002
230 237 6284005
230 235 6284008
234 233 6284011
231 230 6284014
233 230 6284017
234 231 6284020
229 228 6284023
233 229 6284026
231 229 6284029
229 228 6284032
230 229 6284035
224 225 6284038
231 225 6284040
229 233 6284043
228 232 6284046
229 224 6284049
227 225 6284052
230 228 6284055
230 229 6284058
228 227 6284061
222 223 6284065
231 220 6284067
231 229 6284070
222 228 6284073
226 225 6284076
225 225 6284079
221 224 6284082
226 226 6284085
223 226 6284088
224 223 6284091
228 223 6284094
223 222 6284098
226 222 6284100
225 227 6284103
221 221 6284106
223 218 6284109
224 225 6284112
218 221 6284115
221 218 6284118
222 222 6284121
224 224 6284124
221 223 6284127
218 220 6284131
221 219 6284133
218 222 6284136
219 218 6284139
217 221 6284142
219 222 6284145
215 215 6284148
221 217 6284151
216 221 6284154
216 214 6284157
222 215 6284160
216 212 6284164
217 211 6284166
218 215 6284169
214 210 6284172
218 216 6284175
211 214 6284178
213 205 6284181
213 220 6284184
212 214 6284187
216 222 6284190
211 212 6284193
213 210 6284197
216 210 6284199
215 213 6284202
212 211 6284205
213 209 6284208
211 211 6284211
209 211 6284214
211 213 6284217
209 212 6284220
207 210 6284223
211 208 6284226
208 210 6284230
210 203 6284232
209 209 6284235
211 206 6284238
211 208 6284241
208 211 6284244
205 205 6284247
210 207 6284250
207 207 6284253
207 208 6284256
208 212 6284259
202 203 6284263
207 205 6284265
203 209 6284268
205 203 6284271
203 206 6284274
203 204 6284277
201 201 6284280
205 206 6284283
203 209 6284286
202 209 6284289
201 199 6284292
203 204 6284296
203 200 6284298
201 202 6284301
201 200 6284304
200 199 6284307
200 202 6284310
199 203 6284313
200 201 6284316
200 205 6284319
200 204 6284322
204 203 6284325
197 197 6284329
200 196 6284331
200 200 6284334
204 198 6284337
199 200 6284340
201 198 6284343
199 197 6284346
196 196 6284349
200 197 6284352
195 196 6284355
199 200 6284358
192 193 6284362
201 193 6284364
198 199 6284367
195 198 6284370
191 198 6284373
190 192 6284376
193 191 6284379
197 200 6284382
195 192 6284385
193 195 6284388
195 193 6284391
196 196 6284395
191 187 6284397
194 189 6284400
193 191 6284403
193 190 6284406
189 192 6284409
193 190 6284412
191 195 6284415
192 192 6284418
192 191 6284421
190 189 6284424
187 190 6284428
193 187 6284430
189 189 6284433
188 188 6284436
194 191 6284439
191 192 6284442
187 185 6284445
191 187 6284448
191 191 6284451
190 188 6284454
187 191 6284457
187 187 6284461
190 186 6284463
189 189 6284466
189 185 6284469
187 192 6284472
184 189 6284475
184 183 6284478
185 190 6284481
187 187 6284484
186 189 6284487
184 183 6284490
187 186 6284494
184 180 6284496
189 184 6284499
184 186 6284502
184 186 6284505
179 183 6284508
182 180 6284511
187 192 6284514
180 185 6284517
186 179 6284520
187 183 6284523
184 181 6284527
183 173 6284529
182 179 6284532
180 181 6284535
179 181 6284538
180 179 6284541
177 181 6284544
178 181 6284547
177 184 6284550
180 179 6284553
178 180 6284556
176 180 6284560
181 177 6284562
179 180 6284565
181 177 6284568
177 178 6284571
181 173 6284574
177 173 6284577
179 175 6284580
176 176 6284583
178 175 6284586
176 178 6284589
175 178 6284593
178 174 6284595
176 174 6284598
177 175 6284601
177 176 6284604
175 174 6284607
172 171 6284610
175 175 6284613
175 172 6284616
178 179 6284619
175 167 6284622
177 175 6284626
174 171 6284628
177 172 6284631
175 172 6284634
173 172 6284637
174 170 6284640
170 169 6284643
171 170 6284646
171 172 6284649
174 171 6284652
172 174 6284655
169 169 6284659
175 169 6284661
169 170 6284664
169 169 6284667
170 170 6284670
168 173 6284673
167 167 6284676
168 170 6284679
170 168 6284682
171 176 6284685
167 168 6284688
166 167 6284692
171 167 6284694
170 169 6284697
171 167 6284700
168 170 6284703
169 166 6284706
165 167 6284709
170 167 6284712
167 173 6284715
168 161 6284718
168 168 6284721
167 164 6284725
167 164 6284727
167 162 6284730
167 161 6284733
170 167 6284736
163 165 6284739
164 159 6284742
165 165 6284745
164 164 6284748
163 170 6284751
161 160 6284754
163 162 6284758
165 164 6284760
161 163 6284763
160 160 6284766
165 160 6284769
165 166 6284772
157 162 6284775
160 159 6284778
164 167 6284781
160 166 6284784
160 164 6284787
157 162 6284791
161 157 6284793
161 159 6284796
159 158 6284799
158 158 6284802
159 154 6284805
159 159 6284808
161 153 6284811
159 159 6284814
158 159 6284817
160 157 6284820
157 159 6284824
158 154 6284826
156 159 6284829
156 158 6284832
155 158 6284835
157 157 6284838
158 158 6284841
155 155 6284844
155 153 6284847
155 158 6284850
161 154 6284853
155 161 6284857
153 153 6284859
156 160 6284862
155 156 6284865
156 154 6284868
155 154 6284871
152 152 6284874
154 154 6284877
153 152 6284880
156 153 6284883
155 154 6284886
153 151 6284890
153 152 6284892
152 155 6284895
155 157 6284898
153 157 6284901
147 150 6284904
149 150 6284907
148 157 6284910
151 148 6284913
150 153 6284916
152 151 6284919
151 148 6284923
149 146 6284925
150 151 6284928
153 149 6284931
150 153 6284934
149 151 6284937
150 150 6284940
148 153 6284943
147 149 6284946
149 148 6284949
149 144 6284952
146 145 6284956
151 142 6284958
151 154 6284961
145 144 6284964
151 150 6284967
142 146 6284970
145 146 6284973
149 150 6284976
144 145 6284979
146 151 6284982
145 145 6284985
148 143 6284989
147 144 6284991
147 145 6284994
147 146 6284999
147 146 6285002
146 142 6285005
140 145 6285008
146 143 6285011
146 149 6285014
140 141 6285017
141 147 6285020
146 147 6285023
144 148 6285026
144 146 6285029
141 146 6285032
140 148 6285035
143 144 6285038
143 146 6285041
140 140 6285044
139 142 6285047
142 143 6285050
141 144 6285053
139 140 6285056
143 145 6285059
141 143 6285062
137 143 6285065
140 146 6285068
142 144 6285071
138 141 6285074
137 144 6285077
142 138 6285080
137 139 6285083
141 140 6285086
139 135 6285089
139 142 6285092
138 137 6285095
137 141 6285098
136 140 6285101
135 139 6285104
139 145 6285107
140 138 6285110
139 136 6285113
138 136 6285116
138 138 6285119
139 136 6285122
136 138 6285125
138 135 6285128
135 133 6285131
134 139 6285134
134 134 6285137
137 134 6285140
134 133 6285143
133 132 6285146
133 130 6285149
134 134 6285152
131 137 6285155
132 139 6285158
137 135 6285161
133 131 6285164
129 135 6285167
133 128 6285170
133 134 6285173
135 134 6285176
135 134 6285179
131 131 6285182
132 134 6285185
131 130 6285188
134 136 6285191
134 131 6285194
131 131 6285197
130 134 6285200
134 135 6285203
133 134 6285206
131 124 6285209
130 130 6285212
130 131 6285215
135 129 6285218
133 131 6285221
130 133 6285224
133 132 6285227
129 130 6285230
129 133 6285233
130 129 6285236
128 132 6285239
128 126 6285242
129 128 6285245
128 126 6285248
128 130 6285251
126 128 6285254
131 129 6285257
126 126 6285260
125 125 6285263
130 125 6285266
127 128 6285269
128 130 6285272
129 124 6285275
123 121 6285278
125 125 6285281
131 126 6285284
129 124 6285287
128 125 6285290
124 128 6285293
127 124 6285296
123 127 6285299
128 124 6285302
124 122 6285305
125 125 6285308
126 126 6285311
124 125 6285314
125 124 6285317
126 120 6285320
124 125 6285323
130 128 6285326
124 119 6285329
121 128 6285332
124 126 6285335
122 124 6285338
125 123 6285341
119 125 6285344
121 121 6285347
120 127 6285350
123 123 6285353
122 122 6285356
122 123 6285359
119 120 6285362
120 125 6285365
123 122 6285368
124 119 6285371
121 122 6285374
124 113 6285377
118 118 6285380
124 123 6285383
121 118 6285386
118 121 6285389
121 116 6285392
119 117 6285395
119 124 6285398
119 121 6285401
118 118 6285404
118 119 6285407
119 120 6285410
116 121 6285413
117 118 6285416
119 117 6285419
118 120 6285422
118 121 6285425
116 117 6285428
115 119 6285431
117 116 6285434
114 124 6285437
119 117 6285440
115 114 6285443
117 117 6285446
113 120 6285449
116 116 6285452
116 119 6285455
117 113 6285458
110 114 6285461
116 122 6285464
117 115 6285467
114 119 6285470
114 112 6285473
115 111 6285476
113 110 6285479
116 115 6285482
115 117 6285485
113 115 6285488
115 117 6285491
110 114 6285494
111 123 6285497
109 117 6285500
112 115 6285503
110 109 6285506
113 113 6285509
110 109 6285512
116 115 6285515
112 114 6285518
117 112 6285521
112 109 6285524
109 110 6285527
112 112 6285530
108 114 6285533
111 109 6285536
113 111 6285539
113 108 6285542
110 110 6285545
113 110 6285548
108 114 6285551
114 114 6285554
109 113 6285557
108 107 6285560
107 114 6285563
109 110 6285566
109 109 6285569
109 105 6285572
108 107 6285575
110 107 6285578
109 110 6285581
111 104 6285584
112 107 6285587
107 110 6285590
109 106 6285593
105 112 6285596
109 109 6285599
105 108 6285602
104 108 6285605
108 112 6285608
107 103 6285611
105 108 6285614
110 108 6285617
104 104 6285620
105 108 6285623
110 106 6285626
103 110 6285629
105 105 6285632
105 102 6285635
106 103 6285638
109 104 6285641
105 102 6285644
107 104 6285647
102 104 6285650
108 110 6285653
106 101 6285656
106 104 6285659
101 103 6285662
104 105 6285665
108 108 6285668
102 99 6285671
101 102 6285674
104 103 6285677
105 105 6285680
106 107 6285683
102 101 6285686
102 104 6285689
103 105 6285692
102 107 6285695
106 103 6285698
99 102 6285701
106 104 6285704
104 103 6285707
101 103 6285710
105 104 6285713
103 101 6285716
98 104 6285719
98 104 6285722
102 104 6285725
101 105 6285728
103 102 6285731
97 100 6285734
101 103 6285737
100 103 6285740
97 100 6285743
101 103 6285746
103 103 6285749
100 100 6285752
103 102 6285755
98 99 6285758
96 98 6285761
99 100 6285764
97 102 6285767
98 101 6285770
102 96 6285773
95 99 6285776
99 101 6285779
98 100 6285782
102 101 6285785
99 103 6285788
97 93 6285791
94 100 6285794
95 101 6285797
98 98 6285800
98 97 6285803
96 98 6285806
96 92 6285809
99 96 6285812
97 96 6285815
98 100 6285818
99 98 6285821
97 91 6285824
93 101 6285827
95 95 6285830
95 94 6285833
94 96 6285836
92 94 6285839
96 93 6285842
99 96 6285845
94 93 6285848
95 95 6285851
95 99 6285854
97 95 6285857
91 99 6285860
95 96 6285863
93 98 6285866
94 96 6285869
93 93 6285872
94 97 6285875
96 93 6285878
90 93 6285881
93 97 6285884
95 98 6285887
93 91 6285890
90 95 6285893
92 96 6285896
96 94 6285899
96 89 6285902
89 91 6285905
89 88 6285908
91 97 6285911
97 91 6285914
90 91 6285917
94 94 6285920
93 86 6285923
88 95 6285926
88 93 6285929
91 91 6285932
90 89 6285935
90 87 6285938
89 89 6285941
91 93 6285944
93 90 6285947
92 91 6285950
89 93 6285953
92 87 6285956
89 92 6285959
87 93 6285962
89 89 6285965
90 92 6285968
91 91 6285971
89 85 6285974
92 90 6285977
88 85 6285980
89 91 6285983
92 89 6285986
85 83 6285989
87 93 6285992
91 90 6285995
89 91 6285999
87 89 6286002
85 87 6286005
87 91 6286008
86 94 6286011
89 88 6286014
85 89 6286017
87 81 6286020
84 85 6286023
86 91 6286026
85 87 6286029
89 90 6286032
84 87 6286034
86 85 6286037
85 84 6286040
87 90 6286043
85 91 6286046
89 87 6286049
85 85 6286052
88 87 6286055
85 78 6286058
87 80 6286061
87 84 6286064
86 84 6286067
86 82 6286070
84 84 6286073
86 81 6286076
86 83 6286079
86 86 6286082
81 79 6286085
81 88 6286088
82 83 6286091
83 87 6286094
84 85 6286097
82 83 6286100
82 80 6286103
89 85 6286106
85 81 6286109
85 83 6286112
82 79 6286115
82 83 6286118
82 84 6286121
86 84 6286124
83 81 6286127
83 79 6286130
82 76 6286133
78 83 6286136
80 81 6286139
84 81 6286142
83 82 6286145
79 80 6286148
79 82 6286151
82 84 6286154
80 84 6286157
82 87 6286160
79 76 6286163
81 78 6286166
79 77 6286169
81 80 6286172
83 77 6286175
82 81 6286178
78 84 6286181
81 76 6286184
76 82 6286187
77 80 6286190
77 78 6286193
81 79 6286196
79 76 6286199
78 72 6286202
80 77 6286205
80 79 6286208
79 81 6286211
81 81 6286214
81 79 6286217
78 77 6286220
79 82 6286223
78 75 6286226
81 77 6286229
78 71 6286232
73 77 6286235
82 76 6286238
76 73 6286241
80 79 6286244
77 80 6286247
79 76 6286250
75 78 6286253
76 77 6286256
75 83 6286259
78 74 6286262
76 78 6286265
71 75 6286268
74 83 6286271
76 76 6286274
79 80 6286277
78 81 6286280
76 70 6286283
71 78 6286286
76 77 6286289
72 77 6286292
74 77 6286295
71 71 6286298
71 75 6286301
75 77 6286304
73 76 6286307
79 77 6286310
74 76 6286313
72 72 6286316
73 77 6286319
73 73 6286322
77 78 6286325
72 71 6286328
77 76 6286331
73 70 6286334
76 75 6286337
77 72 6286340
75 74 6286343
75 73 6286346
71 73 6286349
70 75 6286352
74 75 6286355
71 75 6286358
78 73 6286361
72 73 6286364
72 68 6286367
73 71 6286370
75 73 6286373
74 73 6286376
72 75 6286379
68 73 6286382
71 75 6286385
70 76 6286388
69 74 6286391
70 72 6286394
67 72 6286397
69 72 6286400
71 74 6286403
69 71 6286406
74 74 6286409
67 74 6286412
70 70 6286415
65 73 6286418
70 72 6286421
69 71 6286424
69 72 6286427
68 67 6286430
66 69 6286433
70 72 6286436
69 72 6286439
71 74 6286442
68 68 6286445
68 66 6286448
70 73 6286451
72 68 6286454
68 70 6286457
74 68 6286460
69 66 6286463
68 66 6286466
74 71 6286469
69 69 6286472
70 69 6286475
68 72 6286478
66 67 6286481
63 72 6286484
74 70 6286487
66 72 6286490
66 67 6286493
69 66 6286496
69 63 6286499
66 66 6286502
71 61 6286505
67 68 6286508
68 64 6286511
67 63 6286514
66 69 6286517
66 65 6286520
68 67 6286523
65 66 6286526
68 65 6286529
63 64 6286532
64 67 6286535
67 62 6286538
67 65 6286541
67 65 6286544
65 62 6286547
67 68 6286550
65 65 6286553
66 66 6286556
65 60 6286559
63 64 6286562
65 59 6286565
64 70 6286568
64 61 6286571
64 65 6286574
65 67 6286577
63 59 6286580
63 66 6286583
63 63 6286586
63 67 6286589
65 64 6286592
63 63 6286595
61 65 6286598
64 64 6286601
68 64 6286604
63 64 6286607
65 67 6286610
59 59 6286613
60 67 6286616
67 62 6286619
62 63 6286622
61 64 6286625
68 64 6286628
62 58 6286631
69 64 6286634
62 60 6286637
64 66 6286640
64 65 6286643
59 62 6286646
64 62 6286649
61 60 6286652
62 62 6286655
62 63 6286658
61 64 6286661
60 57 6286664
63 65 6286667
64 63 6286670
65 68 6286673
60 62 6286676
59 60 6286679
59 62 6286682
62 60 6286685
58 60 6286688
55 60 6286691
61 64 6286694
60 56 6286697
62 62 6286700
62 63 6286703
60 60 6286706
58 63 6286709
57 53 6286712
59 65 6286715
58 59 6286718
57 66 6286721
63 61 6286724
56 59 6286727
61 60 6286730
60 60 6286733
59 60 6286736
61 63 6286739
56 54 6286742
62 57 6286745
55 62 6286748
58 59 6286751
58 61 6286754
59 57 6286757
59 56 6286760
57 58 6286763
60 62 6286766
56 58 6286769
56 60 6286772
57 59 6286775
57 56 6286778
57 62 6286781
57 60 6286784
55 62 6286787
57 57 6286790
59 56 6286793
52 55 6286796
61 58 6286799
60 56 6286802
63 58 6286805
57 58 6286808
56 56 6286811
54 60 6286814
55 57 6286817
55 59 6286820
59 57 6286823
54 58 6286826
56 54 6286829
55 57 6286832
58 58 6286835
54 56 6286838
54 56 6286841
56 52 6286844
52 56 6286847
56 59 6286850
54 54 6286853
62 58 6286856
56 51 6286859
52 54 6286862
56 52 6286865
53 57 6286868
54 57 6286871
53 53 6286874
55 53 6286877
54 57 6286880
54 54 6286883
56 57 6286886
55 55 6286889
53 56 6286892
53 52 6286895
53 58 6286898
51 53 6286901
50 55 6286904
58 56 6286907
54 50 6286910
51 54 6286913
61 53 6286916
50 50 6286919
54 49 6286922
54 48 6286925
50 48 6286928
54 51 6286931
55 57 6286934
54 47 6286937
52 52 6286940
56 53 6286943
52 51 6286946
54 56 6286949
55 52 6286952
52 53 6286955
50 47 6286958
50 49 6286961
53 54 6286964
51 49 6286967
54 51 6286970
52 55 6286973
50 49 6286976
49 56 6286979
56 54 6286982
51 54 6286985
53 49 6286988
52 46 6286991
51 50 6286994
50 49 6286997
55 51 6287001
48 50 6287004
52 50 6287007
51 54 6287010
51 51 6287013
48 52 6287016
50 48 6287019
49 54 6287022
50 51 6287025
49 51 6287028
45 45 6287032
56 48 6287034
52 51 6287037
50 48 6287040
50 48 6287043
49 52 6287046
47 49 6287049
50 48 6287052
51 51 6287055
49 47 6287058
47 53 6287061
50 51 6287065
50 47 6287067
48 51 6287070
53 46 6287073
46 50 6287076
46 52 6287079
44 45 6287082
51 49 6287085
46 48 6287088
50 48 6287091
48 53 6287094
46 45 6287098
51 49 6287100
49 44 6287103
48 50 6287106
47 43 6287109
48 46 6287112
43 45 6287115
46 49 6287118
52 49 6287121
46 49 6287124
46 49 6287127
41 46 6287131
51 44 6287133
44 48 6287136
50 45 6287139
46 48 6287142
48 46 6287145
42 43 6287148
44 45 6287151
46 49 6287154
48 53 6287157
45 47 6287160
45 43 6287164
49 41 6287166
51 46 6287169
45 48 6287172
46 47 6287175
43 48 6287178
45 43 6287181
47 45 6287184
47 45 6287187
47 43 6287190
45 52 6287193
41 41 6287197
47 46 6287199
44 44 6287202
48 46 6287205
44 46 6287208
45 47 6287211
40 45 6287214
48 47 6287217
45 46 6287220
47 44 6287223
42 44 6287226
42 45 6287230
44 42 6287232
42 44 6287235
43 45 6287238
42 41 6287241
44 48 6287244
41 42 6287247
47 49 6287250
44 44 6287253
45 46 6287256
42 42 6287259
45 40 6287263
46 37 6287265
45 44 6287268
45 43 6287271
44 47 6287274
41 44 6287277
40 40 6287280
44 43 6287283
41 43 6287286
41 46 6287289
43 39 6287292
42 42 6287296
43 42 6287298
46 45 6287301
40 41 6287304
41 43 6287307
42 45 6287310
38 40 6287313
42 42 6287316
45 45 6287319
44 44 6287322
42 43 6287325
41 39 6287329
43 39 6287331
45 38 6287334
42 41 6287337
37 40 6287340
41 38 6287343
43 44 6287346
42 42 6287349
39 40 6287352
44 47 6287355
39 44 6287358
38 37 6287362
39 38 6287364
44 38 6287367
40 42 6287370
38 42 6287373
44 41 6287376
40 33 6287379
40 38 6287382
46 43 6287385
40 41 6287388
40 36 6287391
37 39 6287395
46 34 6287397
40 42 6287400
40 36 6287403
43 41 6287406
38 37 6287409
39 39 6287412
39 48 6287415
37 37 6287418
39 42 6287421
43 44 6287424
38 40 6287428
43 37 6287430
37 35 6287433
43 38 6287436
40 39 6287439
35 41 6287442
36 38 6287445
38 38 6287448
36 43 6287451
39 40 6287454
39 42 6287457
39 36 6287461
42 36 6287463
40 34 6287466
39 39 6287469
37 40 6287472
37 36 6287475
39 37 6287478
37 36 6287481
43 39 6287484
39 39 6287487
40 38 6287490
36 38 6287494
39 33 6287496
36 40 6287499
37 34 6287502
37 37 6287505
36 44 6287508
33 35 6287511
35 38 6287514
34 41 6287517
38 40 6287520
39 45 6287523
34 32 6287527
41 36 6287529
36 34 6287532
34 35 6287535
36 39 6287538
34 34 6287541
39 35 6287544
37 36 6287547
35 36 6287550
35 36 6287553
38 38 6287556
34 38 6287560
36 29 6287562
38 35 6287565
35 32 6287568
38 40 6287571
36 33 6287574
36 35 6287577
33 33 6287580
39 37 6287583
36 38 6287586
34 38 6287589
33 34 6287593
35 29 6287595
38 32 6287598
38 40 6287601
36 35 6287604
32 36 6287607
36 32 6287610
36 34 6287613
34 37 6287616
37 36 6287619
34 34 6287622
31 30 6287626
37 29 6287628
41 37 6287631
37 35 6287634
27 36 6287637
34 27 6287640
31 29 6287643
32 37 6287646
38 34 6287649
34 36 6287652
36 35 6287655
33 34 6287659
37 32 6287661
35 34 6287664
