0 0 237017
0 0 237021
0 0 237026
0 0 237030
0 0 237034
0 0 237039
0 0 237043
0 0 237047
0 0 237052
0 0 237056
0 0 237060
0 0 237065
0 0 237069
0 0 237073
0 0 237078
0 0 237082
0 0 237086
0 0 237091
0 0 237095
0 0 237099
0 0 237104
0 0 237108
0 0 237112
0 0 237117
0 0 237121
0 0 237125
0 0 237130
0 0 237134
0 0 237138
0 0 237143
0 0 237147
0 0 237151
0 0 237156
0 0 237160
0 0 237164
0 0 237169
0 0 237173
0 0 237177
0 0 237182
0 0 237186
0 0 237190
0 0 237195
0 0 237199
0 0 237203
0 0 237208
0 0 237212
0 0 237216
0 0 237221
0 0 237225
0 0 237229
0 0 237234
0 0 237238
0 0 237242
0 0 237247
0 0 237251
0 0 237255
0 0 237260
0 0 237264
0 0 237268
0 0 237273
0 0 237277
0 0 237281
0 0 237286
0 0 237290
0 0 237294
0 0 237299
0 0 237303
0 0 237307
0 0 237312
0 0 237316
0 0 237320
0 0 237325
0 0 237329
0 0 237333
0 0 237338
0 0 237342
0 0 237346
0 0 237351
0 0 237355
0 0 237359
0 0 237364
0 0 237368
0 0 237372
0 0 237377
0 0 237381
0 0 237385
0 0 237390
0 0 237394
0 0 237398
0 0 237403
0 0 237407
0 0 237411
0 0 237416
0 0 237420
0 0 237424
0 0 237429
0 0 237433
0 0 237437
0 0 237442
0 0 237446
0 0 237450
0 0 237455
0 0 237459
0 0 237463
0 0 237468
0 0 237472
0 0 237476
0 0 237481
0 0 237485
0 0 237489
0 0 237494
0 0 237498
0 0 237502
0 0 237507
0 0 237511
0 0 237515
0 0 237520
0 0 237524
0 0 237528
0 0 237533
0 0 237537
0 0 237541
0 0 237546
0 0 237550
0 0 237554
0 0 237559
0 0 237563
0 0 237567
0 0 237572
0 0 237576
0 0 237580
0 0 237585
0 0 237589
0 0 237593
0 0 237598
0 0 237602
0 0 237606
0 0 237611
0 0 237615
0 0 237619
0 0 237624
0 0 237628
0 0 237632
0 0 237637
0 0 237641
0 0 237645
0 0 237650
0 0 237654
0 0 237658
0 0 237663
0 0 237667
0 0 237671
0 0 237676
0 0 237680
0 0 237684
0 0 237689
0 0 237693
0 0 237697
0 0 237702
0 0 237706
0 0 237710
0 0 237715
0 0 237719
0 0 237723
0 0 237728
0 0 237732
0 0 237736
0 0 237741
0 0 237745
0 0 237749
0 0 237754
0 0 237758
0 0 237762
0 0 237767
0 0 237771
0 0 237775
0 0 237780
0 0 237784
0 0 237788
0 0 237793
0 0 237797
0 0 237801
0 0 237806
0 0 237810
0 0 237814
0 0 237819
0 0 237823
0 0 237827
0 0 237832
0 0 237836
0 0 237840
0 0 237845
0 0 237849
0 0 237853
0 0 237858
0 0 237862
0 0 237866
0 0 237871
0 0 237875
0 0 237879
0 0 237884
0 0 237888
0 0 237892
0 0 237897
0 0 237901
0 0 237905
0 0 237910
0 0 237914
0 0 237918
0 0 237923
0 0 237927
0 0 237931
0 0 237936
0 0 237940
0 0 237944
0 0 237949
0 0 237953
0 0 237957
0 0 237962
0 0 237966
0 0 237970
0 0 237975
0 0 237979
0 0 237983
0 0 237988
0 0 237992
0 0 237996
0 0 238002
0 0 238006
0 0 238010
0 0 238015
0 0 238019
0 0 238023
0 0 238028
0 0 238032
0 0 238036
0 0 238041
0 0 238045
0 0 238049
0 0 238054
0 0 238058
0 0 238062
0 0 238067
0 0 238071
0 0 238075
0 0 238080
0 0 238084
0 0 238088
0 0 238093
0 0 238097
0 0 238101
0 0 238106
0 0 238110
0 0 238114
0 0 238119
0 0 238123
0 0 238127
0 0 238132
0 0 238136
0 0 238140
0 0 238145
0 0 238149
0 0 238153
0 0 238158
0 0 238162
0 0 238166
0 0 238171
0 0 238175
0 0 238179
0 0 238184
0 0 238188
0 0 238192
0 0 238197
0 0 238201
0 0 238205
0 0 238210
0 0 238214
0 0 238218
0 0 238223
0 0 238227
0 0 238231
0 0 238236
0 0 238240
0 0 238244
0 0 238249
0 0 238253
0 0 238257
0 0 238262
0 0 238266
0 0 238270
0 0 238275
0 0 238279
0 0 238283
0 0 238288
0 0 238292
0 0 238296
0 0 238301
0 0 238305
0 0 238309
0 0 238314
0 0 238318
0 0 238322
0 0 238327
0 0 238331
0 0 238335
0 0 238340
0 0 238344
0 0 238348
0 0 238353
0 0 238357
0 0 238361
0 0 238366
0 0 238370
0 0 238374
0 0 238379
0 0 238383
0 0 238387
0 0 238392
0 0 238396
0 0 238400
0 0 238405
0 0 238409
0 0 238413
0 0 238418
0 0 238422
0 0 238426
0 0 238431
0 0 238435
0 0 238439
0 0 238444
0 0 238448
0 0 238452
0 0 238457
0 0 238461
0 0 238465
0 0 238470
0 0 238474
0 0 238478
0 0 238483
0 0 238487
0 0 238491
0 0 238496
0 0 238500
0 0 238504
0 0 238509
0 0 238513
0 0 238517
0 0 238522
0 0 238526
0 0 238530
0 0 238535
0 0 238539
0 0 238543
0 0 238548
0 0 238552
0 0 238556
0 0 238561
0 0 238565
0 0 238569
0 0 238574
0 0 238578
0 0 238582
0 0 238587
0 0 238591
0 0 238595
0 0 238600
0 0 238604
0 0 238608
0 0 238613
0 0 238617
0 0 238621
0 0 238626
0 0 238630
0 0 238634
0 0 238639
0 0 238643
0 0 238647
0 0 238652
0 0 238656
0 0 238660
0 0 238665
0 0 238669
0 0 238673
0 0 238678
0 0 238682
0 0 238686
0 0 238691
0 0 238695
0 0 238699
0 0 238704
0 0 238708
0 0 238712
0 0 238717
0 0 238721
0 0 238725
0 0 238730
0 0 238734
0 0 238738
0 0 238743
0 0 238747
0 0 238751
0 0 238756
0 0 238760
0 0 238764
0 0 238769
0 0 238773
0 0 238777
0 0 238782
0 0 238786
0 0 238790
0 0 238795
0 0 238799
0 0 238803
0 0 238808
0 0 238812
0 0 238816
0 0 238821
0 0 238825
0 0 238829
0 0 238834
0 0 238838
0 0 238842
0 0 238847
0 0 238851
0 0 238856
0 0 238860
0 0 238864
0 0 238869
0 0 238873
0 0 238877
0 0 238882
0 0 238886
0 0 238891
0 0 238895
0 0 238899
0 0 238904
0 0 238908
0 0 238912
0 0 238917
0 0 238921
0 0 238926
0 0 238930
0 0 238934
0 0 238939
0 0 238943
0 0 238948
0 0 238952
0 0 238956
0 0 238961
0 0 238965
0 0 238969
0 0 238974
0 0 238978
0 0 238983
0 0 238987
0 0 238991
0 0 238996
0 0 239001
0 0 239006
0 0 239010
0 0 239014
0 0 239019
0 0 239023
0 0 239028
0 0 239032
0 0 239036
0 0 239041
0 0 239045
0 0 239049
0 0 239054
0 0 239058
0 0 239063
0 0 239067
0 0 239071
0 0 239076
0 0 239080
0 0 239085
0 0 239089
0 0 239093
0 0 239098
0 0 239102
0 0 239106
0 0 239111
0 0 239115
0 0 239120
0 0 239124
0 0 239128
0 0 239133
0 0 239137
0 0 239141
0 0 239146
0 0 239150
0 0 239155
0 0 239159
0 0 239163
0 0 239168
0 0 239172
0 0 239177
0 0 239181
0 0 239185
0 0 239190
0 0 239194
0 0 239198
0 0 239203
0 0 239207
0 0 239212
0 0 239216
0 0 239220
0 0 239225
0 0 239229
0 0 239233
0 0 239238
0 0 239242
0 0 239247
0 0 239251
0 0 239255
0 0 239260
0 0 239264
0 0 239269
0 0 239273
0 0 239277
0 0 239282
0 0 239286
0 0 239290
0 0 239295
0 0 239299
0 0 239304
0 0 239308
0 0 239312
0 0 239317
0 0 239321
0 0 239325
0 0 239330
0 0 239334
0 0 239339
0 0 239343
0 0 239347
0 0 239352
0 0 239356
0 0 239361
0 0 239365
0 0 239369
0 0 239374
0 0 239378
0 0 239382
0 0 239387
0 0 239391
0 0 239396
0 0 239400
0 0 239404
0 0 239409
0 0 239413
0 0 239417
0 0 239422
0 0 239426
0 0 239431
0 0 239435
0 0 239439
0 0 239444
0 0 239448
0 0 239453
0 0 239457
0 0 239461
0 0 239466
0 0 239470
0 0 239474
0 0 239479
0 0 239483
0 0 239488
0 0 239492
0 0 239496
0 0 239501
0 0 239505
0 0 239509
0 0 239514
0 0 239518
0 0 239523
0 0 239527
0 0 239531
0 0 239536
0 0 239540
0 0 239544
0 0 239549
0 0 239553
0 0 239557
0 0 239562
0 0 239566
0 0 239570
0 0 239575
0 0 239579
0 0 239583
0 0 239588
0 0 239592
0 0 239596
0 0 239601
0 0 239605
0 0 239609
0 0 239614
0 0 239618
0 0 239622
0 0 239627
0 0 239631
0 0 239635
0 0 239640
0 0 239644
0 0 239648
0 0 239653
0 0 239657
0 0 239661
0 0 239666
0 0 239670
0 0 239674
0 0 239679
0 0 239683
0 0 239687
0 0 239692
0 0 239696
0 0 239700
0 0 239705
0 0 239709
0 0 239713
0 0 239718
0 0 239722
0 0 239726
0 0 239731
0 0 239735
0 0 239739
0 0 239744
0 0 239748
0 0 239752
0 0 239757
0 0 239761
0 0 239765
0 0 239770
0 0 239774
0 0 239778
0 0 239783
0 0 239787
0 0 239791
0 0 239796
0 0 239800
0 0 239804
0 0 239809
0 0 239813
0 0 239817
0 0 239822
0 0 239826
0 0 239830
0 0 239835
0 0 239839
0 0 239843
0 0 239848
0 0 239852
0 0 239856
0 0 239861
0 0 239865
0 0 239869
0 0 239874
0 0 239878
1 5 239882
3 6 239887
6 11 239891
8 3 239895
13 13 239900
14 17 239904
20 17 239908
#TRIGGER ON
22 24 239913
23 21 239916
22 25 239919
23 23 239921
25 28 239924
29 29 239927
30 32 239930
29 34 239933
34 33 239936
35 38 239939
36 36 239942
39 37 239945
41 44 239948
41 45 239951
42 46 239954
47 45 239957
45 51 239960
49 51 239963
46 53 239966
51 51 239969
50 54 239972
55 59 239975
56 58 239978
56 62 239981
59 66 239984
62 65 239987
63 64 239990
65 68 239993
65 67 239996
68 73 240000
68 77 240003
73 76 240006
73 74 240009
75 75 240012
72 77 240015
77 81 240018
79 81 240021
78 82 240024
85 79 240027
87 85 240030
87 87 240032
91 89 240035
89 89 240038
93 89 240041
90 92 240044
95 96 240047
94 95 240050
95 97 240053
99 97 240056
103 102 240059
104 105 240062
104 107 240065
103 102 240068
104 113 240071
106 110 240074
108 112 240077
112 113 240080
113 110 240083
112 110 240086
114 122 240089
122 120 240092
120 119 240095
117 120 240098
124 122 240101
119 124 240104
125 127 240107
125 129 240110
128 125 240113
129 130 240116
134 130 240119
136 134 240122
134 135 240125
135 137 240128
136 140 240131
137 139 240134
137 142 240137
139 143 240140
141 143 240143
146 146 240146
147 147 240149
148 149 240152
149 150 240155
150 154 240158
149 153 240161
154 158 240164
155 153 240167
152 159 240170
158 161 240173
153 157 240176
161 164 240179
162 161 240182
166 167 240185
168 166 240188
164 166 240191
170 168 240194
168 166 240197
170 173 240200
171 176 240203
173 179 240206
174 176 240209
175 175 240212
179 180 240215
180 176 240218
180 181 240221
184 183 240224
185 187 240227
186 187 240230
184 183 240233
189 192 240236
189 189 240239
188 191 240242
191 197 240245
195 190 240248
193 195 240251
200 199 240254
196 195 240257
200 201 240260
201 201 240263
205 201 240266
199 207 240269
205 207 240272
205 208 240275
205 207 240278
212 209 240281
210 208 240284
211 217 240287
216 213 240290
218 215 240293
215 213 240296
215 219 240299
219 221 240302
220 226 240305
221 223 240308
222 223 240311
221 220 240314
224 225 240317
226 231 240320
230 230 240323
228 235 240326
231 232 240329
228 228 240332
230 237 240335
234 235 240338
234 241 240341
239 241 240344
239 240 240347
240 237 240350
239 241 240353
245 246 240356
246 244 240359
248 247 240362
243 245 240365
246 255 240368
247 254 240371
250 255 240374
248 255 240377
252 255 240380
252 250 240383
254 261 240386
256 257 240389
256 262 240392
261 259 240395
262 265 240398
263 265 240401
264 266 240404
263 263 240407
268 263 240410
269 269 240413
270 268 240416
270 272 240419
273 270 240422
273 275 240425
275 278 240428
274 274 240431
272 279 240434
277 278 240437
279 282 240440
278 283 240443
287 282 240446
280 283 240449
286 286 240452
286 286 240455
287 290 240458
285 291 240461
286 290 240464
284 293 240467
291 295 240470
295 299 240473
297 293 240476
294 299 240479
296 299 240482
298 299 240485
298 302 240488
302 305 240491
300 302 240494
301 302 240497
303 304 240500
303 310 240503
308 313 240506
310 311 240509
308 306 240512
309 310 240515
311 308 240518
313 311 240521
317 316 240524
316 318 240527
314 321 240530
316 317 240533
317 322 240536
323 324 240539
322 321 240542
324 320 240545
322 322 240548
325 328 240551
323 324 240554
328 328 240557
332 332 240560
332 326 240563
329 335 240566
333 336 240569
334 333 240572
334 332 240575
335 334 240578
335 334 240581
339 342 240584
340 342 240587
340 341 240590
342 342 240593
344 347 240596
343 348 240599
347 351 240602
346 351 240605
347 349 240608
345 350 240611
346 350 240614
348 351 240617
355 354 240620
352 356 240623
356 354 240626
358 354 240629
355 358 240632
359 365 240635
363 362 240638
357 363 240641
360 360 240644
358 363 240647
363 366 240650
363 371 240653
369 369 240656
365 368 240659
368 370 240662
370 373 240665
373 368 240668
371 372 240671
373 369 240674
373 375 240677
377 371 240680
378 377 240683
377 375 240686
381 382 240689
383 380 240692
381 380 240695
383 382 240698
384 384 240701
384 384 240704
387 387 240707
387 389 240710
390 388 240713
390 395 240716
389 390 240719
391 392 240722
390 397 240725
392 392 240728
391 400 240731
394 396 240734
394 397 240737
399 398 240740
396 399 240743
400 402 240746
403 405 240749
402 405 240752
408 407 240755
404 406 240758
404 406 240761
404 410 240764
403 408 240767
406 411 240770
413 411 240773
411 414 240776
411 412 240779
413 411 240782
413 416 240785
417 416 240788
420 418 240791
417 415 240794
416 421 240797
423 420 240800
424 420 240803
423 420 240806
425 423 240809
422 421 240812
425 427 240815
429 425 240818
427 429 240821
432 427 240824
429 429 240827
430 429 240830
432 434 240833
434 433 240836
434 433 240839
435 435 240842
432 433 240845
438 440 240848
439 439 240851
441 439 240854
441 441 240857
440 439 240860
437 446 240863
446 445 240866
444 449 240869
443 445 240872
444 447 240875
444 447 240878
447 452 240881
449 447 240884
449 455 240887
450 453 240890
454 455 240893
452 457 240896
452 453 240899
450 459 240902
456 456 240905
454 461 240908
458 463 240911
462 463 240914
461 464 240917
461 462 240920
463 464 240923
460 461 240926
462 469 240929
471 471 240932
465 469 240935
467 471 240938
466 466 240941
467 470 240944
468 470 240947
471 475 240950
475 477 240953
469 477 240956
477 475 240959
471 478 240962
473 480 240965
476 481 240968
477 479 240971
480 480 240974
479 475 240977
481 479 240980
483 485 240983
482 490 240986
484 485 240989
486 484 240992
481 491 240995
489 493 240999
490 491 241002
484 490 241005
489 490 241008
491 494 241011
490 494 241014
497 495 241017
496 500 241020
494 496 241023
492 494 241026
499 498 241028
499 497 241031
500 499 241034
504 497 241037
499 502 241040
504 502 241043
501 501 241046
507 505 241049
505 508 241052
502 507 241055
507 508 241058
506 507 241061
509 509 241064
513 510 241067
509 511 241070
512 518 241073
515 514 241076
511 513 241079
516 516 241082
515 514 241085
515 515 241088
520 519 241091
519 519 241094
522 521 241097
523 521 241100
523 519 241103
521 523 241106
523 523 241109
525 526 241112
529 524 241115
524 525 241118
527 524 241121
530 531 241124
530 530 241127
532 530 241130
534 532 241133
532 530 241136
532 534 241139
534 535 241142
535 534 241145
535 534 241148
535 538 241151
539 537 241154
537 539 241157
539 543 241160
542 542 241163
541 543 241166
541 540 241169
539 545 241172
545 545 241175
541 544 241178
546 545 241181
548 543 241184
544 546 241187
550 547 241190
547 549 241193
554 550 241196
550 553 241199
554 556 241202
552 552 241205
551 552 241208
554 555 241211
552 555 241214
560 558 241217
557 559 241220
558 561 241223
563 558 241226
559 560 241229
560 560 241232
563 560 241235
560 569 241238
564 565 241241
567 564 241244
566 566 241247
564 564 241250
567 567 241253
568 572 241256
572 574 241259
568 569 241262
569 574 241265
572 572 241268
569 572 241271
573 572 241274
572 575 241277
577 574 241280
578 573 241283
575 573 241286
580 579 241289
581 576 241292
579 584 241295
582 578 241298
578 578 241301
577 586 241304
585 582 241307
583 585 241310
585 580 241313
586 584 241316
585 583 241319
585 587 241322
591 587 241325
589 590 241328
591 591 241331
587 590 241334
589 593 241337
590 593 241340
593 595 241343
592 597 241346
596 593 241349
590 591 241352
595 600 241355
597 596 241358
598 597 241361
598 599 241364
599 596 241367
598 602 241370
602 604 241373
603 599 241376
602 603 241379
604 603 241382
602 601 241385
604 608 241388
608 606 241391
606 608 241394
609 608 241397
608 609 241400
605 614 241403
610 610 241406
610 616 241409
614 610 241412
613 611 241415
612 611 241418
613 612 241421
615 613 241424
615 620 241427
618 621 241430
613 619 241433
617 625 241436
619 623 241439
617 622 241442
620 621 241445
620 623 241448
621 620 241451
622 627 241454
624 623 241457
623 629 241460
628 630 241463
624 624 241466
625 629 241469
629 631 241472
628 631 241475
628 631 241478
631 632 241481
626 629 241484
635 635 241487
636 634 241490
634 632 241493
635 637 241496
636 635 241499
634 637 241502
637 638 241505
639 639 241508
638 636 241511
642 638 241514
638 636 241517
642 646 241520
642 641 241523
639 647 241526
643 642 241529
642 645 241532
645 645 241535
645 643 241538
645 643 241541
649 645 241544
650 645 241547
647 647 241550
651 649 241553
649 649 241556
648 651 241559
651 654 241562
651 653 241565
652 649 241568
652 652 241571
652 655 241574
653 652 241577
658 653 241580
657 655 241583
661 659 241586
659 660 241589
661 662 241592
663 662 241595
661 661 241598
656 663 241601
666 664 241604
661 663 241607
666 661 241610
667 665 241613
664 663 241616
666 668 241619
668 668 241622
666 672 241625
668 669 241628
666 667 241631
671 675 241634
672 670 241637
671 671 241640
670 668 241643
671 669 241646
673 670 241649
675 677 241652
676 676 241655
675 676 241658
677 680 241661
676 678 241664
674 683 241667
680 679 241670
680 679 241673
680 675 241676
677 679 241679
684 680 241682
684 681 241685
684 683 241688
685 684 241691
682 685 241694
684 687 241697
684 693 241700
687 690 241703
686 687 241706
691 687 241709
692 687 241712
686 687 241715
693 689 241718
691 686 241721
690 689 241724
695 696 241727
690 693 241730
691 699 241733
696 699 241736
695 698 241739
695 700 241742
697 695 241745
692 694 241748
698 701 241751
701 699 241754
699 701 241757
700 703 241760
701 698 241763
695 702 241766
705 701 241769
703 703 241772
704 705 241775
701 707 241778
707 709 241781
707 706 241784
703 705 241787
707 709 241790
710 707 241793
705 706 241796
711 715 241799
712 711 241802
711 709 241805
711 710 241808
714 707 241811
713 707 241814
715 717 241817
717 717 241820
713 715 241823
712 716 241826
719 715 241829
714 717 241832
716 720 241835
716 718 241838
717 720 241841
718 720 241844
717 718 241847
721 722 241850
720 718 241853
714 715 241856
714 713 241859
711 712 241862
709 714 241865
712 714 241868
707 711 241871
709 708 241874
710 703 241877
703 703 241880
704 704 241883
706 704 241886
706 703 241889
704 700 241892
699 693 241895
695 700 241898
700 701 241901
699 697 241904
696 695 241907
695 691 241910
690 691 241913
695 696 241916
693 691 241919
688 693 241922
690 689 241925
683 688 241928
687 690 241931
682 686 241934
682 687 241937
685 687 241940
684 678 241943
678 677 241946
684 681 241949
683 679 241952
679 682 241955
676 675 241958
676 675 241961
675 674 241964
674 677 241967
678 676 241970
675 672 241973
672 665 241976
668 663 241979
672 670 241982
670 671 241985
669 667 241988
665 666 241991
662 659 241994
661 669 241997
664 663 242001
664 665 242004
662 662 242007
660 658 242010
655 656 242013
655 659 242016
655 656 242019
655 650 242022
656 657 242025
657 657 242028
653 651 242031
656 652 242033
655 649 242036
648 645 242039
649 648 242042
652 647 242045
649 648 242048
647 647 242051
646 644 242054
644 645 242057
639 638 242060
637 645 242063
640 642 242066
639 642 242069
641 645 242072
641 636 242075
634 638 242078
640 638 242081
635 636 242084
636 632 242087
636 630 242090
633 628 242093
635 633 242096
631 632 242099
633 631 242102
630 631 242105
627 630 242108
626 627 242111
628 625 242114
625 626 242117
627 627 242120
626 623 242123
627 617 242126
623 621 242129
620 618 242132
621 623 242135
622 623 242138
620 620 242141
614 620 242144
617 619 242147
615 621 242150
617 614 242153
614 611 242156
610 614 242159
613 617 242162
612 611 242165
613 618 242168
609 609 242171
603 606 242174
602 609 242177
606 611 242180
603 607 242183
603 606 242186
602 603 242189
603 602 242192
603 604 242195
602 600 242198
603 603 242201
599 600 242204
601 598 242207
595 598 242210
600 600 242213
596 595 242216
598 598 242219
597 594 242222
592 589 242225
594 596 242228
593 591 242231
594 592 242234
593 591 242237
587 587 242240
585 592 242243
591 587 242246
588 589 242249
588 587 242252
587 586 242255
587 584 242258
583 586 242261
583 587 242264
586 586 242267
584 585 242270
583 581 242273
576 581 242276
580 582 242279
576 579 242282
581 581 242285
579 575 242288
574 573 242291
574 579 242294
577 573 242297
573 574 242300
575 572 242303
573 570 242306
571 572 242309
571 572 242312
571 570 242315
569 567 242318
570 566 242321
567 565 242324
569 566 242327
566 565 242330
566 565 242333
563 566 242336
563 563 242339
560 566 242342
564 568 242345
559 561 242348
560 559 242351
559 559 242354
558 557 242357
559 563 242360
559 560 242363
555 559 242366
554 555 242369
552 555 242372
555 554 242375
553 555 242378
553 554 242381
553 554 242384
553 549 242387
551 549 242390
549 548 242393
547 545 242396
550 545 242399
550 551 242402
547 547 242405
544 545 242408
542 545 242411
541 545 242414
544 542 242417
545 542 242420
540 539 242423
541 541 242426
541 538 242429
540 541 242432
542 541 242435
537 539 242438
534 538 242441
537 536 242444
537 538 242447
541 536 242450
534 531 242453
533 532 242456
533 533 242459
534 533 242462
531 529 242465
531 533 242468
528 531 242471
525 530 242474
528 532 242477
526 531 242480
526 528 242483
527 527 242486
522 525 242489
525 529 242492
525 523 242495
523 527 242498
522 525 242501
523 519 242504
516 525 242507
522 525 242510
520 525 242513
518 517 242516
516 514 242519
514 513 242522
517 519 242525
520 521 242528
518 515 242531
511 514 242534
514 512 242537
508 513 242540
512 514 242543
514 517 242546
515 511 242549
511 511 242552
508 506 242555
508 510 242558
509 506 242561
506 511 242564
509 507 242567
504 505 242570
506 509 242573
506 506 242576
506 507 242579
503 501 242582
503 499 242585
501 496 242588
505 502 242591
505 501 242594
504 500 242597
502 503 242600
498 494 242603
493 499 242606
499 502 242609
496 501 242612
494 495 242615
495 491 242618
493 492 242621
496 497 242624
496 492 242627
494 494 242630
491 491 242633
491 490 242636
486 494 242639
488 493 242642
491 489 242645
486 483 242648
488 487 242651
490 485 242654
489 487 242657
486 484 242660
485 484 242663
484 482 242666
482 480 242669
483 490 242672
485 481 242675
478 477 242678
479 481 242681
481 478 242684
480 479 242687
479 480 242690
477 479 242693
478 480 242696
476 479 242699
476 478 242702
474 477 242705
473 478 242708
474 474 242711
476 474 242714
474 468 242717
470 473 242720
477 472 242723
474 469 242726
471 470 242729
472 468 242732
469 461 242735
467 470 242738
470 471 242741
468 466 242744
466 465 242747
470 467 242750
467 463 242753
465 466 242756
468 465 242759
463 460 242762
462 462 242765
462 460 242768
459 466 242771
466 461 242774
456 460 242777
461 457 242780
461 454 242783
457 458 242786
461 462 242789
461 457 242792
457 458 242795
456 456 242798
454 451 242801
447 459 242804
457 458 242807
452 452 242810
454 449 242813
455 452 242816
452 448 242819
447 451 242822
453 451 242825
452 455 242828
448 451 242831
448 450 242834
446 447 242837
445 447 242840
449 447 242843
446 447 242846
448 440 242849
441 439 242852
446 445 242855
446 445 242858
447 443 242861
445 441 242864
441 438 242867
441 443 242870
443 437 242873
442 441 242876
438 432 242879
438 441 242882
440 435 242885
440 439 242888
440 435 242891
437 436 242894
436 437 242897
435 431 242900
433 439 242903
434 436 242906
432 434 242909
435 430 242912
432 434 242915
434 432 242918
431 432 242921
432 431 242924
430 432 242927
428 429 242930
429 430 242933
426 429 242936
427 428 242939
424 427 242942
427 425 242945
426 425 242948
428 428 242951
425 427 242954
426 427 242957
423 421 242960
423 425 242963
423 421 242966
418 422 242969
420 422 242972
419 418 242975
419 419 242978
418 421 242981
420 420 242984
419 419 242987
414 416 242990
416 419 242993
413 413 242996
416 416 243000
419 416 243003
414 414 243006
412 418 243009
413 414 243012
410 410 243015
409 414 243018
412 413 243021
405 411 243024
412 412 243027
406 413 243029
410 413 243032
407 411 243035
408 411 243038
406 412 243041
404 407 243044
406 409 243047
405 406 243050
404 408 243053
403 408 243056
401 407 243059
406 406 243062
405 402 243065
401 402 243068
400 401 243071
401 405 243074
400 405 243077
402 407 243080
400 400 243083
399 399 243086
395 399 243089
397 398 243092
395 399 243095
401 398 243098
398 394 243101
396 392 243104
393 399 243107
397 395 243110
399 399 243113
398 396 243116
391 390 243119
390 392 243122
396 393 243125
391 390 243128
395 391 243131
394 385 243134
389 384 243137
389 388 243140
391 389 243143
390 389 243146
388 388 243149
387 387 243152
385 388 243155
386 391 243158
386 387 243161
387 387 243164
385 383 243167
381 383 243170
384 384 243173
386 381 243176
383 382 243179
386 385 243182
382 378 243185
377 382 243188
381 378 243191
380 381 243194
383 378 243197
380 380 243200
379 375 243203
379 377 243206
374 377 243209
378 381 243212
376 379 243215
380 375 243218
374 374 243221
377 377 243224
375 376 243227
378 373 243230
374 373 243233
375 374 243236
374 372 243239
372 371 243242
378 373 243245
371 370 243248
368 371 243251
371 373 243254
369 365 243257
367 372 243260
369 367 243263
367 366 243266
366 368 243269
371 368 243272
368 366 243275
369 367 243278
365 364 243281
364 362 243284
365 367 243287
363 363 243290
363 363 243293
363 363 243296
364 363 243299
360 361 243302
362 360 243305
361 366 243308
364 363 243311
357 361 243314
361 362 243317
355 363 243320
359 360 243323
356 359 243326
358 356 243329
356 354 243332
355 357 243335
355 356 243338
352 358 243341
357 356 243344
352 356 243347
354 356 243350
350 355 243353
354 356 243356
351 354 243359
350 351 243362
351 352 243365
350 350 243368
347 351 243371
348 352 243374
352 354 243377
351 351 243380
348 348 243383
344 350 243386
350 353 243389
348 349 243392
348 343 243395
348 343 243398
345 343 243401
347 347 243404
345 341 243407
347 347 243410
344 346 243413
346 341 243416
341 344 243419
347 341 243422
340 344 243425
345 342 243428
341 339 243431
342 337 243434
342 341 243437
339 342 243440
341 343 243443
339 339 243446
339 335 243449
333 344 243452
339 340 243455
335 336 243458
337 336 243461
339 338 243464
331 333 243467
338 337 243470
335 332 243473
340 333 243476
331 335 243479
335 335 243482
329 331 243485
332 331 243488
335 334 243491
331 332 243494
332 327 243497
328 325 243500
332 332 243503
329 325 243506
327 332 243509
335 332 243512
327 322 243515
326 329 243518
326 325 243521
329 330 243524
329 322 243527
327 325 243530
327 319 243533
327 330 243536
329 320 243539
324 327 243542
326 321 243545
323 324 243548
323 324 243551
320 322 243554
322 323 243557
324 323 243560
321 318 243563
318 322 243566
323 323 243569
320 322 243572
319 322 243575
317 322 243578
317 316 243581
315 320 243584
322 322 243587
315 317 243590
316 313 243593
318 318 243596
317 309 243599
314 317 243602
319 313 243605
317 317 243608
318 312 243611
312 312 243614
315 319 243617
312 313 243620
314 314 243623
309 312 243626
311 312 243629
310 311 243632
316 311 243635
313 309 243638
308 310 243641
309 314 243644
309 308 243647
305 310 243650
307 313 243653
306 310 243656
308 308 243659
305 304 243662
307 305 243665
305 310 243668
305 307 243671
302 307 243674
307 308 243677
302 303 243680
301 309 243683
303 304 243686
301 304 243689
304 304 243692
303 303 243695
301 299 243698
300 302 243701
302 302 243704
301 298 243707
300 306 243710
303 295 243713
296 302 243716
304 300 243719
299 301 243722
301 298 243725
299 293 243728
298 298 243731
301 300 243734
295 292 243737
299 300 243740
296 296 243743
292 293 243746
290 295 243749
296 294 243752
292 297 243755
293 295 243758
293 292 243761
290 291 243764
295 294 243767
293 291 243770
294 291 243773
294 290 243776
291 286 243779
289 289 243782
292 293 243785
287 286 243788
292 290 243791
287 286 243794
287 287 243797
289 286 243800
289 290 243803
292 290 243806
288 287 243809
287 283 243812
282 292 243815
288 285 243818
282 284 243821
287 281 243824
286 286 243827
286 282 243830
281 280 243833
286 284 243836
285 284 243839
281 283 243842
283 282 243845
279 288 243848
284 282 243851
283 279 243854
283 281 243857
280 278 243860
278 284 243863
281 276 243866
281 278 243869
282 279 243872
279 280 243875
280 274 243878
273 279 243881
279 279 243884
273 275 243887
276 280 243890
274 274 243893
277 271 243896
272 273 243899
276 276 243902
274 275 243905
272 276 243908
276 268 243911
270 275 243914
275 271 243917
274 276 243920
277 274 243923
272 269 243926
269 270 243929
272 275 243932
272 269 243935
273 270 243938
266 268 243941
270 269 243944
268 267 243947
266 270 243950
270 272 243953
269 267 243956
267 266 243959
267 264 243962
267 267 243965
266 264 243968
269 267 243971
264 268 243974
265 265 243977
262 266 243980
264 264 243983
265 266 243986
261 262 243989
263 265 243992
262 262 243995
261 263 243999
261 264 244002
259 261 244006
258 261 244008
262 262 244011
262 263 244014
258 263 244017
258 259 244020
258 259 244023
260 264 244026
259 258 244029
260 264 244032
261 260 244035
254 261 244039
258 252 244041
259 258 244044
258 257 244047
254 259 244050
254 255 244053
256 250 244056
256 258 244059
255 255 244062
253 256 244065
253 255 244068
250 252 244072
258 250 244074
254 257 244077
254 252 244080
251 250 244083
254 251 244086
249 253 244089
250 251 244092
251 254 244095
255 255 244098
249 251 244101
249 250 244105
252 248 244107
249 250 244110
256 247 244113
249 251 244116
246 246 244119
245 242 244122
247 250 244125
246 247 244128
246 250 244131
246 242 244134
248 244 244138
250 243 244140
247 246 244143
245 243 244146
243 246 244149
245 244 244152
244 239 244155
249 244 244158
239 245 244161
243 240 244164
244 239 244167
244 242 244171
244 237 244173
242 241 244176
244 241 244179
242 242 244182
239 241 244185
235 237 244188
241 246 244191
239 240 244194
237 240 244197
240 240 244200
237 244 244204
238 236 244206
239 237 244209
241 239 244212
241 238 244215
233 238 244218
237 231 244221
238 239 244224
237 237 244227
233 240 244230
231 233 244233
234 232 244237
237 232 244239
237 238 244242
232 233 244245
231 231 244248
236 236 244251
229 230 244254
232 236 244257
232 236 244260
233 235 244263
232 235 244266
226 231 244270
233 230 244272
231 231 244275
231 231 244278
228 231 244281
231 227 244284
229 229 244287
232 231 244290
229 230 244293
228 229 244296
229 228 244299
227 227 244303
228 221 244305
231 227 244308
229 226 244311
225 223 244314
226 227 244317
228 225 244320
228 225 244323
223 228 244326
226 224 244329
225 227 244332
225 226 244336
227 224 244338
226 223 244341
222 223 244344
223 226 244347
219 224 244350
220 218 244353
220 225 244356
222 221 244359
224 227 244362
221 221 244365
221 219 244369
222 217 244371
221 220 244374
220 216 244377
220 216 244380
220 220 244383
220 218 244386
221 219 244389
216 217 244392
218 222 244395
217 222 244398
214 216 244402
219 218 244404
217 220 244407
218 220 244410
214 216 244413
214 217 244416
212 216 244419
216 216 244422
213 219 244425
214 218 244428
214 217 244431
213 214 244435
213 213 244437
215 213 244440
216 215 244443
211 213 244446
211 212 244449
211 214 244452
212 217 244455
210 212 244458
213 212 244461
214 213 244464
208 212 244468
214 208 244470
211 209 244473
212 210 244476
205 207 244479
207 204 244482
207 209 244485
212 211 244488
208 210 244491
212 212 244494
211 207 244497
207 210 244501
206 206 244503
208 207 244506
211 204 244509
207 208 244512
207 209 244515
205 204 244518
209 208 244521
206 204 244524
207 204 244527
206 207 244530
204 204 244534
206 199 244536
206 204 244539
207 203 244542
204 208 244545
203 204 244548
201 201 244551
205 203 244554
203 203 244557
199 207 244560
199 201 244563
200 200 244567
206 201 244569
203 203 244572
201 200 244575
201 196 244578
199 197 244581
196 193 244584
200 198 244587
199 201 244590
198 199 244593
203 202 244596
199 200 244600
202 194 244602
201 199 244605
200 196 244608
196 198 244611
195 193 244614
198 194 244617
195 196 244620
197 194 244623
199 199 244626
198 197 244629
195 195 244633
200 192 244635
195 196 244638
192 194 244641
193 195 244644
190 199 244647
193 193 244650
196 195 244653
195 196 244656
192 190 244659
190 192 244662
196 191 244666
193 189 244668
193 193 244671
193 194 244674
192 193 244677
190 192 244680
189 193 244683
190 193 244686
186 192 244689
189 190 244692
188 188 244695
189 186 244699
188 189 244701
187 188 244704
186 189 244707
188 189 244710
188 189 244713
187 184 244716
189 188 244719
185 193 244722
188 186 244725
188 189 244728
185 186 244732
188 183 244734
186 186 244737
185 185 244740
186 185 244743
182 184 244746
185 183 244749
187 187 244752
184 187 244755
185 186 244758
188 187 244761
184 187 244765
183 178 244767
182 183 244770
183 184 244773
184 184 244776
185 185 244779
181 176 244782
181 185 244785
179 175 244788
182 186 244791
181 185 244794
178 179 244798
182 180 244800
180 181 244803
180 178 244806
179 178 244809
180 181 244812
177 177 244815
181 179 244818
180 182 244821
180 181 244824
179 179 244827
177 178 244831
178 174 244833
178 175 244836
179 178 244839
180 176 244842
176 178 244845
177 170 244848
177 178 244851
175 175 244854
177 178 244857
175 174 244860
174 176 244864
178 168 244866
172 175 244869
174 171 244872
172 174 244875
175 177 244878
171 173 244881
173 175 244884
171 177 244887
170 173 244890
172 173 244893
170 173 244897
172 171 244899
170 171 244902
173 174 244905
172 171 244908
167 170 244911
168 165 244914
170 176 244917
173 172 244920
170 177 244923
169 171 244926
166 171 244930
165 168 244932
173 168 244935
170 169 244938
171 172 244941
166 170 244944
165 166 244947
171 168 244950
169 173 244953
171 169 244956
168 168 244959
168 164 244963
168 165 244965
166 166 244968
167 166 244971
168 169 244974
166 167 244977
166 160 244980
169 162 244983
167 170 244986
165 167 244989
166 164 244992
165 165 244996
170 167 245000
169 165 245003
164 164 245006
165 162 245009
161 158 245012
163 158 245015
164 162 245018
165 160 245021
167 163 245024
162 162 245027
163 165 245030
157 160 245033
162 166 245036
161 163 245039
166 161 245042
160 160 245045
161 160 245048
159 161 245051
160 164 245054
161 160 245057
161 164 245060
160 161 245063
155 161 245066
157 161 245069
157 158 245072
158 159 245075
160 157 245078
159 159 245081
156 154 245084
158 160 245087
159 159 245090
158 155 245093
154 154 245096
159 153 245099
157 160 245102
154 157 245105
157 155 245108
156 156 245111
158 149 245114
152 153 245117
157 156 245120
155 156 245123
159 157 245126
154 153 245129
152 151 245132
149 159 245135
152 159 245138
153 156 245141
154 156 245144
153 151 245147
151 149 245150
154 152 245153
153 150 245156
155 151 245159
149 151 245162
153 150 245165
149 158 245168
155 155 245171
153 153 245174
149 149 245177
150 149 245180
149 151 245183
153 152 245186
149 151 245189
153 151 245192
149 151 245195
147 145 245198
146 152 245201
150 154 245204
150 145 245207
148 147 245210
150 150 245213
148 143 245216
147 146 245219
150 146 245222
149 147 245225
150 145 245228
148 144 245231
145 149 245234
147 145 245237
145 145 245240
145 147 245243
147 143 245246
147 139 245249
143 143 245252
146 144 245255
147 145 245258
144 142 245261
143 140 245264
141 146 245267
146 146 245270
143 145 245273
145 142 245276
144 142 245279
139 142 245282
146 141 245285
145 143 245288
147 144 245291
143 142 245294
143 138 245297
140 147 245300
143 139 245303
142 142 245306
138 138 245309
144 144 245312
141 136 245315
141 138 245318
139 137 245321
141 140 245324
144 141 245327
141 135 245330
135 138 245333
141 138 245336
142 141 245339
142 137 245342
140 137 245345
137 135 245348
141 141 245351
140 134 245354
136 138 245357
139 136 245360
140 135 245363
134 140 245366
134 137 245369
137 137 245372
139 138 245375
139 132 245378
135 131 245381
135 135 245384
137 141 245387
139 140 245390
135 136 245393
135 133 245396
132 140 245399
140 135 245402
135 136 245405
135 131 245408
136 136 245411
135 132 245414
139 139 245417
133 135 245420
139 133 245423
134 132 245426
134 127 245429
133 137 245432
137 134 245435
132 133 245438
133 133 245441
134 131 245444
130 126 245447
133 128 245450
133 132 245453
132 134 245456
132 133 245459
130 129 245462
129 134 245465
129 131 245468
130 130 245471
131 128 245474
131 126 245477
128 128 245480
131 136 245483
132 131 245486
129 126 245489
131 132 245492
128 129 245495
127 130 245498
127 127 245501
130 130 245504
128 132 245507
129 126 245510
126 129 245513
129 130 245516
130 129 245519
129 125 245522
129 127 245525
127 124 245528
126 127 245531
128 130 245534
124 128 245537
125 122 245540
126 125 245543
125 126 245546
128 124 245549
124 128 245552
128 127 245555
126 125 245558
122 125 245561
123 130 245564
120 126 245567
122 131 245570
123 123 245573
123 119 245576
122 125 245579
125 126 245582
123 123 245585
124 124 245588
125 124 245591
122 123 245594
120 126 245597
124 124 245600
121 123 245603
126 122 245606
122 121 245609
117 121 245612
123 126 245615
126 124 245618
123 123 245621
123 122 245624
118 121 245627
118 123 245630
120 122 245633
119 120 245636
118 117 245639
116 118 245642
117 117 245645
123 123 245648
123 125 245651
123 119 245654
121 117 245657
115 117 245660
119 120 245663
118 116 245666
118 117 245669
124 121 245672
120 117 245675
117 116 245678
120 119 245681
119 113 245684
115 119 245687
120 117 245690
115 112 245693
116 118 245696
121 118 245699
116 117 245702
118 112 245705
112 114 245708
115 115 245711
115 117 245714
115 119 245717
119 117 245720
116 119 245723
116 111 245726
117 120 245729
115 117 245732
114 113 245735
112 114 245738
114 112 245741
114 111 245744
112 116 245747
116 117 245750
117 115 245753
112 109 245756
109 113 245759
110 118 245762
116 114 245765
112 113 245768
114 118 245771
114 111 245774
111 109 245777
115 114 245780
113 109 245783
112 110 245786
112 116 245789
112 110 245792
110 116 245795
111 115 245798
109 114 245801
109 111 245804
109 108 245807
108 109 245810
112 113 245813
109 107 245816
111 111 245819
110 109 245822
107 107 245825
108 111 245828
111 112 245831
109 109 245834
109 108 245837
112 107 245840
106 104 245843
114 107 245846
107 108 245849
109 110 245852
111 108 245855
107 107 245858
105 113 245861
105 112 245864
106 108 245867
107 107 245870
108 107 245873
106 104 245876
108 111 245879
108 105 245882
103 107 245885
105 108 245888
104 107 245891
104 110 245894
103 108 245897
106 111 245900
102 107 245903
107 108 245906
102 103 245909
105 108 245912
105 104 245915
101 104 245918
106 109 245921
101 100 245924
105 108 245927
104 105 245930
103 103 245933
103 103 245936
106 100 245939
104 103 245942
103 102 245945
106 101 245948
104 101 245951
105 104 245954
102 99 245957
103 106 245960
103 99 245963
98 105 245966
106 100 245969
100 105 245972
101 101 245975
103 102 245978
104 101 245981
100 98 245984
101 102 245987
100 98 245990
99 100 245993
103 106 245996
103 100 246000
99 102 246003
103 100 246006
101 100 246009
106 100 246012
97 97 246015
100 98 246018
99 96 246021
100 97 246024
99 98 246027
102 96 246029
98 98 246032
99 97 246035
100 101 246038
101 99 246041
99 98 246044
95 101 246047
101 97 246050
98 97 246053
99 95 246056
101 97 246059
100 96 246062
103 94 246065
94 95 246068
99 98 246071
97 100 246074
97 97 246077
97 99 246080
98 95 246083
95 96 246086
98 94 246089
98 94 246092
99 96 246095
94 93 246098
95 96 246101
97 100 246104
96 92 246107
97 97 246110
99 93 246113
95 93 246116
94 95 246119
98 97 246122
96 93 246125
90 97 246128
94 92 246131
91 97 246134
93 92 246137
94 97 246140
94 93 246143
97 91 246146
85 90 246149
96 93 246152
92 95 246155
92 90 246158
89 95 246161
92 92 246164
83 94 246167
94 93 246170
90 91 246173
94 87 246176
89 92 246179
93 91 246182
90 95 246185
93 91 246188
89 94 246191
94 89 246194
92 93 246197
90 96 246200
94 92 246203
89 91 246206
92 90 246209
93 89 246212
92 89 246215
91 87 246218
92 90 246221
90 92 246224
90 88 246227
87 87 246230
89 89 246233
92 88 246236
88 91 246239
86 85 246242
90 87 246245
84 82 246248
88 87 246251
85 88 246254
89 90 246257
84 88 246260
90 85 246263
86 92 246266
91 86 246269
86 89 246272
90 88 246275
87 89 246278
82 85 246281
87 90 246284
86 87 246287
87 88 246290
84 89 246293
85 88 246296
82 87 246299
82 86 246302
87 89 246305
84 85 246308
84 85 246311
84 81 246314
83 86 246317
87 84 246320
84 90 246323
87 86 246326
81 88 246329
81 86 246332
86 84 246335
86 87 246338
84 86 246341
85 86 246344
81 85 246347
85 84 246350
85 83 246353
85 86 246356
88 82 246359
82 83 246362
85 82 246365
81 85 246368
86 85 246371
85 83 246374
82 84 246377
82 81 246380
86 85 246383
84 81 246386
81 87 246389
86 85 246392
82 80 246395
80 83 246398
81 82 246401
83 83 246404
80 82 246407
80 79 246410
82 78 246413
80 82 246416
81 83 246419
81 87 246422
82 82 246425
79 78 246428
78 83 246431
79 82 246434
81 81 246437
79 78 246440
80 81 246443
77 77 246446
81 81 246449
80 80 246452
83 85 246455
78 79 246458
79 76 246461
77 81 246464
79 78 246467
80 80 246470
80 79 246473
74 79 246476
79 76 246479
79 80 246482
81 77 246485
80 80 246488
77 78 246491
76 77 246494
76 81 246497
80 78 246500
74 85 246503
78 80 246506
76 75 246509
73 75 246512
78 81 246515
78 80 246518
81 79 246521
74 80 246524
77 74 246527
71 81 246530
75 80 246533
74 78 246536
77 74 246539
72 77 246542
74 71 246545
75 78 246548
77 73 246551
75 83 246554
67 79 246557
75 70 246560
73 81 246563
76 72 246566
75 78 246569
80 73 246572
73 76 246575
77 73 246578
75 75 246581
74 78 246584
76 75 246587
70 78 246590
73 76 246593
68 74 246596
73 78 246599
76 72 246602
70 73 246605
74 72 246608
71 72 246611
72 72 246614
71 70 246617
74 76 246620
75 73 246623
73 69 246626
74 79 246629
74 71 246632
73 69 246635
74 71 246638
69 70 246641
71 69 246644
73 73 246647
70 69 246650
73 70 246653
74 75 246656
74 72 246659
65 74 246662
70 74 246665
66 74 246668
69 73 246671
70 68 246674
70 70 246677
74 69 246680
68 67 246683
72 68 246686
70 71 246689
72 68 246692
70 70 246695
68 70 246698
70 68 246701
68 66 246704
71 67 246707
69 67 246710
71 67 246713
68 71 246716
73 71 246719
70 70 246722
67 64 246725
65 71 246728
68 67 246731
68 72 246734
70 69 246737
67 65 246740
67 67 246743
69 66 246746
69 70 246749
71 67 246752
71 67 246755
67 67 246758
67 68 246761
65 71 246764
66 69 246767
70 65 246770
64 69 246773
65 66 246776
65 69 246779
66 70 246782
69 69 246785
68 63 246788
68 60 246791
65 68 246794
66 65 246797
67 68 246800
66 62 246803
66 61 246806
65 64 246809
64 69 246812
64 65 246815
65 64 246818
65 63 246821
65 62 246824
65 64 246827
66 66 246830
65 64 246833
63 62 246836
62 65 246839
59 61 246842
68 70 246845
62 64 246848
63 68 246851
64 65 246854
58 62 246857
65 69 246860
61 64 246863
64 66 246866
60 62 246869
66 62 246872
60 61 246875
65 66 246878
61 63 246881
64 66 246884
62 64 246887
63 64 246890
58 63 246893
62 65 246896
62 59 246899
64 63 246902
61 58 246905
61 55 246908
66 60 246911
60 58 246914
61 64 246917
64 64 246920
59 55 246923
62 63 246926
61 62 246929
61 65 246932
66 60 246935
63 59 246938
59 58 246941
62 59 246944
64 59 246947
62 63 246950
65 62 246953
61 56 246956
57 67 246959
60 60 246962
58 62 246965
58 61 246968
60 58 246971
57 56 246974
61 60 246977
58 54 246980
67 65 246983
57 56 246986
62 60 246989
53 57 246992
59 64 246995
62 61 246999
58 60 247002
61 60 247005
57 54 247008
59 63 247011
61 60 247014
61 57 247017
59 55 247020
59 56 247023
56 58 247026
59 59 247029
56 56 247032
55 62 247034
62 57 247037
53 60 247040
59 61 247043
56 58 247046
57 59 247049
58 56 247052
59 56 247055
56 53 247058
55 58 247061
61 59 247064
58 53 247067
51 54 247070
59 57 247073
53 53 247076
59 57 247079
57 58 247082
54 56 247085
51 59 247088
56 57 247091
55 59 247094
55 56 247097
53 54 247100
53 56 247103
57 56 247106
55 53 247109
58 59 247112
53 53 247115
52 51 247118
55 58 247121
51 55 247124
56 57 247127
56 57 247130
59 55 247133
51 52 247136
54 58 247139
54 52 247142
55 57 247145
57 55 247148
55 49 247151
51 57 247154
55 56 247157
50 56 247160
56 54 247163
52 49 247166
48 50 247169
55 50 247172
53 56 247175
55 52 247178
53 54 247181
52 51 247184
52 56 247187
54 54 247190
51 54 247193
55 53 247196
56 52 247199
48 53 247202
56 50 247205
53 52 247208
56 55 247211
53 50 247214
50 51 247217
52 53 247220
54 51 247223
52 54 247226
51 51 247229
52 51 247232
51 50 247235
54 51 247238
55 51 247241
50 50 247244
49 53 247247
49 50 247250
46 55 247253
54 57 247256
50 46 247259
52 52 247262
52 53 247265
48 45 247268
54 54 247271
53 54 247274
52 44 247277
49 53 247280
50 49 247283
48 51 247286
50 52 247289
48 52 247292
51 48 247295
51 52 247298
50 46 247301
52 46 247304
47 48 247307
49 48 247310
51 52 247313
48 51 247316
44 51 247319
48 52 247322
46 49 247325
45 50 247328
51 51 247331
47 44 247334
50 44 247337
50 47 247340
47 49 247343
50 46 247346
46 46 247349
48 50 247352
46 46 247355
48 48 247358
49 48 247361
46 45 247364
48 45 247367
47 45 247370
48 47 247373
51 50 247376
50 48 247379
49 45 247382
46 50 247385
46 46 247388
45 49 247391
45 47 247394
45 47 247397
46 48 247400
46 46 247403
47 51 247406
49 47 247409
47 49 247412
49 43 247415
43 49 247418
46 48 247421
45 47 247424
48 42 247427
47 45 247430
44 43 247433
47 45 247436
48 47 247439
48 50 247442
47 44 247445
46 44 247448
46 47 247451
43 41 247454
44 48 247457
50 41 247460
44 45 247463
43 44 247466
45 43 247469
41 47 247472
49 49 247475
42 45 247478
43 45 247481
42 45 247484
46 46 247487
44 44 247490
45 44 247493
46 45 247496
39 37 247499
39 47 247502
47 46 247505
45 45 247508
42 46 247511
46 42 247514
42 47 247517
38 45 247520
42 45 247523
41 43 247526
45 45 247529
41 43 247532
43 40 247535
44 42 247538
43 46 247541
45 43 247544
43 42 247547
43 46 247550
40 44 247553
42 39 247556
42 44 247559
43 46 247562
43 41 247565
39 45 247568
39 44 247571
42 42 247574
44 43 247577
44 43 247580
43 42 247583
43 41 247586
42 41 247589
42 37 247592
40 39 247595
40 40 247598
42 41 247601
42 41 247604
40 45 247607
43 43 247610
41 40 247613
39 44 247616
43 40 247619
39 38 247622
39 39 247625
42 40 247628
39 36 247631
39 43 247634
43 44 247637
42 44 247640
40 43 247643
39 38 247646
35 41 247649
38 41 247652
36 41 247655
38 41 247658
43 39 247661
38 39 247664
37 43 247667
42 39 247670
39 38 247673
41 42 247676
39 37 247679
36 41 247682
41 41 247685
37 40 247688
39 39 247691
36 40 247694
41 36 247697
39 39 247700
39 39 247703
41 36 247706
38 38 247709
36 37 247712
39 41 247715
37 42 247718
38 36 247721
39 35 247724
41 41 247727
39 35 247730
44 40 247733
40 40 247736
39 35 247739
39 36 247742
37 35 247745
35 40 247748
44 41 247751
40 41 247754
37 37 247757
37 34 247760
34 33 247763
39 39 247766
37 39 247769
39 44 247772
39 40 247775
35 30 247778
33 40 247781
41 40 247784
37 35 247787
39 36 247790
38 35 247793
32 34 247796
35 37 247799
37 37 247802
36 38 247805
35 36 247808
35 32 247811
34 37 247814
36 36 247817
38 38 247820
39 33 247823
37 31 247826
36 34 247829
34 39 247832
34 37 247835
39 42 247838
36 39 247841
35 36 247844
34 41 247847
35 35 247850
34 36 247853
34 33 247856
33 36 247859
30 33 247862
37 38 247865
38 37 247868
35 38 247871
37 33 247874
35 32 247877
27 36 247880
34 34 247883
33 37 247886
36 35 247889
35 35 247892
35 34 247895
35 33 247898
37 35 247901
35 34 247904
34 36 247907
30 32 247910
