0 0 5216807
0 0 5216811
0 0 5216815
0 0 5216820
0 0 5216824
0 0 5216828
0 0 5216833
0 0 5216837
0 0 5216841
0 0 5216846
0 0 5216850
0 0 5216854
0 0 5216859
0 0 5216863
0 0 5216867
0 0 5216872
0 0 5216876
0 0 5216880
0 0 5216885
0 0 5216889
0 0 5216893
0 0 5216898
0 0 5216902
0 0 5216907
0 0 5216911
0 0 5216915
0 0 5216920
0 0 5216924
0 0 5216928
0 0 5216933
0 0 5216937
0 0 5216942
0 0 5216946
0 0 5216950
0 0 5216955
0 0 5216959
0 0 5216964
0 0 5216968
0 0 5216972
0 0 5216977
0 0 5216981
0 0 5216985
0 0 5216990
0 0 5216994
0 0 5217000
0 0 5217004
0 0 5217009
0 0 5217013
0 0 5217017
0 0 5217022
0 0 5217026
0 0 5217030
0 0 5217035
0 0 5217039
0 0 5217044
0 0 5217048
0 0 5217052
0 0 5217057
0 0 5217061
0 0 5217065
0 0 5217070
0 0 5217074
0 0 5217079
0 0 5217083
0 0 5217087
0 0 5217092
0 0 5217096
0 0 5217101
0 0 5217105
0 0 5217109
0 0 5217114
0 0 5217118
0 0 5217122
0 0 5217127
0 0 5217131
0 0 5217136
0 0 5217140
0 0 5217144
0 0 5217149
0 0 5217153
0 0 5217157
0 0 5217162
0 0 5217166
0 0 5217171
0 0 5217175
0 0 5217179
0 0 5217184
0 0 5217188
0 0 5217193
0 0 5217197
0 0 5217201
0 0 5217206
0 0 5217210
0 0 5217214
0 0 5217219
0 0 5217223
0 0 5217228
0 0 5217232
0 0 5217236
0 0 5217241
0 0 5217245
0 0 5217249
0 0 5217254
0 0 5217258
0 0 5217263
0 0 5217267
0 0 5217271
0 0 5217276
0 0 5217280
0 0 5217285
0 0 5217289
0 0 5217293
0 0 5217298
0 0 5217302
0 0 5217306
0 0 5217311
0 0 5217315
0 0 5217320
0 0 5217324
0 0 5217328
0 0 5217333
0 0 5217337
0 0 5217341
0 0 5217346
0 0 5217350
0 0 5217355
0 0 5217359
0 0 5217363
0 0 5217368
0 0 5217372
0 0 5217377
0 0 5217381
0 0 5217385
0 0 5217390
0 0 5217394
0 0 5217398
0 0 5217403
0 0 5217407
0 0 5217412
0 0 5217416
0 0 5217420
0 0 5217425
0 0 5217429
0 0 5217433
0 0 5217438
0 0 5217442
0 0 5217447
0 0 5217451
0 0 5217455
0 0 5217460
0 0 5217464
0 0 5217469
0 0 5217473
0 0 5217477
0 0 5217482
0 0 5217486
0 0 5217490
0 0 5217495
0 0 5217499
0 0 5217504
0 0 5217508
0 0 5217512
0 0 5217517
0 0 5217521
0 0 5217525
0 0 5217530
0 0 5217534
0 0 5217539
0 0 5217543
0 0 5217547
0 0 5217552
0 0 5217556
0 0 5217561
0 0 5217565
0 0 5217569
0 0 5217574
0 0 5217578
0 0 5217582
0 0 5217587
0 0 5217591
0 0 5217595
0 0 5217600
0 0 5217604
0 0 5217608
0 0 5217613
0 0 5217617
0 0 5217621
0 0 5217626
0 0 5217630
0 0 5217634
0 0 5217639
0 0 5217643
0 0 5217647
0 0 5217652
0 0 5217656
0 0 5217660
0 0 5217665
0 0 5217669
0 0 5217673
0 0 5217678
0 0 5217682
0 0 5217686
0 0 5217691
0 0 5217695
0 0 5217699
0 0 5217704
0 0 5217708
0 0 5217712
0 0 5217717
0 0 5217721
0 0 5217725
0 0 5217730
0 0 5217734
0 0 5217738
0 0 5217743
0 0 5217747
0 0 5217751
0 0 5217756
0 0 5217760
0 0 5217764
0 0 5217769
0 0 5217773
0 0 5217777
0 0 5217782
0 0 5217786
0 0 5217790
0 0 5217795
0 0 5217799
0 0 5217803
0 0 5217808
0 0 5217812
0 0 5217816
0 0 5217821
0 0 5217825
0 0 5217829
0 0 5217834
0 0 5217838
0 0 5217842
0 0 5217847
0 0 5217851
0 0 5217855
0 0 5217860
0 0 5217864
0 0 5217868
0 0 5217873
0 0 5217877
0 0 5217881
0 0 5217886
0 0 5217890
0 0 5217894
0 0 5217899
0 0 5217903
0 0 5217907
0 0 5217912
0 0 5217916
0 0 5217920
0 0 5217925
0 0 5217929
0 0 5217933
0 0 5217938
0 0 5217942
0 0 5217946
0 0 5217951
0 0 5217955
0 0 5217959
0 0 5217964
0 0 5217968
0 0 5217972
0 0 5217977
0 0 5217981
0 0 5217985
0 0 5217990
0 0 5217994
0 0 5218000
0 0 5218004
0 0 5218008
0 0 5218013
0 0 5218017
0 0 5218021
0 0 5218026
0 0 5218030
0 0 5218034
0 0 5218039
0 0 5218043
0 0 5218047
0 0 5218052
0 0 5218056
0 0 5218060
0 0 5218065
0 0 5218069
0 0 5218073
0 0 5218078
0 0 5218082
0 0 5218086
0 0 5218091
0 0 5218095
0 0 5218099
0 0 5218104
0 0 5218108
0 0 5218112
0 0 5218117
0 0 5218121
0 0 5218125
0 0 5218130
0 0 5218134
0 0 5218138
0 0 5218143
0 0 5218147
0 0 5218151
0 0 5218156
0 0 5218160
0 0 5218164
0 0 5218169
0 0 5218173
0 0 5218177
0 0 5218182
0 0 5218186
0 0 5218190
0 0 5218195
0 0 5218199
0 0 5218203
0 0 5218208
0 0 5218212
0 0 5218216
0 0 5218221
0 0 5218225
0 0 5218229
0 0 5218234
0 0 5218238
0 0 5218242
0 0 5218247
0 0 5218251
0 0 5218255
0 0 5218260
0 0 5218264
0 0 5218268
0 0 5218273
0 0 5218277
0 0 5218281
0 0 5218286
0 0 5218290
0 0 5218294
0 0 5218299
0 0 5218303
0 0 5218307
0 0 5218312
0 0 5218316
0 0 5218320
0 0 5218325
0 0 5218329
0 0 5218333
0 0 5218338
0 0 5218342
0 0 5218346
0 0 5218351
0 0 5218355
0 0 5218359
0 0 5218364
0 0 5218368
0 0 5218372
0 0 5218377
0 0 5218381
0 0 5218385
0 0 5218390
0 0 5218394
0 0 5218398
0 0 5218403
0 0 5218407
0 0 5218411
0 0 5218416
0 0 5218420
0 0 5218424
0 0 5218429
0 0 5218433
0 0 5218437
0 0 5218442
0 0 5218446
0 0 5218450
0 0 5218455
0 0 5218459
0 0 5218463
0 0 5218468
0 0 5218472
0 0 5218476
0 0 5218481
0 0 5218485
0 0 5218489
0 0 5218494
0 0 5218498
0 0 5218502
0 0 5218507
0 0 5218511
0 0 5218515
0 0 5218520
0 0 5218524
0 0 5218528
0 0 5218533
0 0 5218537
0 0 5218541
0 0 5218546
0 0 5218550
0 0 5218554
0 0 5218559
0 0 5218563
0 0 5218567
0 0 5218572
0 0 5218576
0 0 5218580
0 0 5218585
0 0 5218589
0 0 5218593
0 0 5218598
0 0 5218602
0 0 5218606
0 0 5218611
0 0 5218615
0 0 5218619
0 0 5218624
0 0 5218628
0 0 5218632
0 0 5218637
0 0 5218641
0 0 5218645
0 0 5218650
0 0 5218654
0 0 5218658
0 0 5218663
0 0 5218667
0 0 5218671
0 0 5218676
0 0 5218680
0 0 5218684
0 0 5218689
0 0 5218693
0 0 5218697
0 0 5218702
0 0 5218706
0 0 5218710
0 0 5218715
0 0 5218719
0 0 5218723
0 0 5218728
0 0 5218732
0 0 5218736
0 0 5218741
0 0 5218745
0 0 5218749
0 0 5218754
0 0 5218758
0 0 5218762
0 0 5218767
0 0 5218771
0 0 5218775
0 0 5218780
0 0 5218784
0 0 5218788
0 0 5218793
0 0 5218797
0 0 5218801
0 0 5218806
0 0 5218810
0 0 5218814
0 0 5218819
0 0 5218823
0 0 5218827
0 0 5218832
0 0 5218836
0 0 5218840
0 0 5218845
0 0 5218849
0 0 5218853
0 0 5218858
0 0 5218862
0 0 5218866
0 0 5218871
0 0 5218875
0 0 5218879
0 0 5218884
0 0 5218888
0 0 5218892
0 0 5218897
0 0 5218901
0 0 5218905
0 0 5218910
0 0 5218914
0 0 5218918
0 0 5218923
0 0 5218927
0 0 5218931
0 0 5218936
0 0 5218940
0 0 5218944
0 0 5218949
0 0 5218953
0 0 5218957
0 0 5218962
0 0 5218966
0 0 5218970
0 0 5218975
0 0 5218979
0 0 5218983
0 0 5218988
0 0 5218992
0 0 5218996
0 0 5219002
0 0 5219006
0 0 5219010
0 0 5219015
0 0 5219019
0 0 5219023
0 0 5219028
0 0 5219032
0 0 5219036
0 0 5219041
0 0 5219045
0 0 5219049
0 0 5219054
0 0 5219058
0 0 5219062
0 0 5219067
0 0 5219071
0 0 5219075
0 0 5219080
0 0 5219084
0 0 5219088
0 0 5219093
0 0 5219097
0 0 5219101
0 0 5219106
0 0 5219110
0 0 5219114
0 0 5219119
0 0 5219123
0 0 5219127
0 0 5219132
0 0 5219136
0 0 5219140
0 0 5219145
0 0 5219149
0 0 5219153
0 0 5219158
0 0 5219162
0 0 5219166
0 0 5219171
0 0 5219175
0 0 5219179
0 0 5219184
0 0 5219188
0 0 5219192
0 0 5219197
0 0 5219201
0 0 5219205
0 0 5219210
0 0 5219214
0 0 5219218
0 0 5219223
0 0 5219227
0 0 5219231
0 0 5219236
0 0 5219240
0 0 5219244
0 0 5219249
0 0 5219253
0 0 5219257
0 0 5219262
0 0 5219266
0 0 5219270
0 0 5219275
0 0 5219279
0 0 5219283
0 0 5219288
0 0 5219292
0 0 5219296
0 0 5219301
0 0 5219305
0 0 5219309
0 0 5219314
0 0 5219318
0 0 5219322
0 0 5219327
0 0 5219331
0 0 5219335
0 0 5219340
0 0 5219344
0 0 5219348
0 0 5219353
0 0 5219357
0 0 5219361
0 0 5219366
0 0 5219370
0 0 5219374
0 0 5219379
0 0 5219383
0 0 5219387
0 0 5219392
0 0 5219396
0 0 5219400
0 0 5219405
0 0 5219409
0 0 5219413
0 0 5219418
0 0 5219422
0 0 5219426
0 0 5219431
0 0 5219435
0 0 5219439
0 0 5219444
0 0 5219448
0 0 5219452
0 0 5219457
0 0 5219461
0 0 5219465
0 0 5219470
0 0 5219474
0 0 5219478
0 0 5219483
0 0 5219487
0 0 5219491
0 0 5219496
0 0 5219500
0 0 5219504
0 0 5219509
0 0 5219513
0 0 5219517
0 0 5219522
0 0 5219526
0 0 5219530
0 0 5219535
0 0 5219539
0 0 5219543
0 0 5219548
0 0 5219552
0 0 5219556
0 0 5219561
0 0 5219565
0 0 5219569
0 0 5219574
0 0 5219578
0 0 5219582
0 0 5219587
0 0 5219591
0 0 5219595
0 0 5219600
0 0 5219604
0 0 5219608
0 0 5219613
0 0 5219617
0 0 5219621
0 0 5219626
0 0 5219630
0 0 5219634
0 0 5219639
0 0 5219643
0 0 5219647
0 0 5219652
0 0 5219656
0 0 5219660
0 0 5219665
1 0 5219669
3 5 5219673
6 6 5219678
5 7 5219682
9 10 5219686
13 9 5219691
15 14 5219695
18 18 5219699
#TRIGGER ON
21 19 5219704
20 20 5219707
25 20 5219710
23 26 5219713
29 27 5219716
26 22 5219719
31 30 5219721
33 35 5219724
33 34 5219727
36 35 5219730
41 37 5219733
38 42 5219736
38 40 5219739
46 46 5219742
42 42 5219746
49 44 5219748
49 46 5219751
51 50 5219754
52 53 5219757
50 54 5219760
52 47 5219763
57 59 5219766
58 58 5219769
60 58 5219772
65 61 5219775
58 59 5219779
66 64 5219781
65 65 5219784
67 63 5219787
69 67 5219790
71 72 5219793
72 71 5219796
79 73 5219799
77 77 5219802
78 80 5219805
80 76 5219808
78 78 5219812
85 79 5219814
85 86 5219817
86 83 5219820
87 88 5219823
86 87 5219826
89 81 5219829
96 93 5219832
94 95 5219835
96 97 5219838
99 98 5219841
99 101 5219845
99 95 5219847
104 99 5219850
106 101 5219853
108 104 5219856
101 101 5219859
112 106 5219862
114 111 5219865
112 110 5219868
114 111 5219871
118 117 5219874
116 114 5219878
122 112 5219880
116 117 5219883
120 115 5219886
120 125 5219889
124 126 5219892
125 119 5219895
127 129 5219898
128 123 5219901
127 130 5219904
133 129 5219907
127 134 5219911
137 135 5219913
141 136 5219916
138 136 5219919
139 139 5219922
139 140 5219925
139 141 5219928
143 139 5219931
144 142 5219934
146 144 5219937
151 151 5219940
146 151 5219944
152 148 5219946
155 155 5219949
153 157 5219952
151 156 5219955
152 156 5219958
156 153 5219961
159 160 5219964
159 162 5219967
161 163 5219970
164 165 5219973
161 162 5219977
169 165 5219979
171 170 5219982
169 171 5219985
169 167 5219988
171 172 5219991
173 168 5219994
175 177 5219999
178 177 5220002
180 181 5220005
180 181 5220008
178 180 5220011
180 187 5220014
185 184 5220017
183 191 5220020
188 192 5220023
189 190 5220026
184 191 5220029
191 195 5220032
192 200 5220035
192 194 5220038
193 196 5220041
197 197 5220044
202 198 5220047
199 202 5220050
202 201 5220053
202 199 5220056
202 199 5220059
201 207 5220062
209 209 5220065
204 205 5220068
209 212 5220071
209 210 5220074
209 214 5220077
214 212 5220080
214 217 5220083
217 220 5220086
218 222 5220089
217 219 5220092
213 224 5220095
222 227 5220098
221 226 5220101
220 225 5220104
225 230 5220107
226 222 5220110
226 231 5220113
228 231 5220116
231 232 5220119
226 235 5220122
232 233 5220125
234 236 5220128
236 236 5220131
235 239 5220134
239 242 5220137
240 241 5220140
242 239 5220143
242 242 5220146
248 248 5220149
247 247 5220152
247 247 5220155
247 249 5220158
249 253 5220161
250 253 5220164
252 255 5220167
256 253 5220170
258 255 5220173
252 254 5220176
255 258 5220179
254 262 5220182
260 260 5220185
257 268 5220188
262 265 5220191
262 266 5220194
267 269 5220197
265 268 5220200
267 271 5220203
268 271 5220206
269 266 5220209
272 276 5220212
279 275 5220215
273 274 5220218
275 275 5220221
276 277 5220224
277 278 5220227
281 281 5220230
277 282 5220233
287 282 5220236
286 277 5220239
280 280 5220242
283 290 5220245
287 284 5220248
286 293 5220251
289 290 5220254
290 288 5220257
288 290 5220260
296 293 5220263
294 295 5220266
295 298 5220269
289 296 5220272
298 300 5220275
302 302 5220278
299 298 5220281
303 305 5220284
305 302 5220287
304 302 5220290
307 304 5220293
308 310 5220296
309 311 5220299
308 312 5220302
311 311 5220305
309 311 5220308
313 315 5220311
313 319 5220314
314 318 5220317
313 319 5220320
320 316 5220323
316 323 5220326
322 322 5220329
321 325 5220332
326 321 5220335
327 328 5220338
326 319 5220341
327 327 5220344
328 328 5220347
327 332 5220350
331 332 5220353
330 329 5220356
332 333 5220359
334 334 5220362
333 335 5220365
337 337 5220368
341 334 5220371
338 334 5220374
341 340 5220377
342 344 5220380
347 343 5220383
344 339 5220386
345 343 5220389
341 348 5220392
349 347 5220395
347 346 5220398
352 347 5220401
351 346 5220404
348 347 5220407
353 352 5220410
355 355 5220413
356 351 5220416
353 356 5220419
356 358 5220422
361 357 5220425
356 358 5220428
358 361 5220431
362 368 5220434
365 360 5220437
360 362 5220440
366 370 5220443
368 369 5220446
367 365 5220449
365 365 5220452
370 369 5220455
371 375 5220458
370 371 5220461
370 376 5220464
378 373 5220467
375 375 5220470
375 377 5220473
379 384 5220476
378 379 5220479
378 381 5220482
382 386 5220485
381 385 5220488
378 385 5220491
382 388 5220494
386 385 5220497
386 387 5220500
389 387 5220503
387 389 5220506
392 391 5220509
394 392 5220512
390 392 5220515
395 392 5220518
395 390 5220521
393 392 5220524
400 400 5220527
396 396 5220530
398 394 5220533
398 401 5220536
399 398 5220539
400 403 5220542
400 403 5220545
406 407 5220548
409 409 5220551
403 402 5220554
407 413 5220557
408 411 5220560
411 413 5220563
409 411 5220566
414 412 5220569
410 412 5220572
415 417 5220575
419 416 5220578
417 418 5220581
416 418 5220584
420 423 5220587
416 422 5220590
424 421 5220593
423 422 5220596
425 422 5220599
426 423 5220602
424 422 5220605
425 425 5220608
424 431 5220611
431 431 5220614
428 435 5220617
434 429 5220620
427 440 5220623
433 431 5220626
431 437 5220629
436 438 5220632
440 435 5220635
432 432 5220638
440 440 5220641
440 440 5220644
443 442 5220647
441 437 5220650
441 442 5220653
444 447 5220656
442 445 5220659
445 446 5220662
449 448 5220665
447 445 5220668
445 448 5220671
451 456 5220674
448 449 5220677
446 455 5220680
450 455 5220683
454 453 5220686
456 459 5220689
453 454 5220692
456 459 5220695
457 452 5220698
457 461 5220701
462 458 5220704
459 461 5220707
461 462 5220710
462 465 5220713
461 464 5220716
462 466 5220719
467 473 5220722
463 468 5220725
467 469 5220728
468 467 5220731
469 463 5220734
472 471 5220737
473 475 5220740
473 476 5220743
478 476 5220746
460 484 5220749
476 476 5220752
471 479 5220755
474 476 5220758
478 482 5220761
482 479 5220764
480 481 5220767
480 481 5220770
484 489 5220773
484 483 5220776
486 487 5220779
487 490 5220782
487 486 5220785
486 487 5220788
487 489 5220791
489 493 5220794
490 491 5220797
487 487 5220800
492 495 5220803
494 499 5220806
495 495 5220809
493 496 5220812
499 501 5220815
496 495 5220818
491 502 5220821
498 501 5220824
501 503 5220827
500 499 5220830
503 503 5220833
502 499 5220836
506 506 5220839
508 503 5220842
506 509 5220845
508 512 5220848
513 499 5220851
504 512 5220854
512 512 5220857
511 512 5220860
512 510 5220863
513 514 5220866
516 516 5220869
513 515 5220872
517 519 5220875
519 519 5220878
518 513 5220881
516 515 5220884
519 523 5220887
519 518 5220890
516 525 5220893
524 525 5220896
526 523 5220899
526 523 5220902
525 528 5220905
523 528 5220908
528 529 5220911
528 530 5220914
528 531 5220917
525 531 5220920
530 538 5220923
529 533 5220926
530 530 5220929
532 536 5220932
533 538 5220935
533 535 5220938
534 538 5220941
540 538 5220944
540 538 5220947
536 534 5220950
539 545 5220953
547 545 5220956
540 543 5220959
543 545 5220962
541 543 5220965
543 542 5220968
543 545 5220971
542 547 5220974
547 549 5220977
551 552 5220980
548 546 5220983
546 557 5220986
552 553 5220989
552 554 5220992
551 550 5220995
555 555 5220999
557 558 5221002
557 554 5221005
558 561 5221008
561 558 5221011
560 555 5221014
558 556 5221017
562 563 5221020
561 560 5221023
556 559 5221026
564 567 5221029
566 563 5221032
564 560 5221035
566 566 5221037
570 567 5221040
569 569 5221043
566 569 5221046
572 569 5221049
571 568 5221052
567 571 5221055
570 570 5221058
571 576 5221061
571 573 5221064
576 575 5221067
573 577 5221070
577 578 5221073
576 578 5221076
575 573 5221079
579 585 5221082
582 579 5221085
579 578 5221088
582 582 5221091
582 582 5221094
580 583 5221097
585 587 5221100
588 584 5221103
587 586 5221106
586 586 5221109
585 585 5221112
585 590 5221115
587 592 5221118
587 589 5221121
590 598 5221124
595 590 5221127
590 590 5221130
595 593 5221133
595 592 5221136
596 595 5221139
595 594 5221142
595 594 5221145
595 600 5221148
598 600 5221151
596 601 5221154
601 598 5221157
599 600 5221160
600 600 5221163
604 604 5221166
604 604 5221169
606 603 5221172
606 607 5221175
605 602 5221178
602 607 5221181
609 607 5221184
607 608 5221187
610 607 5221190
611 612 5221193
613 609 5221196
613 611 5221199
613 613 5221202
614 613 5221205
615 614 5221208
614 613 5221211
613 617 5221214
621 619 5221217
617 612 5221220
623 616 5221223
623 620 5221226
617 616 5221229
621 621 5221232
622 623 5221235
625 622 5221238
619 623 5221241
623 620 5221244
624 623 5221247
624 622 5221250
628 628 5221253
628 626 5221256
627 627 5221259
630 626 5221262
627 630 5221265
629 629 5221268
632 631 5221271
633 633 5221274
630 632 5221277
629 635 5221280
632 638 5221283
634 636 5221286
633 637 5221289
638 635 5221292
634 634 5221295
637 640 5221298
640 641 5221301
639 644 5221304
639 644 5221307
638 639 5221310
642 645 5221313
642 638 5221316
639 646 5221319
643 646 5221322
647 645 5221325
639 642 5221328
645 647 5221331
648 646 5221334
649 648 5221337
645 647 5221340
648 651 5221343
651 649 5221346
648 652 5221349
650 654 5221352
654 654 5221355
653 654 5221358
654 650 5221361
655 659 5221364
655 655 5221367
654 662 5221370
661 659 5221373
659 655 5221376
654 660 5221379
662 658 5221382
658 662 5221385
660 662 5221388
660 655 5221391
662 663 5221394
663 665 5221397
665 665 5221400
671 663 5221403
666 665 5221406
665 664 5221409
662 669 5221412
666 670 5221415
669 668 5221418
670 663 5221421
670 671 5221424
672 672 5221427
670 673 5221430
671 672 5221433
677 674 5221436
675 672 5221439
673 676 5221442
674 681 5221445
676 678 5221448
676 677 5221451
678 679 5221454
680 676 5221457
673 674 5221460
678 685 5221463
680 681 5221466
681 685 5221469
681 682 5221472
678 684 5221475
682 685 5221478
684 684 5221481
686 681 5221484
687 690 5221487
686 683 5221490
684 686 5221493
687 692 5221496
687 691 5221499
688 689 5221502
689 691 5221505
691 690 5221508
691 692 5221511
695 694 5221514
691 694 5221517
694 693 5221520
694 688 5221523
694 694 5221526
699 694 5221529
692 695 5221532
697 697 5221535
697 698 5221538
697 696 5221541
694 702 5221544
701 698 5221547
702 698 5221550
702 700 5221553
706 702 5221556
703 701 5221559
701 706 5221562
701 704 5221565
707 706 5221568
706 701 5221571
706 705 5221574
705 709 5221577
707 707 5221580
704 709 5221583
709 711 5221586
710 709 5221589
708 711 5221592
712 710 5221595
708 716 5221598
717 712 5221601
713 711 5221604
713 710 5221607
710 717 5221610
715 716 5221613
716 718 5221616
716 718 5221619
718 721 5221622
715 715 5221625
717 720 5221628
721 723 5221631
721 720 5221634
717 722 5221637
723 722 5221640
714 720 5221643
714 716 5221646
712 714 5221649
715 712 5221652
709 710 5221655
709 707 5221658
711 708 5221661
708 711 5221664
709 706 5221667
705 708 5221670
710 703 5221673
703 699 5221676
701 701 5221679
705 704 5221682
700 697 5221685
698 693 5221688
694 697 5221691
701 699 5221694
695 692 5221697
696 694 5221700
696 696 5221703
692 687 5221706
689 690 5221709
692 692 5221712
688 691 5221715
686 687 5221718
686 684 5221721
687 688 5221724
685 687 5221727
684 683 5221730
684 686 5221733
683 684 5221736
679 673 5221739
678 682 5221742
681 677 5221745
679 673 5221748
676 675 5221751
676 673 5221754
672 669 5221757
674 675 5221760
673 675 5221763
673 673 5221766
670 668 5221769
665 668 5221772
668 672 5221775
670 666 5221778
666 664 5221781
666 665 5221784
665 665 5221787
661 661 5221790
662 667 5221793
663 663 5221796
659 662 5221799
657 657 5221802
661 658 5221805
656 661 5221808
658 655 5221811
655 653 5221814
656 652 5221817
656 648 5221820
650 650 5221823
652 653 5221826
651 652 5221829
649 647 5221832
646 649 5221835
647 648 5221838
646 651 5221841
646 642 5221844
644 644 5221847
646 643 5221850
641 646 5221853
643 643 5221856
641 642 5221859
641 637 5221862
643 641 5221865
642 638 5221868
637 635 5221871
635 639 5221874
637 634 5221877
632 632 5221880
635 633 5221883
635 632 5221886
625 628 5221889
636 632 5221892
633 631 5221895
634 630 5221898
629 630 5221901
626 626 5221904
626 630 5221907
621 627 5221910
623 626 5221913
624 622 5221916
623 624 5221919
618 616 5221922
622 622 5221925
623 618 5221928
619 622 5221931
620 615 5221934
617 615 5221937
616 617 5221940
615 612 5221943
614 615 5221946
617 615 5221949
615 615 5221952
609 607 5221955
614 615 5221958
612 613 5221961
612 610 5221964
608 609 5221967
606 603 5221970
606 609 5221973
605 604 5221976
604 606 5221979
604 604 5221982
601 601 5221985
600 602 5221988
603 600 5221991
602 600 5221994
599 600 5221999
596 601 5222002
595 596 5222005
598 597 5222008
594 593 5222011
600 592 5222014
594 598 5222017
595 593 5222020
595 597 5222023
591 593 5222026
590 596 5222029
587 594 5222032
586 596 5222035
587 587 5222038
588 592 5222040
580 587 5222043
583 586 5222046
584 586 5222049
584 582 5222052
582 579 5222055
587 583 5222058
580 584 5222061
577 581 5222065
582 575 5222067
582 582 5222070
579 578 5222073
574 576 5222076
573 579 5222079
570 573 5222082
574 576 5222085
574 573 5222088
575 576 5222091
572 571 5222094
574 570 5222098
577 568 5222100
570 572 5222103
566 565 5222106
569 571 5222109
566 569 5222112
566 569 5222115
567 566 5222118
564 568 5222121
566 567 5222124
561 567 5222127
560 557 5222131
564 557 5222133
562 566 5222136
560 559 5222139
558 556 5222142
563 559 5222145
556 557 5222148
558 556 5222151
555 551 5222154
560 562 5222157
558 557 5222160
551 552 5222164
559 554 5222166
552 555 5222169
552 552 5222172
550 548 5222175
549 551 5222178
546 548 5222181
550 547 5222184
550 551 5222187
548 553 5222190
544 546 5222193
547 544 5222197
546 544 5222199
543 544 5222202
544 540 5222205
545 543 5222208
543 542 5222211
540 538 5222214
543 540 5222217
539 541 5222220
542 538 5222223
539 535 5222226
538 535 5222230
543 536 5222232
537 539 5222235
535 537 5222238
535 534 5222241
533 536 5222244
526 532 5222247
529 535 5222250
526 533 5222253
533 535 5222256
530 533 5222259
529 528 5222263
533 526 5222265
528 528 5222268
524 525 5222271
525 528 5222274
526 531 5222277
520 524 5222280
523 525 5222283
525 524 5222286
528 526 5222289
519 521 5222292
524 516 5222296
525 519 5222298
521 520 5222301
523 519 5222304
521 516 5222307
517 521 5222310
512 512 5222313
518 519 5222316
520 518 5222319
517 515 5222322
516 513 5222325
512 514 5222329
513 515 5222331
513 509 5222334
517 511 5222337
513 513 5222340
507 509 5222343
508 505 5222346
511 511 5222349
506 509 5222352
508 506 5222355
508 508 5222358
502 509 5222362
506 499 5222364
507 505 5222367
504 503 5222370
503 503 5222373
499 503 5222376
500 504 5222379
501 501 5222382
499 504 5222385
499 502 5222388
499 500 5222391
497 496 5222395
500 494 5222397
498 494 5222400
496 498 5222403
495 495 5222406
491 499 5222409
493 492 5222412
496 494 5222415
493 494 5222418
493 494 5222421
489 490 5222424
488 488 5222428
492 486 5222430
489 491 5222433
490 488 5222436
487 491 5222439
487 487 5222442
484 488 5222445
482 487 5222448
484 488 5222451
484 488 5222454
483 483 5222457
479 483 5222461
485 480 5222463
483 485 5222466
482 487 5222469
479 482 5222472
477 482 5222475
476 477 5222478
478 479 5222481
479 477 5222484
479 479 5222487
479 481 5222490
476 473 5222494
474 471 5222496
478 471 5222499
476 473 5222502
473 471 5222505
473 473 5222508
473 471 5222511
472 471 5222514
472 466 5222517
472 473 5222520
469 472 5222523
465 467 5222527
474 460 5222529
468 468 5222532
468 464 5222535
467 466 5222538
463 466 5222541
465 463 5222544
463 461 5222547
466 468 5222550
463 468 5222553
462 461 5222556
461 460 5222560
461 456 5222562
459 462 5222565
461 458 5222568
459 458 5222571
455 464 5222574
458 455 5222577
456 458 5222580
457 456 5222583
459 460 5222586
455 456 5222589
453 452 5222593
453 452 5222595
451 451 5222598
453 454 5222601
452 456 5222604
451 453 5222607
450 447 5222610
452 454 5222613
450 446 5222616
449 451 5222619
446 452 5222622
447 447 5222626
451 451 5222628
446 448 5222631
445 446 5222634
447 445 5222637
446 442 5222640
441 441 5222643
441 442 5222646
445 445 5222649
444 446 5222652
442 442 5222655
441 441 5222659
442 440 5222661
438 438 5222664
441 441 5222667
441 438 5222670
439 441 5222673
435 438 5222676
434 438 5222679
436 439 5222682
435 438 5222685
434 435 5222688
436 439 5222692
435 437 5222694
436 435 5222697
433 432 5222700
431 434 5222703
429 431 5222706
431 428 5222709
433 431 5222712
433 431 5222715
430 431 5222718
425 429 5222721
430 429 5222725
431 426 5222727
428 427 5222730
429 423 5222733
426 429 5222736
422 419 5222739
425 421 5222742
426 423 5222745
423 423 5222748
426 422 5222751
427 428 5222754
417 422 5222758
424 414 5222760
422 422 5222763
415 419 5222766
419 420 5222769
414 419 5222772
418 418 5222775
413 417 5222778
418 417 5222781
418 417 5222784
417 416 5222787
419 410 5222791
417 413 5222793
416 417 5222796
413 409 5222799
411 414 5222802
412 412 5222805
408 411 5222808
413 413 5222811
410 413 5222814
411 414 5222817
410 407 5222820
406 408 5222824
409 405 5222826
408 410 5222829
406 409 5222832
405 409 5222835
401 407 5222838
406 406 5222841
404 408 5222844
403 405 5222847
405 407 5222850
406 404 5222853
402 402 5222857
400 393 5222859
405 401 5222862
402 399 5222865
401 402 5222868
400 399 5222871
403 399 5222874
396 400 5222877
399 400 5222880
398 397 5222883
397 398 5222886
394 397 5222890
400 393 5222892
396 397 5222895
398 394 5222898
394 394 5222901
393 395 5222904
391 392 5222907
393 395 5222910
391 394 5222913
392 392 5222916
391 392 5222919
391 386 5222923
391 387 5222925
389 387 5222928
390 393 5222931
388 394 5222934
385 392 5222937
382 383 5222940
389 390 5222943
385 385 5222946
388 391 5222949
387 384 5222952
382 386 5222956
388 380 5222958
384 388 5222961
383 382 5222964
382 382 5222967
383 384 5222970
378 378 5222973
383 380 5222976
380 383 5222979
381 382 5222982
381 382 5222985
378 374 5222989
380 374 5222991
381 378 5222994
375 378 5222999
383 380 5223002
381 371 5223005
373 374 5223008
376 374 5223011
372 378 5223014
372 376 5223017
375 372 5223020
373 375 5223023
374 372 5223026
372 375 5223029
372 369 5223032
367 378 5223035
371 369 5223038
369 373 5223041
371 368 5223044
369 372 5223047
369 366 5223050
373 372 5223053
374 366 5223056
366 369 5223059
367 369 5223062
364 366 5223065
363 369 5223068
365 367 5223071
365 365 5223074
364 368 5223077
368 360 5223080
361 359 5223083
363 366 5223086
365 361 5223089
365 366 5223092
362 363 5223095
362 362 5223098
359 359 5223101
361 357 5223104
362 359 5223107
358 358 5223110
358 355 5223113
355 357 5223116
359 359 5223119
361 357 5223122
359 357 5223125
357 360 5223128
354 349 5223131
354 360 5223134
354 357 5223137
351 356 5223140
353 350 5223143
356 351 5223146
352 354 5223149
354 353 5223152
352 353 5223155
353 356 5223158
350 348 5223161
350 346 5223164
347 349 5223167
352 349 5223170
345 349 5223173
349 349 5223176
350 353 5223179
347 343 5223182
348 349 5223185
348 348 5223188
344 348 5223191
344 344 5223194
344 344 5223197
346 346 5223200
343 345 5223203
342 345 5223206
342 342 5223209
343 339 5223212
339 336 5223215
343 342 5223218
343 339 5223221
341 342 5223224
340 340 5223227
335 339 5223230
340 341 5223233
338 340 5223236
335 336 5223239
339 334 5223242
340 337 5223245
336 335 5223248
338 340 5223251
337 337 5223254
335 340 5223257
334 337 5223260
334 334 5223263
329 336 5223266
332 332 5223269
330 333 5223272
335 331 5223275
335 334 5223278
333 326 5223281
330 334 5223284
331 334 5223287
331 334 5223290
331 330 5223293
328 331 5223296
327 331 5223299
330 328 5223302
330 329 5223305
330 325 5223308
326 325 5223311
327 325 5223314
329 326 5223317
327 327 5223320
326 328 5223323
327 327 5223326
324 321 5223329
321 327 5223332
327 326 5223335
321 323 5223338
322 324 5223341
325 318 5223344
322 320 5223347
321 319 5223350
320 318 5223353
323 323 5223356
321 321 5223359
316 316 5223362
316 324 5223365
318 320 5223368
316 320 5223371
321 319 5223374
322 316 5223377
316 311 5223380
316 316 5223383
316 313 5223386
318 314 5223389
313 311 5223392
316 312 5223395
315 319 5223398
315 311 5223401
313 317 5223404
312 316 5223407
312 310 5223410
308 312 5223413
315 313 5223416
309 317 5223419
313 310 5223422
309 312 5223425
312 308 5223428
309 317 5223431
310 308 5223434
307 305 5223437
307 308 5223440
313 307 5223443
306 302 5223446
308 312 5223449
308 306 5223452
311 307 5223455
306 304 5223458
307 302 5223461
303 305 5223464
308 306 5223467
300 304 5223470
304 307 5223473
305 303 5223476
304 302 5223479
302 299 5223482
302 303 5223485
304 304 5223488
299 301 5223491
302 299 5223494
297 307 5223497
299 302 5223500
295 297 5223503
299 305 5223506
302 298 5223509
294 295 5223512
300 299 5223515
298 296 5223518
300 297 5223521
299 296 5223524
299 295 5223527
295 295 5223530
297 295 5223533
295 294 5223536
300 294 5223539
292 294 5223542
294 292 5223545
293 295 5223548
294 295 5223551
294 292 5223554
291 292 5223557
292 289 5223560
292 289 5223563
292 290 5223566
294 292 5223569
289 289 5223572
295 285 5223575
288 289 5223578
290 291 5223581
284 287 5223584
291 288 5223587
287 289 5223590
293 286 5223593
281 287 5223596
289 286 5223599
284 284 5223602
290 285 5223605
286 283 5223608
282 288 5223611
285 286 5223614
282 283 5223617
287 285 5223620
284 285 5223623
285 280 5223626
278 283 5223629
281 285 5223632
283 286 5223635
281 281 5223638
283 282 5223641
276 279 5223644
281 281 5223647
281 280 5223650
279 281 5223653
279 281 5223656
278 279 5223659
275 283 5223662
275 279 5223665
276 279 5223668
282 277 5223671
277 270 5223674
274 277 5223677
278 277 5223680
278 272 5223683
277 281 5223686
276 278 5223689
273 270 5223692
270 277 5223695
275 272 5223698
276 275 5223701
276 270 5223704
270 273 5223707
271 272 5223710
273 273 5223713
273 271 5223716
269 275 5223719
273 272 5223722
268 267 5223725
272 270 5223728
270 275 5223731
272 267 5223734
266 270 5223737
269 266 5223740
264 266 5223743
268 268 5223746
267 264 5223749
268 268 5223752
271 269 5223755
263 264 5223758
264 271 5223761
267 269 5223764
267 267 5223767
263 267 5223770
264 266 5223773
258 261 5223776
263 264 5223779
265 264 5223782
264 263 5223785
264 265 5223788
262 259 5223791
259 266 5223794
262 261 5223797
264 262 5223800
260 259 5223803
263 257 5223806
259 259 5223809
262 261 5223812
259 254 5223815
263 257 5223818
261 260 5223821
261 256 5223824
252 259 5223827
259 258 5223830
255 257 5223833
259 256 5223836
255 257 5223839
257 257 5223842
258 259 5223845
254 253 5223848
254 259 5223851
257 258 5223854
252 253 5223857
252 254 5223860
254 255 5223863
249 254 5223866
251 258 5223869
253 249 5223872
251 251 5223875
252 255 5223878
255 251 5223881
250 249 5223884
252 251 5223887
252 250 5223890
250 251 5223893
252 252 5223896
250 250 5223899
248 251 5223902
247 248 5223905
246 248 5223908
249 249 5223911
249 249 5223914
248 246 5223917
249 248 5223920
245 242 5223923
243 250 5223926
246 245 5223929
244 245 5223932
242 242 5223935
246 243 5223938
240 241 5223941
245 250 5223944
246 241 5223947
242 243 5223950
241 245 5223953
241 244 5223956
242 247 5223959
244 240 5223962
243 241 5223965
242 240 5223968
244 244 5223971
237 233 5223974
241 242 5223977
239 240 5223980
239 240 5223983
237 240 5223986
238 235 5223989
235 240 5223992
240 241 5223995
238 236 5223999
240 236 5224002
241 233 5224005
236 234 5224008
238 239 5224011
238 235 5224014
233 233 5224017
236 234 5224020
237 238 5224023
233 230 5224026
235 232 5224029
236 239 5224032
232 237 5224034
232 238 5224037
234 234 5224040
231 233 5224043
234 234 5224046
235 235 5224049
234 233 5224052
227 233 5224055
228 229 5224058
233 234 5224061
234 230 5224064
230 226 5224067
225 227 5224070
235 234 5224073
231 227 5224076
233 231 5224079
231 231 5224082
227 229 5224085
227 233 5224088
232 227 5224091
228 230 5224094
227 231 5224097
228 225 5224100
227 225 5224103
230 226 5224106
228 226 5224109
228 226 5224112
226 225 5224115
225 227 5224118
226 227 5224121
225 224 5224124
221 225 5224127
229 229 5224130
226 225 5224133
221 223 5224136
221 225 5224139
223 225 5224142
224 224 5224145
223 223 5224148
222 220 5224151
218 225 5224154
223 223 5224157
222 224 5224160
226 217 5224163
218 220 5224166
220 217 5224169
224 221 5224172
223 220 5224175
219 219 5224178
215 221 5224181
219 214 5224184
213 219 5224187
218 217 5224190
217 221 5224193
221 217 5224196
217 217 5224199
216 213 5224202
218 218 5224205
220 214 5224208
220 218 5224211
220 215 5224214
218 216 5224217
214 219 5224220
215 212 5224223
212 215 5224226
214 215 5224229
213 215 5224232
214 208 5224235
217 215 5224238
214 209 5224241
213 212 5224244
213 212 5224247
211 210 5224250
207 214 5224253
212 209 5224256
212 214 5224259
213 209 5224262
211 211 5224265
209 208 5224268
213 209 5224271
207 208 5224274
212 210 5224277
209 209 5224280
205 204 5224283
205 211 5224286
211 206 5224289
207 210 5224292
204 204 5224295
208 209 5224298
204 202 5224301
205 210 5224304
206 204 5224307
207 210 5224310
203 208 5224313
206 206 5224316
200 208 5224319
204 206 5224322
204 210 5224325
205 204 5224328
202 202 5224331
200 202 5224334
205 202 5224337
204 198 5224340
202 206 5224343
207 205 5224346
201 201 5224349
202 204 5224352
202 206 5224355
201 202 5224358
201 200 5224361
202 197 5224364
199 197 5224367
202 199 5224370
200 202 5224373
201 202 5224376
201 201 5224379
199 198 5224382
196 198 5224385
198 199 5224388
196 201 5224391
197 194 5224394
197 196 5224397
199 200 5224400
201 199 5224403
198 197 5224406
199 200 5224409
199 198 5224412
194 190 5224415
193 197 5224418
197 199 5224421
198 195 5224424
193 195 5224427
199 192 5224430
193 189 5224433
196 192 5224436
196 193 5224439
197 198 5224442
195 194 5224445
192 190 5224448
190 190 5224451
194 197 5224454
193 196 5224457
193 193 5224460
192 194 5224463
191 188 5224466
193 192 5224469
191 188 5224472
191 192 5224475
191 191 5224478
188 185 5224481
189 191 5224484
189 190 5224487
188 186 5224490
192 190 5224493
190 191 5224496
188 184 5224499
185 187 5224502
187 185 5224505
186 189 5224508
187 189 5224511
187 185 5224514
185 186 5224517
187 188 5224520
188 189 5224523
186 186 5224526
184 185 5224529
184 187 5224532
185 185 5224535
183 183 5224538
185 188 5224541
185 186 5224544
182 182 5224547
183 187 5224550
181 183 5224553
180 184 5224556
188 188 5224559
184 179 5224562
181 180 5224565
182 184 5224568
183 182 5224571
179 182 5224574
180 183 5224577
179 182 5224580
181 184 5224583
180 182 5224586
180 184 5224589
185 181 5224592
178 177 5224595
182 174 5224598
182 181 5224601
183 178 5224604
181 185 5224607
180 179 5224610
175 179 5224613
175 183 5224616
176 175 5224619
174 180 5224622
175 176 5224625
177 176 5224628
175 176 5224631
182 183 5224634
176 180 5224637
178 176 5224640
175 177 5224643
174 175 5224646
173 178 5224649
172 179 5224652
174 180 5224655
178 177 5224658
173 172 5224661
170 171 5224664
172 177 5224667
175 170 5224670
173 178 5224673
175 170 5224676
174 168 5224679
170 172 5224682
173 176 5224685
171 174 5224688
172 171 5224691
168 168 5224694
168 171 5224697
174 171 5224700
168 166 5224703
173 170 5224706
173 175 5224709
170 166 5224712
165 172 5224715
168 175 5224718
170 174 5224721
168 169 5224724
169 169 5224727
167 170 5224730
171 173 5224733
166 167 5224736
167 169 5224739
167 166 5224742
166 169 5224745
162 167 5224748
168 172 5224751
168 167 5224754
167 166 5224757
165 164 5224760
164 167 5224763
166 166 5224766
166 167 5224769
165 166 5224772
165 169 5224775
163 158 5224778
161 165 5224781
166 164 5224784
168 169 5224787
162 161 5224790
163 160 5224793
159 164 5224796
165 163 5224799
162 162 5224802
164 160 5224805
164 161 5224808
161 159 5224811
157 163 5224814
159 164 5224817
160 163 5224820
164 158 5224823
158 155 5224826
162 156 5224829
162 162 5224832
162 160 5224835
161 160 5224838
159 163 5224841
162 156 5224844
157 160 5224847
158 159 5224850
160 161 5224853
160 161 5224856
159 158 5224859
153 161 5224862
158 158 5224865
159 157 5224868
161 157 5224871
156 157 5224874
158 157 5224877
157 159 5224880
160 158 5224883
154 156 5224886
159 156 5224889
155 153 5224892
157 152 5224895
157 155 5224898
159 157 5224901
160 154 5224904
158 153 5224907
154 151 5224910
152 155 5224913
157 154 5224916
155 156 5224919
150 151 5224922
154 153 5224925
151 148 5224928
157 153 5224931
153 154 5224934
154 155 5224937
152 155 5224940
154 151 5224943
149 152 5224946
153 159 5224949
153 153 5224952
152 151 5224955
148 151 5224958
149 151 5224961
151 153 5224964
148 152 5224967
152 155 5224970
152 150 5224973
144 144 5224976
147 155 5224979
152 147 5224982
146 152 5224985
150 145 5224988
148 150 5224991
150 146 5224994
152 150 5224997
149 148 5225001
150 143 5225004
148 147 5225007
145 144 5225010
143 148 5225013
145 141 5225016
147 151 5225019
144 147 5225022
146 147 5225025
148 149 5225028
147 145 5225032
147 144 5225034
148 147 5225037
146 143 5225040
146 144 5225043
146 144 5225046
141 141 5225049
150 150 5225052
148 148 5225055
144 145 5225058
145 141 5225061
144 146 5225065
146 141 5225067
142 141 5225070
144 137 5225073
144 145 5225076
140 143 5225079
142 144 5225082
139 142 5225085
142 145 5225088
142 145 5225091
140 147 5225094
138 141 5225098
142 141 5225100
140 143 5225103
141 141 5225106
135 139 5225109
140 139 5225112
135 141 5225115
140 142 5225118
136 141 5225121
143 145 5225124
141 142 5225127
139 139 5225131
142 134 5225133
139 137 5225136
137 139 5225139
138 141 5225142
138 139 5225145
136 139 5225148
135 138 5225151
141 138 5225154
136 141 5225157
139 137 5225160
138 133 5225164
143 136 5225166
136 136 5225169
137 137 5225172
134 140 5225175
134 135 5225178
135 133 5225181
139 137 5225184
135 138 5225187
136 139 5225190
135 131 5225193
131 134 5225197
135 131 5225199
135 135 5225202
136 134 5225205
136 134 5225208
134 137 5225211
131 133 5225214
135 138 5225217
137 134 5225220
134 135 5225223
135 134 5225226
126 134 5225230
131 127 5225232
134 133 5225235
133 134 5225238
130 133 5225241
133 130 5225244
130 133 5225247
130 130 5225250
132 131 5225253
129 129 5225256
135 131 5225259
126 131 5225263
129 127 5225265
134 135 5225268
128 129 5225271
132 132 5225274
129 131 5225277
126 122 5225280
134 135 5225283
127 129 5225286
129 131 5225289
129 127 5225292
127 129 5225296
129 127 5225298
128 128 5225301
123 128 5225304
129 128 5225307
125 129 5225310
128 125 5225313
128 130 5225316
129 122 5225319
128 129 5225322
126 126 5225325
128 124 5225329
129 118 5225331
126 126 5225334
126 123 5225337
128 122 5225340
132 126 5225343
126 126 5225346
126 126 5225349
122 125 5225352
125 126 5225355
122 122 5225358
123 128 5225362
125 120 5225364
126 121 5225367
127 123 5225370
123 126 5225373
122 122 5225376
126 121 5225379
124 126 5225382
124 124 5225385
123 126 5225388
121 122 5225391
121 121 5225395
122 118 5225397
124 124 5225400
123 123 5225403
122 123 5225406
122 123 5225409
119 116 5225412
124 123 5225415
118 120 5225418
123 124 5225421
123 122 5225424
117 119 5225428
120 120 5225430
119 119 5225433
122 118 5225436
121 120 5225439
118 122 5225442
117 113 5225445
119 120 5225448
115 118 5225451
119 118 5225454
123 120 5225457
121 120 5225461
121 114 5225463
119 116 5225466
117 117 5225469
120 119 5225472
113 115 5225475
117 116 5225478
116 123 5225481
117 121 5225484
118 118 5225487
116 119 5225490
115 117 5225494
118 117 5225496
116 119 5225499
117 113 5225502
113 113 5225505
118 119 5225508
111 113 5225511
119 113 5225514
118 118 5225517
115 116 5225520
116 115 5225523
115 113 5225527
113 108 5225529
116 109 5225532
114 112 5225535
116 114 5225538
112 118 5225541
112 111 5225544
113 115 5225547
114 115 5225550
112 116 5225553
114 113 5225556
110 116 5225560
114 108 5225562
113 111 5225565
113 108 5225568
113 109 5225571
110 112 5225574
110 111 5225577
113 116 5225580
107 114 5225583
111 110 5225586
112 111 5225589
107 106 5225593
114 109 5225595
112 111 5225598
111 112 5225601
107 111 5225604
108 114 5225607
105 108 5225610
112 110 5225613
106 108 5225616
113 110 5225619
112 109 5225622
112 109 5225626
105 104 5225628
111 107 5225631
113 107 5225634
107 112 5225637
108 111 5225640
108 106 5225643
109 109 5225646
107 110 5225649
106 109 5225652
109 105 5225655
107 111 5225659
108 104 5225661
106 107 5225664
107 109 5225667
105 108 5225670
103 107 5225673
103 105 5225676
109 107 5225679
108 106 5225682
109 106 5225685
105 106 5225688
109 103 5225692
108 104 5225694
106 104 5225697
108 107 5225700
104 110 5225703
101 104 5225706
101 99 5225709
106 102 5225712
104 107 5225715
105 107 5225718
106 108 5225721
102 107 5225725
105 96 5225727
106 102 5225730
106 102 5225733
101 108 5225736
99 100 5225739
102 102 5225742
103 105 5225745
101 103 5225748
101 104 5225751
103 104 5225754
99 99 5225758
103 98 5225760
102 104 5225763
102 102 5225766
100 102 5225769
101 97 5225772
102 98 5225775
102 101 5225778
102 102 5225781
103 103 5225784
101 102 5225787
101 98 5225791
99 96 5225793
105 104 5225796
100 101 5225799
99 100 5225802
99 96 5225805
97 94 5225808
101 103 5225811
99 99 5225814
100 101 5225817
99 96 5225820
99 97 5225824
98 95 5225826
98 101 5225829
99 102 5225832
98 104 5225835
94 97 5225838
96 98 5225841
96 99 5225844
97 99 5225847
97 99 5225850
99 103 5225853
97 96 5225857
95 94 5225859
96 97 5225862
99 101 5225865
96 99 5225868
99 95 5225871
91 94 5225874
94 98 5225877
96 99 5225880
98 98 5225883
96 95 5225886
96 94 5225890
98 93 5225892
94 93 5225895
97 94 5225898
95 98 5225901
92 96 5225904
90 89 5225907
96 95 5225910
93 98 5225913
95 100 5225916
94 97 5225919
93 95 5225923
96 92 5225925
91 92 5225928
96 92 5225931
92 94 5225934
89 90 5225937
92 91 5225940
94 92 5225943
92 94 5225946
94 96 5225949
93 90 5225952
93 92 5225956
93 89 5225958
93 91 5225961
93 91 5225964
91 93 5225967
86 87 5225970
86 83 5225973
94 94 5225976
90 92 5225979
90 92 5225982
94 93 5225985
86 90 5225989
87 87 5225991
91 93 5225994
90 90 5225999
88 89 5226002
91 87 5226005
85 93 5226008
94 92 5226011
86 95 5226014
85 88 5226017
90 92 5226020
89 83 5226023
87 89 5226026
91 87 5226029
88 86 5226032
88 94 5226035
89 90 5226038
87 91 5226041
91 91 5226044
89 88 5226047
85 81 5226050
90 89 5226053
85 83 5226056
91 87 5226059
92 88 5226062
85 82 5226065
87 91 5226068
88 93 5226071
87 91 5226074
88 84 5226077
88 81 5226080
86 81 5226083
87 85 5226086
87 85 5226089
88 86 5226092
88 82 5226095
85 82 5226098
86 85 5226101
85 88 5226104
87 87 5226107
82 81 5226110
84 89 5226113
81 86 5226116
87 86 5226119
84 85 5226122
84 87 5226125
85 86 5226128
86 84 5226131
82 86 5226134
83 88 5226137
84 85 5226140
84 83 5226143
86 81 5226146
82 84 5226149
83 84 5226152
84 80 5226155
82 83 5226158
86 86 5226161
80 77 5226164
79 86 5226167
84 85 5226170
82 87 5226173
81 82 5226176
82 84 5226179
78 76 5226182
79 87 5226185
84 84 5226188
84 84 5226191
80 78 5226194
80 78 5226197
81 82 5226200
81 81 5226203
84 80 5226206
82 80 5226209
81 78 5226212
78 78 5226215
82 83 5226218
84 83 5226221
81 80 5226224
79 76 5226227
79 81 5226230
81 84 5226233
80 81 5226236
80 77 5226239
81 80 5226242
83 75 5226245
76 76 5226248
80 82 5226251
80 76 5226254
80 79 5226257
76 81 5226260
83 75 5226263
74 82 5226266
82 81 5226269
77 80 5226272
76 73 5226275
76 78 5226278
77 78 5226281
76 77 5226284
77 79 5226287
76 76 5226290
77 77 5226293
79 73 5226296
76 77 5226299
77 76 5226302
75 77 5226305
82 78 5226308
75 71 5226311
74 73 5226314
83 77 5226317
76 75 5226320
81 79 5226323
74 77 5226326
74 72 5226329
73 79 5226332
75 76 5226335
70 77 5226338
79 78 5226341
75 74 5226344
75 71 5226347
79 74 5226350
78 75 5226353
76 74 5226356
76 77 5226359
74 74 5226362
71 77 5226365
73 72 5226368
73 76 5226371
72 76 5226374
73 72 5226377
74 76 5226380
75 74 5226383
76 70 5226386
73 72 5226389
75 74 5226392
76 73 5226395
70 73 5226398
74 73 5226401
73 75 5226404
72 70 5226407
70 75 5226410
74 68 5226413
73 76 5226416
74 73 5226419
71 77 5226422
76 70 5226425
69 66 5226428
71 75 5226431
75 74 5226434
70 73 5226437
72 71 5226440
72 67 5226443
68 73 5226446
71 69 5226449
68 75 5226452
73 74 5226455
68 72 5226458
71 69 5226461
69 73 5226464
71 72 5226467
64 73 5226470
73 70 5226473
71 70 5226476
69 65 5226479
69 72 5226482
67 74 5226485
70 68 5226488
68 69 5226491
66 66 5226494
65 77 5226497
73 77 5226500
65 68 5226503
70 71 5226506
66 64 5226509
71 65 5226512
68 66 5226515
71 73 5226518
72 67 5226521
68 73 5226524
68 68 5226527
65 69 5226530
66 70 5226533
68 68 5226536
67 71 5226539
71 67 5226542
62 70 5226545
69 70 5226548
65 64 5226551
70 69 5226554
60 67 5226557
64 64 5226560
63 71 5226563
67 72 5226566
66 69 5226569
70 64 5226572
67 67 5226575
69 63 5226578
64 65 5226581
68 65 5226584
66 66 5226587
69 67 5226590
64 64 5226593
63 66 5226596
66 68 5226599
65 61 5226602
61 68 5226605
68 61 5226608
60 65 5226611
67 70 5226614
65 62 5226617
64 67 5226620
64 66 5226623
66 64 5226626
65 62 5226629
64 64 5226632
63 63 5226635
64 62 5226638
62 58 5226641
62 59 5226644
67 64 5226647
70 64 5226650
64 61 5226653
67 71 5226656
57 64 5226659
61 68 5226662
60 66 5226665
63 66 5226668
66 63 5226671
62 59 5226674
61 61 5226677
63 61 5226680
64 61 5226683
65 64 5226686
62 59 5226689
58 68 5226692
57 65 5226695
63 67 5226698
58 65 5226701
62 65 5226704
63 65 5226707
59 57 5226710
58 62 5226713
63 58 5226716
62 62 5226719
62 64 5226722
57 58 5226725
63 64 5226728
62 60 5226731
65 68 5226734
59 61 5226737
61 59 5226740
54 57 5226743
62 62 5226746
60 59 5226749
62 62 5226752
58 61 5226755
61 61 5226758
57 61 5226761
62 62 5226764
60 57 5226767
59 60 5226770
60 57 5226773
58 58 5226776
65 63 5226779
60 60 5226782
62 59 5226785
56 62 5226788
63 58 5226791
56 63 5226794
59 60 5226797
56 62 5226800
58 61 5226803
59 55 5226806
58 58 5226809
58 59 5226812
57 60 5226815
56 57 5226818
61 57 5226821
57 54 5226824
55 59 5226827
57 59 5226830
56 63 5226833
58 56 5226836
56 54 5226839
58 53 5226842
59 62 5226845
56 52 5226848
57 57 5226851
59 56 5226854
55 57 5226857
53 57 5226860
55 56 5226863
57 59 5226866
56 55 5226869
60 57 5226872
53 57 5226875
58 57 5226878
56 54 5226881
55 56 5226884
57 57 5226887
55 56 5226890
55 55 5226893
54 57 5226896
57 55 5226899
53 55 5226902
54 54 5226905
54 57 5226908
58 56 5226911
54 54 5226914
53 52 5226917
53 56 5226920
55 54 5226923
55 57 5226926
54 53 5226929
54 55 5226932
51 52 5226935
53 54 5226938
50 46 5226941
53 56 5226944
54 53 5226947
54 59 5226950
53 54 5226953
55 53 5226956
52 57 5226959
55 50 5226962
53 54 5226965
53 52 5226968
52 51 5226971
52 49 5226974
52 53 5226977
51 50 5226980
50 60 5226983
52 54 5226986
49 55 5226989
51 57 5226992
53 58 5226995
50 51 5226999
49 53 5227002
54 54 5227005
52 55 5227008
51 54 5227011
49 55 5227014
53 54 5227017
49 50 5227020
51 47 5227023
48 49 5227026
52 56 5227029
50 49 5227032
51 54 5227034
55 45 5227037
50 56 5227040
54 51 5227043
50 57 5227046
55 46 5227049
52 49 5227052
49 50 5227055
49 50 5227058
50 53 5227061
51 50 5227064
48 51 5227067
49 50 5227070
48 53 5227073
46 48 5227076
50 55 5227079
51 49 5227082
49 49 5227085
50 51 5227088
51 53 5227091
48 50 5227094
54 51 5227097
50 45 5227100
48 43 5227103
46 50 5227106
51 48 5227109
48 47 5227112
51 49 5227115
52 49 5227118
47 51 5227121
49 47 5227124
47 50 5227127
53 50 5227130
48 47 5227133
46 46 5227136
49 52 5227139
48 49 5227142
48 52 5227145
47 49 5227148
44 46 5227151
47 52 5227154
50 49 5227157
48 54 5227160
47 47 5227163
47 43 5227166
45 46 5227169
50 53 5227172
47 47 5227175
47 45 5227178
48 43 5227181
48 42 5227184
44 48 5227187
49 49 5227190
45 46 5227193
50 44 5227196
50 46 5227199
49 47 5227202
47 48 5227205
44 51 5227208
48 45 5227211
47 52 5227214
44 46 5227217
39 47 5227220
45 41 5227223
47 45 5227226
46 44 5227229
45 44 5227232
45 48 5227235
46 47 5227238
45 49 5227241
48 45 5227244
46 44 5227247
42 46 5227250
41 48 5227253
46 44 5227256
45 42 5227259
44 42 5227262
42 42 5227265
42 42 5227268
49 46 5227271
44 40 5227274
45 45 5227277
42 46 5227280
45 42 5227283
38 48 5227286
46 45 5227289
44 44 5227292
44 42 5227295
44 44 5227298
42 42 5227301
47 48 5227304
45 44 5227307
40 47 5227310
46 49 5227313
44 41 5227316
42 40 5227319
41 47 5227322
45 43 5227325
45 48 5227328
41 41 5227331
44 39 5227334
42 44 5227337
47 41 5227340
42 44 5227343
42 42 5227346
41 41 5227349
41 41 5227352
41 44 5227355
40 40 5227358
40 42 5227361
43 40 5227364
43 39 5227367
46 42 5227370
43 40 5227373
43 41 5227376
40 44 5227379
42 41 5227382
41 41 5227385
38 40 5227388
44 45 5227391
37 40 5227394
41 39 5227397
38 42 5227400
42 43 5227403
38 40 5227406
40 39 5227409
42 42 5227412
39 39 5227415
36 43 5227418
42 43 5227421
39 43 5227424
35 40 5227427
42 39 5227430
39 36 5227433
38 43 5227436
41 45 5227439
43 43 5227442
39 41 5227445
38 36 5227448
37 45 5227451
40 39 5227454
34 38 5227457
41 39 5227460
38 43 5227463
39 38 5227466
40 40 5227469
42 36 5227472
42 44 5227475
39 35 5227478
39 38 5227481
34 44 5227484
39 42 5227487
35 38 5227490
38 35 5227493
34 38 5227496
36 34 5227499
40 40 5227502
36 39 5227505
41 39 5227508
39 40 5227511
38 36 5227514
33 41 5227517
39 41 5227520
38 39 5227523
37 37 5227526
38 34 5227529
35 37 5227532
34 41 5227535
37 37 5227538
39 40 5227541
40 39 5227544
37 35 5227547
36 37 5227550
38 40 5227553
40 40 5227556
37 36 5227559
36 37 5227562
36 36 5227565
37 37 5227568
38 34 5227571
40 38 5227574
37 36 5227577
37 30 5227580
32 36 5227583
40 38 5227586
37 37 5227589
35 35 5227592
39 36 5227595
35 36 5227598
39 36 5227601
35 32 5227604
38 39 5227607
38 39 5227610
36 33 5227613
36 43 5227616
40 40 5227619
38 39 5227622
36 30 5227625
36 34 5227628
32 35 5227631
37 37 5227634
36 38 5227637
39 35 5227640
34 35 5227643
33 33 5227646
31 37 5227649
34 38 5227652
36 39 5227655
35 31 5227658
36 35 5227661
34 30 5227664
39 37 5227667
40 33 5227670
34 34 5227673
32 35 5227676
35 33 5227679
32 38 5227682
32 32 5227685
34 33 5227688
38 31 5227691
35 25 5227694
31 35 5227697
35 32 5227700
36 35 5227703
36 35 5227706
