0 0 8176682
0 0 8176687
0 0 8176691
0 0 8176695
0 0 8176700
0 0 8176704
0 0 8176708
0 0 8176713
0 0 8176717
0 0 8176721
0 0 8176726
0 0 8176730
0 0 8176734
0 0 8176739
0 0 8176743
0 0 8176747
0 0 8176752
0 0 8176756
0 0 8176760
0 0 8176765
0 0 8176769
0 0 8176773
0 0 8176778
0 0 8176782
0 0 8176786
0 0 8176791
0 0 8176795
0 0 8176799
0 0 8176804
0 0 8176808
0 0 8176812
0 0 8176817
0 0 8176821
0 0 8176825
0 0 8176830
0 0 8176834
0 0 8176838
0 0 8176843
0 0 8176847
0 0 8176851
0 0 8176856
0 0 8176860
0 0 8176864
0 0 8176869
0 0 8176873
0 0 8176877
0 0 8176882
0 0 8176886
0 0 8176890
0 0 8176895
0 0 8176899
0 0 8176903
0 0 8176908
0 0 8176912
0 0 8176916
0 0 8176921
0 0 8176925
0 0 8176929
0 0 8176934
0 0 8176938
0 0 8176942
0 0 8176947
0 0 8176951
0 0 8176955
0 0 8176960
0 0 8176964
0 0 8176968
0 0 8176973
0 0 8176977
0 0 8176981
0 0 8176986
0 0 8176990
0 0 8176994
0 0 8177000
0 0 8177004
0 0 8177009
0 0 8177013
0 0 8177017
0 0 8177022
0 0 8177026
0 0 8177030
0 0 8177035
0 0 8177039
0 0 8177043
0 0 8177048
0 0 8177052
0 0 8177056
0 0 8177061
0 0 8177065
0 0 8177069
0 0 8177074
0 0 8177078
0 0 8177082
0 0 8177087
0 0 8177091
0 0 8177095
0 0 8177100
0 0 8177104
0 0 8177108
0 0 8177113
0 0 8177117
0 0 8177121
0 0 8177126
0 0 8177130
0 0 8177134
0 0 8177139
0 0 8177143
0 0 8177147
0 0 8177152
0 0 8177156
0 0 8177160
0 0 8177165
0 0 8177169
0 0 8177173
0 0 8177178
0 0 8177182
0 0 8177186
0 0 8177191
0 0 8177195
0 0 8177199
0 0 8177204
0 0 8177208
0 0 8177212
0 0 8177217
0 0 8177221
0 0 8177225
0 0 8177230
0 0 8177234
0 0 8177238
0 0 8177243
0 0 8177247
0 0 8177251
0 0 8177256
0 0 8177260
0 0 8177264
0 0 8177269
0 0 8177273
0 0 8177277
0 0 8177282
0 0 8177286
0 0 8177290
0 0 8177295
0 0 8177299
0 0 8177303
0 0 8177308
0 0 8177312
0 0 8177316
0 0 8177321
0 0 8177325
0 0 8177329
0 0 8177334
0 0 8177338
0 0 8177342
0 0 8177347
0 0 8177351
0 0 8177355
0 0 8177360
0 0 8177364
0 0 8177368
0 0 8177373
0 0 8177377
0 0 8177381
0 0 8177386
0 0 8177390
0 0 8177394
0 0 8177399
0 0 8177403
0 0 8177407
0 0 8177412
0 0 8177416
0 0 8177420
0 0 8177425
0 0 8177429
0 0 8177433
0 0 8177438
0 0 8177442
0 0 8177446
0 0 8177451
0 0 8177455
0 0 8177459
0 0 8177464
0 0 8177468
0 0 8177472
0 0 8177477
0 0 8177481
0 0 8177485
0 0 8177490
0 0 8177494
0 0 8177498
0 0 8177503
0 0 8177507
0 0 8177511
0 0 8177516
0 0 8177520
0 0 8177524
0 0 8177529
0 0 8177533
0 0 8177537
0 0 8177542
0 0 8177546
0 0 8177550
0 0 8177555
0 0 8177559
0 0 8177563
0 0 8177568
0 0 8177572
0 0 8177576
0 0 8177581
0 0 8177585
0 0 8177589
0 0 8177594
0 0 8177598
0 0 8177602
0 0 8177607
0 0 8177611
0 0 8177615
0 0 8177620
0 0 8177624
0 0 8177628
0 0 8177633
0 0 8177637
0 0 8177641
0 0 8177646
0 0 8177650
0 0 8177654
0 0 8177659
0 0 8177663
0 0 8177667
0 0 8177672
0 0 8177676
0 0 8177680
0 0 8177685
0 0 8177689
0 0 8177693
0 0 8177698
0 0 8177702
0 0 8177706
0 0 8177711
0 0 8177715
0 0 8177719
0 0 8177724
0 0 8177728
0 0 8177732
0 0 8177737
0 0 8177741
0 0 8177745
0 0 8177750
0 0 8177754
0 0 8177758
0 0 8177763
0 0 8177767
0 0 8177771
0 0 8177776
0 0 8177780
0 0 8177784
0 0 8177789
0 0 8177793
0 0 8177797
0 0 8177802
0 0 8177806
0 0 8177810
0 0 8177815
0 0 8177819
0 0 8177823
0 0 8177828
0 0 8177832
0 0 8177836
0 0 8177841
0 0 8177845
0 0 8177849
0 0 8177854
0 0 8177858
0 0 8177862
0 0 8177867
0 0 8177871
0 0 8177876
0 0 8177880
0 0 8177884
0 0 8177889
0 0 8177893
0 0 8177898
0 0 8177902
0 0 8177906
0 0 8177911
0 0 8177915
0 0 8177919
0 0 8177924
0 0 8177928
0 0 8177933
0 0 8177937
0 0 8177941
0 0 8177946
0 0 8177950
0 0 8177954
0 0 8177959
0 0 8177963
0 0 8177968
0 0 8177972
0 0 8177976
0 0 8177981
0 0 8177985
0 0 8177990
0 0 8177994
0 0 8178000
0 0 8178004
0 0 8178008
0 0 8178013
0 0 8178017
0 0 8178021
0 0 8178026
0 0 8178030
0 0 8178035
0 0 8178039
0 0 8178043
0 0 8178048
0 0 8178052
0 0 8178056
0 0 8178061
0 0 8178065
0 0 8178070
0 0 8178074
0 0 8178078
0 0 8178083
0 0 8178087
0 0 8178092
0 0 8178096
0 0 8178100
0 0 8178105
0 0 8178109
0 0 8178113
0 0 8178118
0 0 8178122
0 0 8178127
0 0 8178131
0 0 8178135
0 0 8178140
0 0 8178144
0 0 8178148
0 0 8178153
0 0 8178157
0 0 8178162
0 0 8178166
0 0 8178170
0 0 8178175
0 0 8178179
0 0 8178184
0 0 8178188
0 0 8178192
0 0 8178197
0 0 8178201
0 0 8178205
0 0 8178210
0 0 8178214
0 0 8178219
0 0 8178223
0 0 8178227
0 0 8178232
0 0 8178236
0 0 8178240
0 0 8178245
0 0 8178249
0 0 8178254
0 0 8178258
0 0 8178262
0 0 8178267
0 0 8178271
0 0 8178276
0 0 8178280
0 0 8178284
0 0 8178289
0 0 8178293
0 0 8178297
0 0 8178302
0 0 8178306
0 0 8178311
0 0 8178315
0 0 8178319
0 0 8178324
0 0 8178328
0 0 8178332
0 0 8178337
0 0 8178341
0 0 8178346
0 0 8178350
0 0 8178354
0 0 8178359
0 0 8178363
0 0 8178368
0 0 8178372
0 0 8178376
0 0 8178381
0 0 8178385
0 0 8178389
0 0 8178394
0 0 8178398
0 0 8178403
0 0 8178407
0 0 8178411
0 0 8178416
0 0 8178420
0 0 8178424
0 0 8178429
0 0 8178433
0 0 8178438
0 0 8178442
0 0 8178446
0 0 8178451
0 0 8178455
0 0 8178460
0 0 8178464
0 0 8178468
0 0 8178473
0 0 8178477
0 0 8178481
0 0 8178486
0 0 8178490
0 0 8178495
0 0 8178499
0 0 8178503
0 0 8178508
0 0 8178512
0 0 8178516
0 0 8178521
0 0 8178525
0 0 8178530
0 0 8178534
0 0 8178538
0 0 8178543
0 0 8178547
0 0 8178551
0 0 8178556
0 0 8178560
0 0 8178564
0 0 8178569
0 0 8178573
0 0 8178577
0 0 8178582
0 0 8178586
0 0 8178590
0 0 8178595
0 0 8178599
0 0 8178603
0 0 8178608
0 0 8178612
0 0 8178616
0 0 8178621
0 0 8178625
0 0 8178629
0 0 8178634
0 0 8178638
0 0 8178642
0 0 8178647
0 0 8178651
0 0 8178655
0 0 8178660
0 0 8178664
0 0 8178668
0 0 8178673
0 0 8178677
0 0 8178681
0 0 8178686
0 0 8178690
0 0 8178694
0 0 8178699
0 0 8178703
0 0 8178707
0 0 8178712
0 0 8178716
0 0 8178720
0 0 8178725
0 0 8178729
0 0 8178733
0 0 8178738
0 0 8178742
0 0 8178746
0 0 8178751
0 0 8178755
0 0 8178759
0 0 8178764
0 0 8178768
0 0 8178772
0 0 8178777
0 0 8178781
0 0 8178785
0 0 8178790
0 0 8178794
0 0 8178798
0 0 8178803
0 0 8178807
0 0 8178811
0 0 8178816
0 0 8178820
0 0 8178824
0 0 8178829
0 0 8178833
0 0 8178837
0 0 8178842
0 0 8178846
0 0 8178850
0 0 8178855
0 0 8178859
0 0 8178863
0 0 8178868
0 0 8178872
0 0 8178876
0 0 8178881
0 0 8178885
0 0 8178889
0 0 8178894
0 0 8178898
0 0 8178902
0 0 8178907
0 0 8178911
0 0 8178915
0 0 8178920
0 0 8178924
0 0 8178928
0 0 8178933
0 0 8178937
0 0 8178941
0 0 8178946
0 0 8178950
0 0 8178954
0 0 8178959
0 0 8178963
0 0 8178967
0 0 8178972
0 0 8178976
0 0 8178980
0 0 8178985
0 0 8178989
0 0 8178993
0 0 8178999
0 0 8179003
0 0 8179008
0 0 8179012
0 0 8179016
0 0 8179021
0 0 8179025
0 0 8179029
0 0 8179034
0 0 8179038
0 0 8179042
0 0 8179047
0 0 8179051
0 0 8179055
0 0 8179060
0 0 8179064
0 0 8179068
0 0 8179073
0 0 8179077
0 0 8179081
0 0 8179086
0 0 8179090
0 0 8179094
0 0 8179099
0 0 8179103
0 0 8179107
0 0 8179112
0 0 8179116
0 0 8179120
0 0 8179125
0 0 8179129
0 0 8179133
0 0 8179138
0 0 8179142
0 0 8179146
0 0 8179151
0 0 8179155
0 0 8179159
0 0 8179164
0 0 8179168
0 0 8179172
0 0 8179177
0 0 8179181
0 0 8179185
0 0 8179190
0 0 8179194
0 0 8179198
0 0 8179203
0 0 8179207
0 0 8179211
0 0 8179216
0 0 8179220
0 0 8179224
0 0 8179229
0 0 8179233
0 0 8179237
0 0 8179242
0 0 8179246
0 0 8179250
0 0 8179255
0 0 8179259
0 0 8179263
0 0 8179268
0 0 8179272
0 0 8179276
0 0 8179281
0 0 8179285
0 0 8179289
0 0 8179294
0 0 8179298
0 0 8179302
0 0 8179307
0 0 8179311
0 0 8179315
0 0 8179320
0 0 8179324
0 0 8179328
0 0 8179333
0 0 8179337
0 0 8179341
0 0 8179346
0 0 8179350
0 0 8179354
0 0 8179359
0 0 8179363
0 0 8179367
0 0 8179372
0 0 8179376
0 0 8179380
0 0 8179385
0 0 8179389
0 0 8179393
0 0 8179398
0 0 8179402
0 0 8179406
0 0 8179411
0 0 8179415
0 0 8179419
0 0 8179424
0 0 8179428
0 0 8179432
0 0 8179437
0 0 8179441
0 0 8179445
0 0 8179450
0 0 8179454
0 0 8179458
0 0 8179463
0 0 8179467
0 0 8179471
0 0 8179476
0 0 8179480
0 0 8179484
0 0 8179489
0 0 8179493
0 0 8179497
0 0 8179502
0 0 8179506
0 0 8179510
0 0 8179515
0 0 8179519
0 0 8179523
0 0 8179528
0 0 8179532
0 0 8179536
0 0 8179541
3 0 8179545
5 1 8179549
8 3 8179554
8 4 8179558
11 9 8179562
13 17 8179567
13 17 8179571
19 19 8179575
#TRIGGER ON
22 21 8179580
22 24 8179583
24 21 8179586
21 30 8179589
28 30 8179592
28 33 8179595
30 31 8179598
37 33 8179601
31 36 8179604
40 38 8179607
37 41 8179610
43 40 8179613
41 48 8179616
44 46 8179619
42 47 8179622
48 45 8179625
45 50 8179628
53 47 8179631
53 54 8179634
51 47 8179637
56 58 8179640
64 54 8179643
62 62 8179646
61 61 8179649
62 59 8179652
61 66 8179655
66 65 8179658
65 67 8179661
67 70 8179664
70 71 8179667
67 69 8179670
71 74 8179673
75 75 8179676
76 80 8179679
79 81 8179682
81 77 8179685
82 88 8179688
81 81 8179691
85 87 8179694
88 84 8179697
85 89 8179700
89 83 8179703
91 94 8179706
92 94 8179709
93 95 8179712
95 97 8179715
96 102 8179718
97 102 8179721
95 103 8179724
105 104 8179727
101 105 8179730
109 107 8179733
100 106 8179736
115 108 8179739
111 111 8179742
114 112 8179745
113 113 8179748
112 112 8179751
113 117 8179754
117 122 8179757
121 120 8179760
122 122 8179763
126 124 8179766
121 122 8179769
127 125 8179772
126 128 8179775
132 129 8179778
132 133 8179781
132 132 8179784
131 138 8179787
135 138 8179790
135 141 8179793
135 139 8179796
137 141 8179799
136 139 8179802
141 144 8179805
142 144 8179808
142 149 8179811
148 149 8179814
147 148 8179817
149 151 8179820
153 153 8179823
152 150 8179826
151 149 8179829
156 151 8179832
155 153 8179835
158 161 8179838
161 159 8179841
162 158 8179844
163 161 8179847
160 166 8179850
162 169 8179853
170 171 8179856
167 172 8179859
168 168 8179862
167 170 8179865
169 168 8179868
174 174 8179871
177 177 8179874
176 179 8179877
179 182 8179880
178 178 8179883
179 182 8179886
184 181 8179889
181 180 8179892
186 186 8179895
187 184 8179898
184 188 8179901
192 193 8179904
192 188 8179907
194 197 8179910
196 196 8179913
192 198 8179916
194 198 8179919
196 199 8179922
199 199 8179925
200 198 8179928
201 205 8179931
206 200 8179934
204 206 8179937
208 207 8179940
209 209 8179943
209 211 8179946
212 214 8179949
210 218 8179952
211 212 8179955
212 215 8179958
218 218 8179961
216 214 8179964
215 218 8179967
222 222 8179970
220 219 8179973
222 225 8179976
222 226 8179979
226 224 8179982
227 230 8179985
229 230 8179988
234 236 8179991
231 230 8179994
233 233 8179997
232 229 8180001
239 239 8180004
236 237 8180007
240 238 8180010
242 241 8180013
241 241 8180016
242 245 8180020
246 246 8180022
244 246 8180025
249 247 8180028
242 247 8180031
246 248 8180034
248 248 8180037
250 254 8180040
251 251 8180043
256 260 8180046
259 254 8180049
256 256 8180053
259 254 8180055
259 261 8180058
261 259 8180061
262 257 8180064
261 266 8180067
263 263 8180070
267 269 8180073
268 271 8180076
268 270 8180079
273 269 8180082
269 269 8180086
273 267 8180088
275 275 8180091
275 272 8180094
277 276 8180097
277 278 8180100
277 276 8180103
280 282 8180106
284 282 8180109
286 286 8180112
283 283 8180115
284 281 8180119
286 284 8180121
288 288 8180124
288 287 8180127
290 296 8180130
291 293 8180133
293 290 8180136
295 297 8180139
291 297 8180142
298 298 8180145
297 298 8180148
298 298 8180152
301 296 8180154
301 300 8180157
306 300 8180160
305 306 8180163
304 301 8180166
305 304 8180169
312 307 8180172
312 309 8180175
312 311 8180178
315 309 8180181
315 314 8180185
315 309 8180187
315 313 8180190
319 315 8180193
313 318 8180196
317 316 8180199
318 321 8180202
324 323 8180205
324 323 8180208
326 326 8180211
325 325 8180214
325 325 8180218
329 323 8180220
334 328 8180223
329 327 8180226
329 328 8180229
329 326 8180232
335 327 8180235
335 336 8180238
338 333 8180241
339 342 8180244
337 339 8180247
336 338 8180251
344 340 8180253
343 342 8180256
343 343 8180259
343 343 8180262
345 344 8180265
346 343 8180268
348 347 8180271
352 353 8180274
351 350 8180277
355 351 8180280
352 353 8180284
359 350 8180286
353 357 8180289
354 351 8180292
357 357 8180295
359 361 8180298
357 354 8180301
366 361 8180304
363 364 8180307
365 361 8180310
366 363 8180313
366 366 8180317
370 364 8180319
366 365 8180322
369 367 8180325
370 373 8180328
372 372 8180331
369 371 8180334
372 374 8180337
376 376 8180340
375 376 8180343
379 373 8180346
378 380 8180350
380 379 8180352
378 379 8180355
378 381 8180358
385 383 8180361
383 382 8180364
383 377 8180367
389 384 8180370
383 386 8180373
391 388 8180376
389 390 8180379
390 391 8180383
393 387 8180385
387 391 8180388
395 387 8180391
393 396 8180394
393 394 8180397
396 393 8180400
400 402 8180403
398 400 8180406
401 402 8180409
405 401 8180412
402 402 8180416
403 398 8180418
400 403 8180421
400 405 8180424
406 407 8180427
407 408 8180430
409 405 8180433
410 409 8180436
410 410 8180439
415 410 8180442
416 414 8180445
413 417 8180449
417 410 8180451
419 415 8180454
417 416 8180457
416 414 8180460
422 419 8180463
417 418 8180466
419 422 8180469
424 424 8180472
426 428 8180475
427 426 8180478
425 425 8180482
432 427 8180484
426 427 8180487
429 428 8180490
429 430 8180493
428 429 8180496
431 429 8180499
437 438 8180502
437 436 8180505
439 440 8180508
437 437 8180511
442 437 8180515
441 437 8180517
440 438 8180520
442 437 8180523
441 440 8180526
443 442 8180529
445 446 8180532
448 450 8180535
447 446 8180538
448 452 8180541
449 450 8180544
445 450 8180548
452 448 8180550
454 455 8180553
451 453 8180556
452 449 8180559
456 457 8180562
451 456 8180565
457 456 8180568
461 461 8180571
457 458 8180574
461 455 8180577
461 465 8180581
464 458 8180583
466 463 8180586
465 461 8180589
466 467 8180592
461 460 8180595
468 464 8180598
467 465 8180601
469 475 8180604
467 472 8180607
473 469 8180610
471 470 8180614
472 470 8180616
475 476 8180619
475 478 8180622
475 476 8180625
473 479 8180628
478 472 8180631
480 482 8180634
480 476 8180637
483 481 8180640
481 480 8180643
483 480 8180647
485 482 8180649
487 484 8180652
485 484 8180655
485 489 8180658
487 486 8180661
483 488 8180664
487 489 8180667
492 495 8180670
490 493 8180673
496 489 8180676
493 496 8180680
497 491 8180682
495 494 8180685
499 496 8180688
498 496 8180691
502 496 8180694
501 498 8180697
500 497 8180700
503 502 8180703
504 503 8180706
503 502 8180709
503 502 8180713
511 503 8180715
510 508 8180718
504 507 8180721
506 508 8180724
509 510 8180727
511 505 8180730
512 511 8180733
511 512 8180736
512 515 8180739
514 513 8180742
514 513 8180746
517 510 8180748
518 519 8180751
517 514 8180754
517 518 8180757
523 521 8180760
515 521 8180763
519 520 8180766
522 524 8180769
522 527 8180772
525 523 8180775
523 527 8180779
525 521 8180781
528 528 8180784
526 529 8180787
527 528 8180790
532 533 8180793
530 529 8180796
531 532 8180799
533 535 8180802
538 535 8180805
535 531 8180808
533 535 8180812
540 534 8180814
540 537 8180817
538 534 8180820
535 538 8180823
541 538 8180826
537 542 8180829
544 541 8180832
540 545 8180835
543 548 8180838
545 547 8180841
543 540 8180845
547 544 8180847
548 549 8180850
546 545 8180853
551 548 8180856
549 551 8180859
550 543 8180862
553 556 8180865
551 552 8180868
553 552 8180871
555 558 8180874
552 552 8180878
556 551 8180880
557 560 8180883
558 555 8180886
558 560 8180889
558 554 8180892
563 560 8180895
563 562 8180898
562 563 8180901
565 564 8180904
565 568 8180907
564 567 8180911
566 563 8180913
568 566 8180916
567 569 8180919
563 566 8180922
567 571 8180925
570 567 8180928
569 572 8180931
570 574 8180934
574 577 8180937
574 575 8180940
573 577 8180944
578 576 8180946
579 579 8180949
579 575 8180952
577 579 8180955
580 578 8180958
577 576 8180961
583 581 8180964
582 583 8180967
583 580 8180970
586 584 8180973
582 583 8180977
590 582 8180979
589 586 8180982
590 585 8180985
588 588 8180988
586 583 8180991
589 589 8180994
591 589 8180999
588 591 8181002
591 590 8181005
596 597 8181008
589 591 8181011
596 599 8181014
594 596 8181017
596 599 8181020
597 600 8181023
595 598 8181026
597 599 8181029
599 604 8181032
602 601 8181035
601 604 8181038
603 599 8181041
599 599 8181044
606 608 8181047
604 603 8181050
607 609 8181053
606 608 8181056
607 608 8181059
604 609 8181062
612 613 8181065
611 611 8181068
608 608 8181071
611 606 8181074
611 610 8181077
615 611 8181080
610 612 8181083
619 614 8181086
617 617 8181089
619 615 8181092
614 617 8181095
622 620 8181098
620 619 8181101
625 620 8181104
622 618 8181107
622 625 8181110
625 622 8181113
624 620 8181116
623 621 8181119
626 628 8181122
625 619 8181125
621 628 8181128
626 624 8181131
625 628 8181134
627 628 8181137
632 629 8181140
629 627 8181143
633 633 8181146
634 630 8181149
636 637 8181152
636 633 8181155
630 634 8181158
632 637 8181161
635 638 8181164
629 637 8181167
637 639 8181170
634 635 8181173
637 639 8181176
637 642 8181179
640 640 8181182
641 641 8181185
641 646 8181188
640 641 8181191
640 650 8181194
646 647 8181197
642 648 8181200
646 647 8181203
646 647 8181206
646 647 8181209
649 653 8181212
649 654 8181215
650 650 8181218
646 651 8181221
650 650 8181224
647 655 8181227
651 654 8181230
647 655 8181233
657 653 8181236
650 652 8181239
654 657 8181242
657 658 8181245
656 657 8181248
661 662 8181251
660 658 8181254
659 660 8181257
657 662 8181260
661 666 8181263
662 660 8181266
663 662 8181269
663 659 8181272
661 666 8181275
665 663 8181278
663 668 8181281
670 667 8181284
667 665 8181287
670 662 8181290
666 673 8181293
667 668 8181296
671 671 8181299
670 668 8181302
673 673 8181305
669 670 8181308
677 672 8181311
673 676 8181314
677 673 8181317
674 677 8181320
677 673 8181323
673 675 8181326
681 681 8181329
676 679 8181332
679 677 8181335
681 679 8181338
678 679 8181341
683 681 8181344
684 681 8181347
680 684 8181350
689 686 8181353
678 681 8181356
685 688 8181359
685 689 8181362
686 686 8181365
689 689 8181368
691 683 8181371
686 690 8181374
690 689 8181377
690 688 8181380
693 695 8181383
690 691 8181386
690 691 8181389
689 697 8181392
693 694 8181395
691 697 8181398
697 691 8181401
691 699 8181404
696 691 8181407
698 697 8181410
699 697 8181413
698 700 8181416
699 700 8181419
701 700 8181422
701 700 8181425
704 706 8181428
703 703 8181431
705 702 8181434
705 700 8181437
701 705 8181440
707 702 8181443
705 709 8181446
706 709 8181449
706 706 8181452
701 705 8181455
707 708 8181458
701 709 8181461
711 711 8181464
705 710 8181467
710 713 8181470
711 713 8181473
711 711 8181476
714 714 8181479
715 718 8181482
714 715 8181485
711 715 8181488
713 719 8181491
716 718 8181494
716 719 8181497
719 717 8181500
717 718 8181503
718 715 8181506
719 723 8181509
722 715 8181512
719 719 8181515
714 713 8181518
716 712 8181521
708 715 8181524
714 713 8181527
707 711 8181530
711 712 8181533
709 710 8181536
707 706 8181539
711 708 8181542
710 703 8181545
706 706 8181548
706 701 8181551
703 695 8181554
701 705 8181557
701 704 8181560
698 700 8181563
696 699 8181566
698 694 8181569
692 694 8181572
700 692 8181575
692 695 8181578
692 690 8181581
691 694 8181584
690 685 8181587
686 694 8181590
685 688 8181593
683 687 8181596
682 685 8181599
684 680 8181602
680 678 8181605
686 687 8181608
682 680 8181611
683 683 8181614
677 681 8181617
678 677 8181620
674 682 8181623
678 676 8181626
673 676 8181629
676 673 8181632
673 673 8181635
673 673 8181638
676 672 8181641
673 667 8181644
670 668 8181647
668 667 8181650
669 665 8181653
665 668 8181656
666 668 8181659
666 666 8181662
660 664 8181665
663 660 8181668
663 661 8181671
658 655 8181674
660 658 8181677
657 656 8181680
657 660 8181683
653 652 8181686
653 657 8181689
652 652 8181692
652 656 8181695
652 652 8181698
653 650 8181701
648 648 8181704
649 652 8181707
648 648 8181710
650 646 8181713
645 649 8181716
645 642 8181719
641 646 8181722
648 647 8181725
641 646 8181728
646 643 8181731
640 639 8181734
639 637 8181737
639 643 8181740
640 637 8181743
637 642 8181746
638 634 8181749
632 635 8181752
633 636 8181755
633 634 8181758
630 632 8181761
632 629 8181764
631 631 8181767
627 625 8181770
630 632 8181773
626 627 8181776
628 630 8181779
624 623 8181782
624 623 8181785
621 626 8181788
624 621 8181791
619 625 8181794
622 621 8181797
621 616 8181800
618 623 8181803
619 617 8181806
619 622 8181809
616 618 8181812
614 612 8181815
617 615 8181818
612 614 8181821
616 619 8181824
610 613 8181827
615 611 8181830
611 613 8181833
611 609 8181836
608 611 8181839
610 611 8181842
607 607 8181845
605 612 8181848
607 602 8181851
602 608 8181854
608 607 8181857
603 604 8181860
606 603 8181863
601 599 8181866
597 599 8181869
600 604 8181872
600 602 8181875
597 601 8181878
595 596 8181881
596 596 8181884
592 595 8181887
595 594 8181890
592 592 8181893
594 593 8181896
592 588 8181899
588 594 8181902
591 592 8181905
587 587 8181908
589 590 8181911
586 588 8181914
584 586 8181917
583 589 8181920
585 582 8181923
584 588 8181926
585 583 8181929
582 582 8181932
582 579 8181935
583 585 8181938
581 578 8181941
581 580 8181944
582 579 8181947
577 575 8181950
577 581 8181953
576 576 8181956
573 575 8181959
575 576 8181962
574 575 8181965
574 570 8181968
576 576 8181971
573 572 8181974
571 568 8181977
569 572 8181980
570 567 8181983
565 573 8181986
566 566 8181989
563 569 8181992
568 567 8181995
563 558 8181999
563 566 8182002
563 563 8182005
565 561 8182008
561 559 8182011
563 558 8182014
560 556 8182017
556 557 8182020
560 560 8182023
558 554 8182026
558 557 8182029
561 557 8182032
556 550 8182035
558 554 8182037
552 551 8182040
558 553 8182043
554 549 8182046
549 546 8182049
552 552 8182052
549 546 8182055
549 547 8182058
548 553 8182061
550 547 8182064
548 545 8182067
545 545 8182070
550 546 8182073
547 543 8182076
545 543 8182079
544 545 8182082
543 541 8182085
543 540 8182088
540 538 8182091
541 542 8182094
544 538 8182097
542 541 8182100
539 536 8182103
537 541 8182106
540 538 8182109
534 532 8182112
533 538 8182115
536 534 8182118
531 535 8182121
531 536 8182124
535 529 8182127
527 527 8182130
532 533 8182133
533 530 8182136
530 530 8182139
532 530 8182142
531 525 8182145
528 529 8182148
525 526 8182151
528 526 8182154
524 525 8182157
525 522 8182160
526 521 8182163
524 522 8182166
524 520 8182169
523 524 8182172
521 519 8182175
522 513 8182178
519 523 8182181
521 519 8182184
518 520 8182187
515 515 8182190
519 513 8182193
513 512 8182196
514 512 8182199
515 512 8182202
514 514 8182205
513 510 8182208
512 510 8182211
510 513 8182214
513 511 8182217
507 508 8182220
512 506 8182223
509 508 8182226
504 504 8182229
507 513 8182232
506 507 8182235
505 504 8182238
504 506 8182241
501 499 8182244
499 505 8182247
498 505 8182250
502 504 8182253
501 501 8182256
499 499 8182259
500 500 8182262
500 498 8182265
501 495 8182268
496 502 8182271
499 495 8182274
491 497 8182277
492 500 8182280
496 499 8182283
491 494 8182286
491 496 8182289
491 496 8182292
493 490 8182295
492 496 8182298
491 487 8182301
494 494 8182304
490 489 8182307
492 492 8182310
484 495 8182313
486 488 8182316
490 491 8182319
485 484 8182322
485 487 8182325
483 486 8182328
487 485 8182331
486 480 8182334
482 484 8182337
485 484 8182340
478 479 8182343
477 483 8182346
484 483 8182349
478 479 8182352
475 478 8182355
481 479 8182358
476 475 8182361
476 476 8182364
479 480 8182367
479 475 8182370
473 477 8182373
478 476 8182376
473 473 8182379
473 475 8182382
469 474 8182385
473 471 8182388
473 469 8182391
468 464 8182394
472 469 8182397
471 466 8182400
468 469 8182403
470 467 8182406
464 470 8182409
462 467 8182412
462 468 8182415
463 468 8182418
466 464 8182421
461 464 8182424
459 461 8182427
463 465 8182430
461 464 8182433
462 466 8182436
458 462 8182439
459 454 8182442
455 463 8182445
458 458 8182448
458 461 8182451
456 454 8182454
459 456 8182457
456 456 8182460
455 454 8182463
455 455 8182466
457 454 8182469
453 451 8182472
456 451 8182475
449 452 8182478
450 450 8182481
448 454 8182484
456 450 8182487
448 445 8182490
446 445 8182493
452 453 8182496
448 448 8182499
447 452 8182502
449 448 8182505
448 444 8182508
441 448 8182511
447 450 8182514
446 446 8182517
443 441 8182520
443 446 8182523
444 441 8182526
445 442 8182529
441 437 8182532
443 444 8182535
440 438 8182538
442 438 8182541
438 441 8182544
441 443 8182547
440 438 8182550
439 434 8182553
439 434 8182556
437 435 8182559
438 437 8182562
439 432 8182565
434 436 8182568
438 431 8182571
435 433 8182574
430 433 8182577
435 431 8182580
429 431 8182583
435 430 8182586
432 429 8182589
428 421 8182592
429 428 8182595
428 428 8182598
430 426 8182601
427 426 8182604
428 425 8182607
422 425 8182610
427 426 8182613
423 424 8182616
425 424 8182619
421 421 8182622
422 422 8182625
419 421 8182628
421 422 8182631
419 420 8182634
423 420 8182637
420 422 8182640
419 419 8182643
420 424 8182646
416 415 8182649
417 420 8182652
416 415 8182655
412 413 8182658
415 417 8182661
418 416 8182664
420 413 8182667
418 417 8182670
417 412 8182673
409 415 8182676
414 408 8182679
413 413 8182682
414 413 8182685
414 407 8182688
410 407 8182691
413 414 8182694
408 412 8182697
409 412 8182700
405 407 8182703
401 409 8182706
406 410 8182709
405 408 8182712
405 412 8182715
408 408 8182718
403 406 8182721
405 403 8182724
405 407 8182727
408 403 8182730
402 402 8182733
404 404 8182736
404 402 8182739
400 402 8182742
403 400 8182745
400 400 8182748
400 398 8182751
399 394 8182754
396 400 8182757
397 395 8182760
398 393 8182763
395 395 8182766
397 395 8182769
394 394 8182772
390 397 8182775
396 398 8182778
393 392 8182781
390 390 8182784
393 391 8182787
386 390 8182790
391 393 8182793
389 393 8182796
394 396 8182799
391 392 8182802
387 386 8182805
389 392 8182808
388 391 8182811
386 389 8182814
388 383 8182817
385 387 8182820
385 387 8182823
387 391 8182826
386 385 8182829
385 386 8182832
386 386 8182835
380 383 8182838
381 390 8182841
387 389 8182844
380 381 8182847
384 384 8182850
378 379 8182853
380 379 8182856
380 382 8182859
383 384 8182862
383 380 8182865
375 380 8182868
377 376 8182871
377 383 8182874
380 379 8182877
376 377 8182880
374 374 8182883
376 377 8182886
375 376 8182889
379 376 8182892
371 372 8182895
373 372 8182898
370 374 8182901
370 370 8182904
371 377 8182907
371 374 8182910
373 370 8182913
364 368 8182916
374 371 8182919
369 366 8182922
371 372 8182925
369 368 8182928
369 371 8182931
368 367 8182934
369 369 8182937
365 367 8182940
367 369 8182943
364 368 8182946
368 368 8182949
366 362 8182952
364 362 8182955
362 363 8182958
363 362 8182961
364 365 8182964
365 363 8182967
361 363 8182970
359 366 8182973
358 364 8182976
359 360 8182979
359 359 8182982
362 362 8182985
359 361 8182988
358 355 8182991
356 353 8182994
362 356 8182999
356 359 8183002
352 353 8183005
356 352 8183008
357 356 8183011
357 349 8183014
357 357 8183017
353 352 8183020
352 353 8183023
353 352 8183026
356 348 8183029
353 351 8183032
348 350 8183035
348 350 8183038
352 351 8183040
349 353 8183043
346 348 8183046
352 347 8183049
349 353 8183052
346 346 8183055
347 345 8183058
349 344 8183061
346 344 8183065
346 345 8183067
345 348 8183070
343 344 8183073
343 344 8183076
346 345 8183079
343 343 8183082
343 344 8183085
339 344 8183088
340 340 8183091
345 341 8183094
340 340 8183098
345 335 8183100
340 344 8183103
343 335 8183106
341 340 8183109
341 338 8183112
337 339 8183115
337 336 8183118
338 337 8183121
339 338 8183124
336 338 8183127
332 332 8183131
336 335 8183133
334 334 8183136
336 335 8183139
337 334 8183142
328 331 8183145
328 329 8183148
331 333 8183151
331 334 8183154
328 331 8183157
331 332 8183160
331 333 8183164
327 325 8183166
331 331 8183169
332 327 8183172
330 329 8183175
327 324 8183178
329 326 8183181
325 327 8183184
330 327 8183187
327 329 8183190
331 327 8183193
321 324 8183197
327 322 8183199
324 325 8183202
324 326 8183205
319 319 8183208
323 323 8183211
321 319 8183214
324 325 8183217
321 323 8183220
322 324 8183223
321 321 8183226
322 325 8183230
322 318 8183232
316 321 8183235
321 318 8183238
317 324 8183241
315 317 8183244
316 317 8183247
319 321 8183250
316 321 8183253
315 315 8183256
317 314 8183259
317 318 8183263
315 309 8183265
314 311 8183268
318 313 8183271
315 312 8183274
312 312 8183277
310 310 8183280
316 309 8183283
312 312 8183286
315 311 8183289
314 312 8183292
311 309 8183296
315 308 8183298
310 309 8183301
316 310 8183304
307 310 8183307
310 307 8183310
307 310 8183313
310 310 8183316
311 307 8183319
307 306 8183322
310 306 8183325
304 304 8183329
305 300 8183331
306 303 8183334
306 303 8183337
303 301 8183340
303 301 8183343
299 305 8183346
303 303 8183349
303 303 8183352
301 303 8183355
301 301 8183358
301 298 8183362
304 300 8183364
306 299 8183367
300 302 8183370
300 300 8183373
302 303 8183376
295 297 8183379
302 296 8183382
303 300 8183385
296 299 8183388
300 295 8183391
297 299 8183395
298 289 8183397
297 297 8183400
293 296 8183403
295 293 8183406
295 297 8183409
295 291 8183412
295 295 8183415
296 296 8183418
295 296 8183421
293 294 8183424
295 292 8183428
294 289 8183430
295 293 8183433
291 290 8183436
293 294 8183439
288 291 8183442
286 288 8183445
288 291 8183448
289 292 8183451
293 293 8183454
285 288 8183457
286 289 8183461
287 282 8183463
289 288 8183466
288 288 8183469
285 288 8183472
282 287 8183475
286 284 8183478
288 291 8183481
284 287 8183484
286 284 8183487
284 286 8183490
282 285 8183494
284 279 8183496
286 285 8183499
284 282 8183502
280 281 8183505
278 279 8183508
279 282 8183511
282 282 8183514
283 286 8183517
280 281 8183520
282 280 8183523
279 277 8183527
284 277 8183529
281 278 8183532
283 278 8183535
277 280 8183538
273 279 8183541
278 278 8183544
278 277 8183547
278 278 8183550
275 280 8183553
277 280 8183556
272 272 8183560
275 269 8183562
274 274 8183565
275 277 8183568
276 275 8183571
273 274 8183574
269 273 8183577
271 273 8183580
275 268 8183583
274 271 8183586
274 272 8183589
273 272 8183593
277 269 8183595
270 271 8183598
271 270 8183601
273 269 8183604
270 272 8183607
268 264 8183610
271 270 8183613
267 268 8183616
272 271 8183619
269 269 8183622
269 266 8183626
273 263 8183628
266 269 8183631
271 264 8183634
268 269 8183637
265 263 8183640
265 263 8183643
269 267 8183646
264 261 8183649
267 266 8183652
263 265 8183655
260 264 8183659
264 251 8183661
266 262 8183664
260 260 8183667
264 261 8183670
262 262 8183673
259 259 8183676
260 260 8183679
261 263 8183682
259 264 8183685
262 265 8183688
256 257 8183692
262 260 8183694
257 264 8183697
257 257 8183700
260 259 8183703
256 258 8183706
255 254 8183709
258 257 8183712
257 255 8183715
259 256 8183718
257 259 8183721
251 252 8183725
259 250 8183727
255 252 8183730
257 254 8183733
255 254 8183736
254 251 8183739
251 249 8183742
253 256 8183745
253 251 8183748
255 256 8183751
251 253 8183754
250 255 8183758
252 249 8183760
251 252 8183763
246 251 8183766
250 247 8183769
250 253 8183772
247 250 8183775
248 248 8183778
249 250 8183781
251 254 8183784
248 246 8183787
247 249 8183791
248 241 8183793
250 245 8183796
249 248 8183799
246 249 8183802
245 246 8183805
245 243 8183808
248 248 8183811
246 249 8183814
244 245 8183817
243 239 8183820
244 243 8183824
249 242 8183826
240 242 8183829
245 238 8183832
242 243 8183835
244 245 8183838
241 242 8183841
238 243 8183844
239 242 8183847
246 248 8183850
241 245 8183853
238 241 8183857
239 234 8183859
242 240 8183862
237 243 8183865
237 240 8183868
238 238 8183871
236 239 8183874
235 238 8183877
233 236 8183880
238 237 8183883
239 239 8183886
236 238 8183890
237 238 8183892
234 235 8183895
238 235 8183898
235 239 8183901
236 238 8183904
233 232 8183907
234 237 8183910
235 234 8183913
235 234 8183916
233 233 8183919
233 235 8183923
239 231 8183925
235 231 8183928
231 231 8183931
229 230 8183934
229 228 8183937
233 233 8183940
228 235 8183943
232 234 8183946
230 231 8183949
232 234 8183952
225 231 8183956
228 221 8183958
233 231 8183961
230 230 8183964
227 229 8183967
227 229 8183970
229 226 8183973
229 232 8183976
226 224 8183979
227 225 8183982
226 226 8183985
223 222 8183989
226 220 8183991
227 221 8183994
228 224 8183999
225 223 8184002
222 219 8184005
219 222 8184008
226 226 8184011
223 226 8184014
219 220 8184017
224 225 8184020
223 221 8184023
226 220 8184026
222 221 8184029
222 218 8184032
217 219 8184035
222 222 8184038
221 222 8184041
219 217 8184044
219 219 8184047
220 216 8184050
220 219 8184053
217 216 8184056
216 223 8184059
218 219 8184062
217 220 8184065
219 221 8184068
218 218 8184071
214 219 8184074
218 215 8184077
215 215 8184080
216 213 8184083
214 218 8184086
217 214 8184089
214 221 8184092
216 217 8184095
213 214 8184098
208 216 8184101
215 216 8184104
211 212 8184107
215 213 8184110
213 210 8184113
212 208 8184116
214 215 8184119
214 213 8184122
211 216 8184125
216 215 8184128
208 209 8184131
211 213 8184134
209 213 8184137
210 211 8184140
211 212 8184143
209 209 8184146
204 206 8184149
207 214 8184152
212 214 8184155
212 206 8184158
204 205 8184161
207 206 8184164
205 206 8184167
209 209 8184170
207 209 8184173
210 209 8184176
206 204 8184179
202 205 8184182
207 209 8184185
205 209 8184188
205 206 8184191
203 206 8184194
202 199 8184197
202 204 8184200
206 204 8184203
202 204 8184206
205 201 8184209
204 201 8184212
202 205 8184215
203 207 8184218
200 204 8184221
206 203 8184224
201 205 8184227
199 200 8184230
200 206 8184233
205 204 8184236
202 201 8184239
199 198 8184242
198 199 8184245
200 197 8184248
202 201 8184251
199 196 8184254
199 197 8184257
197 200 8184260
202 198 8184263
197 200 8184266
203 205 8184269
198 197 8184272
197 197 8184275
198 194 8184278
196 196 8184281
198 201 8184284
198 196 8184287
198 194 8184290
197 196 8184293
193 189 8184296
194 197 8184299
199 198 8184302
193 192 8184305
194 194 8184308
195 191 8184311
194 192 8184314
194 198 8184317
194 198 8184320
193 196 8184323
195 195 8184326
192 190 8184329
193 196 8184332
189 190 8184335
189 192 8184338
193 190 8184341
192 187 8184344
187 189 8184347
191 193 8184350
193 189 8184353
191 189 8184356
191 191 8184359
188 188 8184362
190 193 8184365
190 193 8184368
189 189 8184371
188 190 8184374
190 188 8184377
186 187 8184380
187 188 8184383
188 186 8184386
189 192 8184389
187 189 8184392
185 182 8184395
185 189 8184398
188 186 8184401
185 188 8184404
189 183 8184407
186 183 8184410
181 182 8184413
187 187 8184416
183 185 8184419
187 187 8184422
185 187 8184425
185 180 8184428
179 186 8184431
184 183 8184434
179 177 8184437
185 180 8184440
179 179 8184443
183 176 8184446
182 180 8184449
185 183 8184452
184 182 8184455
180 185 8184458
185 180 8184461
175 183 8184464
180 185 8184467
177 173 8184470
179 180 8184473
180 177 8184476
177 180 8184479
181 180 8184482
178 183 8184485
179 179 8184488
175 181 8184491
177 175 8184494
172 178 8184497
179 181 8184500
178 178 8184503
177 174 8184506
177 178 8184509
175 177 8184512
175 179 8184515
177 175 8184518
176 173 8184521
173 177 8184524
175 171 8184527
173 176 8184530
173 174 8184533
173 175 8184536
177 174 8184539
175 173 8184542
175 170 8184545
176 175 8184548
173 173 8184551
172 175 8184554
174 174 8184557
169 173 8184560
168 176 8184563
168 171 8184566
174 175 8184569
169 169 8184572
175 173 8184575
171 167 8184578
172 168 8184581
172 170 8184584
172 169 8184587
168 172 8184590
173 171 8184593
172 176 8184596
170 169 8184599
172 173 8184602
169 168 8184605
168 166 8184608
169 165 8184611
169 170 8184614
169 165 8184617
168 168 8184620
168 170 8184623
169 166 8184626
166 172 8184629
165 164 8184632
166 171 8184635
167 167 8184638
167 162 8184641
163 164 8184644
167 167 8184647
166 163 8184650
167 165 8184653
166 168 8184656
161 163 8184659
163 167 8184662
165 165 8184665
165 166 8184668
166 159 8184671
167 164 8184674
161 159 8184677
163 165 8184680
166 162 8184683
163 161 8184686
160 164 8184689
160 158 8184692
157 163 8184695
158 162 8184698
157 163 8184701
162 162 8184704
160 161 8184707
156 162 8184710
163 160 8184713
162 162 8184716
162 163 8184719
161 156 8184722
157 154 8184725
153 159 8184728
158 163 8184731
158 160 8184734
162 158 8184737
158 159 8184740
158 155 8184743
157 159 8184746
160 159 8184749
157 158 8184752
156 156 8184755
157 157 8184758
157 161 8184761
157 158 8184764
154 157 8184767
154 152 8184770
156 152 8184773
152 154 8184776
161 156 8184779
155 159 8184782
154 155 8184785
151 155 8184788
155 151 8184791
152 157 8184794
156 157 8184797
155 151 8184800
152 148 8184803
152 151 8184806
153 152 8184809
152 155 8184812
155 148 8184815
155 157 8184818
156 153 8184821
155 148 8184824
149 150 8184827
153 151 8184830
152 154 8184833
153 147 8184836
154 147 8184839
150 149 8184842
154 155 8184845
153 154 8184848
154 153 8184851
148 151 8184854
146 146 8184857
145 154 8184860
152 153 8184863
146 150 8184866
148 144 8184869
149 146 8184872
148 148 8184875
150 148 8184878
150 148 8184881
153 152 8184884
149 147 8184887
146 142 8184890
140 149 8184893
151 150 8184896
146 145 8184899
145 148 8184902
145 148 8184905
147 147 8184908
147 149 8184911
149 148 8184914
147 146 8184917
148 148 8184920
144 146 8184923
143 148 8184926
143 147 8184929
145 148 8184932
146 143 8184935
145 140 8184938
143 142 8184941
143 145 8184944
149 148 8184947
144 143 8184950
143 136 8184953
141 140 8184956
138 149 8184959
141 145 8184962
141 144 8184965
143 140 8184968
138 139 8184971
138 141 8184974
143 147 8184977
140 140 8184980
140 147 8184983
141 142 8184986
141 140 8184989
138 143 8184992
139 141 8184995
142 139 8184999
134 150 8185002
138 135 8185005
138 136 8185008
143 141 8185011
139 139 8185014
138 139 8185017
136 132 8185020
137 139 8185023
141 137 8185026
140 139 8185029
136 139 8185032
141 142 8185034
136 136 8185037
136 132 8185040
135 135 8185043
138 141 8185046
138 138 8185049
143 136 8185052
137 133 8185055
137 133 8185058
138 135 8185061
136 130 8185064
137 136 8185067
133 128 8185070
133 131 8185073
136 130 8185076
136 137 8185079
136 133 8185082
134 133 8185085
132 139 8185088
132 138 8185091
133 135 8185094
132 133 8185097
132 136 8185100
130 128 8185103
134 136 8185106
131 134 8185109
132 131 8185112
131 132 8185115
135 134 8185118
130 132 8185121
130 130 8185124
132 135 8185127
132 134 8185130
130 129 8185133
129 131 8185136
132 135 8185139
128 129 8185142
127 131 8185145
130 131 8185148
126 130 8185151
127 103 8185154
127 129 8185157
125 133 8185160
128 130 8185163
127 127 8185166
126 128 8185169
128 129 8185172
128 131 8185175
129 129 8185178
126 128 8185181
123 124 8185184
127 133 8185187
126 125 8185190
124 128 8185193
131 125 8185196
127 126 8185199
124 125 8185202
130 132 8185205
128 129 8185208
124 129 8185211
126 127 8185214
126 127 8185217
122 122 8185220
123 127 8185223
124 128 8185226
124 120 8185229
121 127 8185232
123 119 8185235
124 129 8185238
124 127 8185241
126 130 8185244
124 123 8185247
124 119 8185250
121 126 8185253
124 120 8185256
122 122 8185259
121 123 8185262
124 122 8185265
122 119 8185268
124 121 8185271
124 123 8185274
124 120 8185277
122 123 8185280
121 123 8185283
122 123 8185286
120 123 8185289
122 122 8185292
119 119 8185295
120 123 8185298
118 119 8185301
122 122 8185304
122 122 8185307
121 124 8185310
120 119 8185313
117 116 8185316
122 122 8185319
118 117 8185322
115 121 8185325
120 119 8185328
121 115 8185331
115 112 8185334
120 118 8185337
117 118 8185340
117 121 8185343
118 122 8185346
119 113 8185349
112 119 8185352
118 120 8185355
115 114 8185358
118 114 8185361
117 115 8185364
114 112 8185367
120 115 8185370
116 112 8185373
117 116 8185376
117 113 8185379
116 111 8185382
114 115 8185385
119 121 8185388
119 116 8185391
113 117 8185394
115 112 8185397
109 110 8185400
117 119 8185403
111 111 8185406
112 115 8185409
114 116 8185412
110 111 8185415
109 121 8185418
115 115 8185421
108 118 8185424
115 115 8185427
112 112 8185430
111 114 8185433
113 116 8185436
111 107 8185439
111 111 8185442
112 116 8185445
110 107 8185448
108 111 8185451
112 114 8185454
112 112 8185457
110 108 8185460
112 109 8185463
111 108 8185466
111 112 8185469
113 108 8185472
111 111 8185475
111 111 8185478
112 106 8185481
106 107 8185484
111 113 8185487
111 105 8185490
106 108 8185493
114 111 8185496
106 106 8185499
110 109 8185502
108 111 8185505
113 108 8185508
109 107 8185511
110 111 8185514
108 106 8185517
106 109 8185520
109 108 8185523
108 106 8185526
108 103 8185529
106 102 8185532
108 110 8185535
109 104 8185538
108 108 8185541
107 106 8185544
104 106 8185547
105 104 8185550
106 105 8185553
110 107 8185556
103 99 8185559
105 103 8185562
107 102 8185565
110 105 8185568
103 104 8185571
105 108 8185574
104 106 8185577
105 104 8185580
103 105 8185583
100 109 8185586
106 108 8185589
106 101 8185592
103 100 8185595
102 108 8185598
106 104 8185601
100 103 8185604
106 106 8185607
102 106 8185610
103 102 8185613
97 107 8185616
103 109 8185619
100 102 8185622
102 101 8185625
99 105 8185628
105 103 8185631
102 104 8185634
103 107 8185637
101 105 8185640
102 102 8185643
101 102 8185646
101 107 8185649
100 101 8185652
100 103 8185655
101 100 8185658
104 100 8185661
101 99 8185664
98 103 8185667
97 102 8185670
100 102 8185673
97 102 8185676
100 101 8185679
96 103 8185682
100 103 8185685
101 101 8185688
100 101 8185691
98 97 8185694
99 97 8185697
98 102 8185700
99 99 8185703
98 93 8185706
96 102 8185709
100 98 8185712
94 99 8185715
98 101 8185718
96 97 8185721
95 97 8185724
98 99 8185727
98 92 8185730
97 97 8185733
99 95 8185736
99 93 8185739
99 97 8185742
96 93 8185745
94 98 8185748
97 97 8185751
93 97 8185754
96 95 8185757
95 90 8185760
91 98 8185763
97 99 8185766
92 93 8185769
95 98 8185772
93 94 8185775
92 95 8185778
95 98 8185781
91 96 8185784
93 93 8185787
90 92 8185790
94 93 8185793
91 92 8185796
96 95 8185799
92 92 8185802
92 94 8185805
92 95 8185808
91 90 8185811
90 98 8185814
93 96 8185817
94 97 8185820
94 94 8185823
93 90 8185826
88 91 8185829
89 94 8185832
90 93 8185835
92 92 8185838
88 92 8185841
89 90 8185844
86 94 8185847
93 95 8185850
85 90 8185853
93 95 8185856
90 89 8185859
90 92 8185862
92 90 8185865
93 95 8185868
94 89 8185871
89 93 8185874
89 85 8185877
88 93 8185880
89 91 8185883
90 89 8185886
87 86 8185889
89 88 8185892
88 85 8185895
91 91 8185898
89 87 8185901
87 93 8185904
91 87 8185907
88 87 8185910
84 93 8185913
84 87 8185916
86 90 8185919
87 88 8185922
86 85 8185925
86 84 8185928
89 91 8185931
91 87 8185934
88 88 8185937
87 84 8185940
88 86 8185943
86 82 8185946
83 87 8185949
88 87 8185952
86 87 8185955
86 84 8185958
82 83 8185961
87 84 8185964
84 88 8185967
89 87 8185970
84 87 8185973
82 86 8185976
85 87 8185979
90 86 8185982
86 85 8185985
85 85 8185988
87 84 8185991
84 81 8185994
85 86 8185997
82 83 8186001
82 80 8186004
86 84 8186007
81 84 8186010
86 84 8186013
80 80 8186016
86 88 8186019
83 84 8186022
90 87 8186025
80 86 8186028
82 81 8186032
84 79 8186034
84 80 8186037
79 82 8186040
84 78 8186043
80 80 8186046
84 75 8186049
86 87 8186052
81 81 8186055
82 84 8186058
82 84 8186061
85 81 8186065
79 81 8186067
80 81 8186070
78 83 8186073
80 85 8186076
79 84 8186079
74 78 8186082
82 82 8186085
81 80 8186088
81 79 8186091
80 78 8186094
82 81 8186098
83 76 8186100
79 81 8186103
82 81 8186106
78 80 8186109
81 80 8186112
76 72 8186115
80 76 8186118
78 79 8186121
80 76 8186124
82 77 8186127
74 75 8186131
83 78 8186133
79 77 8186136
80 78 8186139
76 83 8186142
78 79 8186145
78 80 8186148
76 79 8186151
77 77 8186154
79 77 8186157
78 78 8186160
76 77 8186164
80 77 8186166
79 76 8186169
78 72 8186172
75 82 8186175
77 79 8186178
76 76 8186181
81 76 8186184
76 80 8186187
78 77 8186190
75 77 8186193
75 73 8186197
80 72 8186199
76 80 8186202
77 74 8186205
74 78 8186208
75 77 8186211
75 78 8186214
76 77 8186217
78 76 8186220
79 80 8186223
75 71 8186226
77 73 8186230
76 69 8186232
77 74 8186235
76 73 8186238
74 73 8186241
73 73 8186244
73 71 8186247
73 75 8186250
71 72 8186253
72 74 8186256
76 72 8186259
72 71 8186263
76 72 8186265
72 71 8186268
76 73 8186271
71 71 8186274
73 77 8186277
72 73 8186280
71 72 8186283
74 74 8186286
70 77 8186289
73 72 8186292
69 70 8186296
72 69 8186298
71 73 8186301
70 69 8186304
71 73 8186307
71 75 8186310
68 68 8186313
73 75 8186316
69 71 8186319
72 73 8186322
69 71 8186325
68 67 8186329
72 65 8186331
69 75 8186334
68 64 8186337
71 68 8186340
68 79 8186343
68 68 8186346
71 74 8186349
67 73 8186352
69 68 8186355
71 72 8186358
65 68 8186362
72 67 8186364
70 72 8186367
68 71 8186370
69 72 8186373
65 71 8186376
69 68 8186379
72 76 8186382
67 70 8186385
68 66 8186388
74 74 8186391
67 68 8186395
67 61 8186397
68 72 8186400
73 67 8186403
68 72 8186406
69 69 8186409
64 65 8186412
71 71 8186415
68 72 8186418
67 68 8186421
67 71 8186424
64 65 8186428
74 64 8186430
68 70 8186433
63 64 8186436
66 68 8186439
66 70 8186442
63 65 8186445
67 70 8186448
68 70 8186451
67 70 8186454
70 70 8186457
66 67 8186461
68 58 8186463
69 70 8186466
68 61 8186469
67 66 8186472
66 64 8186475
66 67 8186478
71 69 8186481
64 65 8186484
70 69 8186487
66 69 8186490
66 63 8186494
68 59 8186496
63 63 8186499
67 57 8186502
67 66 8186505
61 62 8186508
63 60 8186511
67 67 8186514
65 66 8186517
63 65 8186520
62 64 8186523
62 65 8186527
67 62 8186529
63 66 8186532
65 62 8186535
62 67 8186538
67 65 8186541
64 61 8186544
64 61 8186547
65 65 8186550
66 65 8186553
64 62 8186556
60 62 8186560
63 54 8186562
63 60 8186565
64 64 8186568
61 61 8186571
65 61 8186574
63 57 8186577
65 63 8186580
61 59 8186583
63 61 8186586
63 61 8186589
61 58 8186593
62 53 8186595
62 65 8186598
60 59 8186601
64 63 8186604
60 62 8186607
62 64 8186610
58 67 8186613
58 60 8186616
61 64 8186619
61 62 8186622
57 60 8186626
64 58 8186628
62 60 8186631
63 58 8186634
59 60 8186637
61 55 8186640
58 57 8186643
63 60 8186646
62 61 8186649
62 60 8186652
58 59 8186655
56 60 8186659
56 55 8186661
60 60 8186664
56 59 8186667
61 63 8186670
60 63 8186673
57 58 8186676
59 62 8186679
55 61 8186682
56 59 8186685
57 61 8186688
53 55 8186692
58 55 8186694
58 62 8186697
54 58 8186700
58 56 8186703
56 61 8186706
53 56 8186709
62 57 8186712
56 60 8186715
59 61 8186718
58 65 8186721
57 57 8186725
56 55 8186727
60 61 8186730
57 58 8186733
57 58 8186736
54 60 8186739
55 54 8186742
55 60 8186745
54 54 8186748
58 59 8186751
56 56 8186754
53 56 8186758
58 53 8186760
56 52 8186763
59 52 8186766
55 62 8186769
57 50 8186772
58 52 8186775
55 58 8186778
53 52 8186781
58 53 8186784
53 55 8186787
53 52 8186791
58 55 8186793
51 56 8186796
56 54 8186799
53 58 8186802
51 51 8186805
52 53 8186808
55 55 8186811
53 53 8186814
55 57 8186817
56 55 8186820
51 49 8186824
59 50 8186826
57 56 8186829
52 50 8186832
53 53 8186835
50 51 8186838
53 49 8186841
56 57 8186844
51 53 8186847
58 56 8186850
58 53 8186853
52 52 8186857
52 50 8186859
52 49 8186862
55 49 8186865
50 53 8186868
51 51 8186871
50 45 8186874
53 54 8186877
52 54 8186880
52 55 8186883
52 51 8186886
49 54 8186890
54 51 8186892
48 50 8186895
55 51 8186898
52 60 8186901
50 49 8186904
50 53 8186907
51 54 8186910
50 52 8186913
53 52 8186916
53 55 8186919
45 50 8186923
52 47 8186925
54 54 8186928
51 49 8186931
53 55 8186934
46 49 8186937
52 51 8186940
53 52 8186943
49 56 8186946
49 47 8186949
49 49 8186952
47 46 8186956
52 47 8186958
48 43 8186961
46 45 8186964
51 51 8186967
48 51 8186970
50 45 8186973
52 48 8186976
48 50 8186979
50 48 8186982
50 49 8186985
49 48 8186989
48 48 8186991
51 49 8186994
47 46 8186999
52 47 8187002
47 47 8187005
48 52 8187008
51 41 8187011
47 46 8187014
47 50 8187017
49 50 8187020
50 46 8187023
50 49 8187026
45 46 8187029
48 48 8187032
46 50 8187035
45 48 8187038
46 48 8187041
48 46 8187044
44 50 8187047
50 48 8187050
50 49 8187053
47 49 8187056
48 44 8187059
47 47 8187062
49 43 8187065
44 45 8187068
44 44 8187071
50 47 8187074
45 43 8187077
50 44 8187080
48 42 8187083
44 45 8187086
48 44 8187089
50 43 8187092
45 43 8187095
46 47 8187098
43 43 8187101
46 48 8187104
45 44 8187107
47 47 8187110
47 43 8187113
43 41 8187116
45 46 8187119
45 43 8187122
45 49 8187125
44 43 8187128
42 42 8187131
45 50 8187134
43 42 8187137
45 50 8187140
46 45 8187143
44 43 8187146
41 45 8187149
44 45 8187152
42 44 8187155
42 43 8187158
48 50 8187161
46 39 8187164
44 43 8187167
47 45 8187170
43 45 8187173
47 40 8187176
44 39 8187179
40 39 8187182
42 44 8187185
45 43 8187188
42 44 8187191
40 45 8187194
42 42 8187197
39 47 8187200
43 45 8187203
36 43 8187206
43 46 8187209
43 41 8187212
44 40 8187215
41 44 8187218
44 46 8187221
46 43 8187224
45 39 8187227
42 41 8187230
44 45 8187233
37 43 8187236
41 44 8187239
44 36 8187242
41 42 8187245
40 38 8187248
44 42 8187251
42 42 8187254
42 47 8187257
41 41 8187260
42 40 8187263
40 46 8187266
37 42 8187269
41 40 8187272
40 43 8187275
40 40 8187278
37 38 8187281
42 47 8187284
42 41 8187287
41 39 8187290
44 47 8187293
39 40 8187296
36 43 8187299
39 41 8187302
37 40 8187305
41 40 8187308
36 33 8187311
35 41 8187314
43 40 8187317
38 36 8187320
40 44 8187323
42 38 8187326
34 39 8187329
41 37 8187332
40 40 8187335
40 38 8187338
41 41 8187341
43 42 8187344
38 35 8187347
37 44 8187350
42 35 8187353
38 39 8187356
41 39 8187359
35 37 8187362
39 45 8187365
36 35 8187368
36 37 8187371
42 38 8187374
40 33 8187377
36 34 8187380
39 36 8187383
40 39 8187386
39 34 8187389
39 42 8187392
42 37 8187395
32 40 8187398
39 41 8187401
37 42 8187404
39 40 8187407
39 35 8187410
37 35 8187413
38 40 8187416
38 40 8187419
40 38 8187422
38 37 8187425
36 39 8187428
34 38 8187431
35 38 8187434
35 33 8187437
34 37 8187440
41 37 8187443
34 32 8187446
41 37 8187449
38 34 8187452
38 35 8187455
37 36 8187458
38 37 8187461
37 35 8187464
35 39 8187467
37 40 8187470
35 40 8187473
36 34 8187476
32 39 8187479
37 37 8187482
33 35 8187485
38 33 8187488
36 38 8187491
37 33 8187494
32 38 8187497
40 35 8187500
34 35 8187503
37 31 8187506
34 34 8187509
33 35 8187512
36 33 8187515
36 33 8187518
35 36 8187521
39 39 8187524
34 33 8187527
33 38 8187530
34 32 8187533
35 33 8187536
33 38 8187539
36 29 8187542
28 29 8187545
37 39 8187548
38 35 8187551
33 38 8187554
35 34 8187557
30 38 8187560
31 37 8187563
34 35 8187566
30 31 8187569
34 39 8187572
32 32 8187575
35 29 8187578
34 32 8187581
34 27 8187584
