0 0 3836873
0 0 3836878
0 0 3836882
0 0 3836886
0 0 3836891
0 0 3836895
0 0 3836899
0 0 3836904
0 0 3836908
0 0 3836913
0 0 3836917
0 0 3836921
0 0 3836926
0 0 3836930
0 0 3836935
0 0 3836939
0 0 3836943
0 0 3836948
0 0 3836952
0 0 3836956
0 0 3836961
0 0 3836965
0 0 3836970
0 0 3836974
0 0 3836978
0 0 3836983
0 0 3836987
0 0 3836991
0 0 3836996
0 0 3837001
0 0 3837006
0 0 3837010
0 0 3837015
0 0 3837019
0 0 3837023
0 0 3837028
0 0 3837032
0 0 3837036
0 0 3837041
0 0 3837045
0 0 3837050
0 0 3837054
0 0 3837058
0 0 3837063
0 0 3837067
0 0 3837072
0 0 3837076
0 0 3837080
0 0 3837085
0 0 3837089
0 0 3837093
0 0 3837098
0 0 3837102
0 0 3837107
0 0 3837111
0 0 3837115
0 0 3837120
0 0 3837124
0 0 3837128
0 0 3837133
0 0 3837137
0 0 3837142
0 0 3837146
0 0 3837150
0 0 3837155
0 0 3837159
0 0 3837164
0 0 3837168
0 0 3837172
0 0 3837177
0 0 3837181
0 0 3837185
0 0 3837190
0 0 3837194
0 0 3837199
0 0 3837203
0 0 3837207
0 0 3837212
0 0 3837216
0 0 3837220
0 0 3837225
0 0 3837229
0 0 3837234
0 0 3837238
0 0 3837242
0 0 3837247
0 0 3837251
0 0 3837256
0 0 3837260
0 0 3837264
0 0 3837269
0 0 3837273
0 0 3837277
0 0 3837282
0 0 3837286
0 0 3837291
0 0 3837295
0 0 3837299
0 0 3837304
0 0 3837308
0 0 3837312
0 0 3837317
0 0 3837321
0 0 3837326
0 0 3837330
0 0 3837334
0 0 3837339
0 0 3837343
0 0 3837348
0 0 3837352
0 0 3837356
0 0 3837361
0 0 3837365
0 0 3837369
0 0 3837374
0 0 3837378
0 0 3837383
0 0 3837387
0 0 3837391
0 0 3837396
0 0 3837400
0 0 3837404
0 0 3837409
0 0 3837413
0 0 3837418
0 0 3837422
0 0 3837426
0 0 3837431
0 0 3837435
0 0 3837440
0 0 3837444
0 0 3837448
0 0 3837453
0 0 3837457
0 0 3837461
0 0 3837466
0 0 3837470
0 0 3837474
0 0 3837479
0 0 3837483
0 0 3837487
0 0 3837492
0 0 3837496
0 0 3837500
0 0 3837505
0 0 3837509
0 0 3837513
0 0 3837518
0 0 3837522
0 0 3837526
0 0 3837531
0 0 3837535
0 0 3837539
0 0 3837544
0 0 3837548
0 0 3837552
0 0 3837557
0 0 3837561
0 0 3837565
0 0 3837570
0 0 3837574
0 0 3837578
0 0 3837583
0 0 3837587
0 0 3837591
0 0 3837596
0 0 3837600
0 0 3837604
0 0 3837609
0 0 3837613
0 0 3837617
0 0 3837622
0 0 3837626
0 0 3837630
0 0 3837635
0 0 3837639
0 0 3837643
0 0 3837648
0 0 3837652
0 0 3837656
0 0 3837661
0 0 3837665
0 0 3837669
0 0 3837674
0 0 3837678
0 0 3837682
0 0 3837687
0 0 3837691
0 0 3837695
0 0 3837700
0 0 3837704
0 0 3837708
0 0 3837713
0 0 3837717
0 0 3837721
0 0 3837726
0 0 3837730
0 0 3837734
0 0 3837739
0 0 3837743
0 0 3837747
0 0 3837752
0 0 3837756
0 0 3837760
0 0 3837765
0 0 3837769
0 0 3837773
0 0 3837778
0 0 3837782
0 0 3837786
0 0 3837791
0 0 3837795
0 0 3837799
0 0 3837804
0 0 3837808
0 0 3837812
0 0 3837817
0 0 3837821
0 0 3837825
0 0 3837830
0 0 3837834
0 0 3837838
0 0 3837843
0 0 3837847
0 0 3837851
0 0 3837856
0 0 3837860
0 0 3837864
0 0 3837869
0 0 3837873
0 0 3837877
0 0 3837882
0 0 3837886
0 0 3837890
0 0 3837895
0 0 3837899
0 0 3837903
0 0 3837908
0 0 3837912
0 0 3837916
0 0 3837921
0 0 3837925
0 0 3837929
0 0 3837934
0 0 3837938
0 0 3837942
0 0 3837947
0 0 3837951
0 0 3837955
0 0 3837960
0 0 3837964
0 0 3837968
0 0 3837973
0 0 3837977
0 0 3837981
0 0 3837986
0 0 3837990
0 0 3837994
0 0 3838000
0 0 3838004
0 0 3838008
0 0 3838013
0 0 3838017
0 0 3838021
0 0 3838026
0 0 3838030
0 0 3838034
0 0 3838039
0 0 3838043
0 0 3838047
0 0 3838052
0 0 3838056
0 0 3838060
0 0 3838065
0 0 3838069
0 0 3838073
0 0 3838078
0 0 3838082
0 0 3838086
0 0 3838091
0 0 3838095
0 0 3838099
0 0 3838104
0 0 3838108
0 0 3838112
0 0 3838117
0 0 3838121
0 0 3838125
0 0 3838130
0 0 3838134
0 0 3838138
0 0 3838143
0 0 3838147
0 0 3838151
0 0 3838156
0 0 3838160
0 0 3838164
0 0 3838169
0 0 3838173
0 0 3838177
0 0 3838182
0 0 3838186
0 0 3838190
0 0 3838195
0 0 3838199
0 0 3838203
0 0 3838208
0 0 3838212
0 0 3838216
0 0 3838221
0 0 3838225
0 0 3838229
0 0 3838234
0 0 3838238
0 0 3838242
0 0 3838247
0 0 3838251
0 0 3838255
0 0 3838260
0 0 3838264
0 0 3838268
0 0 3838273
0 0 3838277
0 0 3838281
0 0 3838286
0 0 3838290
0 0 3838294
0 0 3838299
0 0 3838303
0 0 3838307
0 0 3838312
0 0 3838316
0 0 3838320
0 0 3838325
0 0 3838329
0 0 3838333
0 0 3838338
0 0 3838342
0 0 3838346
0 0 3838351
0 0 3838355
0 0 3838359
0 0 3838364
0 0 3838368
0 0 3838372
0 0 3838377
0 0 3838381
0 0 3838385
0 0 3838390
0 0 3838394
0 0 3838398
0 0 3838403
0 0 3838407
0 0 3838411
0 0 3838416
0 0 3838420
0 0 3838424
0 0 3838429
0 0 3838433
0 0 3838437
0 0 3838442
0 0 3838446
0 0 3838450
0 0 3838455
0 0 3838459
0 0 3838463
0 0 3838468
0 0 3838472
0 0 3838476
0 0 3838481
0 0 3838485
0 0 3838489
0 0 3838494
0 0 3838498
0 0 3838502
0 0 3838507
0 0 3838511
0 0 3838515
0 0 3838520
0 0 3838524
0 0 3838528
0 0 3838533
0 0 3838537
0 0 3838541
0 0 3838546
0 0 3838550
0 0 3838554
0 0 3838559
0 0 3838563
0 0 3838567
0 0 3838572
0 0 3838576
0 0 3838580
0 0 3838585
0 0 3838589
0 0 3838593
0 0 3838598
0 0 3838602
0 0 3838606
0 0 3838611
0 0 3838615
0 0 3838619
0 0 3838624
0 0 3838628
0 0 3838632
0 0 3838637
0 0 3838641
0 0 3838645
0 0 3838650
0 0 3838654
0 0 3838658
0 0 3838663
0 0 3838667
0 0 3838671
0 0 3838676
0 0 3838680
0 0 3838684
0 0 3838689
0 0 3838693
0 0 3838697
0 0 3838702
0 0 3838706
0 0 3838710
0 0 3838715
0 0 3838719
0 0 3838723
0 0 3838728
0 0 3838732
0 0 3838736
0 0 3838741
0 0 3838745
0 0 3838749
0 0 3838754
0 0 3838758
0 0 3838762
0 0 3838767
0 0 3838771
0 0 3838775
0 0 3838780
0 0 3838784
0 0 3838788
0 0 3838793
0 0 3838797
0 0 3838801
0 0 3838806
0 0 3838810
0 0 3838814
0 0 3838819
0 0 3838823
0 0 3838827
0 0 3838832
0 0 3838836
0 0 3838840
0 0 3838845
0 0 3838849
0 0 3838853
0 0 3838858
0 0 3838862
0 0 3838866
0 0 3838871
0 0 3838875
0 0 3838879
0 0 3838884
0 0 3838888
0 0 3838892
0 0 3838897
0 0 3838901
0 0 3838905
0 0 3838910
0 0 3838914
0 0 3838918
0 0 3838923
0 0 3838927
0 0 3838931
0 0 3838936
0 0 3838940
0 0 3838944
0 0 3838949
0 0 3838953
0 0 3838957
0 0 3838962
0 0 3838966
0 0 3838970
0 0 3838975
0 0 3838979
0 0 3838983
0 0 3838988
0 0 3838992
0 0 3838996
0 0 3839002
0 0 3839006
0 0 3839011
0 0 3839015
0 0 3839019
0 0 3839024
0 0 3839028
0 0 3839032
0 0 3839037
0 0 3839041
0 0 3839045
0 0 3839050
0 0 3839054
0 0 3839058
0 0 3839063
0 0 3839067
0 0 3839071
0 0 3839076
0 0 3839080
0 0 3839084
0 0 3839089
0 0 3839093
0 0 3839097
0 0 3839102
0 0 3839106
0 0 3839110
0 0 3839115
0 0 3839119
0 0 3839123
0 0 3839128
0 0 3839132
0 0 3839136
0 0 3839141
0 0 3839145
0 0 3839149
0 0 3839154
0 0 3839158
0 0 3839162
0 0 3839167
0 0 3839171
0 0 3839175
0 0 3839180
0 0 3839184
0 0 3839188
0 0 3839193
0 0 3839197
0 0 3839201
0 0 3839206
0 0 3839210
0 0 3839214
0 0 3839219
0 0 3839223
0 0 3839227
0 0 3839232
0 0 3839236
0 0 3839240
0 0 3839245
0 0 3839249
0 0 3839253
0 0 3839258
0 0 3839262
0 0 3839266
0 0 3839271
0 0 3839275
0 0 3839279
0 0 3839284
0 0 3839288
0 0 3839292
0 0 3839297
0 0 3839301
0 0 3839305
0 0 3839310
0 0 3839314
0 0 3839318
0 0 3839323
0 0 3839327
0 0 3839331
0 0 3839336
0 0 3839340
0 0 3839344
0 0 3839349
0 0 3839353
0 0 3839357
0 0 3839362
0 0 3839366
0 0 3839370
0 0 3839375
0 0 3839379
0 0 3839383
0 0 3839388
0 0 3839392
0 0 3839396
0 0 3839401
0 0 3839405
0 0 3839409
0 0 3839414
0 0 3839418
0 0 3839422
0 0 3839427
0 0 3839431
0 0 3839435
0 0 3839440
0 0 3839444
0 0 3839448
0 0 3839453
0 0 3839457
0 0 3839461
0 0 3839466
0 0 3839470
0 0 3839474
0 0 3839479
0 0 3839483
0 0 3839487
0 0 3839492
0 0 3839496
0 0 3839500
0 0 3839505
0 0 3839509
0 0 3839513
0 0 3839518
0 0 3839522
0 0 3839526
0 0 3839531
0 0 3839535
0 0 3839539
0 0 3839544
0 0 3839548
0 0 3839552
0 0 3839557
0 0 3839561
0 0 3839565
0 0 3839570
0 0 3839574
0 0 3839578
0 0 3839583
0 0 3839587
0 0 3839591
0 0 3839596
0 0 3839600
0 0 3839604
0 0 3839609
0 0 3839613
0 0 3839617
0 0 3839622
0 0 3839626
0 0 3839630
0 0 3839635
0 0 3839639
0 0 3839643
0 0 3839648
0 0 3839652
0 0 3839656
0 0 3839661
0 0 3839665
0 0 3839669
0 0 3839674
0 0 3839678
0 0 3839683
0 0 3839687
0 0 3839691
0 0 3839696
0 0 3839700
0 0 3839704
0 0 3839709
0 0 3839713
0 0 3839718
0 0 3839722
0 0 3839726
3 2 3839731
5 4 3839735
9 8 3839740
11 13 3839744
17 9 3839748
14 17 3839753
17 17 3839757
18 21 3839761
18 21 3839766
#TRIGGER ON
25 26 3839770
26 23 3839773
30 26 3839776
30 32 3839779
33 30 3839782
38 33 3839785
38 33 3839788
36 34 3839791
40 38 3839794
41 39 3839797
41 40 3839800
47 42 3839803
50 49 3839805
47 46 3839808
46 45 3839812
53 47 3839814
54 51 3839817
54 51 3839820
58 53 3839823
58 59 3839826
57 58 3839829
61 63 3839832
64 68 3839835
67 67 3839838
68 64 3839841
68 69 3839845
68 64 3839847
75 72 3839850
73 72 3839853
77 73 3839856
73 74 3839859
72 71 3839862
78 82 3839865
78 82 3839868
82 82 3839871
87 86 3839874
83 81 3839878
89 82 3839880
90 89 3839883
94 90 3839886
92 92 3839889
91 93 3839892
96 96 3839895
96 96 3839898
99 97 3839901
101 98 3839904
106 102 3839907
99 102 3839911
107 99 3839913
109 105 3839916
109 107 3839919
107 107 3839922
106 107 3839925
111 113 3839928
115 116 3839931
116 116 3839934
119 122 3839937
116 121 3839940
117 119 3839944
124 118 3839946
121 121 3839949
123 127 3839952
125 123 3839955
128 130 3839958
128 123 3839961
132 130 3839964
134 131 3839967
136 135 3839970
140 134 3839973
137 134 3839977
141 132 3839979
141 140 3839982
144 142 3839985
142 145 3839988
143 144 3839991
145 145 3839994
145 148 3839999
149 147 3840002
144 147 3840005
151 153 3840008
151 153 3840011
158 159 3840014
156 158 3840017
157 158 3840020
157 159 3840023
158 162 3840026
160 167 3840029
165 165 3840032
161 167 3840035
165 165 3840038
167 167 3840041
168 168 3840044
171 171 3840047
171 169 3840050
175 175 3840053
176 176 3840056
179 172 3840059
177 180 3840062
180 179 3840065
181 183 3840068
183 179 3840071
185 182 3840074
182 181 3840077
188 188 3840080
188 193 3840083
192 193 3840086
189 191 3840089
191 191 3840092
192 195 3840095
195 197 3840098
197 197 3840101
194 195 3840104
200 199 3840107
197 201 3840110
202 206 3840113
204 204 3840116
207 209 3840119
209 209 3840122
207 206 3840125
205 214 3840128
210 211 3840131
210 212 3840134
213 210 3840137
214 215 3840140
215 216 3840143
218 219 3840146
218 218 3840149
221 217 3840152
219 222 3840155
222 222 3840158
219 226 3840161
226 226 3840164
223 212 3840167
229 230 3840170
228 228 3840173
230 229 3840176
232 234 3840179
232 233 3840182
234 233 3840185
232 235 3840188
238 236 3840191
236 244 3840194
238 240 3840197
237 242 3840200
241 242 3840203
244 244 3840206
241 244 3840209
246 248 3840212
247 251 3840215
254 254 3840218
253 256 3840221
251 252 3840224
248 256 3840227
251 257 3840230
254 258 3840233
259 258 3840236
259 255 3840239
257 257 3840242
258 264 3840245
263 260 3840248
263 268 3840251
267 266 3840254
264 264 3840257
263 268 3840260
271 272 3840263
269 271 3840266
273 271 3840269
275 273 3840272
269 269 3840275
273 278 3840278
275 275 3840281
279 280 3840284
278 279 3840287
278 278 3840290
280 284 3840293
285 281 3840296
282 284 3840299
285 284 3840302
287 288 3840305
288 287 3840308
291 294 3840311
292 288 3840314
292 293 3840317
291 298 3840320
293 295 3840323
292 298 3840326
298 298 3840329
297 300 3840332
301 297 3840335
297 297 3840338
303 299 3840341
303 304 3840344
303 302 3840347
307 307 3840350
308 311 3840353
308 303 3840356
306 305 3840359
314 314 3840362
310 314 3840365
312 314 3840368
317 311 3840371
314 311 3840374
314 317 3840377
317 315 3840380
320 322 3840383
323 321 3840386
321 322 3840389
321 325 3840392
323 325 3840395
325 321 3840398
326 326 3840401
330 325 3840404
332 328 3840407
328 328 3840410
331 334 3840413
336 335 3840416
333 332 3840419
337 337 3840422
334 336 3840425
336 336 3840428
339 337 3840431
340 335 3840434
338 340 3840437
337 338 3840440
344 345 3840443
346 345 3840446
345 347 3840449
348 349 3840452
348 342 3840455
345 354 3840458
351 355 3840461
348 351 3840464
355 355 3840467
353 350 3840470
353 355 3840473
355 356 3840476
357 353 3840479
358 357 3840482
358 360 3840485
360 362 3840488
361 364 3840491
364 363 3840494
364 367 3840497
366 365 3840500
366 365 3840503
368 368 3840506
368 372 3840509
371 371 3840512
372 373 3840515
371 373 3840518
368 368 3840521
367 379 3840524
375 375 3840527
378 377 3840530
381 377 3840533
382 378 3840536
378 374 3840539
380 380 3840542
379 382 3840545
385 386 3840548
388 387 3840551
387 382 3840554
382 386 3840557
390 387 3840560
385 388 3840563
392 393 3840566
392 388 3840569
393 390 3840572
393 393 3840575
397 395 3840578
397 398 3840581
396 398 3840584
398 398 3840587
396 400 3840590
402 400 3840593
399 403 3840596
404 403 3840599
402 405 3840602
405 404 3840605
407 403 3840608
404 403 3840611
408 407 3840614
408 408 3840617
411 410 3840620
410 414 3840623
415 418 3840626
414 415 3840629
414 412 3840632
413 415 3840635
413 416 3840638
416 421 3840641
417 423 3840644
420 422 3840647
420 421 3840650
418 421 3840653
419 421 3840656
423 425 3840659
423 426 3840662
426 426 3840665
425 427 3840668
425 428 3840671
428 434 3840674
432 432 3840677
431 432 3840680
432 433 3840683
429 431 3840686
432 441 3840689
435 437 3840692
432 434 3840695
440 436 3840698
439 439 3840701
438 439 3840704
441 440 3840707
441 441 3840710
442 440 3840713
441 447 3840716
446 444 3840719
443 450 3840722
449 449 3840725
444 451 3840728
447 451 3840731
450 452 3840734
448 451 3840737
451 452 3840740
453 450 3840743
453 455 3840746
457 456 3840749
456 457 3840752
457 456 3840755
458 460 3840758
461 457 3840761
459 461 3840764
467 459 3840767
461 461 3840770
466 465 3840773
467 463 3840776
466 466 3840779
465 466 3840782
467 466 3840785
464 472 3840788
470 472 3840791
468 470 3840794
472 475 3840797
473 473 3840800
476 475 3840803
476 479 3840806
472 476 3840809
477 477 3840812
474 480 3840815
482 482 3840818
480 484 3840821
480 483 3840824
479 480 3840827
483 484 3840830
486 483 3840833
485 482 3840836
489 485 3840839
484 487 3840842
487 487 3840845
488 495 3840848
489 491 3840851
485 494 3840854
492 493 3840857
494 494 3840860
497 493 3840863
494 495 3840866
494 489 3840869
495 496 3840872
495 494 3840875
495 501 3840878
501 501 3840881
496 500 3840884
501 507 3840887
503 507 3840890
503 510 3840893
502 500 3840896
503 507 3840899
505 506 3840902
508 510 3840905
507 506 3840908
507 506 3840911
510 510 3840914
509 513 3840917
510 518 3840920
512 515 3840923
514 514 3840926
517 514 3840929
518 515 3840932
515 514 3840935
516 517 3840938
518 519 3840941
519 516 3840944
518 523 3840947
523 520 3840950
518 527 3840953
526 522 3840956
521 524 3840959
527 525 3840962
526 525 3840965
526 525 3840968
528 530 3840971
532 530 3840974
526 531 3840977
528 531 3840980
527 527 3840983
531 534 3840986
534 532 3840989
532 536 3840992
535 536 3840995
538 533 3840999
545 541 3841002
545 540 3841005
540 539 3841008
541 541 3841011
537 537 3841014
542 540 3841017
542 543 3841020
542 544 3841023
543 545 3841026
545 545 3841029
544 547 3841032
547 546 3841035
547 553 3841037
551 549 3841040
548 547 3841043
551 549 3841046
551 551 3841049
551 553 3841052
552 553 3841055
555 554 3841058
551 554 3841061
552 556 3841064
560 559 3841067
560 557 3841070
558 562 3841073
560 560 3841076
562 557 3841079
560 563 3841082
565 563 3841085
563 562 3841088
565 564 3841091
569 560 3841094
564 563 3841097
571 568 3841100
568 567 3841103
569 570 3841106
568 568 3841109
571 565 3841112
571 573 3841115
573 573 3841118
574 574 3841121
577 574 3841124
576 569 3841127
576 572 3841130
576 578 3841133
578 576 3841136
578 576 3841139
580 579 3841142
578 581 3841145
578 587 3841148
578 585 3841151
582 584 3841154
581 579 3841157
580 586 3841160
582 582 3841163
587 591 3841166
590 586 3841169
588 591 3841172
590 590 3841175
586 586 3841178
586 594 3841181
592 595 3841184
594 593 3841187
592 592 3841190
593 591 3841193
592 589 3841196
594 593 3841199
595 597 3841202
599 600 3841205
597 599 3841208
597 600 3841211
598 604 3841214
600 606 3841217
599 603 3841220
598 600 3841223
600 606 3841226
604 604 3841229
602 602 3841232
605 607 3841235
607 606 3841238
608 607 3841241
608 610 3841244
607 614 3841247
612 611 3841250
608 610 3841253
609 611 3841256
612 610 3841259
609 603 3841262
612 608 3841265
616 612 3841268
615 617 3841271
615 620 3841274
617 616 3841277
617 620 3841280
616 618 3841283
618 619 3841286
621 622 3841289
622 617 3841292
618 621 3841295
621 625 3841298
624 621 3841301
625 623 3841304
627 626 3841307
625 621 3841310
625 628 3841313
628 628 3841316
627 628 3841319
626 628 3841322
629 634 3841325
628 628 3841328
629 632 3841331
632 632 3841334
632 631 3841337
632 631 3841340
637 634 3841343
636 639 3841346
634 636 3841349
638 640 3841352
641 632 3841355
637 635 3841358
640 639 3841361
638 641 3841364
642 643 3841367
644 640 3841370
643 644 3841373
644 642 3841376
641 646 3841379
644 648 3841382
646 647 3841385
647 644 3841388
646 646 3841391
644 644 3841394
647 650 3841397
649 650 3841400
646 652 3841403
650 652 3841406
649 651 3841409
652 654 3841412
652 654 3841415
651 655 3841418
651 654 3841421
655 655 3841424
654 653 3841427
656 659 3841430
656 661 3841433
662 664 3841436
658 658 3841439
658 662 3841442
661 670 3841445
661 663 3841448
661 666 3841451
665 666 3841454
663 660 3841457
660 664 3841460
664 665 3841463
662 664 3841466
667 667 3841469
668 668 3841472
669 666 3841475
670 672 3841478
668 670 3841481
667 672 3841484
673 674 3841487
668 670 3841490
670 673 3841493
673 675 3841496
674 675 3841499
674 677 3841502
676 680 3841505
675 673 3841508
673 678 3841511
676 680 3841514
677 682 3841517
677 677 3841520
680 682 3841523
678 675 3841526
678 681 3841529
685 685 3841532
680 680 3841535
681 687 3841538
686 683 3841541
683 688 3841544
685 691 3841547
685 688 3841550
684 689 3841553
687 687 3841556
687 690 3841559
691 692 3841562
692 685 3841565
693 693 3841568
694 693 3841571
690 687 3841574
690 697 3841577
694 693 3841580
692 697 3841583
699 692 3841586
691 696 3841589
694 692 3841592
697 695 3841595
696 698 3841598
700 700 3841601
695 700 3841604
700 701 3841607
695 703 3841610
700 707 3841613
701 701 3841616
699 702 3841619
707 703 3841622
702 701 3841625
706 710 3841628
704 703 3841631
703 704 3841634
708 705 3841637
704 706 3841640
707 714 3841643
712 711 3841646
707 714 3841649
711 710 3841652
706 706 3841655
712 712 3841658
710 711 3841661
711 716 3841664
717 714 3841667
714 717 3841670
718 714 3841673
712 716 3841676
715 721 3841679
716 714 3841682
716 716 3841685
722 719 3841688
716 714 3841691
720 724 3841694
723 718 3841697
716 722 3841700
716 716 3841703
711 712 3841706
713 714 3841709
709 711 3841712
712 709 3841715
708 709 3841718
712 712 3841721
703 702 3841724
707 708 3841727
706 704 3841730
705 704 3841733
703 704 3841736
702 700 3841739
696 703 3841742
701 701 3841745
695 696 3841748
697 700 3841751
693 694 3841754
691 693 3841757
696 696 3841760
691 694 3841763
691 690 3841766
689 693 3841769
690 690 3841772
686 691 3841775
686 681 3841778
683 686 3841781
685 683 3841784
685 686 3841787
683 679 3841790
684 682 3841793
683 681 3841796
678 683 3841799
678 681 3841802
675 678 3841805
673 676 3841808
677 674 3841811
671 675 3841814
676 675 3841817
671 670 3841820
669 671 3841823
674 670 3841826
670 666 3841829
671 666 3841832
667 673 3841835
666 663 3841838
661 669 3841841
667 664 3841844
662 666 3841847
664 663 3841850
662 661 3841853
658 659 3841856
659 659 3841859
657 656 3841862
660 657 3841865
658 655 3841868
654 655 3841871
651 654 3841874
652 655 3841877
653 653 3841880
656 648 3841883
652 648 3841886
649 649 3841889
647 646 3841892
646 647 3841895
648 646 3841898
646 644 3841901
648 638 3841904
640 645 3841907
645 645 3841910
638 643 3841913
642 640 3841916
638 637 3841919
637 638 3841922
636 635 3841925
638 639 3841928
637 635 3841931
634 640 3841934
635 633 3841937
631 636 3841940
637 636 3841943
630 629 3841946
633 635 3841949
630 625 3841952
623 631 3841955
627 632 3841958
626 624 3841961
628 631 3841964
623 624 3841967
623 625 3841970
622 629 3841973
623 623 3841976
617 623 3841979
623 621 3841982
621 617 3841985
621 617 3841988
617 618 3841991
613 618 3841994
623 618 3841999
616 614 3842002
612 613 3842005
617 609 3842008
613 614 3842011
609 611 3842014
612 613 3842017
610 610 3842020
609 610 3842023
606 608 3842026
603 605 3842029
604 607 3842032
601 604 3842035
602 603 3842038
602 604 3842040
602 609 3842043
600 603 3842046
602 598 3842049
598 603 3842052
599 600 3842055
599 601 3842058
598 591 3842061
595 598 3842065
596 596 3842067
596 598 3842070
592 595 3842073
592 596 3842076
594 596 3842079
591 588 3842082
593 595 3842085
589 593 3842088
590 592 3842091
591 589 3842094
586 585 3842098
583 582 3842100
588 586 3842103
586 584 3842106
586 584 3842109
584 583 3842112
583 582 3842115
584 584 3842118
580 576 3842121
578 584 3842124
579 580 3842127
577 582 3842131
574 571 3842133
579 579 3842136
574 577 3842139
577 575 3842142
574 580 3842145
571 569 3842148
574 575 3842151
571 573 3842154
574 572 3842157
566 565 3842160
571 567 3842164
572 566 3842166
570 564 3842169
566 567 3842172
569 567 3842175
566 567 3842178
564 559 3842181
565 565 3842184
562 560 3842187
566 565 3842190
560 561 3842193
561 558 3842197
558 557 3842199
562 558 3842202
560 559 3842205
555 556 3842208
559 561 3842211
552 555 3842214
558 557 3842217
553 559 3842220
552 558 3842223
553 555 3842226
549 553 3842230
552 550 3842232
550 547 3842235
550 551 3842238
548 551 3842241
547 545 3842244
550 546 3842247
546 547 3842250
547 547 3842253
550 548 3842256
545 545 3842259
545 542 3842263
546 541 3842265
543 541 3842268
543 539 3842271
539 540 3842274
543 540 3842277
540 538 3842280
540 540 3842283
538 540 3842286
537 543 3842289
538 539 3842292
533 537 3842296
535 535 3842298
534 536 3842301
533 530 3842304
534 529 3842307
530 535 3842310
531 522 3842313
536 533 3842316
529 531 3842319
531 529 3842322
532 530 3842325
527 524 3842329
531 522 3842331
528 529 3842334
524 521 3842337
524 523 3842340
521 523 3842343
520 517 3842346
522 524 3842349
520 524 3842352
523 525 3842355
519 519 3842358
520 522 3842362
518 513 3842364
519 518 3842367
521 518 3842370
516 518 3842373
516 515 3842376
517 512 3842379
516 517 3842382
512 516 3842385
514 514 3842388
513 514 3842391
510 511 3842395
512 511 3842397
507 511 3842400
510 504 3842403
509 509 3842406
503 504 3842409
508 507 3842412
506 508 3842415
503 503 3842418
507 506 3842421
506 508 3842424
501 502 3842428
503 501 3842430
503 506 3842433
502 501 3842436
502 504 3842439
498 501 3842442
499 495 3842445
498 500 3842448
497 499 3842451
496 496 3842454
496 494 3842457
496 494 3842461
497 491 3842463
496 493 3842466
496 496 3842469
493 496 3842472
494 492 3842475
491 491 3842478
490 495 3842481
492 490 3842484
492 491 3842487
490 492 3842490
487 488 3842494
491 486 3842496
490 491 3842499
488 485 3842502
486 489 3842505
482 486 3842508
482 483 3842511
482 486 3842514
482 484 3842517
484 485 3842520
485 482 3842523
481 483 3842527
483 476 3842529
482 477 3842532
482 479 3842535
477 478 3842538
478 475 3842541
477 476 3842544
476 475 3842547
478 477 3842550
478 482 3842553
475 473 3842556
475 474 3842560
476 473 3842562
472 472 3842565
471 471 3842568
465 468 3842571
471 470 3842574
470 472 3842577
470 469 3842580
471 469 3842583
469 471 3842586
469 467 3842589
462 466 3842593
467 464 3842595
465 465 3842598
467 466 3842601
465 468 3842604
459 462 3842607
463 460 3842610
463 467 3842613
458 460 3842616
465 460 3842619
462 460 3842622
457 459 3842626
463 458 3842628
457 460 3842631
459 454 3842634
459 464 3842637
458 461 3842640
453 454 3842643
457 453 3842646
454 453 3842649
451 455 3842652
453 454 3842655
450 451 3842659
452 449 3842661
454 453 3842664
454 453 3842667
450 450 3842670
447 447 3842673
450 450 3842676
448 449 3842679
449 444 3842682
449 451 3842685
445 453 3842688
446 443 3842692
448 445 3842694
446 448 3842697
447 439 3842700
446 444 3842703
440 448 3842706
436 437 3842709
444 443 3842712
441 446 3842715
440 439 3842718
442 442 3842721
442 440 3842725
443 439 3842727
436 439 3842730
441 437 3842733
434 440 3842736
434 438 3842739
435 435 3842742
434 438 3842745
434 438 3842748
435 440 3842751
435 432 3842754
432 435 3842758
430 431 3842760
433 430 3842763
434 430 3842766
429 433 3842769
428 428 3842772
431 430 3842775
428 438 3842778
427 429 3842781
428 428 3842784
427 428 3842787
426 427 3842791
425 422 3842793
421 422 3842796
424 426 3842799
422 427 3842802
422 425 3842805
421 421 3842808
424 428 3842811
424 425 3842814
420 423 3842817
421 424 3842820
419 420 3842824
423 418 3842826
419 418 3842829
421 417 3842832
419 418 3842835
416 417 3842838
414 418 3842841
414 415 3842844
412 415 3842847
414 417 3842850
413 411 3842853
413 415 3842857
416 410 3842859
417 416 3842862
414 413 3842865
409 407 3842868
410 412 3842871
409 407 3842874
408 413 3842877
406 412 3842880
408 411 3842883
408 412 3842886
406 406 3842890
407 404 3842892
406 404 3842895
406 407 3842898
404 407 3842901
400 406 3842904
406 405 3842907
403 408 3842910
400 407 3842913
403 403 3842916
403 398 3842919
400 400 3842923
402 398 3842925
403 398 3842928
402 399 3842931
398 404 3842934
397 398 3842937
395 395 3842940
399 395 3842943
398 397 3842946
398 396 3842949
397 394 3842952
396 395 3842956
399 393 3842958
393 396 3842961
393 391 3842964
393 390 3842967
393 393 3842970
390 391 3842973
391 393 3842976
389 392 3842979
394 390 3842982
389 387 3842985
389 390 3842989
392 387 3842991
389 387 3842994
386 390 3842999
388 386 3843002
389 384 3843005
384 386 3843008
387 383 3843011
382 383 3843014
381 384 3843017
383 390 3843020
383 382 3843023
382 388 3843026
384 383 3843029
382 379 3843032
377 385 3843035
382 380 3843038
378 379 3843041
382 382 3843044
383 379 3843047
379 374 3843050
376 375 3843053
375 383 3843056
380 380 3843059
376 379 3843062
378 376 3843065
374 378 3843068
372 374 3843071
374 376 3843074
377 374 3843077
375 370 3843080
369 370 3843083
375 378 3843086
372 372 3843089
375 370 3843092
370 370 3843095
368 371 3843098
369 372 3843101
369 372 3843104
370 374 3843107
368 369 3843110
370 367 3843113
366 365 3843116
371 367 3843119
368 365 3843122
364 364 3843125
368 365 3843128
363 361 3843131
363 365 3843134
361 366 3843137
364 366 3843140
367 365 3843143
362 358 3843146
359 362 3843149
361 365 3843152
362 362 3843155
361 359 3843158
360 364 3843161
361 359 3843164
358 362 3843167
359 357 3843170
356 359 3843173
358 358 3843176
356 353 3843179
352 354 3843182
357 357 3843185
355 358 3843188
359 356 3843191
351 352 3843194
355 354 3843197
355 357 3843200
354 354 3843203
352 349 3843206
354 353 3843209
352 345 3843212
348 350 3843215
356 354 3843218
351 351 3843221
351 348 3843224
345 348 3843227
350 350 3843230
348 352 3843233
348 346 3843236
343 350 3843239
345 348 3843242
348 345 3843245
344 347 3843248
345 346 3843251
346 346 3843254
346 342 3843257
347 347 3843260
346 344 3843263
341 345 3843266
344 341 3843269
340 341 3843272
342 343 3843275
343 338 3843278
336 338 3843281
342 343 3843284
341 339 3843287
340 342 3843290
338 338 3843293
340 339 3843296
334 343 3843299
335 340 3843302
336 337 3843305
334 337 3843308
338 336 3843311
332 337 3843314
338 341 3843317
339 338 3843320
336 336 3843323
333 336 3843326
332 331 3843329
327 332 3843332
332 332 3843335
332 332 3843338
333 331 3843341
330 327 3843344
331 330 3843347
332 331 3843350
332 333 3843353
333 331 3843356
329 331 3843359
329 325 3843362
325 326 3843365
328 328 3843368
330 330 3843371
326 326 3843374
327 324 3843377
324 323 3843380
327 328 3843383
324 326 3843386
324 325 3843389
323 322 3843392
320 319 3843395
318 324 3843398
319 323 3843401
320 327 3843404
324 322 3843407
319 319 3843410
321 321 3843413
319 320 3843416
319 320 3843419
321 320 3843422
322 316 3843425
319 318 3843428
317 322 3843431
320 318 3843434
318 317 3843437
320 315 3843440
319 311 3843443
317 314 3843446
317 316 3843449
313 315 3843452
315 312 3843455
312 314 3843458
313 311 3843461
313 319 3843464
315 315 3843467
313 311 3843470
315 312 3843473
314 311 3843476
307 312 3843479
313 315 3843482
309 310 3843485
308 312 3843488
308 308 3843491
307 309 3843494
307 311 3843497
309 308 3843500
309 308 3843503
305 305 3843506
305 305 3843509
306 301 3843512
308 310 3843515
307 307 3843518
306 307 3843521
306 305 3843524
305 302 3843527
303 308 3843530
305 305 3843533
300 305 3843536
302 302 3843539
302 301 3843542
299 298 3843545
300 302 3843548
300 302 3843551
301 301 3843554
301 301 3843557
301 298 3843560
296 301 3843563
298 296 3843566
296 300 3843569
298 295 3843572
295 292 3843575
296 297 3843578
298 297 3843581
296 298 3843584
301 299 3843587
295 294 3843590
295 296 3843593
295 296 3843596
292 297 3843599
295 295 3843602
296 292 3843605
293 293 3843608
296 293 3843611
293 293 3843614
293 290 3843617
293 292 3843620
290 289 3843623
292 290 3843626
287 294 3843629
287 291 3843632
289 290 3843635
289 287 3843638
288 291 3843641
286 284 3843644
284 290 3843647
285 285 3843650
291 287 3843653
288 288 3843656
290 286 3843659
283 289 3843662
286 289 3843665
286 286 3843668
284 281 3843671
283 282 3843674
282 284 3843677
284 285 3843680
287 285 3843683
283 281 3843686
281 277 3843689
281 277 3843692
282 283 3843695
282 280 3843698
279 278 3843701
281 280 3843704
282 279 3843707
277 280 3843710
282 282 3843713
281 279 3843716
280 280 3843719
276 280 3843722
275 276 3843725
276 276 3843728
273 280 3843731
277 277 3843734
277 278 3843737
275 277 3843740
277 275 3843743
277 274 3843746
273 274 3843749
278 275 3843752
273 271 3843755
272 273 3843758
270 272 3843761
274 277 3843764
276 273 3843767
273 273 3843770
272 270 3843773
269 268 3843776
272 272 3843779
272 268 3843782
275 272 3843785
268 269 3843788
267 270 3843791
270 272 3843794
266 270 3843797
268 272 3843800
271 267 3843803
267 265 3843806
268 262 3843809
267 270 3843812
267 265 3843815
264 270 3843818
265 270 3843821
263 260 3843824
263 270 3843827
265 263 3843830
266 266 3843833
261 259 3843836
263 264 3843839
262 258 3843842
262 267 3843845
263 263 3843848
260 266 3843851
264 265 3843854
257 262 3843857
260 266 3843860
259 262 3843863
257 261 3843866
262 258 3843869
259 258 3843872
260 257 3843875
255 260 3843878
259 264 3843881
260 257 3843884
257 259 3843887
258 258 3843890
253 260 3843893
257 256 3843896
255 257 3843899
257 254 3843902
260 257 3843905
254 252 3843908
257 256 3843911
256 251 3843914
255 257 3843917
259 256 3843920
250 254 3843923
253 257 3843926
250 252 3843929
250 254 3843932
253 255 3843935
252 254 3843938
253 247 3843941
247 252 3843944
250 248 3843947
247 250 3843950
251 252 3843953
252 246 3843956
250 253 3843959
253 252 3843962
250 253 3843965
249 252 3843968
248 245 3843971
245 248 3843974
250 246 3843977
245 246 3843980
249 247 3843983
246 247 3843986
244 245 3843989
244 249 3843992
245 245 3843995
246 250 3843999
244 243 3844002
246 241 3844005
247 246 3844008
246 247 3844011
245 247 3844014
245 246 3844017
243 239 3844020
238 243 3844023
241 242 3844026
238 241 3844029
243 246 3844032
239 242 3844034
242 244 3844037
241 242 3844040
242 245 3844043
241 239 3844046
238 236 3844049
241 241 3844052
242 239 3844055
238 238 3844058
239 233 3844061
236 238 3844064
240 239 3844067
235 232 3844070
239 241 3844073
236 235 3844076
236 238 3844079
233 238 3844082
236 236 3844085
229 232 3844088
233 235 3844091
235 233 3844094
234 229 3844097
238 235 3844100
232 231 3844103
234 234 3844106
236 236 3844109
231 233 3844112
231 236 3844115
230 227 3844118
232 228 3844121
231 234 3844124
232 229 3844127
227 231 3844130
233 229 3844133
228 227 3844136
228 236 3844139
234 231 3844142
229 226 3844145
228 229 3844148
230 225 3844151
223 226 3844154
230 230 3844157
228 228 3844160
226 223 3844163
226 228 3844166
225 222 3844169
226 228 3844172
228 228 3844175
228 224 3844178
224 227 3844181
224 225 3844184
222 227 3844187
225 221 3844190
223 224 3844193
223 222 3844196
222 221 3844199
222 222 3844202
225 222 3844205
224 224 3844208
227 220 3844211
221 221 3844214
222 220 3844217
217 217 3844220
220 221 3844223
222 221 3844226
216 222 3844229
219 220 3844232
217 218 3844235
220 221 3844238
221 215 3844241
216 219 3844244
217 223 3844247
217 216 3844250
212 220 3844253
219 217 3844256
214 216 3844259
220 217 3844262
216 213 3844265
213 209 3844268
216 217 3844271
216 212 3844274
220 221 3844277
218 220 3844280
213 213 3844283
212 219 3844286
214 213 3844289
210 218 3844292
216 210 3844295
212 212 3844298
210 214 3844301
212 216 3844304
215 216 3844307
217 215 3844310
209 214 3844313
210 211 3844316
210 215 3844319
208 211 3844322
208 207 3844325
209 215 3844328
210 207 3844331
205 212 3844334
212 211 3844337
206 206 3844340
212 212 3844343
208 205 3844346
207 208 3844349
206 208 3844352
205 210 3844355
206 209 3844358
209 203 3844361
205 208 3844364
207 206 3844367
207 206 3844370
207 206 3844373
208 205 3844376
207 207 3844379
204 205 3844382
207 209 3844385
201 203 3844388
204 209 3844391
207 201 3844394
201 201 3844397
204 198 3844400
206 203 3844403
204 198 3844406
201 202 3844409
202 204 3844412
202 200 3844415
195 205 3844418
204 206 3844421
199 201 3844424
199 197 3844427
204 200 3844430
198 196 3844433
201 202 3844436
202 200 3844439
199 202 3844442
199 201 3844445
197 196 3844448
195 203 3844451
195 199 3844454
196 199 3844457
198 199 3844460
194 197 3844463
195 198 3844466
197 197 3844469
193 196 3844472
197 199 3844475
195 196 3844478
195 194 3844481
193 201 3844484
194 188 3844487
195 197 3844490
194 190 3844493
195 191 3844496
195 192 3844499
195 190 3844502
193 193 3844505
195 192 3844508
196 195 3844511
191 193 3844514
188 195 3844517
191 191 3844520
194 192 3844523
189 191 3844526
194 191 3844529
191 184 3844532
192 193 3844535
194 184 3844538
188 189 3844541
191 189 3844544
188 191 3844547
186 194 3844550
187 189 3844553
188 194 3844556
184 187 3844559
188 191 3844562
188 184 3844565
188 187 3844568
189 187 3844571
187 185 3844574
187 187 3844577
188 186 3844580
184 191 3844583
184 187 3844586
187 188 3844589
186 185 3844592
184 188 3844595
184 186 3844598
183 182 3844601
181 187 3844604
185 186 3844607
180 184 3844610
184 183 3844613
180 186 3844616
183 186 3844619
181 183 3844622
185 185 3844625
180 180 3844628
179 183 3844631
181 181 3844634
180 180 3844637
183 183 3844640
182 186 3844643
180 177 3844646
180 185 3844649
181 182 3844652
180 179 3844655
181 177 3844658
181 179 3844661
179 175 3844664
178 180 3844667
182 178 3844670
181 177 3844673
176 177 3844676
174 173 3844679
178 181 3844682
175 182 3844685
177 180 3844688
180 176 3844691
179 179 3844694
169 172 3844697
180 178 3844700
176 174 3844703
174 178 3844706
176 176 3844709
174 176 3844712
172 175 3844715
172 174 3844718
174 176 3844721
174 173 3844724
175 176 3844727
174 171 3844730
175 180 3844733
177 170 3844736
173 173 3844739
174 177 3844742
172 168 3844745
173 171 3844748
170 172 3844751
173 172 3844754
171 167 3844757
171 167 3844760
171 169 3844763
172 172 3844766
171 169 3844769
171 175 3844772
169 171 3844775
168 168 3844778
168 173 3844781
171 166 3844784
170 172 3844787
169 165 3844790
169 164 3844793
164 165 3844796
168 170 3844799
169 169 3844802
167 171 3844805
168 171 3844808
166 170 3844811
166 168 3844814
166 169 3844817
165 170 3844820
169 165 3844823
168 166 3844826
163 166 3844829
167 168 3844832
166 163 3844835
162 169 3844838
163 166 3844841
166 164 3844844
163 169 3844847
161 162 3844850
162 166 3844853
163 164 3844856
162 160 3844859
163 166 3844862
162 166 3844865
164 165 3844868
166 166 3844871
160 166 3844874
161 158 3844877
158 168 3844880
162 159 3844883
159 162 3844886
164 161 3844889
162 162 3844892
161 158 3844895
162 157 3844898
159 159 3844901
162 158 3844904
162 159 3844907
158 155 3844910
159 160 3844913
160 159 3844916
159 157 3844919
155 156 3844922
158 160 3844925
160 153 3844928
159 161 3844931
159 156 3844934
159 159 3844937
158 162 3844940
153 156 3844943
153 156 3844946
155 161 3844949
156 156 3844952
156 156 3844955
160 153 3844958
149 149 3844961
157 158 3844964
153 155 3844967
157 155 3844970
156 155 3844973
151 149 3844976
150 156 3844979
154 158 3844982
152 155 3844985
153 155 3844988
152 151 3844991
148 151 3844994
155 157 3844997
154 152 3845001
153 156 3845004
150 150 3845007
151 151 3845010
150 152 3845013
151 148 3845016
153 155 3845019
147 151 3845022
150 151 3845025
149 148 3845028
150 148 3845032
154 147 3845034
149 147 3845037
147 146 3845040
147 149 3845043
151 150 3845046
145 148 3845049
150 150 3845052
148 152 3845055
151 151 3845058
149 151 3845061
148 148 3845065
149 144 3845067
149 149 3845070
151 147 3845073
145 148 3845076
142 145 3845079
147 147 3845082
148 146 3845085
149 147 3845088
146 147 3845091
145 141 3845094
143 145 3845098
146 141 3845100
146 146 3845103
147 145 3845106
143 145 3845109
142 142 3845112
146 143 3845115
144 141 3845118
147 146 3845121
146 145 3845124
146 144 3845127
141 138 3845131
148 141 3845133
141 145 3845136
145 137 3845139
143 142 3845142
140 141 3845145
141 138 3845148
143 144 3845151
142 141 3845154
142 144 3845157
144 140 3845160
142 143 3845164
143 137 3845166
145 140 3845169
140 140 3845172
136 137 3845175
140 143 3845178
140 140 3845181
142 140 3845184
141 143 3845187
141 141 3845190
140 137 3845193
134 134 3845197
135 138 3845199
137 135 3845202
143 139 3845205
136 139 3845208
138 137 3845211
138 136 3845214
136 137 3845217
136 136 3845220
139 140 3845223
141 137 3845226
140 140 3845230
139 133 3845232
137 136 3845235
133 138 3845238
134 133 3845241
135 135 3845244
135 131 3845247
134 137 3845250
132 137 3845253
132 133 3845256
136 137 3845259
135 131 3845263
135 130 3845265
136 132 3845268
136 130 3845271
132 136 3845274
133 134 3845277
134 133 3845280
134 133 3845283
130 132 3845286
132 134 3845289
134 132 3845292
133 130 3845296
136 129 3845298
132 133 3845301
131 128 3845304
132 128 3845307
133 129 3845310
130 126 3845313
132 132 3845316
127 135 3845319
134 125 3845322
131 132 3845325
132 129 3845329
132 128 3845331
132 127 3845334
129 126 3845337
129 130 3845340
130 129 3845343
128 124 3845346
131 135 3845349
125 132 3845352
124 131 3845355
130 124 3845358
129 125 3845362
129 122 3845364
130 129 3845367
129 125 3845370
127 128 3845373
125 126 3845376
124 127 3845379
126 126 3845382
130 130 3845385
128 132 3845388
126 130 3845391
122 126 3845395
123 125 3845397
124 124 3845400
127 124 3845403
125 127 3845406
120 127 3845409
123 123 3845412
126 126 3845415
126 121 3845418
125 129 3845421
128 124 3845424
120 121 3845428
129 118 3845430
124 123 3845433
124 124 3845436
123 123 3845439
124 123 3845442
123 122 3845445
122 121 3845448
122 120 3845451
123 119 3845454
123 123 3845457
120 122 3845461
127 119 3845463
123 124 3845466
120 122 3845469
118 123 3845472
120 118 3845475
121 124 3845478
121 120 3845481
119 119 3845484
122 123 3845487
124 121 3845490
116 122 3845494
122 115 3845496
118 120 3845499
119 118 3845502
117 117 3845505
118 121 3845508
116 115 3845511
113 117 3845514
117 121 3845517
120 121 3845520
120 120 3845523
118 118 3845527
117 119 3845529
120 120 3845532
119 118 3845535
116 122 3845538
114 119 3845541
113 112 3845544
113 122 3845547
112 117 3845550
119 122 3845553
114 118 3845556
116 117 3845560
117 118 3845562
115 115 3845565
114 113 3845568
116 116 3845571
115 117 3845574
111 111 3845577
112 117 3845580
111 115 3845583
117 119 3845586
112 117 3845589
110 115 3845593
115 113 3845595
114 117 3845598
111 111 3845601
114 115 3845604
110 115 3845607
110 110 3845610
113 112 3845613
113 112 3845616
116 114 3845619
116 115 3845622
112 108 3845626
116 108 3845628
109 114 3845631
113 108 3845634
109 107 3845637
114 114 3845640
110 109 3845643
113 115 3845646
107 114 3845649
111 115 3845652
109 111 3845655
110 112 3845659
111 112 3845661
108 110 3845664
108 109 3845667
109 108 3845670
109 109 3845673
110 109 3845676
111 110 3845679
109 112 3845682
106 114 3845685
110 112 3845688
109 112 3845692
109 107 3845694
108 108 3845697
108 108 3845700
104 108 3845703
105 106 3845706
105 111 3845709
105 110 3845712
104 104 3845715
106 106 3845718
112 108 3845721
103 109 3845725
106 101 3845727
108 104 3845730
108 103 3845733
107 107 3845736
109 107 3845739
105 104 3845742
104 108 3845745
103 106 3845748
107 106 3845751
109 106 3845754
104 100 3845758
108 97 3845760
107 109 3845763
105 104 3845766
102 101 3845769
103 101 3845772
100 103 3845775
104 105 3845778
104 104 3845781
106 104 3845784
104 104 3845787
105 104 3845791
108 103 3845793
103 100 3845796
99 102 3845799
103 105 3845802
102 104 3845805
102 99 3845808
101 101 3845811
103 99 3845814
106 101 3845817
100 103 3845820
104 103 3845824
103 99 3845826
103 97 3845829
101 99 3845832
100 102 3845835
102 102 3845838
96 99 3845841
101 99 3845844
100 104 3845847
101 100 3845850
102 101 3845853
95 100 3845857
101 97 3845859
102 100 3845862
99 100 3845865
96 99 3845868
97 102 3845871
100 97 3845874
100 99 3845877
100 97 3845880
96 101 3845883
99 97 3845886
98 97 3845890
100 94 3845892
96 98 3845895
97 95 3845898
98 95 3845901
100 96 3845904
95 94 3845907
101 101 3845910
94 99 3845913
95 99 3845916
98 101 3845919
94 98 3845923
99 95 3845925
98 95 3845928
98 97 3845931
96 93 3845934
93 95 3845937
93 92 3845940
100 95 3845943
93 97 3845946
98 97 3845949
91 96 3845952
91 92 3845956
95 90 3845958
98 100 3845961
96 94 3845964
96 94 3845967
91 92 3845970
94 90 3845973
96 95 3845976
97 95 3845979
96 101 3845982
96 93 3845985
91 91 3845989
92 88 3845991
94 97 3845994
94 94 3845999
91 90 3846002
93 90 3846005
90 90 3846008
91 91 3846011
96 96 3846014
91 91 3846017
90 93 3846020
92 95 3846023
91 95 3846026
92 93 3846029
90 92 3846032
93 94 3846035
93 92 3846038
91 89 3846041
92 89 3846044
93 90 3846047
87 86 3846050
91 91 3846053
89 91 3846056
92 91 3846059
89 89 3846062
92 88 3846065
88 92 3846068
91 87 3846071
90 90 3846074
90 89 3846077
89 85 3846080
86 89 3846083
93 89 3846086
85 87 3846089
90 88 3846092
91 89 3846095
87 83 3846098
84 88 3846101
88 87 3846104
86 86 3846107
95 92 3846110
90 88 3846113
86 88 3846116
86 91 3846119
88 91 3846122
90 86 3846125
87 81 3846128
87 90 3846131
86 89 3846134
87 89 3846137
85 85 3846140
86 84 3846143
88 85 3846146
81 84 3846149
85 86 3846152
84 86 3846155
91 90 3846158
83 84 3846161
82 83 3846164
83 89 3846167
85 85 3846170
81 87 3846173
86 85 3846176
86 87 3846179
84 82 3846182
87 88 3846185
85 85 3846188
83 87 3846191
82 85 3846194
82 81 3846197
80 88 3846200
80 87 3846203
84 88 3846206
83 81 3846209
85 83 3846212
79 82 3846215
83 85 3846218
83 85 3846221
82 84 3846224
81 84 3846227
78 85 3846230
81 86 3846233
78 83 3846236
82 84 3846239
83 80 3846242
82 78 3846245
80 77 3846248
84 80 3846251
81 81 3846254
83 81 3846257
83 84 3846260
82 80 3846263
75 86 3846266
84 85 3846269
82 81 3846272
80 83 3846275
82 77 3846278
83 77 3846281
81 80 3846284
79 82 3846287
83 78 3846290
78 80 3846293
78 79 3846296
74 85 3846299
79 81 3846302
76 79 3846305
82 80 3846308
79 75 3846311
76 80 3846314
80 83 3846317
80 77 3846320
77 80 3846323
76 82 3846326
79 78 3846329
74 77 3846332
79 83 3846335
77 78 3846338
76 76 3846341
80 76 3846344
76 73 3846347
80 75 3846350
76 74 3846353
81 80 3846356
76 76 3846359
76 74 3846362
77 79 3846365
75 76 3846368
75 82 3846371
80 76 3846374
74 75 3846377
75 77 3846380
76 79 3846383
79 74 3846386
78 77 3846389
77 75 3846392
76 75 3846395
72 80 3846398
77 78 3846401
73 77 3846404
75 75 3846407
77 70 3846410
75 75 3846413
78 74 3846416
74 71 3846419
76 76 3846422
75 73 3846425
74 74 3846428
75 76 3846431
72 76 3846434
73 74 3846437
72 73 3846440
73 69 3846443
71 69 3846446
77 72 3846449
72 71 3846452
74 72 3846455
73 72 3846458
76 70 3846461
69 74 3846464
74 77 3846467
71 69 3846470
73 75 3846473
74 72 3846476
69 70 3846479
74 76 3846482
70 70 3846485
72 76 3846488
73 73 3846491
71 69 3846494
70 77 3846497
68 72 3846500
75 74 3846503
73 69 3846506
69 70 3846509
71 70 3846512
70 71 3846515
74 69 3846518
72 71 3846521
70 69 3846524
71 71 3846527
64 74 3846530
71 75 3846533
67 67 3846536
71 68 3846539
70 69 3846542
65 64 3846545
71 72 3846548
67 71 3846551
73 72 3846554
66 71 3846557
68 70 3846560
65 71 3846563
68 71 3846566
68 71 3846569
70 68 3846572
66 64 3846575
69 65 3846578
69 70 3846581
70 70 3846584
72 66 3846587
67 69 3846590
67 68 3846593
63 70 3846596
68 72 3846599
66 69 3846602
67 70 3846605
67 68 3846608
61 68 3846611
69 69 3846614
66 67 3846617
67 70 3846620
66 68 3846623
68 66 3846626
64 72 3846629
67 65 3846632
67 66 3846635
68 67 3846638
65 64 3846641
65 67 3846644
62 68 3846647
68 67 3846650
64 69 3846653
66 62 3846656
66 67 3846659
66 67 3846662
64 71 3846665
65 63 3846668
63 65 3846671
66 65 3846674
62 67 3846677
64 65 3846680
64 63 3846683
64 66 3846686
60 70 3846689
64 62 3846692
58 67 3846695
64 64 3846698
61 66 3846701
64 65 3846704
61 63 3846707
60 65 3846710
68 64 3846713
64 66 3846716
65 66 3846719
67 65 3846722
62 64 3846725
59 60 3846728
65 63 3846731
66 65 3846734
59 65 3846737
64 61 3846740
61 60 3846743
64 66 3846746
62 59 3846749
61 63 3846752
60 58 3846755
62 62 3846758
61 68 3846761
60 60 3846764
61 60 3846767
62 59 3846770
63 62 3846773
62 60 3846776
60 66 3846779
60 60 3846782
59 63 3846785
63 65 3846788
60 60 3846791
55 65 3846794
60 57 3846797
60 66 3846800
62 60 3846803
60 61 3846806
59 59 3846809
60 60 3846812
58 63 3846815
59 57 3846818
54 62 3846821
59 57 3846824
55 64 3846827
61 63 3846830
57 59 3846833
58 57 3846836
59 56 3846839
56 56 3846842
60 63 3846845
61 54 3846848
60 61 3846851
59 58 3846854
55 61 3846857
57 59 3846860
62 58 3846863
56 59 3846866
60 63 3846869
56 57 3846872
55 60 3846875
59 55 3846878
58 60 3846881
61 56 3846884
53 60 3846887
57 54 3846890
57 63 3846893
59 61 3846896
53 57 3846899
61 57 3846902
57 53 3846905
55 55 3846908
58 57 3846911
53 56 3846914
57 57 3846917
54 58 3846920
59 55 3846923
53 62 3846926
55 57 3846929
53 57 3846932
62 53 3846935
53 53 3846938
55 50 3846941
56 53 3846944
58 60 3846947
57 56 3846950
59 58 3846953
56 53 3846956
51 58 3846959
57 59 3846962
56 55 3846965
56 55 3846968
53 49 3846971
53 53 3846974
57 61 3846977
56 56 3846980
54 57 3846983
51 55 3846986
56 53 3846989
54 61 3846992
56 56 3846995
52 55 3846999
53 55 3847002
52 51 3847005
54 54 3847008
52 56 3847011
52 59 3847014
57 57 3847017
57 49 3847020
55 53 3847023
51 47 3847026
52 55 3847029
55 50 3847032
50 56 3847034
55 51 3847037
54 55 3847040
55 52 3847043
53 51 3847046
53 53 3847049
54 53 3847052
52 53 3847055
52 49 3847058
50 51 3847061
50 51 3847064
49 49 3847067
47 54 3847070
53 47 3847073
50 53 3847076
55 56 3847079
54 50 3847082
54 50 3847085
47 50 3847088
53 53 3847091
50 57 3847094
51 49 3847097
48 52 3847100
51 53 3847103
49 48 3847106
50 50 3847109
51 51 3847112
49 51 3847115
53 51 3847118
53 51 3847121
52 52 3847124
51 50 3847127
51 48 3847130
52 51 3847133
49 45 3847136
51 51 3847139
53 45 3847142
47 49 3847145
52 52 3847148
49 46 3847151
49 49 3847154
52 50 3847157
48 51 3847160
54 51 3847163
51 45 3847166
48 44 3847169
49 50 3847172
51 45 3847175
49 49 3847178
50 48 3847181
46 47 3847184
47 55 3847187
48 52 3847190
45 49 3847193
49 49 3847196
52 50 3847199
45 45 3847202
48 48 3847205
49 48 3847208
48 49 3847211
47 48 3847214
47 46 3847217
47 53 3847220
50 52 3847223
48 51 3847226
46 44 3847229
48 50 3847232
46 45 3847235
45 43 3847238
50 46 3847241
47 48 3847244
47 47 3847247
46 47 3847250
44 50 3847253
47 45 3847256
45 50 3847259
49 45 3847262
46 44 3847265
45 50 3847268
45 44 3847271
43 43 3847274
49 48 3847277
48 47 3847280
43 41 3847283
42 52 3847286
54 44 3847289
44 43 3847292
46 45 3847295
47 43 3847298
45 45 3847301
46 44 3847304
46 38 3847307
47 45 3847310
46 48 3847313
49 44 3847316
39 46 3847319
47 45 3847322
45 47 3847325
44 44 3847328
44 43 3847331
42 42 3847334
42 45 3847337
46 46 3847340
48 43 3847343
42 41 3847346
42 43 3847349
44 48 3847352
42 44 3847355
43 48 3847358
44 43 3847361
41 41 3847364
42 42 3847367
46 47 3847370
41 41 3847373
41 45 3847376
45 47 3847379
40 44 3847382
41 45 3847385
41 43 3847388
43 42 3847391
41 42 3847394
43 38 3847397
44 39 3847400
46 45 3847403
43 43 3847406
42 44 3847409
39 43 3847412
45 39 3847415
43 42 3847418
38 45 3847421
42 40 3847424
43 43 3847427
39 43 3847430
40 41 3847433
41 46 3847436
43 42 3847439
41 44 3847442
40 43 3847445
39 43 3847448
35 44 3847451
38 41 3847454
40 45 3847457
40 40 3847460
40 41 3847463
42 38 3847466
44 41 3847469
42 36 3847472
41 43 3847475
42 46 3847478
38 37 3847481
37 44 3847484
41 45 3847487
42 38 3847490
41 39 3847493
39 38 3847496
39 37 3847499
36 38 3847502
39 45 3847505
44 45 3847508
41 40 3847511
39 42 3847514
36 45 3847517
41 38 3847520
37 36 3847523
37 36 3847526
35 37 3847529
37 36 3847532
44 43 3847535
41 39 3847538
40 41 3847541
39 38 3847544
43 35 3847547
35 43 3847550
43 43 3847553
39 40 3847556
36 39 3847559
40 40 3847562
35 35 3847565
37 39 3847568
39 40 3847571
39 38 3847574
39 37 3847577
35 38 3847580
36 37 3847583
39 37 3847586
37 35 3847589
41 41 3847592
39 37 3847595
38 34 3847598
38 41 3847601
42 37 3847604
41 35 3847607
38 39 3847610
39 36 3847613
34 43 3847616
35 38 3847619
35 38 3847622
38 39 3847625
37 35 3847628
37 34 3847631
35 38 3847634
41 37 3847637
37 36 3847640
37 36 3847643
33 34 3847646
36 37 3847649
35 38 3847652
39 37 3847655
39 34 3847658
40 35 3847661
35 34 3847664
36 37 3847667
36 37 3847670
38 36 3847673
35 38 3847676
33 35 3847679
35 38 3847682
37 36 3847685
34 34 3847688
35 34 3847691
36 35 3847694
35 28 3847697
32 31 3847700
34 33 3847703
40 36 3847706
39 36 3847709
36 35 3847712
32 41 3847715
40 36 3847718
33 32 3847721
32 36 3847724
32 35 3847727
33 33 3847730
36 35 3847733
38 34 3847736
38 38 3847739
36 35 3847742
34 32 3847745
32 34 3847748
34 33 3847751
35 33 3847754
35 32 3847757
35 32 3847760
33 29 3847763
35 32 3847766
32 35 3847769
32 39 3847772
