0 0 856992
0 0 856996
0 0 857002
0 0 857006
0 0 857011
0 0 857015
0 0 857020
0 0 857024
0 0 857028
0 0 857033
0 0 857037
0 0 857041
0 0 857046
0 0 857050
0 0 857055
0 0 857059
0 0 857063
0 0 857068
0 0 857072
0 0 857076
0 0 857081
0 0 857085
0 0 857090
0 0 857094
0 0 857098
0 0 857103
0 0 857107
0 0 857112
0 0 857116
0 0 857120
0 0 857125
0 0 857129
0 0 857133
0 0 857138
0 0 857142
0 0 857147
0 0 857151
0 0 857155
0 0 857160
0 0 857164
0 0 857168
0 0 857173
0 0 857177
0 0 857182
0 0 857186
0 0 857190
0 0 857195
0 0 857199
0 0 857204
0 0 857208
0 0 857212
0 0 857217
0 0 857221
0 0 857225
0 0 857230
0 0 857234
0 0 857239
0 0 857243
0 0 857247
0 0 857252
0 0 857256
0 0 857260
0 0 857265
0 0 857269
0 0 857274
0 0 857278
0 0 857282
0 0 857287
0 0 857291
0 0 857296
0 0 857300
0 0 857304
0 0 857309
0 0 857313
0 0 857317
0 0 857322
0 0 857326
0 0 857331
0 0 857335
0 0 857339
0 0 857344
0 0 857348
0 0 857352
0 0 857357
0 0 857361
0 0 857366
0 0 857370
0 0 857374
0 0 857379
0 0 857383
0 0 857388
0 0 857392
0 0 857396
0 0 857401
0 0 857405
0 0 857409
0 0 857414
0 0 857418
0 0 857423
0 0 857427
0 0 857431
0 0 857436
0 0 857440
0 0 857444
0 0 857449
0 0 857453
0 0 857458
0 0 857462
0 0 857466
0 0 857471
0 0 857475
0 0 857480
0 0 857484
0 0 857488
0 0 857493
0 0 857497
0 0 857501
0 0 857506
0 0 857510
0 0 857515
0 0 857519
0 0 857523
0 0 857528
0 0 857532
0 0 857536
0 0 857541
0 0 857545
0 0 857550
0 0 857554
0 0 857558
0 0 857563
0 0 857567
0 0 857572
0 0 857576
0 0 857580
0 0 857585
0 0 857589
0 0 857593
0 0 857598
0 0 857602
0 0 857607
0 0 857611
0 0 857615
0 0 857620
0 0 857624
0 0 857628
0 0 857633
0 0 857637
0 0 857641
0 0 857646
0 0 857650
0 0 857654
0 0 857659
0 0 857663
0 0 857667
0 0 857672
0 0 857676
0 0 857680
0 0 857685
0 0 857689
0 0 857693
0 0 857698
0 0 857702
0 0 857706
0 0 857711
0 0 857715
0 0 857719
0 0 857724
0 0 857728
0 0 857732
0 0 857737
0 0 857741
0 0 857745
0 0 857750
0 0 857754
0 0 857758
0 0 857763
0 0 857767
0 0 857771
0 0 857776
0 0 857780
0 0 857784
0 0 857789
0 0 857793
0 0 857797
0 0 857802
0 0 857806
0 0 857810
0 0 857815
0 0 857819
0 0 857823
0 0 857828
0 0 857832
0 0 857836
0 0 857841
0 0 857845
0 0 857849
0 0 857854
0 0 857858
0 0 857862
0 0 857867
0 0 857871
0 0 857875
0 0 857880
0 0 857884
0 0 857888
0 0 857893
0 0 857897
0 0 857901
0 0 857906
0 0 857910
0 0 857914
0 0 857919
0 0 857923
0 0 857927
0 0 857932
0 0 857936
0 0 857940
0 0 857945
0 0 857949
0 0 857953
0 0 857958
0 0 857962
0 0 857966
0 0 857971
0 0 857975
0 0 857979
0 0 857984
0 0 857988
0 0 857992
0 0 857997
0 0 858002
0 0 858006
0 0 858011
0 0 858015
0 0 858019
0 0 858024
0 0 858028
0 0 858032
0 0 858037
0 0 858041
0 0 858045
0 0 858050
0 0 858054
0 0 858058
0 0 858063
0 0 858067
0 0 858071
0 0 858076
0 0 858080
0 0 858084
0 0 858089
0 0 858093
0 0 858097
0 0 858102
0 0 858106
0 0 858110
0 0 858115
0 0 858119
0 0 858123
0 0 858128
0 0 858132
0 0 858136
0 0 858141
0 0 858145
0 0 858149
0 0 858154
0 0 858158
0 0 858162
0 0 858167
0 0 858171
0 0 858175
0 0 858180
0 0 858184
0 0 858188
0 0 858193
0 0 858197
0 0 858201
0 0 858206
0 0 858210
0 0 858214
0 0 858219
0 0 858223
0 0 858227
0 0 858232
0 0 858236
0 0 858240
0 0 858245
0 0 858249
0 0 858253
0 0 858258
0 0 858262
0 0 858266
0 0 858271
0 0 858275
0 0 858279
0 0 858284
0 0 858288
0 0 858292
0 0 858297
0 0 858301
0 0 858305
0 0 858310
0 0 858314
0 0 858318
0 0 858323
0 0 858327
0 0 858331
0 0 858336
0 0 858340
0 0 858344
0 0 858349
0 0 858353
0 0 858357
0 0 858362
0 0 858366
0 0 858370
0 0 858375
0 0 858379
0 0 858383
0 0 858388
0 0 858392
0 0 858396
0 0 858401
0 0 858405
0 0 858409
0 0 858414
0 0 858418
0 0 858422
0 0 858427
0 0 858431
0 0 858435
0 0 858440
0 0 858444
0 0 858448
0 0 858453
0 0 858457
0 0 858461
0 0 858466
0 0 858470
0 0 858474
0 0 858479
0 0 858483
0 0 858487
0 0 858492
0 0 858496
0 0 858500
0 0 858505
0 0 858509
0 0 858513
0 0 858518
0 0 858522
0 0 858526
0 0 858531
0 0 858535
0 0 858539
0 0 858544
0 0 858548
0 0 858552
0 0 858557
0 0 858561
0 0 858565
0 0 858570
0 0 858574
0 0 858578
0 0 858583
0 0 858587
0 0 858591
0 0 858596
0 0 858600
0 0 858604
0 0 858609
0 0 858613
0 0 858617
0 0 858622
0 0 858626
0 0 858630
0 0 858635
0 0 858639
0 0 858643
0 0 858648
0 0 858652
0 0 858656
0 0 858661
0 0 858665
0 0 858669
0 0 858674
0 0 858678
0 0 858682
0 0 858687
0 0 858691
0 0 858695
0 0 858700
0 0 858704
0 0 858708
0 0 858713
0 0 858717
0 0 858721
0 0 858726
0 0 858730
0 0 858734
0 0 858739
0 0 858743
0 0 858747
0 0 858752
0 0 858756
0 0 858760
0 0 858765
0 0 858769
0 0 858773
0 0 858778
0 0 858782
0 0 858786
0 0 858791
0 0 858795
0 0 858799
0 0 858804
0 0 858808
0 0 858812
0 0 858817
0 0 858821
0 0 858825
0 0 858830
0 0 858834
0 0 858838
0 0 858843
0 0 858847
0 0 858851
0 0 858856
0 0 858860
0 0 858864
0 0 858869
0 0 858873
0 0 858877
0 0 858882
0 0 858886
0 0 858890
0 0 858895
0 0 858899
0 0 858903
0 0 858908
0 0 858912
0 0 858916
0 0 858921
0 0 858925
0 0 858929
0 0 858934
0 0 858938
0 0 858942
0 0 858947
0 0 858951
0 0 858955
0 0 858960
0 0 858964
0 0 858968
0 0 858973
0 0 858977
0 0 858981
0 0 858986
0 0 858990
0 0 858994
0 0 859000
0 0 859004
0 0 859009
0 0 859013
0 0 859017
0 0 859022
0 0 859026
0 0 859030
0 0 859035
0 0 859039
0 0 859043
0 0 859048
0 0 859052
0 0 859056
0 0 859061
0 0 859065
0 0 859069
0 0 859074
0 0 859078
0 0 859082
0 0 859087
0 0 859091
0 0 859095
0 0 859100
0 0 859104
0 0 859108
0 0 859113
0 0 859117
0 0 859121
0 0 859126
0 0 859130
0 0 859134
0 0 859139
0 0 859143
0 0 859147
0 0 859152
0 0 859156
0 0 859160
0 0 859165
0 0 859169
0 0 859173
0 0 859178
0 0 859182
0 0 859186
0 0 859191
0 0 859195
0 0 859199
0 0 859204
0 0 859208
0 0 859212
0 0 859217
0 0 859221
0 0 859225
0 0 859230
0 0 859234
0 0 859238
0 0 859243
0 0 859247
0 0 859251
0 0 859256
0 0 859260
0 0 859264
0 0 859269
0 0 859273
0 0 859277
0 0 859282
0 0 859286
0 0 859290
0 0 859295
0 0 859299
0 0 859303
0 0 859308
0 0 859312
0 0 859316
0 0 859321
0 0 859325
0 0 859329
0 0 859334
0 0 859338
0 0 859342
0 0 859347
0 0 859351
0 0 859355
0 0 859360
0 0 859364
0 0 859368
0 0 859373
0 0 859377
0 0 859381
0 0 859386
0 0 859390
0 0 859394
0 0 859399
0 0 859403
0 0 859407
0 0 859412
0 0 859416
0 0 859420
0 0 859425
0 0 859429
0 0 859433
0 0 859438
0 0 859442
0 0 859446
0 0 859451
0 0 859455
0 0 859459
0 0 859464
0 0 859468
0 0 859472
0 0 859477
0 0 859481
0 0 859485
0 0 859490
0 0 859494
0 0 859498
0 0 859503
0 0 859507
0 0 859511
0 0 859516
0 0 859520
0 0 859524
0 0 859529
0 0 859533
0 0 859537
0 0 859542
0 0 859546
0 0 859550
0 0 859555
0 0 859559
0 0 859563
0 0 859568
0 0 859572
0 0 859576
0 0 859581
0 0 859585
0 0 859589
0 0 859594
0 0 859598
0 0 859602
0 0 859607
0 0 859611
0 0 859615
0 0 859620
0 0 859624
0 0 859628
0 0 859633
0 0 859637
0 0 859641
0 0 859646
0 0 859650
0 0 859654
0 0 859659
0 0 859663
0 0 859667
0 0 859672
0 0 859676
0 0 859680
0 0 859685
0 0 859689
0 0 859693
0 0 859698
0 0 859702
0 0 859706
0 0 859711
0 0 859715
0 0 859719
0 0 859724
0 0 859728
0 0 859732
0 0 859737
0 0 859741
0 0 859745
0 0 859750
0 0 859754
0 0 859758
0 0 859763
0 0 859767
0 0 859771
0 0 859776
0 0 859780
0 0 859784
0 0 859789
0 0 859793
0 0 859797
0 0 859802
0 0 859806
0 0 859810
0 0 859815
0 0 859819
0 0 859823
0 0 859828
0 0 859832
0 0 859836
0 0 859841
0 0 859845
0 4 859850
0 0 859854
5 0 859858
3 3 859863
11 8 859867
8 15 859872
13 15 859876
15 20 859880
14 19 859885
#TRIGGER ON
21 26 859889
24 23 859892
22 29 859895
26 31 859898
28 33 859901
31 32 859904
30 33 859907
29 32 859910
36 41 859913
35 37 859916
37 40 859919
39 43 859922
43 41 859925
42 49 859928
43 49 859931
48 49 859934
46 52 859937
46 51 859940
51 51 859943
55 56 859946
54 54 859949
60 60 859952
61 62 859955
60 57 859958
58 71 859961
64 64 859964
63 67 859967
63 65 859970
69 68 859973
65 70 859976
72 72 859979
71 73 859982
76 79 859985
73 81 859988
78 78 859991
75 83 859994
83 88 859997
81 86 860001
82 83 860004
86 87 860007
87 88 860010
85 90 860013
87 95 860016
93 95 860019
89 93 860022
95 99 860025
99 100 860028
100 98 860030
99 99 860033
101 101 860036
106 107 860039
104 107 860042
104 108 860045
110 108 860048
109 111 860051
114 114 860054
111 111 860057
114 116 860060
115 120 860063
115 114 860066
114 124 860069
119 120 860072
120 123 860075
125 122 860078
125 125 860081
126 127 860084
128 133 860087
130 132 860090
130 135 860093
134 136 860096
134 136 860099
133 140 860102
139 138 860105
137 142 860108
144 140 860111
139 144 860114
143 143 860117
146 146 860120
144 147 860123
150 147 860126
151 149 860129
153 150 860132
148 153 860135
153 157 860138
158 157 860141
155 162 860144
156 154 860147
157 161 860150
160 165 860153
160 160 860156
165 168 860159
168 167 860162
163 170 860165
165 174 860168
172 171 860171
165 174 860174
176 173 860177
173 176 860180
172 171 860183
180 178 860186
179 179 860189
181 184 860192
183 181 860195
183 184 860198
183 186 860201
188 184 860204
191 189 860207
187 186 860210
190 191 860213
191 191 860216
191 195 860219
195 194 860222
197 195 860225
196 197 860228
197 197 860231
201 203 860234
199 202 860237
201 205 860240
205 204 860243
206 202 860246
204 202 860249
209 210 860252
213 211 860255
212 208 860258
209 213 860261
216 216 860264
212 216 860267
214 213 860270
219 220 860273
221 219 860276
220 217 860279
220 221 860282
226 224 860285
225 223 860288
224 223 860291
232 228 860294
230 225 860297
227 231 860300
229 231 860303
233 232 860306
235 234 860309
235 231 860312
236 236 860315
237 239 860318
243 235 860321
242 241 860324
244 238 860327
241 240 860330
242 243 860333
244 246 860336
246 246 860339
247 249 860342
247 249 860345
250 248 860348
253 255 860351
255 251 860354
256 256 860357
259 256 860360
256 256 860363
255 262 860366
261 261 860369
260 262 860372
264 262 860375
267 261 860378
263 262 860381
266 269 860384
269 270 860387
269 270 860390
267 271 860393
272 274 860396
273 276 860399
274 275 860402
275 277 860405
278 279 860408
277 277 860411
276 275 860414
279 283 860417
287 283 860420
280 285 860423
284 286 860426
284 287 860429
286 293 860432
287 290 860435
291 293 860438
291 293 860441
291 291 860444
292 290 860447
294 296 860450
297 298 860453
295 299 860456
297 301 860459
302 300 860462
298 304 860465
303 304 860468
301 307 860471
303 304 860474
304 303 860477
304 307 860480
311 309 860483
308 304 860486
314 317 860489
312 317 860492
313 308 860495
309 318 860498
317 319 860501
315 320 860504
317 316 860507
322 321 860510
319 323 860513
322 323 860516
322 325 860519
324 329 860522
327 324 860525
321 323 860528
328 334 860531
327 331 860534
328 333 860537
332 334 860540
335 334 860543
331 331 860546
335 335 860549
338 341 860552
338 335 860555
337 337 860558
336 339 860561
340 344 860564
341 344 860567
339 346 860570
349 349 860573
348 343 860576
346 348 860579
346 351 860582
349 346 860585
350 352 860588
351 355 860591
353 351 860594
355 349 860597
354 360 860600
358 360 860603
357 353 860606
358 359 860609
360 356 860612
360 361 860615
361 363 860618
363 365 860621
367 364 860624
365 360 860627
362 371 860630
370 368 860633
367 368 860636
369 369 860639
371 370 860642
371 369 860645
374 375 860648
375 377 860651
380 374 860654
375 378 860657
377 374 860660
377 381 860663
380 377 860666
380 381 860669
383 382 860672
385 384 860675
386 380 860678
388 387 860681
390 385 860684
390 388 860687
389 385 860690
386 388 860693
392 394 860696
391 395 860699
392 396 860702
393 395 860705
400 396 860708
396 389 860711
397 398 860714
401 399 860717
405 404 860720
401 402 860723
401 400 860726
402 407 860729
406 402 860732
403 405 860735
410 404 860738
411 407 860741
405 404 860744
411 413 860747
415 412 860750
414 414 860753
411 412 860756
412 416 860759
413 419 860762
415 419 860765
414 415 860768
418 419 860771
417 420 860774
419 419 860777
424 426 860780
424 423 860783
423 427 860786
425 424 860789
425 424 860792
423 431 860795
428 434 860798
427 434 860801
429 434 860804
430 430 860807
434 433 860810
435 443 860813
437 434 860816
434 438 860819
439 443 860822
438 438 860825
433 442 860828
441 445 860831
441 442 860834
440 440 860837
443 444 860840
443 445 860843
443 446 860846
447 450 860849
450 448 860852
447 449 860855
447 448 860858
450 456 860861
452 453 860864
449 447 860867
455 453 860870
457 454 860873
453 451 860876
458 459 860879
459 459 860882
459 456 860885
459 464 860888
462 461 860891
463 464 860894
461 465 860897
465 461 860900
465 464 860903
466 462 860906
467 465 860909
467 467 860912
472 468 860915
470 469 860918
475 473 860921
469 471 860924
472 475 860927
473 477 860930
476 476 860933
477 471 860936
477 477 860939
478 477 860942
482 480 860945
479 479 860948
485 479 860951
481 484 860954
482 478 860957
481 490 860960
487 487 860963
484 487 860966
487 487 860969
489 487 860972
487 490 860975
491 491 860978
492 493 860981
493 492 860984
494 492 860987
492 495 860990
492 495 860993
497 501 860996
497 499 861000
498 495 861003
500 497 861006
501 499 861009
502 498 861012
500 503 861015
505 504 861018
503 502 861021
501 506 861024
505 508 861027
507 505 861029
506 506 861032
510 508 861035
510 512 861038
510 506 861041
507 511 861044
511 519 861047
516 510 861050
509 512 861053
516 520 861056
518 520 861059
515 516 861062
512 517 861065
517 522 861068
518 519 861071
519 517 861074
519 524 861077
527 521 861080
523 522 861083
523 524 861086
526 527 861089
525 527 861092
529 529 861095
527 527 861098
527 531 861101
530 533 861104
530 533 861107
535 533 861110
533 534 861113
531 531 861116
533 536 861119
537 533 861122
537 539 861125
540 536 861128
535 535 861131
537 541 861134
544 543 861137
541 543 861140
542 542 861143
543 543 861146
545 539 861149
546 547 861152
545 546 861155
547 548 861158
549 552 861161
549 543 861164
544 550 861167
548 551 861170
551 553 861173
553 550 861176
553 550 861179
554 552 861182
555 558 861185
555 555 861188
556 564 861191
553 555 861194
557 559 861197
555 560 861200
560 560 861203
558 558 861206
560 563 861209
564 562 861212
564 560 861215
565 569 861218
567 567 861221
565 567 861224
566 568 861227
566 566 861230
569 572 861233
568 569 861236
568 572 861239
572 573 861242
573 568 861245
570 575 861248
574 574 861251
575 577 861254
577 577 861257
577 575 861260
574 578 861263
577 584 861266
578 581 861269
578 579 861272
580 584 861275
580 583 861278
581 578 861281
583 584 861284
581 587 861287
585 585 861290
585 586 861293
585 587 861296
589 592 861299
588 588 861302
585 595 861305
593 591 861308
590 587 861311
592 593 861314
597 595 861317
597 590 861320
594 596 861323
597 593 861326
598 594 861329
592 596 861332
600 602 861335
600 598 861338
599 598 861341
601 595 861344
601 597 861347
602 603 861350
604 602 861353
606 605 861356
607 605 861359
605 603 861362
603 611 861365
607 608 861368
605 610 861371
612 607 861374
610 611 861377
609 609 861380
615 614 861383
613 610 861386
614 615 861389
615 613 861392
612 616 861395
613 617 861398
616 621 861401
614 619 861404
618 619 861407
619 620 861410
615 620 861413
619 625 861416
621 623 861419
622 623 861422
620 623 861425
624 624 861428
621 629 861431
623 625 861434
626 628 861437
628 624 861440
626 626 861443
628 626 861446
629 631 861449
630 633 861452
631 635 861455
628 630 861458
632 632 861461
629 636 861464
634 635 861467
632 634 861470
635 635 861473
640 638 861476
636 634 861479
636 640 861482
643 638 861485
640 639 861488
636 638 861491
640 638 861494
640 644 861497
644 647 861500
642 642 861503
647 644 861506
645 644 861509
645 643 861512
648 648 861515
649 643 861518
651 649 861521
652 650 861524
649 645 861527
647 652 861530
651 652 861533
647 650 861536
654 656 861539
655 652 861542
653 651 861545
657 659 861548
656 656 861551
656 654 861554
658 660 861557
659 659 861560
657 659 861563
658 662 861566
659 661 861569
661 658 861572
659 662 861575
660 659 861578
664 664 861581
668 663 861584
666 666 861587
666 668 861590
665 664 861593
664 671 861596
668 670 861599
667 668 861602
669 672 861605
666 669 861608
670 668 861611
670 671 861614
673 674 861617
673 673 861620
670 674 861623
674 672 861626
673 680 861629
676 676 861632
675 683 861635
677 679 861638
676 678 861641
678 678 861644
682 685 861647
679 678 861650
680 684 861653
683 684 861656
682 679 861659
676 686 861662
682 687 861665
685 687 861668
683 684 861671
683 684 861674
685 690 861677
688 688 861680
686 688 861683
688 692 861686
692 694 861689
686 690 861692
688 696 861695
690 694 861698
694 690 861701
691 693 861704
697 691 861707
693 696 861710
696 694 861713
694 698 861716
698 694 861719
700 698 861722
694 695 861725
696 698 861728
699 699 861731
701 700 861734
702 697 861737
703 701 861740
701 701 861743
702 706 861746
708 706 861749
708 708 861752
703 702 861755
704 702 861758
705 706 861761
711 707 861764
705 710 861767
713 710 861770
710 709 861773
708 705 861776
711 711 861779
711 708 861782
715 716 861785
713 712 861788
715 711 861791
710 718 861794
716 713 861797
713 721 861800
718 718 861803
720 715 861806
716 715 861809
721 721 861812
718 720 861815
719 724 861818
720 726 861821
721 717 861824
717 717 861827
716 718 861830
714 715 861833
710 713 861836
712 712 861839
712 710 861842
709 709 861845
709 712 861848
711 710 861851
704 703 861854
704 705 861857
702 708 861860
701 702 861863
697 700 861866
701 702 861869
698 698 861872
697 695 861875
694 699 861878
696 696 861881
697 695 861884
692 693 861887
691 694 861890
691 694 861893
689 689 861896
688 694 861899
690 688 861902
685 686 861905
684 684 861908
686 684 861911
683 682 861914
683 683 861917
684 682 861920
681 677 861923
679 677 861926
678 677 861929
676 677 861932
680 675 861935
673 673 861938
676 674 861941
675 671 861944
673 670 861947
672 677 861950
673 670 861953
670 668 861956
668 667 861959
670 669 861962
667 662 861965
662 666 861968
663 662 861971
664 660 861974
662 663 861977
665 664 861980
661 658 861983
662 660 861986
657 657 861989
657 657 861992
661 660 861995
652 655 861999
655 652 862002
652 652 862005
657 650 862008
646 654 862011
648 653 862014
651 656 862017
650 642 862020
646 650 862023
647 644 862026
647 646 862029
643 646 862032
642 649 862034
638 643 862037
640 641 862040
639 642 862043
643 643 862046
638 641 862049
639 640 862052
635 638 862055
635 632 862058
633 636 862061
632 631 862064
634 634 862067
631 630 862070
628 633 862073
631 629 862076
631 637 862079
630 626 862082
625 627 862085
625 627 862088
628 629 862091
621 621 862094
622 625 862097
624 621 862100
621 618 862103
618 621 862106
621 621 862109
619 619 862112
621 620 862115
618 616 862118
617 617 862121
617 618 862124
614 611 862127
615 612 862130
614 611 862133
613 610 862136
612 613 862139
616 609 862142
611 615 862145
613 609 862148
611 607 862151
605 613 862154
608 603 862157
604 605 862160
602 604 862163
609 602 862166
601 598 862169
604 603 862172
602 602 862175
602 599 862178
600 601 862181
599 597 862184
598 600 862187
598 599 862190
596 597 862193
597 593 862196
591 597 862199
591 592 862202
599 596 862205
593 594 862208
593 593 862211
593 593 862214
588 585 862217
586 593 862220
592 591 862223
587 588 862226
584 587 862229
586 589 862232
583 584 862235
584 586 862238
582 586 862241
583 581 862244
580 583 862247
578 577 862250
576 584 862253
577 582 862256
578 573 862259
577 578 862262
575 573 862265
574 575 862268
575 576 862271
574 574 862274
576 573 862277
571 574 862280
571 570 862283
573 575 862286
569 567 862289
569 570 862292
571 571 862295
568 566 862298
562 562 862301
567 568 862304
564 566 862307
566 561 862310
563 566 862313
562 561 862316
558 563 862319
560 563 862322
561 559 862325
561 557 862328
563 555 862331
557 555 862334
560 556 862337
559 557 862340
559 559 862343
557 553 862346
552 548 862349
552 560 862352
554 548 862355
552 550 862358
552 548 862361
552 549 862364
546 549 862367
550 550 862370
550 545 862373
549 549 862376
549 548 862379
544 542 862382
545 548 862385
546 548 862388
543 543 862391
540 543 862394
544 540 862397
542 540 862400
540 541 862403
542 538 862406
541 540 862409
534 539 862412
537 535 862415
534 540 862418
539 537 862421
534 538 862424
533 534 862427
536 529 862430
530 531 862433
532 533 862436
531 531 862439
535 534 862442
530 533 862445
528 529 862448
528 536 862451
528 527 862454
523 526 862457
524 527 862460
526 527 862463
521 524 862466
523 528 862469
524 526 862472
524 521 862475
521 522 862478
521 525 862481
517 521 862484
519 522 862487
518 521 862490
519 499 862493
512 511 862496
513 514 862499
518 521 862502
519 512 862505
515 511 862508
517 514 862511
515 512 862514
511 511 862517
511 509 862520
510 515 862523
516 507 862526
509 507 862529
510 507 862532
509 511 862535
508 506 862538
508 506 862541
507 513 862544
503 502 862547
501 507 862550
502 505 862553
505 505 862556
503 502 862559
505 501 862562
502 498 862565
501 499 862568
500 498 862571
502 502 862574
500 502 862577
498 495 862580
495 497 862583
496 499 862586
495 496 862589
495 485 862592
504 493 862595
494 491 862598
494 496 862601
490 494 862604
493 492 862607
491 492 862610
490 489 862613
489 497 862616
487 489 862619
485 489 862622
486 489 862625
489 489 862628
482 484 862631
486 492 862634
486 486 862637
483 486 862640
481 485 862643
484 483 862646
482 487 862649
481 486 862652
480 477 862655
480 478 862658
479 479 862661
479 479 862664
480 479 862667
478 476 862670
478 481 862673
477 476 862676
473 474 862679
475 477 862682
476 474 862685
469 468 862688
475 474 862691
476 470 862694
470 468 862697
471 470 862700
474 472 862703
470 470 862706
468 467 862709
469 466 862712
467 471 862715
468 467 862718
468 464 862721
468 466 862724
466 462 862727
465 460 862730
465 471 862733
467 461 862736
466 461 862739
463 466 862742
459 460 862745
459 461 862748
461 464 862751
460 461 862754
459 456 862757
458 462 862760
456 457 862763
458 456 862766
454 454 862769
460 462 862772
454 453 862775
452 453 862778
454 460 862781
455 456 862784
453 452 862787
454 459 862790
451 447 862793
447 447 862796
452 453 862799
452 450 862802
449 448 862805
446 452 862808
447 451 862811
448 449 862814
444 445 862817
446 449 862820
446 444 862823
445 443 862826
443 439 862829
442 447 862832
446 440 862835
440 440 862838
442 440 862841
442 438 862844
437 442 862847
440 441 862850
441 439 862853
438 440 862856
441 435 862859
439 437 862862
437 435 862865
436 435 862868
436 434 862871
436 434 862874
433 431 862877
433 436 862880
436 437 862883
437 433 862886
435 431 862889
434 428 862892
429 431 862895
429 429 862898
430 430 862901
430 433 862904
430 431 862907
428 427 862910
425 433 862913
425 427 862916
422 427 862919
422 427 862922
428 423 862925
419 423 862928
423 424 862931
421 423 862934
423 427 862937
422 423 862940
421 422 862943
418 427 862946
422 419 862949
417 421 862952
418 421 862955
418 415 862958
418 414 862961
414 419 862964
421 418 862967
418 417 862970
416 412 862973
416 414 862976
412 416 862979
417 416 862982
413 414 862985
413 410 862988
413 412 862991
407 408 862994
411 412 862997
413 409 863001
408 406 863004
411 409 863007
406 410 863010
407 406 863013
407 405 863016
408 411 863019
404 407 863022
406 406 863025
407 409 863028
402 403 863032
408 403 863034
405 407 863037
406 406 863040
402 402 863043
401 404 863046
401 400 863049
401 402 863052
401 402 863055
399 401 863058
398 402 863061
399 401 863065
400 396 863067
398 399 863070
396 399 863073
394 399 863076
396 397 863079
393 394 863082
395 396 863085
393 397 863088
396 396 863091
393 396 863094
394 394 863098
395 389 863100
391 394 863103
395 390 863106
388 389 863109
390 390 863112
390 388 863115
389 388 863118
387 388 863121
391 389 863124
389 387 863127
383 384 863131
391 377 863133
390 384 863136
385 383 863139
382 385 863142
387 383 863145
380 380 863148
386 382 863151
385 384 863154
380 385 863157
385 380 863160
381 383 863164
382 380 863166
381 381 863169
381 379 863172
378 380 863175
375 379 863178
379 380 863181
377 378 863184
377 377 863187
380 379 863190
379 379 863193
371 375 863197
376 371 863199
376 377 863202
372 375 863205
370 373 863208
372 372 863211
369 373 863214
370 373 863217
372 373 863220
372 373 863223
369 373 863226
367 366 863230
373 367 863232
368 369 863235
368 366 863238
365 366 863241
366 364 863244
365 361 863247
370 360 863250
368 368 863253
362 364 863256
367 361 863259
364 362 863263
366 360 863265
362 360 863268
364 358 863271
359 361 863274
363 361 863277
362 357 863280
363 364 863283
358 364 863286
359 357 863289
359 362 863292
358 358 863296
356 356 863298
354 360 863301
359 354 863304
357 356 863307
353 357 863310
356 354 863313
354 356 863316
353 354 863319
354 359 863322
356 355 863325
351 355 863329
351 349 863331
354 352 863334
349 353 863337
348 353 863340
348 352 863343
349 343 863346
347 355 863349
348 351 863352
350 350 863355
349 348 863358
345 344 863362
347 343 863364
349 348 863367
347 346 863370
344 345 863373
345 346 863376
345 346 863379
346 343 863382
344 343 863385
345 346 863388
344 341 863391
343 345 863395
343 339 863397
342 340 863400
340 341 863403
342 344 863406
340 340 863409
339 341 863412
338 339 863415
338 342 863418
341 339 863421
336 340 863424
335 335 863428
340 333 863430
335 338 863433
338 337 863436
334 337 863439
332 338 863442
333 334 863445
337 336 863448
331 332 863451
334 341 863454
333 336 863457
330 336 863461
332 331 863463
332 332 863466
329 331 863469
328 330 863472
331 331 863475
325 327 863478
332 328 863481
333 332 863484
332 329 863487
326 326 863490
328 324 863494
330 324 863496
328 326 863499
325 325 863502
327 325 863505
323 326 863508
322 324 863511
326 320 863514
325 328 863517
324 322 863520
325 320 863523
324 323 863527
321 322 863529
326 320 863532
324 321 863535
323 322 863538
320 320 863541
317 322 863544
322 323 863547
318 320 863550
321 321 863553
320 321 863556
318 320 863560
318 312 863562
317 315 863565
316 317 863568
314 319 863571
315 316 863574
311 310 863577
314 315 863580
313 313 863583
311 317 863586
314 313 863589
309 313 863593
314 306 863595
312 311 863598
314 315 863601
311 309 863604
311 310 863607
311 310 863610
310 311 863613
309 307 863616
312 311 863619
308 307 863622
309 305 863626
309 308 863628
307 309 863631
308 303 863634
307 313 863637
303 305 863640
304 303 863643
303 305 863646
307 310 863649
303 307 863652
302 308 863655
305 305 863659
301 303 863661
305 303 863664
303 305 863667
304 303 863670
299 301 863673
298 300 863676
299 300 863679
303 305 863682
298 302 863685
298 300 863688
299 297 863692
298 294 863694
297 296 863697
301 299 863700
296 295 863703
296 297 863706
295 293 863709
298 296 863712
294 297 863715
296 295 863718
298 299 863721
295 292 863725
298 292 863727
294 294 863730
292 291 863733
295 293 863736
290 292 863739
291 289 863742
292 296 863745
289 291 863748
290 292 863751
290 291 863754
288 293 863758
291 288 863760
290 291 863763
289 288 863766
286 289 863769
287 288 863772
284 285 863775
291 291 863778
287 287 863781
286 286 863784
285 286 863787
282 285 863791
285 279 863793
286 284 863796
286 284 863799
284 282 863802
284 280 863805
282 281 863808
283 282 863811
281 283 863814
285 281 863817
281 282 863820
280 286 863824
281 273 863826
282 280 863829
282 281 863832
278 282 863835
275 279 863838
277 278 863841
279 285 863844
276 276 863847
278 284 863850
276 282 863853
278 273 863857
279 279 863859
277 279 863862
272 276 863865
275 276 863868
274 280 863871
273 274 863874
273 277 863877
275 276 863880
273 274 863883
274 277 863886
269 272 863890
274 267 863892
275 275 863895
274 269 863898
271 272 863901
268 273 863904
268 268 863907
274 271 863910
273 272 863913
269 273 863916
270 272 863919
269 269 863923
272 269 863925
267 270 863928
265 264 863931
271 268 863934
266 267 863937
261 265 863940
270 267 863943
265 268 863946
262 266 863949
266 266 863952
261 266 863956
265 260 863958
263 268 863961
264 260 863964
260 266 863967
259 264 863970
263 258 863973
263 264 863976
264 261 863979
262 263 863982
261 259 863985
260 260 863989
262 255 863991
258 257 863994
260 260 863999
257 258 864002
260 259 864005
256 259 864008
256 258 864011
259 257 864014
256 256 864017
259 252 864020
259 258 864023
259 254 864026
257 260 864029
258 256 864032
251 251 864035
254 256 864038
254 255 864041
256 251 864044
252 253 864047
255 253 864050
252 255 864053
252 252 864056
252 255 864059
250 255 864062
252 249 864065
249 254 864068
247 256 864071
253 253 864074
248 248 864077
248 251 864080
248 248 864083
248 250 864086
249 251 864089
249 250 864092
248 251 864095
245 249 864098
247 251 864101
246 249 864104
248 249 864107
247 246 864110
246 242 864113
246 244 864116
249 246 864119
242 242 864122
247 247 864125
247 247 864128
244 242 864131
244 243 864134
243 247 864137
242 245 864140
245 242 864143
242 237 864146
240 242 864149
244 243 864152
238 236 864155
242 245 864158
241 241 864161
235 241 864164
239 241 864167
239 243 864170
240 241 864173
238 242 864176
238 239 864179
237 236 864182
238 241 864185
238 239 864188
239 240 864191
237 236 864194
233 235 864197
235 241 864200
235 238 864203
235 239 864206
232 233 864209
235 235 864212
237 236 864215
235 234 864218
234 239 864221
239 232 864224
235 234 864227
234 230 864230
232 236 864233
235 234 864236
232 230 864239
234 230 864242
231 232 864245
232 229 864248
233 226 864251
230 229 864254
235 233 864257
230 229 864260
228 225 864263
229 235 864266
228 223 864269
227 230 864272
230 231 864275
227 225 864278
223 223 864281
229 228 864284
228 229 864287
225 228 864290
226 227 864293
224 225 864296
225 229 864299
229 229 864302
223 223 864305
226 228 864308
225 220 864311
219 224 864314
227 224 864317
223 221 864320
222 224 864323
226 222 864326
221 218 864329
223 226 864332
222 221 864335
224 224 864338
226 221 864341
223 218 864344
218 217 864347
224 225 864350
221 217 864353
218 218 864356
222 224 864359
222 214 864362
214 222 864365
221 215 864368
220 218 864371
218 217 864374
217 216 864377
216 214 864380
219 219 864383
218 217 864386
217 219 864389
221 218 864392
211 212 864395
210 216 864398
219 221 864401
214 216 864404
215 213 864407
214 216 864410
212 210 864413
214 212 864416
211 216 864419
214 214 864422
213 215 864425
212 210 864428
212 216 864431
211 215 864434
213 211 864437
214 207 864440
211 209 864443
212 211 864446
212 208 864449
210 207 864452
211 213 864455
210 206 864458
208 205 864461
209 215 864464
210 204 864467
206 208 864470
211 203 864473
208 204 864476
207 204 864479
206 210 864482
209 209 864485
211 205 864488
204 205 864491
205 206 864494
203 211 864497
207 207 864500
203 208 864503
207 205 864506
206 201 864509
201 202 864512
206 207 864515
205 202 864518
204 203 864521
205 207 864524
200 200 864527
203 205 864530
204 203 864533
199 205 864536
204 200 864539
199 201 864542
198 198 864545
205 204 864548
203 198 864551
199 201 864554
198 199 864557
202 193 864560
199 205 864563
202 201 864566
199 200 864569
201 200 864572
197 195 864575
197 197 864578
202 194 864581
196 198 864584
197 196 864587
200 194 864590
199 198 864593
195 197 864596
198 194 864599
196 196 864602
194 197 864605
195 193 864608
195 194 864611
197 198 864614
196 189 864617
193 198 864620
193 196 864623
192 192 864626
187 197 864629
197 194 864632
191 200 864635
193 193 864638
190 192 864641
189 189 864644
189 196 864647
191 192 864650
192 195 864653
189 190 864656
187 186 864659
189 190 864662
190 193 864665
189 189 864668
190 186 864671
189 186 864674
186 191 864677
191 187 864680
193 189 864683
189 186 864686
188 186 864689
187 181 864692
185 189 864695
191 188 864698
189 187 864701
186 188 864704
185 188 864707
184 180 864710
184 188 864713
186 187 864716
188 186 864719
182 185 864722
183 188 864725
181 186 864728
182 186 864731
181 188 864734
186 182 864737
180 184 864740
180 181 864743
184 184 864746
180 181 864749
185 182 864752
180 184 864755
183 180 864758
180 185 864761
183 182 864764
181 185 864767
183 180 864770
178 178 864773
175 174 864776
183 183 864779
179 178 864782
180 179 864785
181 180 864788
182 179 864791
178 179 864794
181 179 864797
177 177 864800
182 176 864803
177 176 864806
179 175 864809
180 179 864812
178 175 864815
177 177 864818
177 176 864821
177 178 864824
173 174 864827
177 180 864830
173 179 864833
176 177 864836
173 174 864839
174 173 864842
179 175 864845
172 176 864848
179 180 864851
177 174 864854
173 170 864857
169 178 864860
175 176 864863
172 174 864866
169 168 864869
174 174 864872
171 171 864875
171 173 864878
169 174 864881
175 175 864884
173 170 864887
166 169 864890
169 174 864893
170 169 864896
169 170 864899
171 171 864902
172 166 864905
165 168 864908
173 169 864911
171 169 864914
169 168 864917
168 166 864920
166 164 864923
166 169 864926
166 169 864929
170 165 864932
165 168 864935
170 167 864938
170 166 864941
166 170 864944
170 167 864947
165 162 864950
166 168 864953
165 169 864956
163 166 864959
164 169 864962
164 170 864965
161 164 864968
161 159 864971
161 167 864974
166 165 864977
163 164 864980
158 167 864983
163 168 864986
160 163 864989
161 166 864992
163 167 864995
164 164 864999
160 162 865002
162 164 865005
165 160 865008
162 167 865011
158 160 865014
160 160 865017
161 157 865020
160 162 865023
159 160 865026
160 158 865029
158 162 865032
160 162 865034
161 158 865037
158 158 865040
163 158 865043
156 158 865046
158 156 865049
159 159 865052
158 160 865055
155 153 865058
158 162 865061
159 155 865064
158 154 865067
153 153 865070
157 157 865073
154 158 865076
155 159 865079
156 158 865082
155 154 865085
151 158 865088
155 159 865091
155 156 865094
155 153 865097
157 154 865100
154 154 865103
154 157 865106
152 155 865109
152 158 865112
150 155 865115
148 152 865118
152 159 865121
152 157 865124
149 153 865127
151 153 865130
152 151 865133
152 148 865136
153 153 865139
151 151 865142
153 158 865145
152 150 865148
148 149 865151
147 157 865154
151 149 865157
148 150 865160
151 151 865163
153 145 865166
148 147 865169
150 147 865172
148 149 865175
150 146 865178
148 149 865181
148 146 865184
147 151 865187
150 151 865190
151 150 865193
151 148 865196
149 145 865199
146 145 865202
149 144 865205
147 144 865208
147 148 865211
148 146 865214
145 143 865217
144 150 865220
147 145 865223
148 145 865226
144 145 865229
145 143 865232
144 142 865235
145 145 865238
143 145 865241
145 144 865244
144 148 865247
143 141 865250
141 145 865253
144 148 865256
141 144 865259
141 141 865262
141 144 865265
143 142 865268
141 144 865271
143 140 865274
142 145 865277
142 142 865280
140 139 865283
137 146 865286
141 144 865289
140 143 865292
139 140 865295
142 143 865298
139 138 865301
138 141 865304
139 141 865307
140 139 865310
138 140 865313
136 136 865316
138 140 865319
138 141 865322
135 138 865325
140 138 865328
141 136 865331
135 133 865334
137 141 865337
142 134 865340
138 138 865343
137 135 865346
140 137 865349
134 140 865352
137 133 865355
136 138 865358
139 137 865361
135 136 865364
135 133 865367
139 136 865370
136 135 865373
137 135 865376
138 138 865379
134 133 865382
133 137 865385
139 136 865388
134 134 865391
134 133 865394
137 134 865397
133 133 865400
137 133 865403
132 133 865406
137 133 865409
129 130 865412
131 132 865415
131 134 865418
136 135 865421
132 134 865424
132 130 865427
132 131 865430
129 127 865433
132 135 865436
129 132 865439
132 132 865442
129 134 865445
127 129 865448
127 134 865451
129 130 865454
129 131 865457
131 130 865460
127 127 865463
127 129 865466
130 135 865469
127 129 865472
132 128 865475
127 129 865478
127 126 865481
124 131 865484
128 131 865487
126 129 865490
125 126 865493
127 127 865496
126 126 865499
126 126 865502
128 127 865505
127 132 865508
125 128 865511
122 122 865514
121 130 865517
128 129 865520
124 125 865523
123 127 865526
126 129 865529
123 122 865532
124 123 865535
126 128 865538
126 128 865541
124 125 865544
124 121 865547
124 128 865550
125 122 865553
121 121 865556
123 120 865559
125 121 865562
120 119 865565
125 126 865568
123 120 865571
124 124 865574
124 124 865577
121 120 865580
125 124 865583
123 126 865586
121 122 865589
120 122 865592
121 120 865595
120 120 865598
123 122 865601
124 119 865604
122 120 865607
122 119 865610
122 118 865613
117 120 865616
122 119 865619
122 120 865622
123 115 865625
120 114 865628
118 118 865631
123 118 865634
119 117 865637
123 122 865640
121 120 865643
119 116 865646
113 119 865649
119 123 865652
119 118 865655
118 115 865658
116 117 865661
119 114 865664
119 120 865667
120 117 865670
119 117 865673
119 117 865676
115 115 865679
118 120 865682
118 117 865685
115 116 865688
116 112 865691
114 116 865694
113 114 865697
117 118 865700
115 116 865703
117 116 865706
114 115 865709
112 113 865712
114 119 865715
112 117 865718
112 113 865721
113 114 865724
115 117 865727
114 111 865730
115 116 865733
116 116 865736
115 117 865739
110 113 865742
110 113 865745
113 117 865748
113 113 865751
108 116 865754
113 114 865757
113 110 865760
106 108 865763
110 112 865766
114 115 865769
114 109 865772
110 112 865775
109 110 865778
108 113 865781
108 111 865784
105 114 865787
114 113 865790
109 109 865793
106 109 865796
112 112 865799
112 109 865802
108 108 865805
108 107 865808
109 108 865811
108 111 865814
109 110 865817
108 113 865820
108 110 865823
111 106 865826
101 104 865829
110 111 865832
109 105 865835
105 105 865838
111 111 865841
106 107 865844
103 109 865847
108 109 865850
108 106 865853
109 100 865856
105 104 865859
109 106 865862
109 107 865865
107 103 865868
109 108 865871
108 106 865874
106 97 865877
102 112 865880
109 106 865883
106 104 865886
104 106 865889
109 102 865892
104 100 865895
104 103 865898
107 106 865901
106 106 865904
104 100 865907
104 103 865910
102 104 865913
107 104 865916
105 103 865919
105 100 865922
102 96 865925
104 100 865928
105 105 865931
105 99 865934
103 103 865937
104 105 865940
105 96 865943
100 108 865946
104 104 865949
102 98 865952
100 99 865955
104 98 865958
99 98 865961
104 101 865964
102 97 865967
100 105 865970
100 102 865973
101 101 865976
97 104 865979
97 98 865982
99 99 865985
102 101 865988
100 101 865991
97 95 865994
102 103 865997
98 102 866001
100 95 866004
99 101 866007
99 99 866010
94 99 866013
94 96 866016
100 101 866019
99 99 866022
97 100 866025
96 101 866028
97 101 866032
99 95 866034
93 99 866037
100 98 866040
98 99 866043
95 97 866046
96 98 866049
96 98 866052
96 100 866055
96 96 866058
98 97 866061
94 99 866065
92 92 866067
99 98 866070
95 97 866073
94 96 866076
94 97 866079
95 94 866082
94 99 866085
92 95 866088
98 98 866091
93 101 866094
90 93 866098
99 91 866100
91 96 866103
94 93 866106
89 94 866109
93 97 866112
90 92 866115
93 93 866118
93 95 866121
92 97 866124
96 95 866127
89 93 866131
93 88 866133
96 92 866136
92 93 866139
95 97 866142
89 92 866145
90 91 866148
93 92 866151
90 89 866154
93 95 866157
88 96 866160
89 90 866164
95 89 866166
91 92 866169
93 91 866172
88 90 866175
90 93 866178
88 88 866181
92 87 866184
89 87 866187
89 93 866190
88 86 866193
89 88 866197
92 88 866199
93 91 866202
87 86 866205
90 89 866208
88 86 866211
88 86 866214
91 92 866217
87 90 866220
88 86 866223
91 90 866226
90 89 866230
89 81 866232
87 85 866235
90 85 866238
86 88 866241
88 89 866244
90 83 866247
89 88 866250
86 88 866253
88 87 866256
87 87 866259
87 85 866263
89 83 866265
90 88 866268
89 85 866271
85 83 866274
87 83 866277
86 83 866280
88 88 866283
84 84 866286
88 88 866289
86 89 866292
84 84 866296
88 78 866298
88 90 866301
85 83 866304
81 82 866307
83 85 866310
85 81 866313
85 87 866316
84 84 866319
86 85 866322
85 84 866325
84 88 866329
85 76 866331
84 83 866334
86 83 866337
83 87 866340
84 81 866343
82 79 866346
86 85 866349
83 82 866352
84 83 866355
83 83 866358
83 78 866362
88 80 866364
86 81 866367
82 79 866370
84 79 866373
80 84 866376
82 78 866379
80 78 866382
86 84 866385
80 83 866388
82 81 866391
82 81 866395
86 81 866397
83 81 866400
81 77 866403
80 82 866406
78 80 866409
77 76 866412
84 80 866415
78 78 866418
82 78 866421
82 84 866424
80 81 866428
79 73 866430
80 81 866433
80 77 866436
77 82 866439
74 77 866442
78 74 866445
84 80 866448
77 80 866451
77 80 866454
80 82 866457
80 80 866461
78 73 866463
82 76 866466
78 77 866469
78 76 866472
78 78 866475
74 75 866478
77 75 866481
80 81 866484
75 77 866487
80 82 866490
75 74 866494
78 73 866496
77 75 866499
78 78 866502
75 80 866505
70 74 866508
76 77 866511
75 78 866514
71 77 866517
77 81 866520
75 79 866523
71 77 866527
76 71 866529
74 77 866532
73 72 866535
73 76 866538
75 71 866541
73 70 866544
78 82 866547
73 72 866550
76 77 866553
75 75 866556
72 73 866560
75 68 866562
76 75 866565
73 73 866568
74 72 866571
75 72 866574
73 74 866577
74 73 866580
72 72 866583
75 79 866586
71 71 866589
74 74 866593
73 67 866595
72 73 866598
74 72 866601
69 69 866604
75 70 866607
73 66 866610
72 73 866613
70 73 866616
72 74 866619
72 74 866622
69 65 866626
72 66 866628
72 75 866631
70 68 866634
72 70 866637
73 72 866640
68 69 866643
74 68 866646
72 70 866649
70 74 866652
68 66 866655
69 68 866659
75 70 866661
69 70 866664
68 69 866667
69 69 866670
68 71 866673
69 71 866676
72 69 866679
71 71 866682
71 68 866685
67 73 866688
67 70 866692
68 62 866694
67 69 866697
69 65 866700
68 71 866703
67 73 866706
66 65 866709
70 73 866712
69 70 866715
66 69 866718
69 67 866721
70 67 866725
69 66 866727
64 70 866730
70 65 866733
65 70 866736
66 65 866739
67 64 866742
68 68 866745
66 69 866748
63 65 866751
67 66 866754
67 69 866758
66 63 866760
67 63 866763
66 64 866766
67 66 866769
64 67 866772
64 64 866775
65 65 866778
63 68 866781
66 67 866784
67 63 866787
63 65 866791
65 62 866793
64 67 866796
68 63 866799
64 67 866802
66 64 866805
64 59 866808
66 66 866811
66 63 866814
67 62 866817
66 66 866820
64 61 866824
64 60 866826
65 64 866829
67 68 866832
66 64 866835
62 62 866838
66 59 866841
64 62 866844
63 62 866847
66 64 866850
60 62 866853
61 64 866857
66 59 866859
62 67 866862
62 61 866865
62 62 866868
64 60 866871
63 59 866874
65 64 866877
58 57 866880
63 62 866883
64 66 866886
58 60 866890
59 55 866892
65 64 866895
58 60 866898
60 57 866901
62 60 866904
59 62 866907
57 64 866910
60 63 866913
62 67 866916
59 66 866919
58 57 866923
65 60 866925
60 63 866928
60 62 866931
60 59 866934
57 62 866937
59 60 866940
63 63 866943
59 62 866946
61 63 866949
59 62 866952
58 60 866956
62 56 866958
61 63 866961
60 60 866964
57 59 866967
58 66 866970
58 58 866973
58 61 866976
58 61 866979
61 61 866982
60 61 866985
59 57 866989
59 55 866991
60 60 866994
57 54 866999
60 57 867002
57 53 867005
55 57 867008
61 59 867011
58 59 867014
54 55 867017
62 59 867020
59 59 867023
55 53 867026
57 58 867029
56 55 867032
56 54 867035
55 55 867038
59 59 867041
60 55 867044
42 54 867047
57 54 867050
61 57 867053
56 52 867056
55 54 867059
55 55 867062
57 54 867065
56 57 867068
56 56 867071
56 62 867074
56 56 867077
57 57 867080
53 52 867083
56 58 867086
55 55 867089
54 55 867092
53 59 867095
54 57 867098
49 58 867101
55 56 867104
49 56 867107
52 55 867110
53 56 867113
55 55 867116
51 57 867119
57 54 867122
55 55 867125
54 54 867128
52 53 867131
52 60 867134
52 60 867137
55 54 867140
51 53 867143
55 50 867146
50 51 867149
52 52 867152
54 54 867155
54 57 867158
56 51 867161
53 48 867164
53 56 867167
58 50 867170
48 52 867173
54 51 867176
55 53 867179
52 51 867182
54 51 867185
53 50 867188
55 51 867191
51 52 867194
52 48 867197
51 54 867200
52 54 867203
55 53 867206
56 53 867209
51 47 867212
50 49 867215
53 52 867218
52 53 867221
53 50 867224
51 52 867227
50 52 867230
48 54 867233
51 53 867236
49 52 867239
49 51 867242
51 53 867245
46 46 867248
51 51 867251
50 47 867254
49 50 867257
48 55 867260
48 50 867263
46 52 867266
51 54 867269
53 46 867272
47 46 867275
49 46 867278
52 50 867281
48 53 867284
52 50 867287
52 51 867290
51 48 867293
46 46 867296
45 52 867299
51 50 867302
50 50 867305
46 47 867308
50 45 867311
47 46 867314
50 47 867317
48 49 867320
51 51 867323
50 48 867326
48 46 867329
49 53 867332
47 49 867335
45 45 867338
48 50 867341
49 48 867344
47 45 867347
48 45 867350
48 45 867353
49 51 867356
49 50 867359
50 43 867362
45 50 867365
50 48 867368
46 50 867371
46 42 867374
48 45 867377
46 42 867380
45 50 867383
49 45 867386
49 47 867389
44 47 867392
46 44 867395
43 48 867398
45 44 867401
48 50 867404
44 49 867407
46 42 867410
43 44 867413
48 49 867416
44 42 867419
42 49 867422
46 48 867425
45 44 867428
37 47 867431
47 50 867434
45 47 867437
46 43 867440
41 43 867443
44 44 867446
45 44 867449
46 43 867452
45 46 867455
46 40 867458
43 40 867461
39 46 867464
46 46 867467
42 44 867470
45 45 867473
46 42 867476
43 42 867479
44 45 867482
45 43 867485
44 41 867488
43 43 867491
41 39 867494
44 44 867497
46 49 867500
46 42 867503
47 43 867506
42 41 867509
42 40 867512
46 42 867515
42 42 867518
43 44 867521
46 45 867524
41 41 867527
42 48 867530
43 46 867533
41 43 867536
39 40 867539
44 43 867542
42 40 867545
43 43 867548
41 45 867551
44 44 867554
41 42 867557
40 40 867560
40 46 867563
44 42 867566
39 43 867569
39 42 867572
44 39 867575
39 39 867578
41 46 867581
45 39 867584
40 42 867587
41 44 867590
40 44 867593
42 43 867596
40 40 867599
41 40 867602
43 41 867605
41 36 867608
36 38 867611
44 41 867614
42 41 867617
40 41 867620
42 43 867623
41 41 867626
37 38 867629
40 41 867632
44 44 867635
39 38 867638
40 36 867641
40 41 867644
41 41 867647
36 38 867650
40 40 867653
40 44 867656
39 37 867659
36 38 867662
38 42 867665
38 41 867668
38 38 867671
36 39 867674
37 36 867677
41 42 867680
37 36 867683
37 45 867686
42 43 867689
38 39 867692
33 42 867695
40 45 867698
37 38 867701
38 37 867704
37 37 867707
41 35 867710
37 35 867713
40 38 867716
40 40 867719
39 36 867722
34 31 867725
37 41 867728
39 36 867731
38 33 867734
36 38 867737
41 33 867740
33 34 867743
37 36 867746
40 35 867749
40 36 867752
34 33 867755
38 38 867758
36 40 867761
36 38 867764
35 36 867767
37 38 867770
37 34 867773
32 36 867776
34 37 867779
35 38 867782
35 34 867785
36 35 867788
36 36 867791
33 37 867794
34 38 867797
36 39 867800
35 33 867803
32 36 867806
35 34 867809
36 35 867812
35 30 867815
37 38 867818
40 34 867821
35 31 867824
31 34 867827
35 37 867830
36 36 867833
36 35 867836
35 34 867839
36 31 867842
34 34 867845
37 34 867848
36 33 867851
36 34 867854
33 33 867857
34 37 867860
36 35 867863
35 36 867866
35 32 867869
38 35 867872
33 33 867875
35 35 867878
33 31 867881
35 35 867884
35 31 867887
32 31 867890
