0 0 8616667
0 0 8616671
0 0 8616675
0 0 8616680
0 0 8616684
0 0 8616688
0 0 8616693
0 0 8616697
0 0 8616701
0 0 8616706
0 0 8616710
0 0 8616714
0 0 8616719
0 0 8616723
0 0 8616727
0 0 8616732
0 0 8616736
0 0 8616740
0 0 8616745
0 0 8616749
0 0 8616753
0 0 8616758
0 0 8616762
0 0 8616766
0 0 8616771
0 0 8616775
0 0 8616779
0 0 8616784
0 0 8616788
0 0 8616792
0 0 8616797
0 0 8616801
0 0 8616805
0 0 8616810
0 0 8616814
0 0 8616818
0 0 8616823
0 0 8616827
0 0 8616831
0 0 8616836
0 0 8616840
0 0 8616844
0 0 8616849
0 0 8616853
0 0 8616857
0 0 8616862
0 0 8616866
0 0 8616870
0 0 8616875
0 0 8616879
0 0 8616883
0 0 8616888
0 0 8616892
0 0 8616896
0 0 8616901
0 0 8616905
0 0 8616909
0 0 8616914
0 0 8616918
0 0 8616922
0 0 8616927
0 0 8616931
0 0 8616935
0 0 8616940
0 0 8616944
0 0 8616948
0 0 8616953
0 0 8616957
0 0 8616961
0 0 8616966
0 0 8616970
0 0 8616974
0 0 8616979
0 0 8616983
0 0 8616987
0 0 8616992
0 0 8616996
0 0 8617001
0 0 8617006
0 0 8617010
0 0 8617014
0 0 8617019
0 0 8617023
0 0 8617027
0 0 8617032
0 0 8617036
0 0 8617040
0 0 8617045
0 0 8617049
0 0 8617053
0 0 8617058
0 0 8617062
0 0 8617067
0 0 8617071
0 0 8617075
0 0 8617080
0 0 8617084
0 0 8617088
0 0 8617093
0 0 8617097
0 0 8617102
0 0 8617106
0 0 8617110
0 0 8617115
0 0 8617119
0 0 8617123
0 0 8617128
0 0 8617132
0 0 8617137
0 0 8617141
0 0 8617145
0 0 8617150
0 0 8617154
0 0 8617159
0 0 8617163
0 0 8617167
0 0 8617172
0 0 8617176
0 0 8617180
0 0 8617185
0 0 8617189
0 0 8617194
0 0 8617198
0 0 8617202
0 0 8617207
0 0 8617211
0 0 8617215
0 0 8617220
0 0 8617224
0 0 8617229
0 0 8617233
0 0 8617237
0 0 8617242
0 0 8617246
0 0 8617251
0 0 8617255
0 0 8617259
0 0 8617264
0 0 8617268
0 0 8617272
0 0 8617277
0 0 8617281
0 0 8617286
0 0 8617290
0 0 8617294
0 0 8617299
0 0 8617303
0 0 8617307
0 0 8617312
0 0 8617316
0 0 8617321
0 0 8617325
0 0 8617329
0 0 8617334
0 0 8617338
0 0 8617343
0 0 8617347
0 0 8617351
0 0 8617356
0 0 8617360
0 0 8617364
0 0 8617369
0 0 8617373
0 0 8617378
0 0 8617382
0 0 8617386
0 0 8617391
0 0 8617395
0 0 8617399
0 0 8617404
0 0 8617408
0 0 8617413
0 0 8617417
0 0 8617421
0 0 8617426
0 0 8617430
0 0 8617435
0 0 8617439
0 0 8617443
0 0 8617448
0 0 8617452
0 0 8617456
0 0 8617461
0 0 8617465
0 0 8617470
0 0 8617474
0 0 8617478
0 0 8617483
0 0 8617487
0 0 8617491
0 0 8617496
0 0 8617500
0 0 8617505
0 0 8617509
0 0 8617513
0 0 8617518
0 0 8617522
0 0 8617527
0 0 8617531
0 0 8617535
0 0 8617540
0 0 8617544
0 0 8617548
0 0 8617553
0 0 8617557
0 0 8617562
0 0 8617566
0 0 8617570
0 0 8617575
0 0 8617579
0 0 8617583
0 0 8617588
0 0 8617592
0 0 8617597
0 0 8617601
0 0 8617605
0 0 8617610
0 0 8617614
0 0 8617619
0 0 8617623
0 0 8617627
0 0 8617632
0 0 8617636
0 0 8617640
0 0 8617645
0 0 8617649
0 0 8617654
0 0 8617658
0 0 8617662
0 0 8617667
0 0 8617671
0 0 8617675
0 0 8617680
0 0 8617684
0 0 8617689
0 0 8617693
0 0 8617697
0 0 8617702
0 0 8617706
0 0 8617711
0 0 8617715
0 0 8617719
0 0 8617724
0 0 8617728
0 0 8617732
0 0 8617737
0 0 8617741
0 0 8617745
0 0 8617750
0 0 8617754
0 0 8617758
0 0 8617763
0 0 8617767
0 0 8617771
0 0 8617776
0 0 8617780
0 0 8617784
0 0 8617789
0 0 8617793
0 0 8617797
0 0 8617802
0 0 8617806
0 0 8617810
0 0 8617815
0 0 8617819
0 0 8617823
0 0 8617828
0 0 8617832
0 0 8617836
0 0 8617841
0 0 8617845
0 0 8617849
0 0 8617854
0 0 8617858
0 0 8617862
0 0 8617867
0 0 8617871
0 0 8617875
0 0 8617880
0 0 8617884
0 0 8617888
0 0 8617893
0 0 8617897
0 0 8617901
0 0 8617906
0 0 8617910
0 0 8617914
0 0 8617919
0 0 8617923
0 0 8617927
0 0 8617932
0 0 8617936
0 0 8617940
0 0 8617945
0 0 8617949
0 0 8617953
0 0 8617958
0 0 8617962
0 0 8617966
0 0 8617971
0 0 8617975
0 0 8617979
0 0 8617984
0 0 8617988
0 0 8617992
0 0 8617997
0 0 8618002
0 0 8618007
0 0 8618011
0 0 8618015
0 0 8618020
0 0 8618024
0 0 8618028
0 0 8618033
0 0 8618037
0 0 8618041
0 0 8618046
0 0 8618050
0 0 8618054
0 0 8618059
0 0 8618063
0 0 8618067
0 0 8618072
0 0 8618076
0 0 8618080
0 0 8618085
0 0 8618089
0 0 8618093
0 0 8618098
0 0 8618102
0 0 8618106
0 0 8618111
0 0 8618115
0 0 8618119
0 0 8618124
0 0 8618128
0 0 8618132
0 0 8618137
0 0 8618141
0 0 8618145
0 0 8618150
0 0 8618154
0 0 8618158
0 0 8618163
0 0 8618167
0 0 8618171
0 0 8618176
0 0 8618180
0 0 8618184
0 0 8618189
0 0 8618193
0 0 8618197
0 0 8618202
0 0 8618206
0 0 8618210
0 0 8618215
0 0 8618219
0 0 8618223
0 0 8618228
0 0 8618232
0 0 8618236
0 0 8618241
0 0 8618245
0 0 8618249
0 0 8618254
0 0 8618258
0 0 8618262
0 0 8618267
0 0 8618271
0 0 8618275
0 0 8618280
0 0 8618284
0 0 8618288
0 0 8618293
0 0 8618297
0 0 8618301
0 0 8618306
0 0 8618310
0 0 8618314
0 0 8618319
0 0 8618323
0 0 8618327
0 0 8618332
0 0 8618336
0 0 8618340
0 0 8618345
0 0 8618349
0 0 8618353
0 0 8618358
0 0 8618362
0 0 8618366
0 0 8618371
0 0 8618375
0 0 8618379
0 0 8618384
0 0 8618388
0 0 8618392
0 0 8618397
0 0 8618401
0 0 8618405
0 0 8618410
0 0 8618414
0 0 8618418
0 0 8618423
0 0 8618427
0 0 8618431
0 0 8618436
0 0 8618440
0 0 8618444
0 0 8618449
0 0 8618453
0 0 8618457
0 0 8618462
0 0 8618466
0 0 8618470
0 0 8618475
0 0 8618479
0 0 8618483
0 0 8618488
0 0 8618492
0 0 8618496
0 0 8618501
0 0 8618505
0 0 8618509
0 0 8618514
0 0 8618518
0 0 8618522
0 0 8618527
0 0 8618531
0 0 8618535
0 0 8618540
0 0 8618544
0 0 8618548
0 0 8618553
0 0 8618557
0 0 8618561
0 0 8618566
0 0 8618570
0 0 8618574
0 0 8618579
0 0 8618583
0 0 8618587
0 0 8618592
0 0 8618596
0 0 8618600
0 0 8618605
0 0 8618609
0 0 8618613
0 0 8618618
0 0 8618622
0 0 8618626
0 0 8618631
0 0 8618635
0 0 8618639
0 0 8618644
0 0 8618648
0 0 8618652
0 0 8618657
0 0 8618661
0 0 8618665
0 0 8618670
0 0 8618674
0 0 8618678
0 0 8618683
0 0 8618687
0 0 8618691
0 0 8618696
0 0 8618700
0 0 8618704
0 0 8618709
0 0 8618713
0 0 8618717
0 0 8618722
0 0 8618726
0 0 8618730
0 0 8618735
0 0 8618739
0 0 8618743
0 0 8618748
0 0 8618752
0 0 8618756
0 0 8618761
0 0 8618765
0 0 8618769
0 0 8618774
0 0 8618778
0 0 8618782
0 0 8618787
0 0 8618791
0 0 8618795
0 0 8618800
0 0 8618804
0 0 8618808
0 0 8618813
0 0 8618817
0 0 8618821
0 0 8618826
0 0 8618830
0 0 8618834
0 0 8618839
0 0 8618843
0 0 8618847
0 0 8618852
0 0 8618856
0 0 8618860
0 0 8618865
0 0 8618869
0 0 8618873
0 0 8618878
0 0 8618882
0 0 8618886
0 0 8618891
0 0 8618895
0 0 8618899
0 0 8618904
0 0 8618908
0 0 8618912
0 0 8618917
0 0 8618921
0 0 8618925
0 0 8618930
0 0 8618934
0 0 8618938
0 0 8618943
0 0 8618947
0 0 8618951
0 0 8618956
0 0 8618960
0 0 8618964
0 0 8618969
0 0 8618973
0 0 8618977
0 0 8618982
0 0 8618986
0 0 8618990
0 0 8618995
0 0 8619000
0 0 8619005
0 0 8619009
0 0 8619013
0 0 8619018
0 0 8619022
0 0 8619026
0 0 8619031
0 0 8619035
0 0 8619039
0 0 8619044
0 0 8619048
0 0 8619052
0 0 8619057
0 0 8619061
0 0 8619065
0 0 8619070
0 0 8619074
0 0 8619078
0 0 8619083
0 0 8619087
0 0 8619091
0 0 8619096
0 0 8619100
0 0 8619104
0 0 8619109
0 0 8619113
0 0 8619117
0 0 8619122
0 0 8619126
0 0 8619130
0 0 8619135
0 0 8619139
0 0 8619143
0 0 8619148
0 0 8619152
0 0 8619156
0 0 8619161
0 0 8619165
0 0 8619169
0 0 8619174
0 0 8619178
0 0 8619182
0 0 8619187
0 0 8619191
0 0 8619195
0 0 8619200
0 0 8619204
0 0 8619208
0 0 8619213
0 0 8619217
0 0 8619221
0 0 8619226
0 0 8619230
0 0 8619234
0 0 8619239
0 0 8619243
0 0 8619247
0 0 8619252
0 0 8619256
0 0 8619260
0 0 8619265
0 0 8619269
0 0 8619273
0 0 8619278
0 0 8619282
0 0 8619286
0 0 8619291
0 0 8619295
0 0 8619299
0 0 8619304
0 0 8619308
0 0 8619312
0 0 8619317
0 0 8619321
0 0 8619325
0 0 8619330
0 0 8619334
0 0 8619338
0 0 8619343
0 0 8619347
0 0 8619351
0 0 8619356
0 0 8619360
0 0 8619364
0 0 8619369
0 0 8619373
0 0 8619377
0 0 8619382
0 0 8619386
0 0 8619390
0 0 8619395
0 0 8619399
0 0 8619403
0 0 8619408
0 0 8619412
0 0 8619416
0 0 8619421
0 0 8619425
0 0 8619429
0 0 8619434
0 0 8619438
0 0 8619442
0 0 8619447
0 0 8619451
0 0 8619455
0 0 8619460
0 0 8619464
0 0 8619468
0 0 8619473
0 0 8619477
0 0 8619481
0 0 8619486
0 0 8619490
0 0 8619494
0 0 8619499
0 0 8619503
0 0 8619507
0 0 8619512
0 0 8619516
0 0 8619520
0 3 8619525
0 2 8619529
4 3 8619533
8 10 8619538
9 14 8619542
12 6 8619546
15 15 8619551
19 16 8619555
18 16 8619559
#TRIGGER ON
22 25 8619564
24 21 8619566
26 25 8619569
30 31 8619572
28 30 8619575
32 37 8619578
36 31 8619581
36 34 8619584
35 38 8619587
39 38 8619590
42 37 8619593
44 37 8619596
44 44 8619599
43 45 8619602
47 49 8619605
47 49 8619608
51 52 8619611
49 51 8619614
50 50 8619617
53 61 8619620
57 60 8619623
58 65 8619626
60 62 8619629
60 61 8619632
65 64 8619635
63 66 8619638
67 65 8619641
69 65 8619644
69 69 8619647
71 71 8619650
71 80 8619653
75 78 8619656
73 77 8619659
80 80 8619662
75 80 8619665
81 82 8619668
86 85 8619671
84 82 8619674
88 87 8619677
88 86 8619680
89 87 8619683
87 94 8619686
95 91 8619689
90 96 8619692
93 96 8619695
95 95 8619698
97 100 8619701
102 102 8619704
100 105 8619707
103 108 8619710
106 109 8619713
107 106 8619716
104 109 8619719
108 112 8619722
109 112 8619725
113 110 8619728
116 115 8619731
114 109 8619734
118 115 8619737
118 118 8619740
124 122 8619743
124 124 8619746
121 121 8619749
124 125 8619752
130 125 8619755
125 129 8619758
131 129 8619761
131 129 8619764
132 133 8619767
134 134 8619770
137 135 8619773
137 136 8619776
141 144 8619779
139 135 8619782
137 146 8619785
146 144 8619788
144 147 8619791
149 147 8619794
149 143 8619797
146 144 8619800
148 152 8619803
153 154 8619806
156 155 8619809
157 152 8619812
154 156 8619815
153 159 8619818
156 164 8619821
163 161 8619824
161 164 8619827
163 161 8619830
162 160 8619833
164 171 8619836
170 167 8619839
169 170 8619842
175 169 8619845
171 172 8619848
170 174 8619851
178 176 8619854
176 180 8619857
179 173 8619860
174 179 8619863
179 181 8619866
178 186 8619869
182 185 8619872
185 183 8619875
186 188 8619878
188 183 8619881
183 197 8619884
193 193 8619887
190 194 8619890
194 189 8619893
194 190 8619896
197 199 8619899
201 197 8619902
197 199 8619905
198 203 8619908
205 203 8619911
201 201 8619914
202 208 8619917
205 210 8619920
209 209 8619923
203 207 8619926
208 209 8619929
210 210 8619932
215 218 8619935
218 215 8619938
215 219 8619941
221 218 8619944
216 218 8619947
221 221 8619950
220 222 8619953
223 223 8619956
228 223 8619959
224 222 8619962
226 223 8619965
228 229 8619968
230 228 8619971
230 230 8619974
233 235 8619977
233 230 8619980
231 235 8619983
233 239 8619986
239 238 8619989
235 238 8619992
237 241 8619995
239 240 8619999
242 244 8620002
246 243 8620005
243 248 8620008
247 245 8620011
250 252 8620014
250 248 8620017
249 250 8620020
252 252 8620023
252 253 8620026
248 254 8620029
256 260 8620032
253 256 8620034
255 260 8620037
257 261 8620040
260 258 8620043
259 264 8620046
259 262 8620049
268 269 8620052
269 266 8620055
264 267 8620058
268 270 8620061
270 271 8620064
268 271 8620067
270 269 8620070
275 278 8620073
273 275 8620076
275 279 8620079
276 281 8620082
280 279 8620085
284 283 8620088
280 281 8620091
281 287 8620094
284 284 8620097
285 281 8620100
287 286 8620103
289 284 8620106
287 284 8620109
294 294 8620112
292 291 8620115
295 295 8620118
293 298 8620121
294 296 8620124
293 300 8620127
298 299 8620130
298 306 8620133
304 299 8620136
300 301 8620139
303 302 8620142
304 304 8620145
302 304 8620148
307 308 8620151
304 310 8620154
308 310 8620157
304 314 8620160
312 316 8620163
311 315 8620166
312 316 8620169
315 316 8620172
314 317 8620175
318 320 8620178
318 318 8620181
317 324 8620184
320 320 8620187
324 321 8620190
320 326 8620193
326 325 8620196
324 329 8620199
326 326 8620202
326 327 8620205
330 330 8620208
335 333 8620211
331 331 8620214
334 333 8620217
334 337 8620220
336 338 8620223
333 343 8620226
339 339 8620229
338 339 8620232
338 338 8620235
344 344 8620238
343 340 8620241
344 342 8620244
346 347 8620247
345 349 8620250
348 355 8620253
352 346 8620256
345 357 8620259
351 355 8620262
349 353 8620265
351 357 8620268
353 354 8620271
351 352 8620274
356 362 8620277
358 358 8620280
359 362 8620283
359 367 8620286
358 361 8620289
358 370 8620292
362 369 8620295
365 367 8620298
365 369 8620301
368 369 8620304
366 364 8620307
370 368 8620310
371 370 8620313
372 373 8620316
375 371 8620319
372 369 8620322
373 377 8620325
378 378 8620328
382 379 8620331
376 374 8620334
381 380 8620337
381 375 8620340
383 387 8620343
387 387 8620346
384 387 8620349
386 391 8620352
385 386 8620355
383 392 8620358
389 392 8620361
389 396 8620364
391 392 8620367
396 393 8620370
388 394 8620373
395 396 8620376
395 397 8620379
397 398 8620382
398 400 8620385
395 398 8620388
395 401 8620391
400 404 8620394
400 402 8620397
402 403 8620400
406 405 8620403
403 404 8620406
407 407 8620409
412 406 8620412
408 408 8620415
413 414 8620418
411 408 8620421
409 411 8620424
414 413 8620427
413 412 8620430
413 413 8620433
416 418 8620436
420 418 8620439
419 421 8620442
419 420 8620445
420 428 8620448
422 423 8620451
422 426 8620454
421 427 8620457
425 425 8620460
422 428 8620463
426 429 8620466
428 431 8620469
429 426 8620472
430 427 8620475
430 430 8620478
431 434 8620481
436 435 8620484
433 432 8620487
436 436 8620490
437 439 8620493
434 441 8620496
440 439 8620499
438 440 8620502
440 437 8620505
442 441 8620508
441 441 8620511
446 446 8620514
448 445 8620517
445 443 8620520
444 448 8620523
448 448 8620526
445 452 8620529
450 458 8620532
449 454 8620535
451 451 8620538
451 455 8620541
450 455 8620544
457 462 8620547
456 459 8620550
457 453 8620553
454 459 8620556
463 462 8620559
459 461 8620562
466 465 8620565
461 459 8620568
461 463 8620571
465 463 8620574
465 466 8620577
467 471 8620580
465 469 8620583
465 465 8620586
464 473 8620589
477 476 8620592
470 476 8620595
474 477 8620598
474 475 8620601
468 473 8620604
474 476 8620607
475 480 8620610
480 477 8620613
478 483 8620616
478 478 8620619
480 482 8620622
482 483 8620625
481 485 8620628
481 486 8620631
481 481 8620634
485 483 8620637
487 489 8620640
485 488 8620643
487 493 8620646
487 490 8620649
489 493 8620652
490 497 8620655
492 495 8620658
491 492 8620661
491 497 8620664
494 493 8620667
493 496 8620670
503 500 8620673
500 501 8620676
500 499 8620679
503 501 8620682
501 501 8620685
501 505 8620688
502 506 8620691
505 506 8620694
504 505 8620697
504 507 8620700
508 506 8620703
506 507 8620706
508 509 8620709
509 513 8620712
514 514 8620715
513 512 8620718
509 513 8620721
514 515 8620724
514 513 8620727
517 517 8620730
519 518 8620733
516 514 8620736
518 518 8620739
519 515 8620742
522 524 8620745
521 525 8620748
518 524 8620751
519 525 8620754
523 525 8620757
523 529 8620760
528 529 8620763
526 526 8620766
526 527 8620769
529 531 8620772
524 531 8620775
532 537 8620778
529 532 8620781
532 531 8620784
530 539 8620787
534 535 8620790
535 540 8620793
535 532 8620796
536 535 8620799
537 534 8620802
537 534 8620805
538 539 8620808
542 543 8620811
545 541 8620814
542 539 8620817
538 545 8620820
546 547 8620823
545 546 8620826
545 543 8620829
546 545 8620832
545 545 8620835
550 548 8620838
551 548 8620841
553 551 8620844
554 553 8620847
551 552 8620850
549 559 8620853
556 561 8620856
553 559 8620859
559 559 8620862
550 554 8620865
557 557 8620868
560 561 8620871
562 555 8620874
559 559 8620877
563 564 8620880
562 562 8620883
559 568 8620886
565 569 8620889
564 570 8620892
568 564 8620895
563 564 8620898
565 563 8620901
565 572 8620904
571 565 8620907
572 573 8620910
574 572 8620913
576 572 8620916
570 575 8620919
576 575 8620922
578 577 8620925
576 574 8620928
574 578 8620931
576 578 8620934
577 580 8620937
576 577 8620940
581 579 8620943
577 580 8620946
579 581 8620949
579 584 8620952
582 584 8620955
587 586 8620958
585 582 8620961
584 584 8620964
589 584 8620967
588 589 8620970
590 584 8620973
588 586 8620976
591 589 8620979
592 588 8620982
586 595 8620985
594 596 8620988
595 594 8620991
593 592 8620994
594 595 8620997
593 595 8621001
599 601 8621004
601 601 8621007
602 598 8621010
598 602 8621013
600 600 8621016
602 601 8621020
602 599 8621022
603 606 8621025
604 600 8621028
607 606 8621031
603 601 8621034
604 601 8621037
610 606 8621040
605 608 8621043
611 606 8621046
611 609 8621049
612 608 8621053
618 610 8621055
611 611 8621058
616 614 8621061
613 617 8621064
616 616 8621067
614 614 8621070
620 617 8621073
616 622 8621076
617 619 8621079
619 615 8621082
620 617 8621086
622 618 8621088
624 618 8621091
625 613 8621094
626 624 8621097
623 626 8621100
622 622 8621103
630 624 8621106
627 631 8621109
628 631 8621112
627 630 8621115
626 631 8621119
630 626 8621121
628 634 8621124
631 625 8621127
632 633 8621130
627 628 8621133
637 628 8621136
637 635 8621139
636 633 8621142
636 635 8621145
639 637 8621148
636 636 8621152
638 633 8621154
642 641 8621157
635 640 8621160
641 644 8621163
640 643 8621166
642 643 8621169
641 644 8621172
640 644 8621175
648 645 8621178
646 645 8621181
644 641 8621185
648 642 8621187
649 647 8621190
649 644 8621193
650 650 8621196
647 652 8621199
647 650 8621202
651 651 8621205
654 655 8621208
656 649 8621211
654 657 8621214
654 653 8621218
657 652 8621220
658 655 8621223
658 659 8621226
653 659 8621229
655 653 8621232
655 660 8621235
659 655 8621238
662 664 8621241
659 661 8621244
661 664 8621247
662 666 8621251
662 661 8621253
665 660 8621256
665 670 8621259
664 665 8621262
668 666 8621265
666 665 8621268
667 665 8621271
669 673 8621274
670 669 8621277
669 668 8621280
668 671 8621284
675 669 8621286
672 672 8621289
674 672 8621292
672 671 8621295
673 675 8621298
675 676 8621301
675 675 8621304
678 678 8621307
675 682 8621310
677 675 8621313
677 680 8621317
683 678 8621319
678 678 8621322
680 682 8621325
680 682 8621328
679 683 8621331
684 678 8621334
681 687 8621337
685 683 8621340
688 689 8621343
687 683 8621346
688 682 8621350
690 683 8621352
689 689 8621355
690 686 8621358
691 692 8621361
691 692 8621364
689 689 8621367
691 699 8621370
693 694 8621373
692 697 8621376
694 697 8621379
691 695 8621383
696 691 8621385
695 697 8621388
699 696 8621391
695 697 8621394
697 696 8621397
702 697 8621400
706 702 8621403
700 704 8621406
703 699 8621409
701 702 8621412
703 701 8621416
702 702 8621418
707 702 8621421
704 705 8621424
703 705 8621427
707 701 8621430
706 703 8621433
713 706 8621436
708 711 8621439
712 704 8621442
711 714 8621445
710 709 8621449
714 709 8621451
711 711 8621454
711 710 8621457
710 716 8621460
709 713 8621463
710 713 8621466
715 715 8621469
715 719 8621472
718 717 8621475
718 717 8621478
717 720 8621482
718 713 8621484
719 716 8621487
720 718 8621490
724 723 8621493
718 719 8621496
713 713 8621499
718 716 8621502
714 717 8621505
713 716 8621508
712 712 8621511
710 711 8621515
710 709 8621517
706 706 8621520
708 709 8621523
706 706 8621526
705 709 8621529
698 701 8621532
702 698 8621535
700 700 8621538
702 700 8621541
701 702 8621544
695 694 8621548
697 688 8621550
697 693 8621553
696 695 8621556
691 694 8621559
689 693 8621562
688 688 8621565
688 695 8621568
688 689 8621571
688 685 8621574
691 688 8621577
685 687 8621581
688 683 8621583
684 682 8621586
682 678 8621589
681 679 8621592
680 683 8621595
676 680 8621598
678 681 8621601
676 676 8621604
678 677 8621607
673 679 8621610
673 676 8621614
677 671 8621616
674 676 8621619
673 670 8621622
671 673 8621625
668 670 8621628
664 661 8621631
668 666 8621634
667 666 8621637
664 669 8621640
664 662 8621643
660 662 8621647
665 659 8621649
662 663 8621652
663 663 8621655
659 663 8621658
655 659 8621661
650 653 8621664
656 659 8621667
656 658 8621670
653 657 8621673
651 655 8621676
649 650 8621680
651 653 8621682
653 652 8621685
649 649 8621688
644 649 8621691
643 649 8621694
642 645 8621697
646 645 8621700
640 645 8621703
646 650 8621706
638 644 8621709
639 642 8621713
642 635 8621715
640 637 8621718
639 638 8621721
637 638 8621724
637 636 8621727
635 634 8621730
638 639 8621733
635 635 8621736
633 636 8621739
630 633 8621742
629 625 8621746
634 629 8621748
630 632 8621751
630 630 8621754
625 625 8621757
627 629 8621760
627 624 8621763
624 624 8621766
622 627 8621769
623 624 8621772
627 624 8621775
622 621 8621779
621 620 8621781
621 617 8621784
622 621 8621787
623 622 8621790
617 617 8621793
613 618 8621796
613 615 8621799
613 616 8621802
615 617 8621805
609 615 8621808
609 612 8621812
613 609 8621814
611 615 8621817
610 612 8621820
604 609 8621823
600 609 8621826
603 604 8621829
606 608 8621832
606 605 8621835
604 608 8621838
605 605 8621841
602 603 8621845
601 601 8621847
598 598 8621850
600 601 8621853
596 599 8621856
598 602 8621859
595 599 8621862
598 598 8621865
592 596 8621868
595 593 8621871
594 596 8621874
591 595 8621878
594 593 8621880
594 592 8621883
591 587 8621886
585 589 8621889
587 590 8621892
583 588 8621895
587 589 8621898
583 584 8621901
587 589 8621904
585 590 8621907
582 586 8621911
586 584 8621913
582 581 8621916
582 577 8621919
579 580 8621922
580 576 8621925
578 575 8621928
581 579 8621931
580 580 8621934
580 581 8621937
577 576 8621940
575 576 8621944
574 567 8621946
573 575 8621949
573 573 8621952
570 576 8621955
567 571 8621958
570 570 8621961
569 571 8621964
569 570 8621967
565 572 8621970
570 571 8621973
564 565 8621977
566 563 8621979
566 568 8621982
565 568 8621985
561 565 8621988
559 559 8621991
557 560 8621994
560 564 8621999
558 561 8622002
556 557 8622005
556 557 8622008
553 557 8622011
558 559 8622014
556 556 8622017
557 559 8622020
554 552 8622023
554 551 8622026
552 552 8622029
555 550 8622032
549 551 8622035
551 551 8622038
549 546 8622041
548 549 8622044
550 551 8622047
550 545 8622050
546 549 8622053
546 547 8622056
546 544 8622059
540 546 8622062
543 546 8622065
541 543 8622068
544 541 8622071
544 543 8622074
539 541 8622077
539 537 8622080
538 540 8622083
537 538 8622086
536 540 8622089
538 535 8622092
532 535 8622095
535 534 8622098
535 534 8622101
534 533 8622104
535 531 8622107
532 529 8622110
536 536 8622113
535 525 8622116
530 529 8622119
530 527 8622122
526 523 8622125
528 527 8622128
528 524 8622131
527 527 8622134
524 521 8622137
525 524 8622140
524 524 8622143
526 521 8622146
522 522 8622149
526 526 8622152
523 522 8622155
519 513 8622158
517 520 8622161
520 517 8622164
518 517 8622167
517 516 8622170
520 518 8622173
518 517 8622176
517 513 8622179
514 516 8622182
514 514 8622185
514 516 8622188
511 506 8622191
509 516 8622194
515 509 8622197
508 510 8622200
507 505 8622203
506 506 8622206
509 505 8622209
507 505 8622212
509 510 8622215
504 510 8622218
510 506 8622221
502 502 8622224
501 507 8622227
499 505 8622230
501 506 8622233
500 503 8622236
501 503 8622239
499 501 8622242
498 504 8622245
501 499 8622248
498 501 8622251
496 500 8622254
496 496 8622257
494 501 8622260
494 499 8622263
493 495 8622266
496 495 8622269
495 492 8622272
489 490 8622275
495 497 8622278
492 489 8622281
493 493 8622284
489 491 8622287
490 491 8622290
487 490 8622293
487 493 8622296
488 488 8622299
487 490 8622302
485 482 8622305
480 482 8622308
484 488 8622311
486 484 8622314
485 485 8622317
483 483 8622320
480 482 8622323
479 480 8622326
483 480 8622329
479 478 8622332
478 474 8622335
475 475 8622338
478 478 8622341
478 476 8622344
474 477 8622347
479 478 8622350
477 479 8622353
473 473 8622356
471 478 8622359
472 477 8622362
472 474 8622365
470 470 8622368
471 466 8622371
471 471 8622374
471 475 8622377
471 470 8622380
470 470 8622383
466 468 8622386
469 465 8622389
467 471 8622392
469 467 8622395
463 466 8622398
468 466 8622401
466 464 8622404
461 458 8622407
464 464 8622410
461 461 8622413
460 460 8622416
462 458 8622419
457 459 8622422
458 464 8622425
462 462 8622428
460 460 8622431
459 458 8622434
460 456 8622437
459 458 8622440
458 457 8622443
458 451 8622446
455 453 8622449
457 454 8622452
452 450 8622455
450 454 8622458
453 455 8622461
451 455 8622464
454 449 8622467
451 448 8622470
451 443 8622473
448 453 8622476
450 449 8622479
450 450 8622482
447 449 8622485
449 445 8622488
445 452 8622491
447 450 8622494
445 450 8622497
446 443 8622500
441 447 8622503
440 441 8622506
444 448 8622509
441 441 8622512
439 441 8622515
439 442 8622518
440 435 8622521
438 444 8622524
442 439 8622527
436 438 8622530
434 436 8622533
437 429 8622536
437 438 8622539
440 433 8622542
435 434 8622545
439 434 8622548
435 439 8622551
434 432 8622554
436 437 8622557
433 436 8622560
433 431 8622563
430 430 8622566
432 429 8622569
431 429 8622572
430 429 8622575
430 427 8622578
427 428 8622581
425 425 8622584
428 426 8622587
424 432 8622590
428 425 8622593
420 425 8622596
425 424 8622599
425 423 8622602
420 422 8622605
427 428 8622608
424 421 8622611
425 421 8622614
425 423 8622617
420 418 8622620
421 424 8622623
422 419 8622626
418 416 8622629
417 418 8622632
414 415 8622635
415 415 8622638
417 417 8622641
419 422 8622644
419 417 8622647
414 419 8622650
413 408 8622653
407 416 8622656
415 411 8622659
411 414 8622662
414 413 8622665
413 410 8622668
409 408 8622671
410 409 8622674
409 412 8622677
410 408 8622680
411 414 8622683
411 407 8622686
405 410 8622689
411 410 8622692
409 407 8622695
406 406 8622698
404 399 8622701
402 404 8622704
406 405 8622707
407 400 8622710
405 408 8622713
403 404 8622716
402 398 8622719
398 402 8622722
403 400 8622725
398 403 8622728
399 395 8622731
399 400 8622734
397 389 8622737
397 393 8622740
398 398 8622743
399 400 8622746
399 400 8622749
398 391 8622752
397 400 8622755
396 396 8622758
394 392 8622761
391 390 8622764
392 387 8622767
392 389 8622770
392 390 8622773
394 394 8622776
391 388 8622779
391 391 8622782
390 388 8622785
389 389 8622788
390 389 8622791
389 389 8622794
387 389 8622797
387 383 8622800
383 380 8622803
387 386 8622806
385 384 8622809
388 389 8622812
384 385 8622815
382 380 8622818
380 384 8622821
382 381 8622824
384 385 8622827
382 382 8622830
382 380 8622833
383 374 8622836
382 382 8622839
383 377 8622842
383 383 8622845
380 377 8622848
380 378 8622851
378 380 8622854
375 379 8622857
378 377 8622860
373 375 8622863
376 376 8622866
375 379 8622869
374 372 8622872
372 369 8622875
373 374 8622878
375 372 8622881
372 368 8622884
371 373 8622887
369 373 8622890
370 371 8622893
371 365 8622896
370 374 8622899
369 368 8622902
370 370 8622905
370 369 8622908
368 368 8622911
364 365 8622914
362 362 8622917
366 370 8622920
367 366 8622923
365 366 8622926
362 361 8622929
364 363 8622932
361 361 8622935
366 367 8622938
365 362 8622941
361 365 8622944
361 362 8622947
357 363 8622950
358 364 8622953
361 357 8622956
359 365 8622959
358 358 8622962
358 354 8622965
354 356 8622968
363 353 8622971
356 354 8622974
359 356 8622977
358 358 8622980
357 354 8622983
354 358 8622986
356 355 8622989
354 355 8622992
355 352 8622995
355 355 8622999
351 354 8623002
351 353 8623005
355 351 8623008
354 350 8623011
353 348 8623014
350 350 8623017
350 354 8623020
348 350 8623023
352 344 8623026
349 351 8623029
351 352 8623032
349 344 8623035
352 350 8623037
350 343 8623040
346 345 8623043
351 344 8623046
346 344 8623049
350 344 8623052
342 343 8623055
344 343 8623058
341 343 8623061
339 341 8623064
342 346 8623067
341 347 8623070
340 342 8623073
338 344 8623076
341 341 8623079
340 342 8623082
341 342 8623085
337 338 8623088
339 335 8623091
340 338 8623094
336 338 8623097
343 338 8623100
335 336 8623103
341 337 8623106
332 336 8623109
334 331 8623112
332 339 8623115
336 335 8623118
336 339 8623121
331 335 8623124
330 334 8623127
330 330 8623130
334 337 8623133
332 329 8623136
330 336 8623139
334 328 8623142
326 330 8623145
329 333 8623148
328 329 8623151
328 330 8623154
327 326 8623157
327 327 8623160
327 325 8623163
327 331 8623166
331 324 8623169
325 324 8623172
327 326 8623175
326 323 8623178
326 327 8623181
324 323 8623184
326 325 8623187
324 320 8623190
324 322 8623193
324 320 8623196
324 323 8623199
325 320 8623202
320 326 8623205
321 321 8623208
320 315 8623211
320 321 8623214
322 323 8623217
320 312 8623220
320 317 8623223
321 317 8623226
316 316 8623229
321 321 8623232
320 321 8623235
317 315 8623238
317 320 8623241
319 318 8623244
313 321 8623247
319 318 8623250
312 312 8623253
313 318 8623256
314 310 8623259
310 310 8623262
316 313 8623265
311 311 8623268
313 312 8623271
310 314 8623274
311 310 8623277
308 312 8623280
310 315 8623283
307 312 8623286
307 314 8623289
311 313 8623292
307 308 8623295
312 309 8623298
308 310 8623301
311 309 8623304
307 308 8623307
309 303 8623310
303 308 8623313
307 302 8623316
306 307 8623319
305 301 8623322
307 304 8623325
300 300 8623328
305 305 8623331
301 298 8623334
302 302 8623337
303 306 8623340
300 300 8623343
297 302 8623346
299 301 8623349
301 299 8623352
300 302 8623355
300 298 8623358
297 299 8623361
298 298 8623364
296 300 8623367
300 298 8623370
299 300 8623373
297 297 8623376
293 302 8623379
298 296 8623382
291 297 8623385
294 290 8623388
293 300 8623391
296 293 8623394
296 297 8623397
300 294 8623400
295 293 8623403
293 295 8623406
297 293 8623409
291 300 8623412
296 293 8623415
288 293 8623418
289 290 8623421
292 290 8623424
287 292 8623427
291 292 8623430
287 293 8623433
289 292 8623436
286 287 8623439
285 289 8623442
288 295 8623445
287 291 8623448
287 290 8623451
285 286 8623454
287 287 8623457
282 284 8623460
289 289 8623463
285 287 8623466
286 284 8623469
284 287 8623472
283 283 8623475
280 290 8623478
285 283 8623481
278 285 8623484
286 282 8623487
277 284 8623490
282 279 8623493
280 280 8623496
281 281 8623499
279 276 8623502
280 284 8623505
280 278 8623508
277 284 8623511
282 278 8623514
276 281 8623517
282 275 8623520
279 276 8623523
279 276 8623526
281 275 8623529
275 274 8623532
279 274 8623535
274 275 8623538
275 274 8623541
273 281 8623544
279 279 8623547
275 275 8623550
272 276 8623553
275 275 8623556
268 271 8623559
271 278 8623562
275 271 8623565
273 277 8623568
276 270 8623571
272 274 8623574
272 269 8623577
268 274 8623580
273 271 8623583
269 271 8623586
268 269 8623589
267 266 8623592
268 273 8623595
269 270 8623598
267 270 8623601
267 272 8623604
270 265 8623607
267 270 8623610
268 269 8623613
269 269 8623616
266 265 8623619
262 269 8623622
266 262 8623625
264 267 8623628
268 265 8623631
265 265 8623634
267 270 8623637
264 261 8623640
265 266 8623643
264 263 8623646
262 261 8623649
261 264 8623652
262 263 8623655
261 259 8623658
263 264 8623661
261 261 8623664
259 261 8623667
257 257 8623670
258 258 8623673
256 263 8623676
263 259 8623679
258 257 8623682
261 255 8623685
256 252 8623688
257 253 8623691
256 257 8623694
255 256 8623697
258 257 8623700
254 259 8623703
255 256 8623706
252 259 8623709
255 256 8623712
253 257 8623715
256 256 8623718
257 253 8623721
255 251 8623724
254 257 8623727
255 249 8623730
252 256 8623733
252 253 8623736
252 248 8623739
251 254 8623742
254 254 8623745
252 251 8623748
251 250 8623751
250 245 8623754
245 249 8623757
250 252 8623760
246 250 8623763
250 252 8623766
247 247 8623769
243 244 8623772
243 252 8623775
248 246 8623778
247 247 8623781
245 243 8623784
249 245 8623787
244 243 8623790
246 246 8623793
245 240 8623796
243 244 8623799
242 243 8623802
245 243 8623805
242 245 8623808
243 248 8623811
243 243 8623814
242 246 8623817
243 238 8623820
238 241 8623823
245 248 8623826
240 240 8623829
241 244 8623832
239 242 8623835
239 235 8623838
237 242 8623841
239 242 8623844
238 241 8623847
240 240 8623850
244 237 8623853
240 236 8623856
240 241 8623859
241 234 8623862
236 237 8623865
237 235 8623868
235 237 8623871
235 239 8623874
234 234 8623877
235 235 8623880
235 233 8623883
234 235 8623886
234 234 8623889
238 241 8623892
231 232 8623895
236 235 8623898
230 232 8623901
236 232 8623904
227 239 8623907
234 234 8623910
232 233 8623913
229 230 8623916
232 231 8623919
227 228 8623922
233 235 8623925
234 229 8623928
228 230 8623931
233 229 8623934
228 228 8623937
226 229 8623940
230 229 8623943
228 227 8623946
228 228 8623949
228 225 8623952
224 229 8623955
223 223 8623958
226 227 8623961
230 226 8623964
225 223 8623967
227 222 8623970
223 226 8623973
226 224 8623976
223 227 8623979
223 225 8623982
222 225 8623985
223 222 8623988
221 225 8623991
225 222 8623994
222 223 8623999
223 225 8624002
222 229 8624005
221 222 8624008
224 220 8624011
222 216 8624014
223 221 8624017
222 219 8624020
221 220 8624023
222 221 8624026
218 219 8624029
219 219 8624032
218 221 8624035
214 216 8624038
218 219 8624040
218 220 8624043
219 222 8624046
214 215 8624049
218 222 8624052
216 217 8624055
215 221 8624058
218 219 8624061
214 217 8624065
219 210 8624067
216 214 8624070
216 214 8624073
216 217 8624076
214 213 8624079
215 211 8624082
220 212 8624085
215 215 8624088
217 210 8624091
212 213 8624094
214 207 8624098
212 209 8624100
222 210 8624103
211 209 8624106
213 210 8624109
212 213 8624112
210 210 8624115
210 209 8624118
210 212 8624121
208 213 8624124
211 212 8624127
208 211 8624131
208 206 8624133
212 210 8624136
208 210 8624139
207 210 8624142
206 209 8624145
206 205 8624148
206 213 8624151
207 211 8624154
205 207 8624157
208 211 8624160
206 205 8624164
211 209 8624166
205 208 8624169
204 203 8624172
201 204 8624175
203 198 8624178
204 202 8624181
207 203 8624184
204 203 8624187
205 201 8624190
205 209 8624193
204 204 8624197
204 199 8624199
205 199 8624202
204 201 8624205
198 203 8624208
201 204 8624211
202 199 8624214
201 199 8624217
201 198 8624220
199 206 8624223
201 202 8624226
196 198 8624230
204 196 8624232
200 201 8624235
202 197 8624238
197 198 8624241
199 197 8624244
196 194 8624247
204 197 8624250
200 202 8624253
196 193 8624256
197 197 8624259
197 194 8624263
199 193 8624265
197 194 8624268
195 191 8624271
194 196 8624274
195 194 8624277
194 193 8624280
198 197 8624283
193 195 8624286
194 196 8624289
192 195 8624292
193 194 8624296
193 193 8624298
191 195 8624301
190 188 8624304
194 196 8624307
188 191 8624310
191 191 8624313
193 195 8624316
193 194 8624319
192 194 8624322
193 196 8624325
186 191 8624329
192 187 8624331
191 191 8624334
189 189 8624337
190 190 8624340
186 191 8624343
184 186 8624346
190 190 8624349
191 190 8624352
188 189 8624355
190 189 8624358
189 188 8624362
193 186 8624364
190 186 8624367
188 188 8624370
190 189 8624373
183 187 8624376
191 187 8624379
188 188 8624382
186 187 8624385
187 188 8624388
186 183 8624391
186 187 8624395
186 180 8624397
186 187 8624400
188 181 8624403
180 186 8624406
182 183 8624409
184 186 8624412
181 185 8624415
181 187 8624418
184 183 8624421
181 184 8624424
181 178 8624428
186 174 8624430
184 187 8624433
181 178 8624436
180 179 8624439
182 179 8624442
178 179 8624445
183 184 8624448
183 183 8624451
181 185 8624454
182 182 8624457
174 178 8624461
183 181 8624463
177 182 8624466
180 180 8624469
174 180 8624472
175 180 8624475
179 176 8624478
179 177 8624481
178 182 8624484
178 181 8624487
175 178 8624490
176 177 8624494
175 171 8624496
181 177 8624499
177 174 8624502
176 177 8624505
173 175 8624508
175 174 8624511
175 174 8624514
170 172 8624517
174 173 8624520
175 179 8624523
175 173 8624527
175 170 8624529
176 178 8624532
177 174 8624535
170 178 8624538
170 169 8624541
171 171 8624544
172 174 8624547
174 177 8624550
169 172 8624553
174 170 8624556
169 169 8624560
173 165 8624562
172 171 8624565
172 170 8624568
170 169 8624571
174 171 8624574
167 168 8624577
174 171 8624580
166 167 8624583
169 167 8624586
172 169 8624589
170 167 8624593
173 169 8624595
168 166 8624598
171 166 8624601
166 168 8624604
165 164 8624607
166 160 8624610
169 164 8624613
167 168 8624616
168 167 8624619
168 163 8624622
166 164 8624626
169 163 8624628
164 162 8624631
167 162 8624634
163 167 8624637
163 167 8624640
164 168 8624643
165 168 8624646
162 167 8624649
164 163 8624652
164 164 8624655
164 167 8624659
166 160 8624661
163 165 8624664
163 161 8624667
163 163 8624670
163 161 8624673
162 160 8624676
161 166 8624679
160 166 8624682
163 163 8624685
161 164 8624688
154 157 8624692
159 156 8624694
158 160 8624697
159 161 8624700
159 163 8624703
158 160 8624706
156 154 8624709
160 159 8624712
162 161 8624715
159 160 8624718
159 160 8624721
156 152 8624725
158 152 8624727
163 156 8624730
159 158 8624733
158 158 8624736
155 156 8624739
155 155 8624742
161 158 8624745
156 159 8624748
156 160 8624751
159 156 8624754
153 156 8624758
154 151 8624760
154 157 8624763
155 154 8624766
154 154 8624769
156 155 8624772
149 149 8624775
154 156 8624778
151 153 8624781
156 159 8624784
152 152 8624787
153 157 8624791
152 153 8624793
149 151 8624796
155 151 8624799
150 153 8624802
149 154 8624805
148 150 8624808
151 153 8624811
148 151 8624814
152 151 8624817
151 151 8624820
150 152 8624824
151 144 8624826
150 155 8624829
148 148 8624832
150 150 8624835
150 150 8624838
150 146 8624841
151 153 8624844
145 152 8624847
150 151 8624850
147 145 8624853
146 149 8624857
149 143 8624859
151 147 8624862
148 146 8624865
146 145 8624868
146 147 8624871
147 144 8624874
149 152 8624877
144 149 8624880
145 150 8624883
145 145 8624886
148 146 8624890
148 144 8624892
145 145 8624895
142 139 8624898
144 143 8624901
143 144 8624904
146 144 8624907
148 148 8624910
145 148 8624913
146 143 8624916
145 140 8624919
145 142 8624923
143 140 8624925
142 139 8624928
146 138 8624931
141 147 8624934
143 141 8624937
139 146 8624940
139 142 8624943
140 143 8624946
142 146 8624949
140 145 8624952
139 139 8624956
146 138 8624958
143 145 8624961
144 141 8624964
142 142 8624967
141 145 8624970
141 139 8624973
141 141 8624976
143 141 8624979
142 141 8624982
136 142 8624985
136 139 8624989
139 135 8624991
139 138 8624994
138 138 8624999
134 140 8625002
144 136 8625005
135 135 8625008
138 133 8625011
138 140 8625014
135 137 8625017
138 139 8625020
136 136 8625023
141 134 8625026
139 138 8625029
135 135 8625032
136 137 8625035
133 139 8625038
138 136 8625041
136 137 8625044
135 134 8625047
132 136 8625050
135 140 8625053
133 134 8625056
135 136 8625059
131 137 8625062
130 136 8625065
131 138 8625068
133 132 8625071
130 136 8625074
132 135 8625077
134 137 8625080
128 134 8625083
130 134 8625086
135 138 8625089
133 133 8625092
132 133 8625095
132 131 8625098
129 132 8625101
131 130 8625104
131 128 8625107
131 131 8625110
127 132 8625113
131 131 8625116
135 132 8625119
134 129 8625122
131 131 8625125
130 132 8625128
126 130 8625131
126 131 8625134
128 131 8625137
128 132 8625140
125 132 8625143
128 126 8625146
128 128 8625149
127 129 8625152
130 129 8625155
131 127 8625158
127 126 8625161
127 124 8625164
127 128 8625167
126 126 8625170
133 131 8625173
130 125 8625176
126 124 8625179
125 123 8625182
125 130 8625185
130 126 8625188
126 130 8625191
127 128 8625194
125 124 8625197
123 127 8625200
122 124 8625203
124 125 8625206
127 124 8625209
127 125 8625212
125 122 8625215
127 125 8625218
124 124 8625221
126 124 8625224
128 126 8625227
125 121 8625230
115 127 8625233
122 124 8625236
122 124 8625239
122 121 8625242
122 122 8625245
121 120 8625248
122 126 8625251
125 125 8625254
123 126 8625257
123 124 8625260
119 123 8625263
118 123 8625266
120 123 8625269
123 122 8625272
122 121 8625275
125 115 8625278
117 114 8625281
121 120 8625284
117 122 8625287
122 126 8625290
118 121 8625293
119 117 8625296
118 121 8625299
121 120 8625302
119 124 8625305
115 119 8625308
117 116 8625311
115 116 8625314
119 116 8625317
120 119 8625320
119 120 8625323
119 121 8625326
118 119 8625329
116 117 8625332
114 117 8625335
115 120 8625338
121 119 8625341
117 118 8625344
117 114 8625347
118 115 8625350
119 113 8625353
117 115 8625356
117 116 8625359
112 114 8625362
114 118 8625365
113 118 8625368
116 115 8625371
117 118 8625374
118 118 8625377
115 115 8625380
114 115 8625383
113 113 8625386
114 113 8625389
111 117 8625392
115 114 8625395
113 118 8625398
117 111 8625401
114 120 8625404
114 109 8625407
113 110 8625410
112 109 8625413
117 112 8625416
113 111 8625419
115 115 8625422
118 110 8625425
112 108 8625428
108 107 8625431
113 108 8625434
110 109 8625437
114 113 8625440
114 110 8625443
109 108 8625446
113 112 8625449
112 109 8625452
110 109 8625455
108 111 8625458
110 110 8625461
111 113 8625464
114 113 8625467
109 114 8625470
108 107 8625473
109 110 8625476
105 110 8625479
112 113 8625482
107 107 8625485
109 109 8625488
109 108 8625491
111 109 8625494
106 109 8625497
109 108 8625500
107 110 8625503
108 107 8625506
109 104 8625509
104 104 8625512
106 105 8625515
107 106 8625518
108 107 8625521
107 105 8625524
104 106 8625527
103 111 8625530
106 108 8625533
104 106 8625536
102 101 8625539
105 107 8625542
103 102 8625545
107 108 8625548
104 106 8625551
109 105 8625554
101 103 8625557
101 101 8625560
101 106 8625563
105 108 8625566
106 103 8625569
104 106 8625572
103 100 8625575
102 102 8625578
107 106 8625581
102 102 8625584
103 109 8625587
103 107 8625590
105 103 8625593
102 104 8625596
102 106 8625599
99 104 8625602
99 102 8625605
100 105 8625608
100 101 8625611
101 107 8625614
100 101 8625617
100 103 8625620
100 100 8625623
99 97 8625626
101 106 8625629
98 101 8625632
101 104 8625635
101 102 8625638
103 102 8625641
96 99 8625644
99 102 8625647
99 96 8625650
99 100 8625653
103 102 8625656
103 101 8625659
101 103 8625662
99 101 8625665
98 100 8625668
99 100 8625671
101 97 8625674
98 94 8625677
97 97 8625680
99 97 8625683
99 100 8625686
101 97 8625689
100 95 8625692
96 102 8625695
98 99 8625698
101 100 8625701
96 95 8625704
98 96 8625707
97 93 8625710
100 96 8625713
97 96 8625716
99 97 8625719
96 96 8625722
97 94 8625725
93 101 8625728
96 98 8625731
95 100 8625734
95 99 8625737
94 95 8625740
93 97 8625743
99 95 8625746
97 94 8625749
95 98 8625752
98 95 8625755
97 94 8625758
90 97 8625761
95 96 8625764
94 95 8625767
92 93 8625770
93 93 8625773
91 90 8625776
93 94 8625779
90 91 8625782
91 95 8625785
94 94 8625788
93 94 8625791
87 92 8625794
91 91 8625797
91 98 8625800
95 92 8625803
95 88 8625806
90 91 8625809
94 91 8625812
94 93 8625815
89 93 8625818
90 92 8625821
91 91 8625824
88 93 8625827
95 91 8625830
92 93 8625833
93 89 8625836
92 91 8625839
90 88 8625842
91 92 8625845
93 92 8625848
90 91 8625851
89 90 8625854
88 89 8625857
91 94 8625860
92 95 8625863
88 89 8625866
87 88 8625869
90 88 8625872
90 89 8625875
94 90 8625878
92 87 8625881
91 87 8625884
85 86 8625887
88 86 8625890
88 91 8625893
86 85 8625896
87 91 8625899
90 91 8625902
88 91 8625905
86 85 8625908
89 90 8625911
87 85 8625914
86 87 8625917
87 87 8625920
88 85 8625923
82 91 8625926
88 89 8625929
86 87 8625932
86 84 8625935
86 83 8625938
84 84 8625941
89 87 8625944
86 85 8625947
89 88 8625950
87 87 8625953
87 87 8625956
86 88 8625959
86 85 8625962
81 83 8625965
83 84 8625968
85 85 8625971
86 83 8625974
81 85 8625977
86 80 8625980
85 84 8625983
84 84 8625986
83 82 8625989
83 86 8625992
83 85 8625995
85 84 8625999
83 87 8626002
83 85 8626005
82 85 8626008
84 86 8626011
81 86 8626014
79 82 8626017
83 84 8626020
81 80 8626023
84 80 8626026
78 84 8626029
81 84 8626032
79 83 8626034
81 83 8626037
79 84 8626040
79 83 8626043
83 85 8626046
82 79 8626049
78 83 8626052
81 85 8626055
80 78 8626058
81 83 8626061
80 81 8626064
82 79 8626067
73 80 8626070
84 84 8626073
79 80 8626076
79 81 8626079
78 84 8626082
81 79 8626085
79 83 8626088
79 77 8626091
75 79 8626094
81 79 8626097
76 82 8626100
79 77 8626103
76 81 8626106
80 81 8626109
78 81 8626112
78 77 8626115
74 78 8626118
74 77 8626121
77 83 8626124
83 83 8626127
80 81 8626130
80 76 8626133
75 74 8626136
76 79 8626139
76 75 8626142
78 78 8626145
74 77 8626148
82 77 8626151
75 79 8626154
76 75 8626157
77 83 8626160
77 76 8626163
76 76 8626166
76 74 8626169
77 76 8626172
73 78 8626175
74 80 8626178
79 79 8626181
74 69 8626184
72 77 8626187
74 77 8626190
78 73 8626193
77 74 8626196
77 74 8626199
74 70 8626202
78 74 8626205
76 75 8626208
78 77 8626211
73 76 8626214
72 73 8626217
72 77 8626220
73 77 8626223
72 75 8626226
75 78 8626229
72 74 8626232
72 69 8626235
75 76 8626238
75 73 8626241
74 72 8626244
69 73 8626247
71 74 8626250
68 74 8626253
73 78 8626256
69 71 8626259
69 69 8626262
72 73 8626265
70 70 8626268
73 73 8626271
73 74 8626274
70 73 8626277
73 77 8626280
71 71 8626283
69 76 8626286
70 76 8626289
70 72 8626292
69 73 8626295
68 67 8626298
69 70 8626301
70 73 8626304
73 71 8626307
72 74 8626310
67 73 8626313
66 69 8626316
70 73 8626319
68 72 8626322
72 71 8626325
68 70 8626328
70 70 8626331
65 67 8626334
65 69 8626337
70 74 8626340
71 71 8626343
71 73 8626346
68 70 8626349
69 71 8626352
70 64 8626355
70 68 8626358
70 68 8626361
71 62 8626364
67 67 8626367
73 68 8626370
72 67 8626373
70 69 8626376
67 66 8626379
68 65 8626382
67 71 8626385
69 70 8626388
69 66 8626391
65 68 8626394
65 67 8626397
66 65 8626400
67 71 8626403
69 70 8626406
69 69 8626409
62 68 8626412
63 65 8626415
61 71 8626418
66 70 8626421
67 67 8626424
66 65 8626427
66 64 8626430
65 63 8626433
66 68 8626436
68 67 8626439
69 69 8626442
68 69 8626445
67 65 8626448
66 64 8626451
66 61 8626454
63 66 8626457
67 68 8626460
67 63 8626463
63 64 8626466
66 64 8626469
64 62 8626472
64 64 8626475
67 64 8626478
66 64 8626481
63 66 8626484
65 63 8626487
60 64 8626490
64 68 8626493
63 65 8626496
64 60 8626499
65 71 8626502
62 64 8626505
65 61 8626508
60 65 8626511
61 61 8626514
64 70 8626517
65 63 8626520
62 64 8626523
62 61 8626526
66 61 8626529
60 58 8626532
65 61 8626535
64 65 8626538
65 61 8626541
62 62 8626544
58 60 8626547
58 67 8626550
62 61 8626553
64 63 8626556
62 60 8626559
63 60 8626562
59 57 8626565
62 60 8626568
60 62 8626571
64 62 8626574
65 63 8626577
62 56 8626580
60 61 8626583
60 59 8626586
59 60 8626589
64 63 8626592
62 61 8626595
57 56 8626598
64 65 8626601
61 60 8626604
62 61 8626607
61 62 8626610
63 62 8626613
58 59 8626616
62 60 8626619
60 63 8626622
66 59 8626625
60 56 8626628
56 57 8626631
59 57 8626634
61 56 8626637
61 58 8626640
61 57 8626643
58 55 8626646
57 61 8626649
57 59 8626652
60 61 8626655
59 56 8626658
62 53 8626661
52 53 8626664
60 61 8626667
60 59 8626670
61 57 8626673
56 63 8626676
57 52 8626679
53 58 8626682
57 61 8626685
60 55 8626688
57 58 8626691
58 58 8626694
57 55 8626697
55 53 8626700
56 57 8626703
58 58 8626706
60 56 8626709
54 50 8626712
54 56 8626715
56 53 8626718
58 59 8626721
58 57 8626724
58 51 8626727
52 53 8626730
58 58 8626733
56 55 8626736
60 59 8626739
56 54 8626742
52 52 8626745
50 58 8626748
54 59 8626751
55 60 8626754
55 55 8626757
54 54 8626760
53 50 8626763
54 58 8626766
55 57 8626769
52 52 8626772
54 56 8626775
55 53 8626778
52 56 8626781
57 57 8626784
54 52 8626787
51 52 8626790
56 54 8626793
53 55 8626796
56 53 8626799
49 53 8626802
52 54 8626805
51 57 8626808
58 56 8626811
54 56 8626814
54 50 8626817
54 51 8626820
53 53 8626823
57 49 8626826
51 50 8626829
51 53 8626832
56 53 8626835
56 54 8626838
50 56 8626841
52 50 8626844
47 55 8626847
51 52 8626850
49 53 8626853
51 55 8626856
53 54 8626859
51 52 8626862
51 58 8626865
51 54 8626868
52 50 8626871
53 47 8626874
49 48 8626877
47 54 8626880
55 55 8626883
56 53 8626886
54 51 8626889
50 45 8626892
51 46 8626895
50 51 8626898
53 53 8626901
51 52 8626904
52 48 8626907
53 49 8626910
49 55 8626913
48 52 8626916
49 52 8626919
51 44 8626922
50 50 8626925
49 51 8626928
51 53 8626931
50 52 8626934
51 51 8626937
50 53 8626940
48 49 8626943
47 54 8626946
48 49 8626949
47 50 8626952
54 50 8626955
50 50 8626958
45 47 8626961
48 48 8626964
49 47 8626967
52 51 8626970
53 53 8626973
48 44 8626976
47 47 8626979
48 50 8626982
51 49 8626985
49 50 8626988
48 45 8626991
47 46 8626994
47 47 8626997
49 47 8627001
46 45 8627004
50 46 8627007
50 51 8627010
48 46 8627013
44 48 8627016
47 48 8627019
44 46 8627022
48 51 8627025
47 47 8627028
46 45 8627032
51 41 8627034
51 48 8627037
47 44 8627040
45 44 8627043
43 45 8627046
45 40 8627049
52 48 8627052
46 45 8627055
47 54 8627058
45 48 8627061
45 47 8627065
46 42 8627067
48 49 8627070
44 45 8627073
44 45 8627076
41 50 8627079
46 44 8627082
43 50 8627085
44 48 8627088
49 56 8627091
43 47 8627094
43 43 8627098
45 38 8627100
46 44 8627103
44 46 8627106
41 43 8627109
42 49 8627112
44 45 8627115
46 46 8627118
46 48 8627121
45 42 8627124
45 46 8627127
42 43 8627131
45 43 8627133
45 44 8627136
45 42 8627139
44 45 8627142
40 42 8627145
40 43 8627148
40 44 8627151
41 43 8627154
48 49 8627157
43 45 8627160
43 46 8627164
46 37 8627166
45 48 8627169
43 44 8627172
42 46 8627175
41 45 8627178
38 37 8627181
44 45 8627184
40 45 8627187
45 44 8627190
41 42 8627193
41 43 8627197
45 39 8627199
44 44 8627202
42 42 8627205
42 41 8627208
42 37 8627211
43 44 8627214
44 45 8627217
44 45 8627220
42 42 8627223
43 43 8627226
42 42 8627230
45 38 8627232
40 40 8627235
42 39 8627238
36 40 8627241
39 43 8627244
39 40 8627247
39 46 8627250
42 45 8627253
38 41 8627256
44 47 8627259
41 43 8627263
43 36 8627265
40 38 8627268
40 38 8627271
43 39 8627274
41 42 8627277
39 39 8627280
38 42 8627283
41 40 8627286
39 44 8627289
41 42 8627292
36 38 8627296
41 38 8627298
39 40 8627301
42 41 8627304
41 42 8627307
40 40 8627310
39 32 8627313
39 38 8627316
38 39 8627319
42 38 8627322
44 45 8627325
41 38 8627329
36 35 8627331
38 40 8627334
39 37 8627337
37 39 8627340
41 43 8627343
39 35 8627346
41 40 8627349
36 36 8627352
38 41 8627355
37 37 8627358
37 36 8627362
41 40 8627364
36 37 8627367
35 34 8627370
38 39 8627373
37 38 8627376
39 38 8627379
38 42 8627382
35 37 8627385
34 37 8627388
35 38 8627391
38 38 8627395
39 36 8627397
40 40 8627400
38 34 8627403
38 37 8627406
42 37 8627409
39 38 8627412
36 38 8627415
36 38 8627418
38 34 8627421
38 38 8627424
35 34 8627428
38 36 8627430
30 33 8627433
36 34 8627436
36 35 8627439
36 40 8627442
31 35 8627445
40 41 8627448
33 37 8627451
40 37 8627454
35 36 8627457
38 37 8627461
34 33 8627463
35 40 8627466
33 31 8627469
38 37 8627472
35 34 8627475
35 34 8627478
33 39 8627481
36 40 8627484
35 33 8627487
36 35 8627490
35 38 8627494
37 29 8627496
38 36 8627499
35 34 8627502
35 32 8627505
35 34 8627508
36 30 8627511
38 32 8627514
31 30 8627517
36 32 8627520
38 31 8627523
39 36 8627527
38 35 8627529
34 31 8627532
34 31 8627535
32 33 8627538
37 34 8627541
34 33 8627544
34 37 8627547
30 30 8627550
37 37 8627553
35 33 8627556
34 37 8627560
34 32 8627562
37 32 8627565
