0 0 9416632
0 0 9416637
0 0 9416641
0 0 9416645
0 0 9416650
0 0 9416654
0 0 9416658
0 0 9416663
0 0 9416667
0 0 9416671
0 0 9416676
0 0 9416680
0 0 9416684
0 0 9416689
0 0 9416693
0 0 9416697
0 0 9416702
0 0 9416706
0 0 9416710
0 0 9416715
0 0 9416719
0 0 9416723
0 0 9416728
0 0 9416732
0 0 9416736
0 0 9416741
0 0 9416745
0 0 9416749
0 0 9416754
0 0 9416758
0 0 9416762
0 0 9416767
0 0 9416771
0 0 9416775
0 0 9416780
0 0 9416784
0 0 9416788
0 0 9416793
0 0 9416797
0 0 9416801
0 0 9416806
0 0 9416810
0 0 9416814
0 0 9416819
0 0 9416823
0 0 9416827
0 0 9416832
0 0 9416836
0 0 9416840
0 0 9416845
0 0 9416849
0 0 9416853
0 0 9416858
0 0 9416862
0 0 9416866
0 0 9416871
0 0 9416875
0 0 9416879
0 0 9416884
0 0 9416888
0 0 9416892
0 0 9416897
0 0 9416901
0 0 9416905
0 0 9416910
0 0 9416914
0 0 9416918
0 0 9416923
0 0 9416927
0 0 9416931
0 0 9416936
0 0 9416940
0 0 9416944
0 0 9416949
0 0 9416953
0 0 9416957
0 0 9416962
0 0 9416966
0 0 9416970
0 0 9416975
0 0 9416979
0 0 9416983
0 0 9416988
0 0 9416992
0 0 9416997
0 0 9417002
0 0 9417007
0 0 9417011
0 0 9417015
0 0 9417020
0 0 9417024
0 0 9417028
0 0 9417033
0 0 9417037
0 0 9417042
0 0 9417046
0 0 9417050
0 0 9417055
0 0 9417059
0 0 9417064
0 0 9417068
0 0 9417072
0 0 9417077
0 0 9417081
0 0 9417085
0 0 9417090
0 0 9417094
0 0 9417099
0 0 9417103
0 0 9417107
0 0 9417112
0 0 9417116
0 0 9417120
0 0 9417125
0 0 9417129
0 0 9417134
0 0 9417138
0 0 9417142
0 0 9417147
0 0 9417151
0 0 9417156
0 0 9417160
0 0 9417164
0 0 9417169
0 0 9417173
0 0 9417177
0 0 9417182
0 0 9417186
0 0 9417191
0 0 9417195
0 0 9417199
0 0 9417204
0 0 9417208
0 0 9417212
0 0 9417217
0 0 9417221
0 0 9417226
0 0 9417230
0 0 9417234
0 0 9417239
0 0 9417243
0 0 9417248
0 0 9417252
0 0 9417256
0 0 9417261
0 0 9417265
0 0 9417269
0 0 9417274
0 0 9417278
0 0 9417283
0 0 9417287
0 0 9417291
0 0 9417296
0 0 9417300
0 0 9417304
0 0 9417309
0 0 9417313
0 0 9417318
0 0 9417322
0 0 9417326
0 0 9417331
0 0 9417335
0 0 9417340
0 0 9417344
0 0 9417348
0 0 9417353
0 0 9417357
0 0 9417361
0 0 9417366
0 0 9417370
0 0 9417375
0 0 9417379
0 0 9417383
0 0 9417388
0 0 9417392
0 0 9417396
0 0 9417401
0 0 9417405
0 0 9417410
0 0 9417414
0 0 9417418
0 0 9417423
0 0 9417427
0 0 9417432
0 0 9417436
0 0 9417440
0 0 9417445
0 0 9417449
0 0 9417453
0 0 9417458
0 0 9417462
0 0 9417467
0 0 9417471
0 0 9417475
0 0 9417480
0 0 9417484
0 0 9417488
0 0 9417493
0 0 9417497
0 0 9417502
0 0 9417506
0 0 9417510
0 0 9417515
0 0 9417519
0 0 9417524
0 0 9417528
0 0 9417532
0 0 9417537
0 0 9417541
0 0 9417545
0 0 9417550
0 0 9417554
0 0 9417559
0 0 9417563
0 0 9417567
0 0 9417572
0 0 9417576
0 0 9417580
0 0 9417585
0 0 9417589
0 0 9417594
0 0 9417598
0 0 9417602
0 0 9417607
0 0 9417611
0 0 9417616
0 0 9417620
0 0 9417624
0 0 9417629
0 0 9417633
0 0 9417637
0 0 9417642
0 0 9417646
0 0 9417651
0 0 9417655
0 0 9417659
0 0 9417664
0 0 9417668
0 0 9417672
0 0 9417677
0 0 9417681
0 0 9417685
0 0 9417690
0 0 9417694
0 0 9417698
0 0 9417703
0 0 9417707
0 0 9417711
0 0 9417716
0 0 9417720
0 0 9417724
0 0 9417729
0 0 9417733
0 0 9417737
0 0 9417742
0 0 9417746
0 0 9417750
0 0 9417755
0 0 9417759
0 0 9417763
0 0 9417768
0 0 9417772
0 0 9417776
0 0 9417781
0 0 9417785
0 0 9417789
0 0 9417794
0 0 9417798
0 0 9417802
0 0 9417807
0 0 9417811
0 0 9417815
0 0 9417820
0 0 9417824
0 0 9417828
0 0 9417833
0 0 9417837
0 0 9417841
0 0 9417846
0 0 9417850
0 0 9417854
0 0 9417859
0 0 9417863
0 0 9417867
0 0 9417872
0 0 9417876
0 0 9417880
0 0 9417885
0 0 9417889
0 0 9417893
0 0 9417898
0 0 9417902
0 0 9417906
0 0 9417911
0 0 9417915
0 0 9417919
0 0 9417924
0 0 9417928
0 0 9417932
0 0 9417937
0 0 9417941
0 0 9417945
0 0 9417950
0 0 9417954
0 0 9417958
0 0 9417963
0 0 9417967
0 0 9417971
0 0 9417976
0 0 9417980
0 0 9417984
0 0 9417989
0 0 9417993
0 0 9417999
0 0 9418003
0 0 9418008
0 0 9418012
0 0 9418016
0 0 9418021
0 0 9418025
0 0 9418029
0 0 9418034
0 0 9418038
0 0 9418042
0 0 9418047
0 0 9418051
0 0 9418055
0 0 9418060
0 0 9418064
0 0 9418068
0 0 9418073
0 0 9418077
0 0 9418081
0 0 9418086
0 0 9418090
0 0 9418094
0 0 9418099
0 0 9418103
0 0 9418107
0 0 9418112
0 0 9418116
0 0 9418120
0 0 9418125
0 0 9418129
0 0 9418133
0 0 9418138
0 0 9418142
0 0 9418146
0 0 9418151
0 0 9418155
0 0 9418159
0 0 9418164
0 0 9418168
0 0 9418172
0 0 9418177
0 0 9418181
0 0 9418185
0 0 9418190
0 0 9418194
0 0 9418198
0 0 9418203
0 0 9418207
0 0 9418211
0 0 9418216
0 0 9418220
0 0 9418224
0 0 9418229
0 0 9418233
0 0 9418237
0 0 9418242
0 0 9418246
0 0 9418250
0 0 9418255
0 0 9418259
0 0 9418263
0 0 9418268
0 0 9418272
0 0 9418276
0 0 9418281
0 0 9418285
0 0 9418289
0 0 9418294
0 0 9418298
0 0 9418302
0 0 9418307
0 0 9418311
0 0 9418315
0 0 9418320
0 0 9418324
0 0 9418328
0 0 9418333
0 0 9418337
0 0 9418341
0 0 9418346
0 0 9418350
0 0 9418354
0 0 9418359
0 0 9418363
0 0 9418367
0 0 9418372
0 0 9418376
0 0 9418380
0 0 9418385
0 0 9418389
0 0 9418393
0 0 9418398
0 0 9418402
0 0 9418406
0 0 9418411
0 0 9418415
0 0 9418419
0 0 9418424
0 0 9418428
0 0 9418432
0 0 9418437
0 0 9418441
0 0 9418445
0 0 9418450
0 0 9418454
0 0 9418458
0 0 9418463
0 0 9418467
0 0 9418471
0 0 9418476
0 0 9418480
0 0 9418484
0 0 9418489
0 0 9418493
0 0 9418497
0 0 9418502
0 0 9418506
0 0 9418510
0 0 9418515
0 0 9418519
0 0 9418523
0 0 9418528
0 0 9418532
0 0 9418536
0 0 9418541
0 0 9418545
0 0 9418549
0 0 9418554
0 0 9418558
0 0 9418562
0 0 9418567
0 0 9418571
0 0 9418575
0 0 9418580
0 0 9418584
0 0 9418588
0 0 9418593
0 0 9418597
0 0 9418601
0 0 9418606
0 0 9418610
0 0 9418614
0 0 9418619
0 0 9418623
0 0 9418627
0 0 9418632
0 0 9418636
0 0 9418640
0 0 9418645
0 0 9418649
0 0 9418653
0 0 9418658
0 0 9418662
0 0 9418666
0 0 9418671
0 0 9418675
0 0 9418679
0 0 9418684
0 0 9418688
0 0 9418692
0 0 9418697
0 0 9418701
0 0 9418705
0 0 9418710
0 0 9418714
0 0 9418718
0 0 9418723
0 0 9418727
0 0 9418731
0 0 9418736
0 0 9418740
0 0 9418744
0 0 9418749
0 0 9418753
0 0 9418757
0 0 9418762
0 0 9418766
0 0 9418770
0 0 9418775
0 0 9418779
0 0 9418783
0 0 9418788
0 0 9418792
0 0 9418796
0 0 9418801
0 0 9418805
0 0 9418809
0 0 9418814
0 0 9418818
0 0 9418822
0 0 9418827
0 0 9418831
0 0 9418835
0 0 9418840
0 0 9418844
0 0 9418848
0 0 9418853
0 0 9418857
0 0 9418861
0 0 9418866
0 0 9418870
0 0 9418874
0 0 9418879
0 0 9418883
0 0 9418887
0 0 9418892
0 0 9418896
0 0 9418900
0 0 9418905
0 0 9418909
0 0 9418913
0 0 9418918
0 0 9418922
0 0 9418926
0 0 9418931
0 0 9418935
0 0 9418939
0 0 9418944
0 0 9418948
0 0 9418952
0 0 9418957
0 0 9418961
0 0 9418965
0 0 9418970
0 0 9418974
0 0 9418978
0 0 9418983
0 0 9418987
0 0 9418991
0 0 9418996
0 0 9419001
0 0 9419006
0 0 9419010
0 0 9419014
0 0 9419019
0 0 9419023
0 0 9419027
0 0 9419032
0 0 9419036
0 0 9419040
0 0 9419045
0 0 9419049
0 0 9419053
0 0 9419058
0 0 9419062
0 0 9419066
0 0 9419071
0 0 9419075
0 0 9419079
0 0 9419084
0 0 9419088
0 0 9419092
0 0 9419097
0 0 9419101
0 0 9419105
0 0 9419110
0 0 9419114
0 0 9419118
0 0 9419123
0 0 9419127
0 0 9419131
0 0 9419136
0 0 9419140
0 0 9419144
0 0 9419149
0 0 9419153
0 0 9419157
0 0 9419162
0 0 9419166
0 0 9419170
0 0 9419175
0 0 9419179
0 0 9419183
0 0 9419188
0 0 9419192
0 0 9419196
0 0 9419201
0 0 9419205
0 0 9419209
0 0 9419214
0 0 9419218
0 0 9419222
0 0 9419227
0 0 9419231
0 0 9419235
0 0 9419240
0 0 9419244
0 0 9419248
0 0 9419253
0 0 9419257
0 0 9419261
0 0 9419266
0 0 9419270
0 0 9419274
0 0 9419279
0 0 9419283
0 0 9419287
0 0 9419292
0 0 9419296
0 0 9419300
0 0 9419305
0 0 9419309
0 0 9419313
0 0 9419318
0 0 9419322
0 0 9419326
0 0 9419331
0 0 9419335
0 0 9419339
0 0 9419344
0 0 9419348
0 0 9419352
0 0 9419357
0 0 9419361
0 0 9419365
0 0 9419370
0 0 9419374
0 0 9419378
0 0 9419383
0 0 9419387
0 0 9419391
0 0 9419396
0 0 9419400
0 0 9419404
0 0 9419409
0 0 9419413
0 0 9419417
0 0 9419422
0 0 9419426
0 0 9419430
0 0 9419435
0 0 9419439
0 0 9419443
0 0 9419448
0 0 9419452
0 0 9419456
0 0 9419461
0 0 9419465
0 0 9419469
0 0 9419474
0 0 9419478
0 0 9419482
0 0 9419487
0 0 9419491
2 2 9419495
6 6 9419500
6 8 9419504
10 13 9419508
9 9 9419513
9 16 9419517
19 16 9419521
19 19 9419526
#TRIGGER ON
23 19 9419530
24 20 9419533
28 26 9419536
27 30 9419539
31 22 9419542
34 36 9419545
32 35 9419548
40 33 9419551
35 39 9419553
40 42 9419556
40 39 9419559
43 47 9419562
43 44 9419565
44 44 9419568
48 48 9419571
47 46 9419574
53 48 9419577
53 51 9419580
49 50 9419584
58 52 9419586
58 59 9419589
58 57 9419592
59 59 9419595
61 63 9419598
60 59 9419601
65 63 9419604
67 66 9419607
70 74 9419610
73 69 9419613
72 71 9419617
72 67 9419619
75 70 9419622
78 74 9419625
79 76 9419628
81 80 9419631
78 77 9419634
83 81 9419637
82 84 9419640
86 89 9419643
82 85 9419646
90 89 9419650
92 86 9419652
92 92 9419655
92 90 9419658
98 98 9419661
92 96 9419664
97 92 9419667
102 100 9419670
105 103 9419673
103 106 9419676
103 107 9419679
105 105 9419683
110 105 9419685
113 107 9419688
112 111 9419691
113 114 9419694
114 117 9419697
117 115 9419700
119 117 9419703
117 118 9419706
123 119 9419709
124 127 9419712
121 125 9419716
126 120 9419718
129 128 9419721
126 130 9419724
130 130 9419727
132 133 9419730
134 132 9419733
132 138 9419736
135 133 9419739
142 142 9419742
137 137 9419745
141 137 9419749
144 142 9419751
142 140 9419754
145 142 9419757
147 146 9419760
148 150 9419763
148 147 9419766
150 153 9419769
151 154 9419772
156 155 9419775
157 157 9419778
158 158 9419782
162 152 9419784
161 162 9419787
164 159 9419790
166 161 9419793
164 161 9419796
166 164 9419799
169 168 9419802
168 169 9419805
171 171 9419808
174 174 9419811
171 172 9419815
179 168 9419817
177 176 9419820
177 176 9419823
179 179 9419826
178 183 9419829
179 179 9419832
184 181 9419835
187 182 9419838
187 184 9419841
188 184 9419844
189 187 9419848
190 188 9419850
192 190 9419853
190 191 9419856
195 195 9419859
191 191 9419862
194 193 9419865
200 196 9419868
198 200 9419871
202 201 9419874
206 200 9419877
204 206 9419881
204 197 9419883
210 202 9419886
206 207 9419889
210 209 9419892
210 210 9419895
211 210 9419898
212 216 9419901
214 213 9419904
214 215 9419907
217 217 9419910
216 217 9419914
220 212 9419916
221 219 9419919
224 219 9419922
223 229 9419925
228 224 9419928
225 225 9419931
232 230 9419934
229 230 9419937
235 233 9419940
234 227 9419943
234 233 9419947
239 233 9419949
238 238 9419952
238 236 9419955
241 238 9419958
242 245 9419961
239 240 9419964
245 246 9419967
245 241 9419970
249 248 9419973
249 246 9419976
248 244 9419980
250 245 9419982
251 245 9419985
252 251 9419988
258 254 9419991
254 254 9419994
258 254 9419999
258 258 9420002
254 260 9420005
257 263 9420008
259 261 9420011
265 262 9420014
264 264 9420017
265 260 9420020
264 266 9420023
269 271 9420026
269 267 9420029
269 274 9420032
272 277 9420035
271 273 9420038
267 277 9420041
275 280 9420044
273 280 9420047
279 274 9420050
280 280 9420053
279 278 9420056
284 285 9420059
286 286 9420062
288 290 9420065
287 286 9420068
284 285 9420071
285 293 9420074
292 293 9420077
293 292 9420080
294 288 9420083
294 293 9420086
294 289 9420089
294 297 9420092
297 296 9420095
301 303 9420098
299 302 9420101
298 303 9420104
298 306 9420107
305 305 9420110
303 306 9420113
306 305 9420116
307 308 9420119
307 306 9420122
310 309 9420125
312 311 9420128
314 312 9420131
313 313 9420134
314 315 9420137
316 322 9420140
316 320 9420143
318 319 9420146
325 321 9420149
318 318 9420152
319 322 9420155
324 326 9420158
324 326 9420161
326 329 9420164
325 328 9420167
326 333 9420170
330 332 9420173
332 332 9420176
329 331 9420179
335 331 9420182
333 334 9420185
334 332 9420188
338 340 9420191
339 340 9420194
339 341 9420197
336 344 9420200
344 345 9420203
340 345 9420206
341 345 9420209
344 352 9420212
345 344 9420215
344 343 9420218
344 347 9420221
353 351 9420224
350 347 9420227
351 355 9420230
358 351 9420233
352 353 9420236
354 359 9420239
361 359 9420242
357 359 9420245
359 360 9420248
362 361 9420251
359 358 9420254
367 366 9420257
364 362 9420260
367 366 9420263
364 366 9420266
367 368 9420269
365 372 9420272
370 372 9420275
365 370 9420278
371 370 9420281
374 373 9420284
371 372 9420287
375 372 9420290
375 377 9420293
378 376 9420296
381 377 9420299
380 378 9420302
378 384 9420305
380 380 9420308
380 382 9420311
382 383 9420314
384 385 9420317
385 384 9420320
387 390 9420323
392 388 9420326
392 392 9420329
394 389 9420332
391 389 9420335
393 395 9420338
395 393 9420341
396 396 9420344
397 395 9420347
396 392 9420350
396 396 9420353
400 403 9420356
408 398 9420359
404 401 9420362
406 403 9420365
403 403 9420368
400 408 9420371
405 408 9420374
405 407 9420377
407 410 9420380
413 407 9420383
407 407 9420386
416 415 9420389
412 408 9420392
414 412 9420395
417 417 9420398
416 417 9420401
414 416 9420404
417 417 9420407
419 420 9420410
418 419 9420413
419 422 9420416
422 425 9420419
425 426 9420422
421 425 9420425
426 431 9420428
428 429 9420431
426 425 9420434
425 430 9420437
429 432 9420440
429 432 9420443
429 428 9420446
429 431 9420449
434 432 9420452
435 432 9420455
436 434 9420458
440 438 9420461
440 440 9420464
438 442 9420467
436 442 9420470
440 443 9420473
443 439 9420476
442 440 9420479
448 442 9420482
441 442 9420485
448 445 9420488
447 445 9420491
450 447 9420494
449 449 9420497
452 450 9420500
453 450 9420503
450 452 9420506
454 454 9420509
456 454 9420512
455 452 9420515
459 455 9420518
460 459 9420521
459 457 9420524
460 461 9420527
463 461 9420530
460 460 9420533
460 466 9420536
465 469 9420539
466 466 9420542
469 466 9420545
467 464 9420548
467 467 9420551
471 467 9420554
469 466 9420557
473 473 9420560
473 472 9420563
473 473 9420566
472 480 9420569
476 479 9420572
476 476 9420575
477 481 9420578
480 477 9420581
476 479 9420584
478 481 9420587
481 483 9420590
482 484 9420593
482 483 9420596
486 485 9420599
484 489 9420602
487 485 9420605
485 491 9420608
489 488 9420611
489 483 9420614
487 485 9420617
495 498 9420620
493 492 9420623
492 496 9420626
494 498 9420629
493 494 9420632
490 499 9420635
498 496 9420638
496 499 9420641
499 500 9420644
501 497 9420647
501 499 9420650
504 502 9420653
502 504 9420656
504 504 9420659
505 512 9420662
505 505 9420665
503 507 9420668
509 510 9420671
507 508 9420674
506 513 9420677
513 513 9420680
512 512 9420683
512 513 9420686
510 514 9420689
515 519 9420692
513 519 9420695
515 518 9420698
514 522 9420701
519 518 9420704
517 519 9420707
519 520 9420710
526 522 9420713
520 518 9420716
523 524 9420719
521 526 9420722
526 526 9420725
522 525 9420728
524 527 9420731
523 532 9420734
529 529 9420737
530 527 9420740
533 529 9420743
528 529 9420746
528 530 9420749
536 535 9420752
537 534 9420755
533 538 9420758
538 538 9420761
538 533 9420764
533 535 9420767
538 544 9420770
539 540 9420773
540 543 9420776
544 544 9420779
541 544 9420782
544 544 9420785
542 545 9420788
549 547 9420791
544 545 9420794
543 543 9420797
545 550 9420800
550 552 9420803
548 552 9420806
552 552 9420809
553 549 9420812
552 552 9420815
552 556 9420818
555 554 9420821
556 555 9420824
554 555 9420827
554 555 9420830
556 564 9420833
560 560 9420836
557 565 9420839
562 562 9420842
563 562 9420845
559 562 9420848
561 566 9420851
562 565 9420854
563 568 9420857
563 565 9420860
568 567 9420863
567 571 9420866
569 571 9420869
569 570 9420872
573 571 9420875
574 570 9420878
571 570 9420881
573 574 9420884
576 574 9420887
571 575 9420890
573 573 9420893
577 576 9420896
577 575 9420899
578 578 9420902
581 575 9420905
579 580 9420908
584 581 9420911
582 581 9420914
582 584 9420917
581 581 9420920
586 586 9420923
585 584 9420926
582 586 9420929
585 592 9420932
588 586 9420935
589 590 9420938
587 589 9420941
589 587 9420944
586 591 9420947
590 590 9420950
592 594 9420953
595 594 9420956
593 598 9420959
598 593 9420962
592 596 9420965
597 599 9420968
598 598 9420971
600 597 9420974
598 595 9420977
596 598 9420980
602 604 9420983
605 601 9420986
601 603 9420989
603 607 9420992
606 604 9420995
598 606 9420999
602 607 9421002
607 606 9421005
606 606 9421008
612 606 9421011
608 608 9421014
610 611 9421017
612 607 9421020
615 613 9421023
614 615 9421026
612 614 9421029
614 614 9421032
613 617 9421034
615 610 9421037
614 619 9421040
616 617 9421043
616 618 9421046
617 622 9421049
622 621 9421052
621 620 9421055
621 623 9421058
623 624 9421061
624 620 9421064
625 625 9421067
627 623 9421070
625 625 9421073
627 624 9421076
628 628 9421079
632 630 9421082
629 629 9421085
631 628 9421088
626 627 9421091
629 634 9421094
630 634 9421097
631 636 9421100
630 631 9421103
632 630 9421106
631 635 9421109
640 633 9421112
636 636 9421115
637 637 9421118
635 643 9421121
642 635 9421124
638 645 9421127
642 635 9421130
637 640 9421133
644 641 9421136
644 641 9421139
642 638 9421142
646 648 9421145
647 644 9421148
646 647 9421151
644 648 9421154
646 646 9421157
644 651 9421160
651 651 9421163
644 650 9421166
653 650 9421169
649 651 9421172
654 654 9421175
655 655 9421178
654 650 9421181
653 656 9421184
658 657 9421187
655 655 9421190
654 655 9421193
657 655 9421196
659 658 9421199
662 659 9421202
660 653 9421205
660 663 9421208
661 662 9421211
663 665 9421214
663 661 9421217
663 668 9421220
662 666 9421223
663 667 9421226
665 667 9421229
667 665 9421232
666 665 9421235
670 666 9421238
665 664 9421241
673 671 9421244
673 670 9421247
672 672 9421250
672 670 9421253
674 670 9421256
672 675 9421259
671 675 9421262
673 675 9421265
675 676 9421268
676 679 9421271
676 676 9421274
677 675 9421277
679 683 9421280
681 683 9421283
678 680 9421286
679 680 9421289
680 684 9421292
680 687 9421295
680 679 9421298
681 684 9421301
686 685 9421304
683 683 9421307
687 690 9421310
688 685 9421313
686 687 9421316
691 688 9421319
685 686 9421322
686 694 9421325
691 691 9421328
690 690 9421331
690 690 9421334
693 693 9421337
692 697 9421340
694 697 9421343
691 692 9421346
694 697 9421349
694 698 9421352
694 696 9421355
696 698 9421358
696 698 9421361
701 699 9421364
698 696 9421367
698 698 9421370
702 700 9421373
701 701 9421376
702 701 9421379
703 703 9421382
705 708 9421385
703 704 9421388
700 706 9421391
709 708 9421394
704 712 9421397
708 705 9421400
705 709 9421403
703 707 9421406
709 712 9421409
708 706 9421412
711 710 9421415
709 712 9421418
712 709 9421421
713 715 9421424
710 713 9421427
711 714 9421430
716 712 9421433
712 714 9421436
715 715 9421439
716 720 9421442
718 717 9421445
718 720 9421448
720 719 9421451
716 716 9421454
713 722 9421457
719 725 9421460
718 718 9421463
718 718 9421466
719 716 9421469
710 708 9421472
712 713 9421475
711 711 9421478
712 710 9421481
710 709 9421484
707 704 9421487
705 708 9421490
707 706 9421493
702 706 9421496
702 704 9421499
700 701 9421502
699 697 9421505
700 698 9421508
700 704 9421511
702 700 9421514
699 695 9421517
695 694 9421520
691 695 9421523
697 695 9421526
694 692 9421529
691 687 9421532
691 688 9421535
690 687 9421538
689 688 9421541
686 684 9421544
687 687 9421547
688 685 9421550
682 680 9421553
679 689 9421556
683 680 9421559
677 680 9421562
676 679 9421565
677 676 9421568
677 678 9421571
676 674 9421574
674 672 9421577
679 675 9421580
672 670 9421583
674 670 9421586
671 673 9421589
671 672 9421592
667 668 9421595
671 668 9421598
667 667 9421601
667 664 9421604
663 664 9421607
665 663 9421610
662 664 9421613
663 667 9421616
662 658 9421619
657 663 9421622
660 659 9421625
656 654 9421628
657 654 9421631
656 655 9421634
654 651 9421637
655 651 9421640
652 656 9421643
655 657 9421646
653 653 9421649
647 650 9421652
647 655 9421655
648 653 9421658
648 651 9421661
647 644 9421664
646 643 9421667
641 640 9421670
647 646 9421673
644 644 9421676
644 644 9421679
642 642 9421682
638 638 9421685
636 640 9421688
637 637 9421691
636 639 9421694
638 633 9421697
634 634 9421700
634 632 9421703
634 634 9421706
635 629 9421709
632 631 9421712
630 632 9421715
632 626 9421718
627 632 9421721
629 628 9421724
627 625 9421727
623 622 9421730
621 622 9421733
625 625 9421736
628 626 9421739
619 622 9421742
624 624 9421745
622 622 9421748
619 619 9421751
617 618 9421754
619 620 9421757
617 615 9421760
616 612 9421763
616 614 9421766
616 612 9421769
615 608 9421772
615 616 9421775
612 612 9421778
610 612 9421781
612 608 9421784
605 612 9421787
607 610 9421790
607 607 9421793
606 611 9421796
610 600 9421799
602 600 9421802
607 605 9421805
606 602 9421808
603 602 9421811
599 600 9421814
602 600 9421817
599 599 9421820
598 599 9421823
598 598 9421826
600 600 9421829
597 595 9421832
594 594 9421835
598 595 9421838
595 593 9421841
592 592 9421844
591 594 9421847
591 593 9421850
586 594 9421853
585 593 9421856
590 593 9421859
586 587 9421862
585 586 9421865
584 584 9421868
583 588 9421871
586 583 9421874
582 587 9421877
586 585 9421880
579 577 9421883
578 584 9421886
585 583 9421889
580 579 9421892
581 578 9421895
577 575 9421898
577 576 9421901
577 577 9421904
573 579 9421907
576 578 9421910
573 574 9421913
568 572 9421916
571 576 9421919
571 568 9421922
571 574 9421925
571 570 9421928
572 567 9421931
565 563 9421934
567 565 9421937
569 563 9421940
567 565 9421943
564 567 9421946
565 564 9421949
564 566 9421952
562 563 9421955
564 565 9421958
561 558 9421961
558 563 9421964
559 558 9421967
559 563 9421970
557 556 9421973
555 556 9421976
559 559 9421979
555 554 9421982
549 557 9421985
555 556 9421988
550 556 9421991
550 548 9421994
550 552 9421997
549 550 9422001
553 547 9422004
552 556 9422007
548 551 9422010
548 548 9422013
549 548 9422016
546 545 9422020
547 545 9422022
544 543 9422025
545 544 9422028
541 540 9422031
540 545 9422034
537 539 9422037
540 542 9422040
541 544 9422043
536 542 9422046
539 540 9422049
535 539 9422053
534 533 9422055
538 534 9422058
537 533 9422061
534 534 9422064
534 536 9422067
528 529 9422070
537 537 9422073
530 532 9422076
534 535 9422079
535 531 9422082
527 533 9422086
527 523 9422088
528 530 9422091
528 530 9422094
525 530 9422097
521 525 9422100
521 520 9422103
528 530 9422106
523 526 9422109
525 528 9422112
523 520 9422115
520 523 9422119
521 518 9422121
520 519 9422124
520 521 9422127
518 519 9422130
512 514 9422133
515 514 9422136
519 516 9422139
515 520 9422142
517 512 9422145
517 515 9422148
515 518 9422152
514 508 9422154
512 509 9422157
515 510 9422160
511 512 9422163
506 506 9422166
510 507 9422169
506 509 9422172
511 509 9422175
507 509 9422178
504 507 9422181
508 510 9422185
506 502 9422187
504 505 9422190
503 503 9422193
500 504 9422196
502 504 9422199
500 500 9422202
503 503 9422205
496 501 9422208
500 500 9422211
499 498 9422214
499 498 9422218
499 497 9422220
498 494 9422223
498 496 9422226
492 493 9422229
494 495 9422232
490 492 9422235
491 493 9422238
489 492 9422241
492 493 9422244
491 494 9422247
488 490 9422251
492 487 9422253
491 487 9422256
487 487 9422259
488 487 9422262
486 491 9422265
482 486 9422268
486 489 9422271
488 488 9422274
487 489 9422277
483 485 9422280
482 480 9422284
486 479 9422286
481 480 9422289
482 481 9422292
482 481 9422295
480 485 9422298
473 476 9422301
479 482 9422304
477 481 9422307
476 483 9422310
479 480 9422313
473 480 9422317
475 474 9422319
476 478 9422322
475 472 9422325
474 477 9422328
467 470 9422331
471 471 9422334
471 470 9422337
472 476 9422340
467 469 9422343
471 470 9422346
467 470 9422350
469 463 9422352
466 465 9422355
468 465 9422358
468 465 9422361
464 463 9422364
465 463 9422367
466 467 9422370
460 459 9422373
463 463 9422376
462 465 9422379
459 462 9422383
461 458 9422385
461 461 9422388
461 460 9422391
452 459 9422394
455 460 9422397
457 458 9422400
456 460 9422403
456 457 9422406
454 457 9422409
454 454 9422412
452 453 9422416
461 448 9422418
456 458 9422421
450 453 9422424
453 453 9422427
452 458 9422430
443 450 9422433
454 453 9422436
452 453 9422439
451 451 9422442
450 446 9422445
449 446 9422449
451 446 9422451
445 447 9422454
449 442 9422457
445 449 9422460
442 446 9422463
443 442 9422466
448 446 9422469
443 448 9422472
441 441 9422475
441 442 9422478
439 443 9422482
442 438 9422484
443 442 9422487
438 443 9422490
437 441 9422493
436 439 9422496
436 438 9422499
438 438 9422502
436 436 9422505
437 437 9422508
438 437 9422511
433 434 9422515
434 429 9422517
435 435 9422520
434 433 9422523
432 430 9422526
431 433 9422529
429 427 9422532
432 426 9422535
427 428 9422538
425 428 9422541
431 428 9422544
429 428 9422548
427 421 9422550
427 422 9422553
430 422 9422556
426 428 9422559
425 423 9422562
423 422 9422565
423 427 9422568
423 423 9422571
425 428 9422574
420 424 9422577
418 421 9422581
421 416 9422583
421 421 9422586
423 419 9422589
418 417 9422592
420 418 9422595
413 414 9422598
415 414 9422601
417 415 9422604
416 420 9422607
416 418 9422610
412 412 9422614
416 414 9422616
410 411 9422619
416 414 9422622
411 416 9422625
410 409 9422628
410 409 9422631
412 414 9422634
411 408 9422637
410 413 9422640
408 407 9422643
407 410 9422647
412 405 9422649
406 411 9422652
409 408 9422655
405 411 9422658
408 412 9422661
406 403 9422664
406 403 9422667
405 403 9422670
405 405 9422673
404 405 9422676
399 401 9422680
403 400 9422682
398 403 9422685
401 402 9422688
400 402 9422691
397 395 9422694
397 399 9422697
398 401 9422700
398 405 9422703
398 402 9422706
399 400 9422709
396 397 9422713
400 392 9422715
395 398 9422718
396 394 9422721
391 395 9422724
391 397 9422727
392 390 9422730
396 395 9422733
394 392 9422736
392 397 9422739
390 385 9422742
391 392 9422746
391 389 9422748
389 389 9422751
393 387 9422754
387 392 9422757
386 387 9422760
388 388 9422763
391 389 9422766
386 387 9422769
387 389 9422772
383 386 9422775
383 389 9422779
386 384 9422781
382 382 9422784
383 380 9422787
380 386 9422790
378 380 9422793
381 381 9422796
382 383 9422799
383 376 9422802
378 380 9422805
380 378 9422808
378 379 9422812
381 373 9422814
380 381 9422817
377 372 9422820
379 377 9422823
376 377 9422826
375 372 9422829
377 378 9422832
371 374 9422835
377 376 9422838
372 375 9422841
370 376 9422845
375 371 9422847
375 376 9422850
372 369 9422853
371 374 9422856
372 368 9422859
368 367 9422862
374 371 9422865
369 373 9422868
370 370 9422871
367 364 9422874
366 370 9422878
370 365 9422880
369 371 9422883
366 367 9422886
366 366 9422889
367 367 9422892
361 363 9422895
367 365 9422898
364 369 9422901
362 367 9422904
363 362 9422907
359 365 9422911
360 359 9422913
361 362 9422916
360 360 9422919
359 360 9422922
359 359 9422925
357 362 9422928
357 361 9422931
359 358 9422934
358 361 9422937
358 356 9422940
359 359 9422944
357 355 9422946
356 356 9422949
357 355 9422952
349 357 9422955
352 352 9422958
355 356 9422961
352 354 9422964
353 352 9422967
355 354 9422970
353 353 9422973
351 350 9422977
352 345 9422979
353 349 9422982
352 351 9422985
351 347 9422988
347 349 9422991
346 346 9422994
348 347 9422999
345 348 9423002
345 345 9423005
343 349 9423008
343 344 9423011
345 346 9423014
350 347 9423017
346 344 9423020
343 343 9423023
346 345 9423026
340 342 9423029
345 344 9423032
345 342 9423035
345 339 9423038
344 340 9423041
339 340 9423044
341 342 9423047
341 340 9423050
339 340 9423053
336 336 9423056
340 335 9423059
337 340 9423062
338 337 9423065
339 338 9423068
339 335 9423071
331 334 9423074
333 338 9423077
339 336 9423080
333 332 9423083
337 335 9423086
333 334 9423089
332 329 9423092
332 335 9423095
333 332 9423098
332 334 9423101
331 331 9423104
335 330 9423107
330 327 9423110
335 334 9423113
330 328 9423116
329 329 9423119
327 331 9423122
329 330 9423125
325 331 9423128
329 332 9423131
326 325 9423134
322 329 9423137
326 327 9423140
322 324 9423143
327 324 9423146
327 324 9423149
326 324 9423152
325 324 9423155
325 321 9423158
320 327 9423161
324 328 9423164
323 322 9423167
322 319 9423170
320 318 9423173
319 321 9423176
321 323 9423179
318 319 9423182
320 322 9423185
324 323 9423188
318 314 9423191
316 322 9423194
318 320 9423197
316 315 9423200
319 318 9423203
319 313 9423206
316 314 9423209
317 319 9423212
314 317 9423215
315 316 9423218
317 312 9423221
313 314 9423224
310 314 9423227
316 317 9423230
312 313 9423233
310 308 9423236
313 308 9423239
311 311 9423242
310 310 9423245
313 312 9423248
314 309 9423251
309 313 9423254
307 310 9423257
309 312 9423260
308 304 9423263
306 308 9423266
310 308 9423269
307 305 9423272
303 306 9423275
310 312 9423278
309 304 9423281
305 303 9423284
304 305 9423287
305 302 9423290
301 303 9423293
305 304 9423296
303 302 9423299
299 297 9423302
299 304 9423305
301 301 9423308
303 302 9423311
305 300 9423314
300 300 9423317
299 301 9423320
298 301 9423323
296 301 9423326
297 300 9423329
298 299 9423332
299 298 9423335
297 299 9423338
295 297 9423341
297 295 9423344
296 297 9423347
299 296 9423350
297 294 9423353
297 291 9423356
293 298 9423359
297 295 9423362
291 296 9423365
295 295 9423368
293 292 9423371
292 287 9423374
291 290 9423377
296 289 9423380
291 292 9423383
292 296 9423386
292 289 9423389
283 292 9423392
289 291 9423395
291 290 9423398
288 291 9423401
291 287 9423404
287 286 9423407
290 289 9423410
288 285 9423413
284 282 9423416
287 288 9423419
288 284 9423422
282 289 9423425
287 292 9423428
288 287 9423431
287 284 9423434
285 285 9423437
288 282 9423440
283 281 9423443
282 286 9423446
284 281 9423449
282 282 9423452
280 284 9423455
280 288 9423458
283 286 9423461
281 281 9423464
282 278 9423467
280 281 9423470
281 277 9423473
278 278 9423476
280 283 9423479
280 281 9423482
280 281 9423485
276 277 9423488
275 284 9423491
279 280 9423494
275 279 9423497
275 275 9423500
277 276 9423503
273 271 9423506
277 277 9423509
278 269 9423512
272 276 9423515
275 275 9423518
275 271 9423521
271 274 9423524
271 272 9423527
270 272 9423530
275 270 9423533
271 269 9423536
270 271 9423539
271 274 9423542
271 276 9423545
273 270 9423548
269 274 9423551
270 267 9423554
268 274 9423557
271 269 9423560
269 266 9423563
267 270 9423566
273 265 9423569
265 264 9423572
269 269 9423575
270 267 9423578
269 265 9423581
267 268 9423584
264 266 9423587
259 265 9423590
266 269 9423593
264 267 9423596
263 263 9423599
262 265 9423602
263 258 9423605
261 264 9423608
267 260 9423611
259 258 9423614
266 262 9423617
261 261 9423620
260 265 9423623
264 264 9423626
261 262 9423629
260 261 9423632
259 261 9423635
258 260 9423638
259 263 9423641
261 260 9423644
260 260 9423647
261 263 9423650
258 253 9423653
255 259 9423656
259 256 9423659
255 253 9423662
256 254 9423665
255 255 9423668
255 254 9423671
255 257 9423674
257 255 9423677
255 256 9423680
253 256 9423683
254 253 9423686
248 256 9423689
253 252 9423692
249 250 9423695
251 254 9423698
253 251 9423701
249 249 9423704
255 253 9423707
251 253 9423710
251 251 9423713
251 251 9423716
248 246 9423719
248 247 9423722
248 249 9423725
248 245 9423728
248 249 9423731
250 250 9423734
247 244 9423737
249 247 9423740
247 246 9423743
245 244 9423746
245 247 9423749
248 247 9423752
243 247 9423755
246 248 9423758
248 246 9423761
245 244 9423764
246 243 9423767
245 241 9423770
244 244 9423773
245 244 9423776
246 240 9423779
245 243 9423782
244 241 9423785
237 243 9423788
239 243 9423791
242 241 9423794
239 238 9423797
243 240 9423800
240 234 9423803
239 238 9423806
240 237 9423809
239 239 9423812
235 240 9423815
240 240 9423818
233 239 9423821
240 244 9423824
237 235 9423827
235 241 9423830
243 236 9423833
233 235 9423836
238 242 9423839
235 234 9423842
235 238 9423845
236 234 9423848
231 232 9423851
231 232 9423854
233 238 9423857
239 238 9423860
235 231 9423863
235 234 9423866
232 227 9423869
234 233 9423872
236 234 9423875
234 232 9423878
233 232 9423881
229 229 9423884
226 233 9423887
230 234 9423890
226 227 9423893
232 233 9423896
232 226 9423899
231 224 9423902
233 229 9423905
228 227 9423908
233 231 9423911
231 229 9423914
229 228 9423917
223 231 9423920
226 227 9423923
225 228 9423926
226 226 9423929
225 225 9423932
226 224 9423935
227 229 9423938
225 224 9423941
224 227 9423944
230 225 9423947
220 221 9423950
223 226 9423953
222 225 9423956
222 224 9423959
225 226 9423962
222 222 9423965
223 223 9423968
222 227 9423971
222 220 9423974
223 223 9423977
224 221 9423980
221 218 9423983
220 222 9423986
221 216 9423989
220 219 9423992
217 217 9423995
218 221 9423999
218 222 9424002
218 223 9424005
221 221 9424008
221 213 9424011
214 217 9424014
221 218 9424017
216 215 9424020
217 216 9424023
215 211 9424026
216 215 9424029
219 215 9424032
213 216 9424035
219 218 9424037
215 214 9424040
214 213 9424043
214 216 9424046
214 211 9424049
213 212 9424052
216 213 9424055
211 211 9424058
217 214 9424061
211 206 9424064
213 214 9424067
215 209 9424070
215 216 9424073
213 214 9424076
211 211 9424079
210 213 9424082
212 210 9424085
211 213 9424088
212 211 9424091
210 210 9424094
208 209 9424097
213 210 9424100
210 208 9424103
215 210 9424106
209 207 9424109
207 205 9424112
207 209 9424115
205 208 9424118
206 207 9424121
208 211 9424124
208 204 9424127
203 202 9424130
206 207 9424133
205 209 9424136
204 211 9424139
202 207 9424142
199 203 9424145
201 206 9424148
201 203 9424151
201 209 9424154
204 200 9424157
204 206 9424160
205 202 9424163
204 204 9424166
203 203 9424169
204 204 9424172
201 202 9424175
203 198 9424178
199 207 9424181
202 201 9424184
202 204 9424187
201 198 9424190
202 196 9424193
201 196 9424196
200 202 9424199
196 203 9424202
199 203 9424205
195 197 9424208
196 200 9424211
196 198 9424214
197 201 9424217
198 199 9424220
200 193 9424223
197 197 9424226
197 196 9424229
194 200 9424232
200 197 9424235
196 199 9424238
198 195 9424241
190 193 9424244
191 196 9424247
191 197 9424250
197 194 9424253
193 194 9424256
194 195 9424259
193 195 9424262
192 191 9424265
194 194 9424268
195 191 9424271
193 198 9424274
193 190 9424277
191 195 9424280
192 191 9424283
192 192 9424286
192 189 9424289
191 189 9424292
189 189 9424295
192 186 9424298
190 192 9424301
193 191 9424304
188 186 9424307
196 190 9424310
186 192 9424313
190 190 9424316
187 190 9424319
190 189 9424322
190 189 9424325
189 185 9424328
188 192 9424331
188 186 9424334
188 188 9424337
186 186 9424340
185 185 9424343
185 187 9424346
187 187 9424349
187 186 9424352
187 186 9424355
184 185 9424358
185 181 9424361
182 187 9424364
185 187 9424367
183 183 9424370
183 187 9424373
181 179 9424376
179 186 9424379
186 185 9424382
180 184 9424385
183 183 9424388
183 183 9424391
177 183 9424394
184 182 9424397
182 178 9424400
182 182 9424403
180 182 9424406
180 175 9424409
177 181 9424412
178 182 9424415
181 178 9424418
179 176 9424421
180 176 9424424
177 175 9424427
183 180 9424430
182 179 9424433
181 175 9424436
176 178 9424439
178 176 9424442
174 180 9424445
175 181 9424448
176 180 9424451
180 176 9424454
177 177 9424457
175 175 9424460
179 175 9424463
174 175 9424466
178 177 9424469
176 177 9424472
176 177 9424475
170 181 9424478
176 178 9424481
174 176 9424484
169 171 9424487
174 174 9424490
175 173 9424493
174 177 9424496
173 170 9424499
174 175 9424502
174 178 9424505
173 171 9424508
171 176 9424511
175 172 9424514
169 171 9424517
173 171 9424520
173 172 9424523
170 168 9424526
171 171 9424529
169 167 9424532
173 172 9424535
169 171 9424538
170 172 9424541
167 172 9424544
167 170 9424547
171 170 9424550
169 166 9424553
170 167 9424556
168 166 9424559
169 167 9424562
169 165 9424565
169 164 9424568
168 169 9424571
167 165 9424574
165 170 9424577
169 166 9424580
164 167 9424583
164 165 9424586
166 164 9424589
161 165 9424592
167 166 9424595
167 164 9424598
166 168 9424601
164 162 9424604
168 163 9424607
163 165 9424610
164 167 9424613
164 163 9424616
165 162 9424619
168 162 9424622
162 156 9424625
164 166 9424628
163 161 9424631
159 162 9424634
164 164 9424637
161 162 9424640
157 163 9424643
161 163 9424646
160 162 9424649
159 160 9424652
161 158 9424655
157 161 9424658
158 163 9424661
160 161 9424664
161 161 9424667
159 163 9424670
160 155 9424673
158 165 9424676
161 157 9424679
158 162 9424682
164 159 9424685
161 160 9424688
155 159 9424691
162 159 9424694
155 155 9424697
157 161 9424700
158 156 9424703
157 160 9424706
154 160 9424709
158 159 9424712
156 158 9424715
154 157 9424718
156 154 9424721
153 155 9424724
157 155 9424727
157 152 9424730
157 155 9424733
156 155 9424736
154 148 9424739
153 156 9424742
159 154 9424745
154 153 9424748
154 152 9424751
156 156 9424754
151 151 9424757
155 155 9424760
154 151 9424763
153 153 9424766
152 156 9424769
154 151 9424772
147 155 9424775
153 157 9424778
150 153 9424781
150 148 9424784
149 154 9424787
153 147 9424790
153 151 9424793
154 151 9424796
149 151 9424799
149 151 9424802
147 147 9424805
149 151 9424808
148 150 9424811
150 153 9424814
151 148 9424817
146 145 9424820
147 146 9424823
153 148 9424826
148 147 9424829
150 150 9424832
146 146 9424835
148 143 9424838
145 151 9424841
148 146 9424844
140 148 9424847
148 150 9424850
148 146 9424853
144 146 9424856
147 148 9424859
141 146 9424862
146 146 9424865
148 146 9424868
142 146 9424871
143 151 9424874
143 147 9424877
142 144 9424880
141 146 9424883
145 143 9424886
144 142 9424889
145 148 9424892
143 141 9424895
145 144 9424898
142 140 9424901
142 138 9424904
142 143 9424907
140 141 9424910
144 142 9424913
143 137 9424916
143 140 9424919
138 139 9424922
141 141 9424925
140 141 9424928
143 141 9424931
142 141 9424934
141 141 9424937
137 142 9424940
140 140 9424943
136 139 9424946
136 143 9424949
136 141 9424952
140 138 9424955
140 142 9424958
137 140 9424961
139 140 9424964
136 139 9424967
138 137 9424970
137 141 9424973
139 140 9424976
138 139 9424979
136 140 9424982
139 133 9424985
133 133 9424988
138 141 9424991
136 134 9424994
137 137 9424999
136 135 9425002
135 135 9425005
134 136 9425008
138 134 9425011
137 130 9425014
136 133 9425017
136 134 9425020
135 137 9425023
135 135 9425026
134 132 9425029
133 136 9425032
131 133 9425035
133 133 9425038
132 132 9425040
133 134 9425043
131 135 9425046
130 130 9425049
135 136 9425052
131 137 9425055
133 132 9425058
137 138 9425061
131 131 9425065
136 128 9425067
134 135 9425070
129 131 9425073
129 127 9425076
131 132 9425079
131 130 9425082
131 131 9425085
130 131 9425088
132 128 9425091
133 133 9425094
131 129 9425098
133 126 9425100
126 130 9425103
130 128 9425106
129 135 9425109
125 130 9425112
128 126 9425115
126 133 9425118
130 127 9425121
127 131 9425124
128 130 9425127
123 126 9425131
128 125 9425133
125 128 9425136
127 127 9425139
127 126 9425142
127 129 9425145
127 128 9425148
126 134 9425151
123 126 9425154
127 125 9425157
126 127 9425160
125 122 9425164
127 122 9425166
122 126 9425169
126 121 9425172
127 129 9425175
123 125 9425178
126 122 9425181
124 122 9425184
123 124 9425187
123 124 9425190
123 127 9425193
125 123 9425197
125 121 9425199
123 120 9425202
125 123 9425205
124 125 9425208
125 124 9425211
124 120 9425214
121 123 9425217
122 122 9425220
126 122 9425223
123 123 9425226
119 121 9425230
125 114 9425232
123 121 9425235
120 122 9425238
118 122 9425241
117 121 9425244
117 117 9425247
120 119 9425250
116 121 9425253
122 122 9425256
124 125 9425259
119 118 9425263
125 114 9425265
119 122 9425268
116 114 9425271
123 119 9425274
116 119 9425277
115 116 9425280
121 120 9425283
118 118 9425286
117 116 9425289
122 119 9425292
116 115 9425296
118 114 9425298
118 120 9425301
117 118 9425304
115 117 9425307
119 119 9425310
117 112 9425313
117 119 9425316
116 117 9425319
118 116 9425322
117 113 9425325
116 116 9425329
118 108 9425331
120 117 9425334
117 116 9425337
114 117 9425340
113 110 9425343
111 110 9425346
116 115 9425349
114 117 9425352
116 116 9425355
115 118 9425358
112 111 9425362
117 107 9425364
114 116 9425367
113 115 9425370
114 118 9425373
110 113 9425376
112 116 9425379
113 116 9425382
113 115 9425385
114 115 9425388
109 114 9425391
111 111 9425395
111 110 9425397
111 114 9425400
114 113 9425403
109 114 9425406
111 110 9425409
111 110 9425412
109 116 9425415
110 112 9425418
115 116 9425421
111 115 9425424
107 112 9425428
112 109 9425430
110 108 9425433
110 112 9425436
108 107 9425439
109 109 9425442
107 106 9425445
111 111 9425448
109 109 9425451
109 110 9425454
110 110 9425457
109 110 9425461
108 103 9425463
109 108 9425466
109 106 9425469
107 108 9425472
107 109 9425475
105 104 9425478
111 109 9425481
106 105 9425484
108 110 9425487
103 108 9425490
105 106 9425494
110 102 9425496
106 107 9425499
109 101 9425502
106 107 9425505
100 102 9425508
105 102 9425511
107 107 9425514
107 106 9425517
109 104 9425520
107 109 9425523
104 102 9425527
108 103 9425529
104 103 9425532
105 99 9425535
101 103 9425538
103 103 9425541
103 103 9425544
104 107 9425547
102 104 9425550
104 103 9425553
105 107 9425556
100 104 9425560
105 99 9425562
101 109 9425565
105 104 9425568
97 102 9425571
100 100 9425574
100 98 9425577
103 103 9425580
100 105 9425583
101 102 9425586
103 106 9425589
97 100 9425593
101 98 9425595
102 105 9425598
99 99 9425601
103 102 9425604
103 105 9425607
98 96 9425610
101 103 9425613
99 104 9425616
102 95 9425619
100 99 9425622
100 98 9425626
98 94 9425628
101 98 9425631
100 100 9425634
97 96 9425637
104 98 9425640
96 98 9425643
96 101 9425646
101 92 9425649
99 100 9425652
99 97 9425655
97 98 9425659
102 98 9425661
96 99 9425664
98 98 9425667
97 101 9425670
98 101 9425673
94 97 9425676
97 96 9425679
97 99 9425682
99 97 9425685
99 99 9425688
95 98 9425692
97 95 9425694
94 94 9425697
99 93 9425700
95 95 9425703
95 90 9425706
93 94 9425709
94 93 9425712
95 93 9425715
95 101 9425718
93 96 9425721
90 92 9425725
99 94 9425727
93 95 9425730
94 94 9425733
93 93 9425736
92 93 9425739
92 91 9425742
93 94 9425745
96 99 9425748
94 95 9425751
93 92 9425754
94 92 9425758
97 91 9425760
91 92 9425763
92 93 9425766
91 97 9425769
96 91 9425772
91 92 9425775
88 91 9425778
93 93 9425781
93 95 9425784
93 91 9425787
86 92 9425791
93 87 9425793
91 94 9425796
92 89 9425799
91 94 9425802
92 93 9425805
89 86 9425808
91 91 9425811
93 90 9425814
91 92 9425817
90 87 9425820
92 92 9425824
89 83 9425826
92 90 9425829
91 88 9425832
89 90 9425835
92 89 9425838
88 91 9425841
89 88 9425844
90 91 9425847
91 89 9425850
89 88 9425853
89 89 9425857
90 83 9425859
87 89 9425862
89 87 9425865
89 92 9425868
83 87 9425871
87 89 9425874
86 90 9425877
90 90 9425880
86 92 9425883
86 87 9425886
84 88 9425890
83 84 9425892
87 87 9425895
88 88 9425898
86 87 9425901
84 86 9425904
85 87 9425907
87 87 9425910
84 86 9425913
89 91 9425916
88 88 9425919
85 85 9425923
89 82 9425925
87 86 9425928
88 82 9425931
83 83 9425934
87 88 9425937
82 81 9425940
87 85 9425943
84 82 9425946
88 85 9425949
84 87 9425952
84 85 9425956
85 81 9425958
87 84 9425961
83 88 9425964
81 84 9425967
83 86 9425970
84 79 9425973
80 81 9425976
85 83 9425979
85 86 9425982
85 81 9425985
83 82 9425989
84 79 9425991
87 85 9425994
84 77 9425999
85 81 9426002
83 81 9426005
82 81 9426008
82 84 9426011
81 81 9426014
77 79 9426017
87 81 9426020
81 82 9426023
81 81 9426026
81 83 9426029
82 76 9426032
78 87 9426035
81 82 9426038
79 81 9426041
83 82 9426044
82 82 9426047
81 80 9426050
80 80 9426053
78 79 9426056
81 82 9426059
79 82 9426062
79 75 9426065
76 82 9426068
81 77 9426071
74 76 9426074
83 78 9426077
79 80 9426080
75 73 9426083
76 84 9426086
79 77 9426089
78 83 9426092
79 80 9426095
77 77 9426098
76 81 9426101
78 81 9426104
76 79 9426107
75 76 9426110
79 75 9426113
76 78 9426116
77 75 9426119
76 75 9426122
78 81 9426125
83 80 9426128
74 74 9426131
74 80 9426134
74 81 9426137
75 77 9426140
75 76 9426143
79 77 9426146
74 75 9426149
79 78 9426152
73 75 9426155
76 78 9426158
77 79 9426161
78 73 9426164
72 75 9426167
77 73 9426170
76 80 9426173
75 72 9426176
79 74 9426179
74 69 9426182
75 76 9426185
72 73 9426188
77 75 9426191
74 76 9426194
72 72 9426197
73 81 9426200
73 71 9426203
71 75 9426206
75 73 9426209
74 71 9426212
72 74 9426215
75 77 9426218
75 70 9426221
74 70 9426224
76 75 9426227
71 76 9426230
71 75 9426233
72 75 9426236
74 74 9426239
73 68 9426242
75 67 9426245
72 71 9426248
72 71 9426251
72 72 9426254
73 71 9426257
72 71 9426260
71 70 9426263
70 73 9426266
74 72 9426269
70 69 9426272
70 74 9426275
73 73 9426278
68 72 9426281
72 69 9426284
71 70 9426287
73 70 9426290
67 69 9426293
73 72 9426296
67 76 9426299
70 72 9426302
68 68 9426305
69 70 9426308
70 71 9426311
69 67 9426314
72 72 9426317
70 72 9426320
66 69 9426323
66 70 9426326
71 69 9426329
68 70 9426332
71 71 9426335
67 71 9426338
69 64 9426341
69 64 9426344
66 64 9426347
71 73 9426350
69 71 9426353
67 68 9426356
69 71 9426359
67 67 9426362
66 72 9426365
67 69 9426368
65 69 9426371
64 65 9426374
63 71 9426377
69 67 9426380
69 68 9426383
65 62 9426386
66 66 9426389
66 70 9426392
68 67 9426395
60 74 9426398
67 69 9426401
68 71 9426404
64 64 9426407
65 62 9426410
62 66 9426413
63 65 9426416
66 67 9426419
68 68 9426422
66 69 9426425
66 64 9426428
62 66 9426431
68 66 9426434
65 65 9426437
68 68 9426440
66 65 9426443
64 59 9426446
64 65 9426449
62 66 9426452
68 64 9426455
63 64 9426458
64 68 9426461
60 69 9426464
64 65 9426467
66 65 9426470
63 61 9426473
66 62 9426476
66 62 9426479
65 64 9426482
64 61 9426485
60 57 9426488
64 62 9426491
62 60 9426494
63 65 9426497
66 68 9426500
63 67 9426503
61 63 9426506
60 63 9426509
63 65 9426512
62 61 9426515
63 60 9426518
64 65 9426521
62 62 9426524
60 58 9426527
59 65 9426530
61 63 9426533
59 64 9426536
61 62 9426539
61 64 9426542
61 57 9426545
62 65 9426548
62 66 9426551
64 61 9426554
59 62 9426557
60 60 9426560
59 68 9426563
59 60 9426566
56 58 9426569
63 61 9426572
58 60 9426575
59 62 9426578
58 62 9426581
61 62 9426584
61 63 9426587
57 61 9426590
59 62 9426593
56 65 9426596
60 58 9426599
56 59 9426602
62 59 9426605
59 57 9426608
59 54 9426611
59 62 9426614
57 57 9426617
59 59 9426620
59 63 9426623
59 57 9426626
56 59 9426629
58 57 9426632
55 57 9426635
60 57 9426638
57 56 9426641
54 57 9426644
60 60 9426647
62 56 9426650
57 57 9426653
56 61 9426656
61 58 9426659
53 59 9426662
56 59 9426665
58 57 9426668
60 52 9426671
55 55 9426674
56 54 9426677
60 60 9426680
59 59 9426683
59 55 9426686
58 57 9426689
56 52 9426692
51 61 9426695
57 54 9426698
58 59 9426701
55 56 9426704
57 56 9426707
57 55 9426710
57 55 9426713
55 49 9426716
56 58 9426719
59 56 9426722
55 58 9426725
53 58 9426728
56 59 9426731
55 54 9426734
54 50 9426737
54 58 9426740
57 54 9426743
56 55 9426746
52 53 9426749
53 58 9426752
60 60 9426755
55 52 9426758
50 52 9426761
55 50 9426764
54 56 9426767
58 51 9426770
53 52 9426773
52 52 9426776
55 52 9426779
54 56 9426782
54 55 9426785
51 55 9426788
52 56 9426791
50 53 9426794
51 54 9426797
53 54 9426800
55 54 9426803
55 52 9426806
48 49 9426809
55 56 9426812
54 54 9426815
51 55 9426818
52 55 9426821
52 53 9426824
46 53 9426827
52 55 9426830
53 53 9426833
54 53 9426836
54 50 9426839
52 49 9426842
50 51 9426845
48 51 9426848
51 54 9426851
52 54 9426854
49 49 9426857
50 52 9426860
49 48 9426863
53 54 9426866
56 54 9426869
50 47 9426872
48 46 9426875
50 52 9426878
53 52 9426881
49 54 9426884
51 49 9426887
51 47 9426890
48 52 9426893
50 46 9426896
52 53 9426899
53 52 9426902
49 47 9426905
49 51 9426908
51 52 9426911
49 50 9426914
53 50 9426917
47 53 9426920
50 45 9426923
46 53 9426926
48 49 9426929
48 46 9426932
46 50 9426935
48 50 9426938
46 46 9426941
50 50 9426944
52 49 9426947
50 50 9426950
47 51 9426953
51 48 9426956
48 48 9426959
49 45 9426962
47 53 9426965
50 45 9426968
48 51 9426971
48 45 9426974
45 49 9426977
51 49 9426980
52 49 9426983
48 49 9426986
46 42 9426989
46 53 9426992
51 47 9426995
46 47 9426999
52 50 9427002
46 46 9427005
48 49 9427008
47 50 9427011
45 51 9427014
46 44 9427017
50 43 9427020
45 42 9427023
47 46 9427026
49 48 9427029
48 51 9427032
42 46 9427034
45 50 9427037
43 50 9427040
48 47 9427043
48 47 9427046
46 47 9427049
46 47 9427052
46 43 9427055
43 42 9427058
46 44 9427061
43 46 9427064
48 46 9427067
43 44 9427070
45 47 9427073
46 43 9427076
46 43 9427079
42 45 9427082
41 43 9427085
44 45 9427088
42 45 9427091
44 45 9427094
46 45 9427097
45 42 9427100
43 38 9427103
46 45 9427106
46 42 9427109
44 48 9427112
45 44 9427115
45 44 9427118
38 48 9427121
46 43 9427124
42 47 9427127
43 50 9427130
44 44 9427133
42 41 9427136
40 44 9427139
46 40 9427142
48 48 9427145
43 44 9427148
44 42 9427151
42 48 9427154
44 46 9427157
42 46 9427160
40 40 9427163
43 41 9427166
40 38 9427169
41 40 9427172
42 43 9427175
44 46 9427178
43 43 9427181
42 35 9427184
42 45 9427187
45 44 9427190
42 43 9427193
40 44 9427196
42 41 9427199
39 44 9427202
43 43 9427205
38 40 9427208
43 45 9427211
42 44 9427214
40 38 9427217
39 48 9427220
45 42 9427223
40 43 9427226
43 41 9427229
39 39 9427232
41 41 9427235
42 42 9427238
41 38 9427241
40 44 9427244
44 45 9427247
41 38 9427250
38 42 9427253
38 47 9427256
41 44 9427259
37 38 9427262
42 40 9427265
39 38 9427268
40 44 9427271
41 39 9427274
39 39 9427277
41 42 9427280
38 41 9427283
36 41 9427286
38 44 9427289
41 39 9427292
40 41 9427295
36 31 9427298
38 39 9427301
43 41 9427304
42 41 9427307
42 41 9427310
40 41 9427313
37 41 9427316
36 43 9427319
38 37 9427322
39 39 9427325
40 35 9427328
39 36 9427331
36 35 9427334
41 44 9427337
38 42 9427340
42 37 9427343
36 37 9427346
43 37 9427349
37 42 9427352
42 41 9427355
38 35 9427358
39 39 9427361
38 37 9427364
36 35 9427367
37 40 9427370
38 39 9427373
39 42 9427376
40 37 9427379
35 38 9427382
38 39 9427385
36 40 9427388
36 40 9427391
36 38 9427394
39 35 9427397
38 37 9427400
37 38 9427403
35 34 9427406
36 36 9427409
41 40 9427412
35 33 9427415
36 38 9427418
36 37 9427421
35 43 9427424
37 41 9427427
37 35 9427430
34 32 9427433
36 36 9427436
39 37 9427439
38 36 9427442
33 33 9427445
35 35 9427448
29 43 9427451
37 37 9427454
33 37 9427457
36 36 9427460
34 36 9427463
39 32 9427466
36 36 9427469
36 34 9427472
36 36 9427475
34 37 9427478
33 33 9427481
33 37 9427484
34 36 9427487
39 37 9427490
33 32 9427493
38 33 9427496
28 32 9427499
36 39 9427502
35 36 9427505
33 35 9427508
33 30 9427511
35 35 9427514
34 40 9427517
34 33 9427520
35 33 9427523
34 35 9427526
33 34 9427529
33 29 9427532
