0 0 1896948
0 0 1896952
0 0 1896956
0 0 1896961
0 0 1896965
0 0 1896969
0 0 1896974
0 0 1896978
0 0 1896982
0 0 1896987
0 0 1896991
0 0 1896995
0 0 1897001
0 0 1897005
0 0 1897010
0 0 1897014
0 0 1897018
0 0 1897023
0 0 1897027
0 0 1897031
0 0 1897036
0 0 1897040
0 0 1897044
0 0 1897049
0 0 1897053
0 0 1897057
0 0 1897062
0 0 1897066
0 0 1897070
0 0 1897075
0 0 1897079
0 0 1897083
0 0 1897088
0 0 1897092
0 0 1897096
0 0 1897101
0 0 1897105
0 0 1897109
0 0 1897114
0 0 1897118
0 0 1897122
0 0 1897127
0 0 1897131
0 0 1897135
0 0 1897140
0 0 1897144
0 0 1897148
0 0 1897153
0 0 1897157
0 0 1897161
0 0 1897166
0 0 1897170
0 0 1897174
0 0 1897179
0 0 1897183
0 0 1897187
0 0 1897192
0 0 1897196
0 0 1897200
0 0 1897205
0 0 1897209
0 0 1897213
0 0 1897218
0 0 1897222
0 0 1897226
0 0 1897231
0 0 1897235
0 0 1897239
0 0 1897244
0 0 1897248
0 0 1897252
0 0 1897257
0 0 1897261
0 0 1897265
0 0 1897270
0 0 1897274
0 0 1897278
0 0 1897283
0 0 1897287
0 0 1897291
0 0 1897296
0 0 1897300
0 0 1897304
0 0 1897309
0 0 1897313
0 0 1897317
0 0 1897322
0 0 1897326
0 0 1897330
0 0 1897335
0 0 1897339
0 0 1897343
0 0 1897348
0 0 1897352
0 0 1897356
0 0 1897361
0 0 1897365
0 0 1897369
0 0 1897374
0 0 1897378
0 0 1897382
0 0 1897387
0 0 1897391
0 0 1897395
0 0 1897400
0 0 1897404
0 0 1897408
0 0 1897413
0 0 1897417
0 0 1897421
0 0 1897426
0 0 1897430
0 0 1897434
0 0 1897439
0 0 1897443
0 0 1897447
0 0 1897452
0 0 1897456
0 0 1897460
0 0 1897465
0 0 1897469
0 0 1897473
0 0 1897478
0 0 1897482
0 0 1897486
0 0 1897491
0 0 1897495
0 0 1897499
0 0 1897504
0 0 1897508
0 0 1897512
0 0 1897517
0 0 1897521
0 0 1897525
0 0 1897530
0 0 1897534
0 0 1897538
0 0 1897543
0 0 1897547
0 0 1897551
0 0 1897556
0 0 1897560
0 0 1897564
0 0 1897569
0 0 1897573
0 0 1897577
0 0 1897582
0 0 1897586
0 0 1897590
0 0 1897595
0 0 1897599
0 0 1897603
0 0 1897608
0 0 1897612
0 0 1897616
0 0 1897621
0 0 1897625
0 0 1897629
0 0 1897634
0 0 1897638
0 0 1897642
0 0 1897647
0 0 1897651
0 0 1897655
0 0 1897660
0 0 1897664
0 0 1897668
0 0 1897673
0 0 1897677
0 0 1897681
0 0 1897686
0 0 1897690
0 0 1897694
0 0 1897699
0 0 1897703
0 0 1897707
0 0 1897712
0 0 1897716
0 0 1897720
0 0 1897725
0 0 1897729
0 0 1897733
0 0 1897738
0 0 1897742
0 0 1897746
0 0 1897751
0 0 1897755
0 0 1897759
0 0 1897764
0 0 1897768
0 0 1897772
0 0 1897777
0 0 1897781
0 0 1897785
0 0 1897790
0 0 1897794
0 0 1897798
0 0 1897803
0 0 1897807
0 0 1897811
0 0 1897816
0 0 1897820
0 0 1897824
0 0 1897829
0 0 1897833
0 0 1897837
0 0 1897842
0 0 1897846
0 0 1897850
0 0 1897855
0 0 1897859
0 0 1897863
0 0 1897868
0 0 1897872
0 0 1897876
0 0 1897881
0 0 1897885
0 0 1897889
0 0 1897894
0 0 1897898
0 0 1897902
0 0 1897907
0 0 1897911
0 0 1897915
0 0 1897920
0 0 1897924
0 0 1897928
0 0 1897933
0 0 1897937
0 0 1897941
0 0 1897946
0 0 1897950
0 0 1897954
0 0 1897959
0 0 1897963
0 0 1897967
0 0 1897972
0 0 1897976
0 0 1897980
0 0 1897985
0 0 1897989
0 0 1897993
0 0 1897999
0 0 1898003
0 0 1898008
0 0 1898012
0 0 1898016
0 0 1898021
0 0 1898025
0 0 1898029
0 0 1898034
0 0 1898038
0 0 1898042
0 0 1898047
0 0 1898051
0 0 1898055
0 0 1898060
0 0 1898064
0 0 1898068
0 0 1898073
0 0 1898077
0 0 1898081
0 0 1898086
0 0 1898090
0 0 1898094
0 0 1898099
0 0 1898103
0 0 1898107
0 0 1898112
0 0 1898116
0 0 1898120
0 0 1898125
0 0 1898129
0 0 1898133
0 0 1898138
0 0 1898142
0 0 1898146
0 0 1898151
0 0 1898155
0 0 1898159
0 0 1898164
0 0 1898168
0 0 1898172
0 0 1898177
0 0 1898181
0 0 1898185
0 0 1898190
0 0 1898194
0 0 1898198
0 0 1898203
0 0 1898207
0 0 1898211
0 0 1898216
0 0 1898220
0 0 1898224
0 0 1898229
0 0 1898233
0 0 1898237
0 0 1898242
0 0 1898246
0 0 1898250
0 0 1898255
0 0 1898259
0 0 1898263
0 0 1898268
0 0 1898272
0 0 1898276
0 0 1898281
0 0 1898285
0 0 1898289
0 0 1898294
0 0 1898298
0 0 1898302
0 0 1898307
0 0 1898311
0 0 1898315
0 0 1898320
0 0 1898324
0 0 1898328
0 0 1898333
0 0 1898337
0 0 1898341
0 0 1898346
0 0 1898350
0 0 1898354
0 0 1898359
0 0 1898363
0 0 1898368
0 0 1898372
0 0 1898376
0 0 1898381
0 0 1898385
0 0 1898390
0 0 1898394
0 0 1898398
0 0 1898403
0 0 1898407
0 0 1898411
0 0 1898416
0 0 1898420
0 0 1898425
0 0 1898429
0 0 1898433
0 0 1898438
0 0 1898442
0 0 1898446
0 0 1898451
0 0 1898455
0 0 1898460
0 0 1898464
0 0 1898468
0 0 1898473
0 0 1898477
0 0 1898482
0 0 1898486
0 0 1898490
0 0 1898495
0 0 1898499
0 0 1898503
0 0 1898508
0 0 1898512
0 0 1898517
0 0 1898521
0 0 1898525
0 0 1898530
0 0 1898534
0 0 1898538
0 0 1898543
0 0 1898547
0 0 1898552
0 0 1898556
0 0 1898560
0 0 1898565
0 0 1898569
0 0 1898574
0 0 1898578
0 0 1898582
0 0 1898587
0 0 1898591
0 0 1898595
0 0 1898600
0 0 1898604
0 0 1898609
0 0 1898613
0 0 1898617
0 0 1898622
0 0 1898626
0 0 1898630
0 0 1898635
0 0 1898639
0 0 1898644
0 0 1898648
0 0 1898652
0 0 1898657
0 0 1898661
0 0 1898666
0 0 1898670
0 0 1898674
0 0 1898679
0 0 1898683
0 0 1898687
0 0 1898692
0 0 1898696
0 0 1898701
0 0 1898705
0 0 1898709
0 0 1898714
0 0 1898718
0 0 1898722
0 0 1898727
0 0 1898731
0 0 1898736
0 0 1898740
0 0 1898744
0 0 1898749
0 0 1898753
0 0 1898758
0 0 1898762
0 0 1898766
0 0 1898771
0 0 1898775
0 0 1898779
0 0 1898784
0 0 1898788
0 0 1898793
0 0 1898797
0 0 1898801
0 0 1898806
0 0 1898810
0 0 1898814
0 0 1898819
0 0 1898823
0 0 1898828
0 0 1898832
0 0 1898836
0 0 1898841
0 0 1898845
0 0 1898850
0 0 1898854
0 0 1898858
0 0 1898863
0 0 1898867
0 0 1898871
0 0 1898876
0 0 1898880
0 0 1898885
0 0 1898889
0 0 1898893
0 0 1898898
0 0 1898902
0 0 1898906
0 0 1898911
0 0 1898915
0 0 1898920
0 0 1898924
0 0 1898928
0 0 1898933
0 0 1898937
0 0 1898942
0 0 1898946
0 0 1898950
0 0 1898955
0 0 1898959
0 0 1898963
0 0 1898968
0 0 1898972
0 0 1898977
0 0 1898981
0 0 1898985
0 0 1898990
0 0 1898994
0 0 1899000
0 0 1899004
0 0 1899008
0 0 1899013
0 0 1899017
0 0 1899021
0 0 1899026
0 0 1899030
0 0 1899034
0 0 1899039
0 0 1899043
0 0 1899047
0 0 1899052
0 0 1899056
0 0 1899060
0 0 1899065
0 0 1899069
0 0 1899073
0 0 1899078
0 0 1899082
0 0 1899086
0 0 1899091
0 0 1899095
0 0 1899099
0 0 1899104
0 0 1899108
0 0 1899112
0 0 1899117
0 0 1899121
0 0 1899125
0 0 1899130
0 0 1899134
0 0 1899138
0 0 1899143
0 0 1899147
0 0 1899151
0 0 1899156
0 0 1899160
0 0 1899164
0 0 1899169
0 0 1899173
0 0 1899177
0 0 1899182
0 0 1899186
0 0 1899190
0 0 1899195
0 0 1899199
0 0 1899203
0 0 1899208
0 0 1899212
0 0 1899216
0 0 1899221
0 0 1899225
0 0 1899229
0 0 1899234
0 0 1899238
0 0 1899242
0 0 1899247
0 0 1899251
0 0 1899255
0 0 1899260
0 0 1899264
0 0 1899268
0 0 1899273
0 0 1899277
0 0 1899281
0 0 1899286
0 0 1899290
0 0 1899294
0 0 1899299
0 0 1899303
0 0 1899307
0 0 1899312
0 0 1899316
0 0 1899320
0 0 1899325
0 0 1899329
0 0 1899333
0 0 1899338
0 0 1899342
0 0 1899346
0 0 1899351
0 0 1899355
0 0 1899359
0 0 1899364
0 0 1899368
0 0 1899372
0 0 1899377
0 0 1899381
0 0 1899385
0 0 1899390
0 0 1899394
0 0 1899398
0 0 1899403
0 0 1899407
0 0 1899411
0 0 1899416
0 0 1899420
0 0 1899424
0 0 1899429
0 0 1899433
0 0 1899437
0 0 1899442
0 0 1899446
0 0 1899450
0 0 1899455
0 0 1899459
0 0 1899463
0 0 1899468
0 0 1899472
0 0 1899476
0 0 1899481
0 0 1899485
0 0 1899489
0 0 1899494
0 0 1899498
0 0 1899502
0 0 1899507
0 0 1899511
0 0 1899515
0 0 1899520
0 0 1899524
0 0 1899528
0 0 1899533
0 0 1899537
0 0 1899541
0 0 1899546
0 0 1899550
0 0 1899554
0 0 1899559
0 0 1899563
0 0 1899567
0 0 1899572
0 0 1899576
0 0 1899580
0 0 1899585
0 0 1899589
0 0 1899593
0 0 1899598
0 0 1899602
0 0 1899606
0 0 1899611
0 0 1899615
0 0 1899619
0 0 1899624
0 0 1899628
0 0 1899632
0 0 1899637
0 0 1899641
0 0 1899645
0 0 1899650
0 0 1899654
0 0 1899658
0 0 1899663
0 0 1899667
0 0 1899671
0 0 1899676
0 0 1899680
0 0 1899684
0 0 1899689
0 0 1899693
0 0 1899697
0 0 1899702
0 0 1899706
0 0 1899710
0 0 1899715
0 0 1899719
0 0 1899723
0 0 1899728
0 0 1899732
0 0 1899736
0 0 1899741
0 0 1899745
0 0 1899749
0 0 1899754
0 0 1899758
0 0 1899762
0 0 1899767
0 0 1899771
0 0 1899775
0 0 1899780
0 0 1899784
0 0 1899788
0 0 1899793
0 0 1899797
0 0 1899801
0 0 1899806
1 0 1899810
3 4 1899814
0 3 1899819
9 7 1899823
13 11 1899827
13 14 1899832
13 17 1899836
20 18 1899840
#TRIGGER ON
24 21 1899845
24 23 1899848
24 26 1899851
26 27 1899854
28 28 1899857
29 28 1899860
28 34 1899863
32 36 1899866
35 41 1899869
36 36 1899872
40 42 1899875
39 38 1899878
39 41 1899881
41 49 1899884
45 44 1899887
45 50 1899890
51 46 1899893
45 58 1899896
49 53 1899899
50 55 1899902
56 54 1899905
61 56 1899908
57 58 1899911
63 65 1899914
60 61 1899917
63 67 1899920
65 64 1899923
67 63 1899926
69 72 1899929
67 77 1899932
71 77 1899935
70 73 1899938
76 74 1899941
75 73 1899944
81 80 1899947
81 83 1899950
83 85 1899953
83 81 1899956
82 80 1899959
84 89 1899962
92 89 1899965
88 86 1899968
91 93 1899971
95 90 1899974
89 90 1899977
97 97 1899980
98 98 1899983
100 103 1899986
102 99 1899989
103 98 1899992
100 106 1899995
103 107 1899999
107 108 1900002
110 108 1900005
108 109 1900008
109 114 1900011
113 114 1900014
113 112 1900017
118 118 1900020
116 115 1900023
117 118 1900026
123 122 1900028
120 118 1900031
124 120 1900034
125 121 1900037
127 129 1900040
132 132 1900043
128 130 1900046
132 134 1900049
137 131 1900052
131 134 1900055
137 136 1900058
139 134 1900061
136 142 1900064
141 142 1900067
138 139 1900070
140 145 1900073
145 144 1900076
146 149 1900079
149 145 1900082
145 148 1900085
151 149 1900088
152 149 1900091
155 157 1900094
157 154 1900097
152 160 1900100
155 155 1900103
155 165 1900106
160 159 1900109
161 166 1900112
166 167 1900115
162 166 1900118
165 166 1900121
163 169 1900124
166 172 1900127
168 174 1900130
172 178 1900133
172 171 1900136
173 183 1900139
180 182 1900142
176 177 1900145
177 183 1900148
182 184 1900151
180 180 1900154
186 183 1900157
183 184 1900160
188 187 1900163
183 188 1900166
187 188 1900169
191 195 1900172
193 193 1900175
192 193 1900178
199 198 1900181
196 190 1900184
196 196 1900187
201 203 1900190
203 199 1900193
200 201 1900196
203 204 1900199
205 205 1900202
203 209 1900205
211 210 1900208
209 211 1900211
213 210 1900214
213 210 1900217
213 207 1900220
213 215 1900223
213 215 1900226
219 220 1900229
218 222 1900232
221 218 1900235
219 226 1900238
224 226 1900241
223 223 1900244
227 225 1900247
228 227 1900250
224 228 1900253
230 234 1900256
232 231 1900259
232 230 1900262
233 235 1900265
235 235 1900268
238 239 1900271
237 237 1900274
239 242 1900277
245 240 1900280
239 235 1900283
239 243 1900286
244 248 1900289
245 245 1900292
245 249 1900295
249 253 1900298
248 250 1900301
250 255 1900304
252 253 1900307
250 256 1900310
255 256 1900313
257 255 1900316
256 255 1900319
259 261 1900322
266 256 1900325
260 263 1900328
261 262 1900331
265 266 1900334
265 269 1900337
266 272 1900340
264 273 1900343
271 270 1900346
268 269 1900349
275 269 1900352
271 273 1900355
273 271 1900358
271 277 1900361
279 279 1900364
274 277 1900367
277 281 1900370
279 284 1900373
282 283 1900376
285 282 1900379
283 285 1900382
284 277 1900385
288 290 1900388
287 286 1900391
295 294 1900394
289 290 1900397
292 292 1900400
291 298 1900403
295 295 1900406
297 293 1900409
297 298 1900412
299 302 1900415
297 303 1900418
302 302 1900421
300 299 1900424
305 304 1900427
306 306 1900430
301 306 1900433
307 312 1900436
310 309 1900439
310 311 1900442
311 312 1900445
314 310 1900448
310 309 1900451
314 314 1900454
313 318 1900457
315 318 1900460
318 318 1900463
317 316 1900466
319 326 1900469
322 325 1900472
323 323 1900475
322 325 1900478
324 324 1900481
327 322 1900484
328 326 1900487
327 329 1900490
330 330 1900493
335 336 1900496
332 332 1900499
330 340 1900502
336 338 1900505
340 340 1900508
335 338 1900511
337 339 1900514
340 338 1900517
339 342 1900520
344 342 1900523
345 347 1900526
345 342 1900529
344 345 1900532
346 348 1900535
350 347 1900538
349 349 1900541
351 345 1900544
354 354 1900547
348 348 1900550
353 354 1900553
357 355 1900556
358 357 1900559
358 363 1900562
357 358 1900565
358 359 1900568
360 361 1900571
363 366 1900574
363 362 1900577
359 360 1900580
364 368 1900583
369 370 1900586
369 366 1900589
372 373 1900592
372 373 1900595
370 365 1900598
368 374 1900601
372 376 1900604
376 375 1900607
372 372 1900610
375 375 1900613
377 375 1900616
382 379 1900619
384 381 1900622
381 383 1900625
385 386 1900628
385 381 1900631
381 385 1900634
382 386 1900637
385 390 1900640
388 386 1900643
390 385 1900646
389 389 1900649
398 398 1900652
395 393 1900655
394 393 1900658
391 394 1900661
395 394 1900664
394 395 1900667
401 399 1900670
399 397 1900673
395 400 1900676
397 402 1900679
404 406 1900682
407 404 1900685
406 404 1900688
407 408 1900691
406 407 1900694
409 405 1900697
406 413 1900700
411 412 1900703
406 412 1900706
416 413 1900709
414 415 1900712
412 414 1900715
415 413 1900718
412 419 1900721
420 416 1900724
417 419 1900727
421 414 1900730
419 424 1900733
424 426 1900736
424 426 1900739
423 425 1900742
424 424 1900745
424 423 1900748
429 426 1900751
426 424 1900754
430 432 1900757
430 433 1900760
434 430 1900763
427 434 1900766
438 434 1900769
432 436 1900772
438 439 1900775
438 437 1900778
436 433 1900781
435 442 1900784
440 442 1900787
440 444 1900790
444 447 1900793
442 442 1900796
444 445 1900799
447 444 1900802
448 448 1900805
448 447 1900808
451 445 1900811
445 451 1900814
451 455 1900817
452 455 1900820
452 455 1900823
454 456 1900826
453 453 1900829
458 460 1900832
457 458 1900835
456 456 1900838
461 461 1900841
465 458 1900844
459 459 1900847
464 461 1900850
463 466 1900853
466 465 1900856
463 467 1900859
467 466 1900862
465 468 1900865
467 468 1900868
469 469 1900871
469 468 1900874
473 470 1900877
469 470 1900880
476 474 1900883
474 470 1900886
475 479 1900889
478 479 1900892
474 476 1900895
477 482 1900898
476 481 1900901
480 482 1900904
478 481 1900907
482 482 1900910
483 475 1900913
483 486 1900916
488 484 1900919
487 491 1900922
490 485 1900925
487 486 1900928
487 489 1900931
490 494 1900934
489 492 1900937
491 490 1900940
495 490 1900943
492 495 1900946
498 496 1900949
498 498 1900952
498 498 1900955
497 502 1900958
496 497 1900961
495 504 1900964
498 502 1900967
500 503 1900970
502 500 1900973
504 506 1900976
508 503 1900979
504 507 1900982
508 505 1900985
507 507 1900988
508 510 1900991
506 509 1900994
507 516 1900997
510 512 1901001
512 516 1901004
516 513 1901007
513 513 1901010
513 512 1901013
514 512 1901016
516 518 1901019
519 515 1901022
519 522 1901025
524 520 1901028
519 517 1901031
526 517 1901033
521 519 1901036
527 521 1901039
525 527 1901042
529 520 1901045
527 525 1901048
526 525 1901051
528 523 1901054
528 531 1901057
529 528 1901060
534 530 1901063
534 536 1901066
536 531 1901069
535 536 1901072
534 530 1901075
535 536 1901078
534 538 1901081
537 538 1901084
538 534 1901087
540 541 1901090
540 538 1901093
547 543 1901096
541 543 1901099
546 545 1901102
539 542 1901105
543 544 1901108
544 552 1901111
549 552 1901114
545 547 1901117
550 550 1901120
545 547 1901123
549 546 1901126
554 555 1901129
552 557 1901132
555 554 1901135
552 558 1901138
552 550 1901141
554 559 1901144
557 558 1901147
558 556 1901150
557 559 1901153
558 556 1901156
557 558 1901159
563 566 1901162
562 562 1901165
565 565 1901168
562 561 1901171
564 563 1901174
562 570 1901177
565 568 1901180
565 569 1901183
566 572 1901186
568 567 1901189
567 568 1901192
571 573 1901195
574 572 1901198
572 575 1901201
572 576 1901204
575 572 1901207
569 579 1901210
574 576 1901213
578 576 1901216
575 575 1901219
580 579 1901222
578 580 1901225
582 583 1901228
582 576 1901231
584 586 1901234
582 581 1901237
585 582 1901240
582 586 1901243
587 587 1901246
587 583 1901249
587 590 1901252
590 585 1901255
586 588 1901258
586 589 1901261
590 591 1901264
590 596 1901267
594 598 1901270
591 595 1901273
592 596 1901276
593 592 1901279
593 601 1901282
595 593 1901285
597 596 1901288
596 592 1901291
601 599 1901294
602 599 1901297
603 602 1901300
600 604 1901303
602 597 1901306
597 605 1901309
606 607 1901312
603 609 1901315
608 608 1901318
605 605 1901321
608 604 1901324
602 608 1901327
609 610 1901330
608 613 1901333
613 609 1901336
612 611 1901339
614 615 1901342
615 614 1901345
614 615 1901348
613 619 1901351
617 611 1901354
615 616 1901357
619 616 1901360
612 619 1901363
620 622 1901366
616 624 1901369
619 620 1901372
617 625 1901375
620 625 1901378
623 628 1901381
623 623 1901384
625 625 1901387
619 622 1901390
629 627 1901393
624 626 1901396
630 630 1901399
629 625 1901402
630 623 1901405
627 629 1901408
632 633 1901411
630 633 1901414
634 631 1901417
632 630 1901420
636 632 1901423
638 635 1901426
638 635 1901429
638 636 1901432
637 637 1901435
635 637 1901438
638 641 1901441
638 643 1901444
640 641 1901447
640 637 1901450
644 639 1901453
643 642 1901456
645 644 1901459
643 647 1901462
644 647 1901465
645 641 1901468
645 646 1901471
646 649 1901474
648 651 1901477
645 647 1901480
648 649 1901483
654 650 1901486
648 648 1901489
653 651 1901492
653 656 1901495
654 654 1901498
652 656 1901501
657 652 1901504
652 660 1901507
655 655 1901510
655 655 1901513
658 655 1901516
660 659 1901519
661 654 1901522
662 665 1901525
665 657 1901528
660 664 1901531
664 664 1901534
660 663 1901537
664 667 1901540
666 667 1901543
666 661 1901546
665 665 1901549
667 662 1901552
667 666 1901555
670 674 1901558
670 671 1901561
668 671 1901564
671 674 1901567
674 671 1901570
669 672 1901573
671 671 1901576
674 675 1901579
672 673 1901582
674 677 1901585
674 669 1901588
676 680 1901591
679 672 1901594
681 679 1901597
682 679 1901600
680 677 1901603
678 683 1901606
678 684 1901609
680 680 1901612
682 681 1901615
686 682 1901618
682 682 1901621
685 683 1901624
686 682 1901627
688 691 1901630
687 688 1901633
686 688 1901636
688 695 1901639
687 691 1901642
689 693 1901645
693 689 1901648
689 692 1901651
690 687 1901654
692 689 1901657
697 693 1901660
693 691 1901663
697 697 1901666
693 696 1901669
696 699 1901672
698 696 1901675
698 695 1901678
697 698 1901681
699 700 1901684
696 695 1901687
701 704 1901690
698 703 1901693
702 704 1901696
700 703 1901699
701 705 1901702
703 703 1901705
701 708 1901708
705 708 1901711
705 704 1901714
706 706 1901717
705 702 1901720
709 712 1901723
713 705 1901726
710 709 1901729
713 712 1901732
709 706 1901735
711 715 1901738
715 710 1901741
710 710 1901744
714 712 1901747
715 713 1901750
715 715 1901753
715 717 1901756
719 717 1901759
717 716 1901762
718 720 1901765
717 715 1901768
716 720 1901771
723 724 1901774
716 718 1901777
720 720 1901780
719 712 1901783
713 714 1901786
716 716 1901789
716 710 1901792
714 712 1901795
711 710 1901798
707 707 1901801
708 709 1901804
708 709 1901807
706 707 1901810
703 699 1901813
704 704 1901816
701 702 1901819
700 702 1901822
704 696 1901825
705 705 1901828
701 697 1901831
695 700 1901834
696 699 1901837
691 695 1901840
694 689 1901843
693 691 1901846
694 685 1901849
690 688 1901852
690 691 1901855
696 688 1901858
686 685 1901861
687 684 1901864
687 679 1901867
682 684 1901870
686 680 1901873
684 683 1901876
683 676 1901879
678 677 1901882
681 678 1901885
680 678 1901888
678 675 1901891
677 679 1901894
671 672 1901897
672 670 1901900
672 673 1901903
673 671 1901906
671 669 1901909
672 670 1901912
670 670 1901915
669 662 1901918
667 668 1901921
669 661 1901924
663 660 1901927
661 665 1901930
663 656 1901933
658 666 1901936
660 660 1901939
658 663 1901942
660 655 1901945
658 657 1901948
654 653 1901951
658 654 1901954
655 650 1901957
654 654 1901960
653 657 1901963
654 652 1901966
645 653 1901969
652 653 1901972
646 647 1901975
647 644 1901978
645 643 1901981
645 644 1901984
639 640 1901987
645 647 1901990
644 643 1901993
643 643 1901996
642 640 1902000
640 641 1902003
640 639 1902006
636 635 1902009
639 641 1902012
635 632 1902015
632 640 1902018
637 638 1902021
633 635 1902024
631 629 1902027
634 627 1902029
629 629 1902032
631 634 1902035
626 628 1902038
629 633 1902041
627 628 1902044
628 628 1902047
625 622 1902050
623 621 1902053
622 629 1902056
624 622 1902059
623 623 1902062
620 618 1902065
620 623 1902068
615 612 1902071
621 620 1902074
617 613 1902077
617 618 1902080
613 616 1902083
612 612 1902086
612 617 1902089
614 617 1902092
612 613 1902095
612 612 1902098
611 606 1902101
607 607 1902104
611 610 1902107
607 603 1902110
605 606 1902113
607 607 1902116
603 604 1902119
602 607 1902122
604 604 1902125
604 604 1902128
599 597 1902131
603 601 1902134
598 599 1902137
600 599 1902140
599 598 1902143
599 599 1902146
597 600 1902149
596 591 1902152
591 594 1902155
596 596 1902158
589 592 1902161
592 596 1902164
593 590 1902167
587 588 1902170
593 588 1902173
588 586 1902176
591 585 1902179
586 586 1902182
585 586 1902185
579 587 1902188
585 588 1902191
583 585 1902194
586 583 1902197
583 580 1902200
580 580 1902203
580 581 1902206
580 580 1902209
579 582 1902212
580 578 1902215
579 571 1902218
575 579 1902221
576 576 1902224
570 574 1902227
574 572 1902230
572 571 1902233
571 569 1902236
573 578 1902239
571 566 1902242
573 572 1902245
567 565 1902248
569 568 1902251
565 569 1902254
568 568 1902257
566 568 1902260
568 561 1902263
562 565 1902266
562 562 1902269
562 562 1902272
562 565 1902275
561 564 1902278
560 561 1902281
560 555 1902284
558 560 1902287
559 561 1902290
555 554 1902293
556 556 1902296
557 559 1902299
555 553 1902302
557 555 1902305
555 553 1902308
553 555 1902311
550 557 1902314
548 550 1902317
548 556 1902320
551 553 1902323
550 549 1902326
548 549 1902329
548 545 1902332
545 547 1902335
545 545 1902338
547 545 1902341
544 543 1902344
542 548 1902347
545 538 1902350
534 543 1902353
544 541 1902356
539 536 1902359
541 539 1902362
541 534 1902365
536 536 1902368
538 537 1902371
536 536 1902374
540 539 1902377
536 540 1902380
534 538 1902383
532 539 1902386
531 532 1902389
529 535 1902392
532 532 1902395
531 531 1902398
528 526 1902401
527 528 1902404
528 527 1902407
526 529 1902410
529 529 1902413
527 524 1902416
525 529 1902419
522 525 1902422
522 529 1902425
524 518 1902428
524 523 1902431
523 521 1902434
521 521 1902437
522 520 1902440
520 521 1902443
520 523 1902446
519 517 1902449
513 520 1902452
517 518 1902455
513 515 1902458
514 516 1902461
517 516 1902464
512 511 1902467
514 508 1902470
512 511 1902473
513 512 1902476
514 512 1902479
511 505 1902482
509 514 1902485
512 508 1902488
511 509 1902491
510 508 1902494
506 504 1902497
509 499 1902500
507 505 1902503
504 500 1902506
505 508 1902509
506 502 1902512
502 501 1902515
495 503 1902518
500 503 1902521
501 503 1902524
499 498 1902527
498 498 1902530
494 496 1902533
495 503 1902536
500 500 1902539
498 501 1902542
498 499 1902545
494 492 1902548
492 498 1902551
494 489 1902554
492 497 1902557
492 494 1902560
493 492 1902563
489 488 1902566
492 494 1902569
490 489 1902572
491 487 1902575
486 489 1902578
487 486 1902581
483 488 1902584
485 487 1902587
487 491 1902590
488 483 1902593
487 481 1902596
482 480 1902599
483 483 1902602
483 483 1902605
483 481 1902608
483 483 1902611
480 474 1902614
478 482 1902617
480 479 1902620
479 478 1902623
478 478 1902626
476 478 1902629
476 473 1902632
480 479 1902635
476 469 1902638
476 478 1902641
474 475 1902644
475 471 1902647
474 474 1902650
473 471 1902653
471 471 1902656
475 473 1902659
470 469 1902662
467 468 1902665
470 469 1902668
468 468 1902671
467 471 1902674
469 468 1902677
467 465 1902680
464 470 1902683
466 463 1902686
464 468 1902689
465 461 1902692
459 461 1902695
464 462 1902698
460 464 1902701
464 463 1902704
465 460 1902707
459 462 1902710
458 460 1902713
457 461 1902716
453 455 1902719
455 458 1902722
459 456 1902725
457 452 1902728
453 455 1902731
458 455 1902734
451 452 1902737
454 455 1902740
452 452 1902743
455 452 1902746
451 452 1902749
453 454 1902752
448 452 1902755
450 450 1902758
447 450 1902761
448 447 1902764
450 448 1902767
447 446 1902770
448 450 1902773
445 449 1902776
444 447 1902779
444 450 1902782
442 444 1902785
443 442 1902788
444 440 1902791
443 443 1902794
443 442 1902797
443 446 1902800
444 438 1902803
438 443 1902806
442 439 1902809
437 440 1902812
439 439 1902815
439 441 1902818
438 436 1902821
436 435 1902824
438 431 1902827
436 431 1902830
435 436 1902833
435 434 1902836
436 436 1902839
434 433 1902842
431 428 1902845
428 435 1902848
433 432 1902851
430 431 1902854
431 428 1902857
431 427 1902860
428 423 1902863
426 428 1902866
430 428 1902869
429 425 1902872
427 426 1902875
424 424 1902878
425 423 1902881
426 422 1902884
424 426 1902887
426 425 1902890
423 420 1902893
421 422 1902896
423 424 1902899
420 421 1902902
421 421 1902905
419 420 1902908
423 415 1902911
416 417 1902914
419 417 1902917
417 421 1902920
417 415 1902923
417 414 1902926
413 411 1902929
415 415 1902932
415 415 1902935
416 417 1902938
414 416 1902941
413 413 1902944
412 414 1902947
411 411 1902950
412 411 1902953
412 406 1902956
409 411 1902959
408 408 1902962
411 409 1902965
411 404 1902968
410 409 1902971
407 406 1902974
404 403 1902977
405 411 1902980
410 409 1902983
402 406 1902986
404 408 1902989
403 402 1902992
402 403 1902995
407 404 1902999
402 404 1903002
400 398 1903006
402 396 1903008
402 399 1903011
400 398 1903014
400 399 1903017
395 398 1903020
400 398 1903023
398 399 1903026
396 394 1903029
400 397 1903032
398 395 1903035
394 396 1903039
396 391 1903041
391 398 1903044
393 392 1903047
391 396 1903050
395 393 1903053
394 392 1903056
397 394 1903059
390 388 1903062
392 390 1903065
390 392 1903068
387 390 1903072
390 385 1903074
386 384 1903077
391 386 1903080
387 386 1903083
386 387 1903086
383 385 1903089
386 389 1903092
385 389 1903095
386 387 1903098
385 384 1903101
384 382 1903105
384 381 1903107
387 381 1903110
381 380 1903113
378 381 1903116
380 381 1903119
378 377 1903122
380 380 1903125
377 384 1903128
381 381 1903131
378 380 1903134
378 378 1903138
380 377 1903140
378 378 1903143
378 374 1903146
376 379 1903149
374 376 1903152
374 374 1903155
377 374 1903158
375 377 1903161
374 374 1903164
371 372 1903167
370 370 1903171
374 368 1903173
376 373 1903176
371 371 1903179
370 370 1903182
368 368 1903185
365 368 1903188
369 370 1903191
367 366 1903194
368 370 1903197
368 370 1903200
366 367 1903204
368 365 1903206
368 368 1903209
364 365 1903212
361 363 1903215
364 364 1903218
362 357 1903221
368 362 1903224
365 367 1903227
363 363 1903230
362 360 1903233
358 359 1903237
362 355 1903239
361 365 1903242
361 358 1903245
357 361 1903248
356 358 1903251
357 356 1903254
359 357 1903257
362 360 1903260
360 363 1903263
359 356 1903266
355 357 1903270
355 348 1903272
354 357 1903275
354 353 1903278
354 353 1903281
352 349 1903284
353 350 1903287
356 355 1903290
352 351 1903293
349 350 1903296
352 347 1903299
349 348 1903303
352 343 1903305
351 349 1903308
350 348 1903311
351 351 1903314
348 349 1903317
348 348 1903320
347 350 1903323
347 343 1903326
343 344 1903329
346 348 1903332
344 345 1903336
347 341 1903338
345 345 1903341
344 344 1903344
342 343 1903347
345 342 1903350
343 342 1903353
343 342 1903356
339 342 1903359
344 345 1903362
340 342 1903365
337 344 1903369
341 339 1903371
339 341 1903374
337 340 1903377
335 339 1903380
334 336 1903383
333 336 1903386
334 339 1903389
337 339 1903392
334 335 1903395
339 337 1903398
333 339 1903402
340 332 1903404
335 339 1903407
331 332 1903410
331 333 1903413
331 333 1903416
327 332 1903419
330 336 1903422
331 335 1903425
330 333 1903428
331 333 1903431
330 327 1903435
330 327 1903437
327 331 1903440
326 328 1903443
330 329 1903446
323 327 1903449
324 326 1903452
331 333 1903455
325 330 1903458
326 331 1903461
325 327 1903464
322 326 1903468
326 320 1903470
324 325 1903473
326 320 1903476
322 325 1903479
321 326 1903482
321 320 1903485
323 324 1903488
319 318 1903491
322 323 1903494
324 325 1903497
320 320 1903501
322 320 1903503
320 324 1903506
316 317 1903509
320 320 1903512
314 317 1903515
312 315 1903518
317 317 1903521
315 319 1903524
317 319 1903527
318 314 1903530
313 318 1903534
313 308 1903536
314 312 1903539
317 311 1903542
314 316 1903545
315 318 1903548
311 313 1903551
311 314 1903554
312 310 1903557
312 315 1903560
313 312 1903563
303 310 1903567
311 305 1903569
307 308 1903572
309 312 1903575
310 311 1903578
310 315 1903581
304 309 1903584
307 311 1903587
304 309 1903590
303 308 1903593
307 307 1903596
306 305 1903600
308 304 1903602
304 305 1903605
308 302 1903608
303 307 1903611
304 306 1903614
303 302 1903617
306 305 1903620
302 300 1903623
301 302 1903626
304 300 1903629
299 303 1903633
301 297 1903635
301 303 1903638
297 299 1903641
296 297 1903644
300 299 1903647
301 296 1903650
301 301 1903653
298 304 1903656
296 301 1903659
294 298 1903662
292 295 1903666
295 292 1903668
294 293 1903671
298 295 1903674
296 294 1903677
297 294 1903680
292 294 1903683
296 296 1903686
290 294 1903689
291 291 1903692
292 291 1903695
293 293 1903699
293 285 1903701
292 293 1903704
293 292 1903707
288 291 1903710
287 293 1903713
287 289 1903716
288 292 1903719
289 291 1903722
292 293 1903725
290 290 1903728
284 287 1903732
291 286 1903734
289 289 1903737
289 286 1903740
285 288 1903743
284 287 1903746
282 285 1903749
284 286 1903752
282 283 1903755
283 288 1903758
284 289 1903761
283 285 1903765
282 277 1903767
283 281 1903770
286 282 1903773
279 284 1903776
279 282 1903779
278 277 1903782
283 284 1903785
278 280 1903788
281 281 1903791
278 276 1903794
275 274 1903798
285 276 1903800
282 279 1903803
281 277 1903806
278 277 1903809
274 274 1903812
273 277 1903815
280 275 1903818
273 278 1903821
275 277 1903824
272 274 1903827
273 274 1903831
279 273 1903833
276 275 1903836
277 277 1903839
272 275 1903842
271 275 1903845
270 273 1903848
271 274 1903851
271 272 1903854
274 276 1903857
270 274 1903860
269 268 1903864
271 267 1903866
273 271 1903869
273 269 1903872
266 270 1903875
270 268 1903878
268 267 1903881
267 267 1903884
267 266 1903887
269 264 1903890
262 264 1903893
268 270 1903897
271 262 1903899
267 266 1903902
269 264 1903905
264 263 1903908
260 261 1903911
264 257 1903914
267 265 1903917
263 264 1903920
261 267 1903923
266 263 1903926
261 262 1903930
261 260 1903932
263 267 1903935
261 260 1903938
259 265 1903941
259 264 1903944
255 259 1903947
260 262 1903950
262 258 1903953
259 263 1903956
259 262 1903959
258 259 1903963
260 252 1903965
260 259 1903968
257 253 1903971
255 260 1903974
255 255 1903977
257 253 1903980
257 261 1903983
255 260 1903986
256 257 1903989
257 259 1903992
253 258 1903996
255 258 1904000
256 250 1904003
254 254 1904006
255 252 1904009
254 255 1904012
252 248 1904015
251 249 1904018
251 255 1904021
253 254 1904024
254 252 1904027
248 257 1904030
246 246 1904033
246 254 1904036
247 254 1904039
248 251 1904042
248 246 1904045
249 249 1904048
252 245 1904051
251 248 1904054
247 245 1904057
245 249 1904060
246 249 1904063
244 246 1904066
244 249 1904069
246 250 1904072
247 241 1904075
247 247 1904078
248 244 1904081
245 239 1904084
244 243 1904087
245 246 1904090
240 245 1904093
243 241 1904096
242 244 1904099
245 242 1904102
243 243 1904105
241 244 1904108
245 242 1904111
242 240 1904114
239 238 1904117
241 243 1904120
239 241 1904123
243 241 1904126
238 241 1904129
241 238 1904132
236 241 1904135
241 239 1904138
234 240 1904141
237 241 1904144
236 233 1904147
235 234 1904150
241 236 1904153
236 236 1904156
241 237 1904159
234 237 1904162
236 236 1904165
234 234 1904168
237 235 1904171
233 234 1904174
235 234 1904177
236 233 1904180
230 230 1904183
233 239 1904186
237 234 1904189
233 233 1904192
232 231 1904195
234 227 1904198
227 232 1904201
226 234 1904204
230 233 1904207
231 230 1904210
232 230 1904213
229 226 1904216
234 231 1904219
231 227 1904222
224 229 1904225
231 232 1904228
229 226 1904231
226 231 1904234
229 226 1904237
225 229 1904240
230 229 1904243
228 223 1904246
225 228 1904249
226 230 1904252
228 220 1904255
223 226 1904258
231 227 1904261
222 225 1904264
224 227 1904267
226 229 1904270
224 221 1904273
223 222 1904276
226 220 1904279
221 220 1904282
227 221 1904285
222 222 1904288
224 221 1904291
223 221 1904294
223 217 1904297
217 223 1904300
221 220 1904303
218 225 1904306
222 219 1904309
221 218 1904312
221 218 1904315
219 219 1904318
219 217 1904321
220 222 1904324
217 216 1904327
220 215 1904330
217 220 1904333
216 217 1904336
216 220 1904339
219 214 1904342
216 214 1904345
220 212 1904348
215 212 1904351
214 218 1904354
219 215 1904357
214 216 1904360
218 215 1904363
215 214 1904366
213 218 1904369
214 217 1904372
211 213 1904375
211 207 1904378
212 212 1904381
215 215 1904384
211 215 1904387
214 214 1904390
209 215 1904393
210 211 1904396
208 216 1904399
210 211 1904402
210 212 1904405
211 213 1904408
210 205 1904411
207 210 1904414
212 209 1904417
207 208 1904420
210 209 1904423
207 207 1904426
210 205 1904429
205 210 1904432
208 211 1904435
204 208 1904438
210 207 1904441
204 207 1904444
203 206 1904447
207 204 1904450
208 204 1904453
207 207 1904456
206 206 1904459
206 203 1904462
203 208 1904465
207 204 1904468
203 203 1904471
205 203 1904474
204 200 1904477
201 201 1904480
205 202 1904483
203 204 1904486
204 205 1904489
199 197 1904492
202 199 1904495
200 202 1904498
200 196 1904501
202 203 1904504
203 200 1904507
199 200 1904510
201 202 1904513
199 201 1904516
197 200 1904519
202 197 1904522
198 199 1904525
197 197 1904528
194 201 1904531
195 203 1904534
197 198 1904537
197 197 1904540
199 198 1904543
195 197 1904546
200 198 1904549
195 193 1904552
199 194 1904555
197 195 1904558
193 194 1904561
193 196 1904564
195 197 1904567
194 196 1904570
196 193 1904573
195 197 1904576
195 191 1904579
196 193 1904582
195 193 1904585
193 194 1904588
194 194 1904591
190 193 1904594
189 197 1904597
190 197 1904600
189 193 1904603
191 192 1904606
189 190 1904609
187 194 1904612
189 192 1904615
189 193 1904618
192 191 1904621
191 191 1904624
191 185 1904627
186 191 1904630
193 188 1904633
187 187 1904636
190 186 1904639
190 185 1904642
189 186 1904645
191 188 1904648
189 189 1904651
190 184 1904654
185 187 1904657
187 182 1904660
182 184 1904663
189 189 1904666
183 183 1904669
187 189 1904672
187 186 1904675
181 184 1904678
187 186 1904681
182 184 1904684
186 187 1904687
184 183 1904690
179 185 1904693
183 187 1904696
183 184 1904699
184 186 1904702
181 181 1904705
181 183 1904708
182 182 1904711
183 186 1904714
182 180 1904717
182 185 1904720
180 183 1904723
182 181 1904726
180 183 1904729
179 183 1904732
182 183 1904735
179 180 1904738
176 180 1904741
181 178 1904744
178 181 1904747
178 177 1904750
178 179 1904753
179 179 1904756
178 178 1904759
179 177 1904762
179 180 1904765
180 177 1904768
177 173 1904771
179 178 1904774
176 171 1904777
174 179 1904780
177 178 1904783
175 178 1904786
177 176 1904789
174 175 1904792
173 178 1904795
178 175 1904798
174 181 1904801
177 173 1904804
175 174 1904807
172 171 1904810
171 173 1904813
174 172 1904816
172 176 1904819
176 173 1904822
174 172 1904825
170 175 1904828
173 178 1904831
172 174 1904834
171 173 1904837
174 171 1904840
164 167 1904843
173 169 1904846
172 170 1904849
172 171 1904852
173 174 1904855
169 168 1904858
165 177 1904861
174 166 1904864
170 171 1904867
169 171 1904870
168 170 1904873
171 168 1904876
168 171 1904879
168 166 1904882
166 173 1904885
167 166 1904888
167 164 1904891
169 167 1904894
166 171 1904897
167 166 1904900
169 169 1904903
167 160 1904906
167 167 1904909
167 165 1904912
166 170 1904915
169 165 1904918
166 165 1904921
165 162 1904924
161 169 1904927
163 165 1904930
163 164 1904933
164 163 1904936
162 163 1904939
163 162 1904942
163 162 1904945
162 168 1904948
161 161 1904951
161 166 1904954
159 160 1904957
160 164 1904960
164 160 1904963
160 164 1904966
160 158 1904969
160 159 1904972
157 158 1904975
161 163 1904978
162 160 1904981
158 161 1904984
161 162 1904987
157 158 1904990
158 163 1904993
160 163 1904996
159 157 1905000
156 163 1905003
160 154 1905006
160 160 1905009
160 160 1905012
154 158 1905015
158 156 1905018
159 158 1905021
158 154 1905024
157 161 1905027
156 151 1905029
158 156 1905032
156 152 1905035
157 152 1905038
161 157 1905041
154 158 1905044
157 154 1905047
155 152 1905050
157 155 1905053
155 149 1905056
152 156 1905059
153 155 1905062
152 153 1905065
151 152 1905068
153 157 1905071
151 157 1905074
151 151 1905077
151 151 1905080
154 151 1905083
155 152 1905086
156 155 1905089
151 156 1905092
154 154 1905095
153 152 1905098
149 152 1905101
153 152 1905104
152 147 1905107
151 154 1905110
152 147 1905113
147 149 1905116
149 150 1905119
151 148 1905122
151 148 1905125
150 149 1905128
152 149 1905131
144 151 1905134
153 150 1905137
150 150 1905140
146 146 1905143
149 148 1905146
151 146 1905149
146 150 1905152
150 146 1905155
145 151 1905158
147 149 1905161
146 143 1905164
145 152 1905167
147 146 1905170
144 149 1905173
147 148 1905176
150 144 1905179
146 144 1905182
146 149 1905185
146 145 1905188
148 146 1905191
146 145 1905194
146 139 1905197
142 149 1905200
147 146 1905203
140 146 1905206
144 143 1905209
139 141 1905212
143 141 1905215
144 144 1905218
143 144 1905221
145 145 1905224
140 143 1905227
143 146 1905230
134 147 1905233
141 143 1905236
143 140 1905239
139 140 1905242
142 139 1905245
144 136 1905248
138 143 1905251
140 136 1905254
140 146 1905257
139 139 1905260
136 139 1905263
140 144 1905266
138 140 1905269
137 141 1905272
141 140 1905275
139 139 1905278
138 134 1905281
139 143 1905284
141 139 1905287
143 138 1905290
133 142 1905293
139 138 1905296
135 139 1905299
136 139 1905302
139 135 1905305
138 134 1905308
136 135 1905311
136 133 1905314
140 139 1905317
136 133 1905320
140 133 1905323
136 134 1905326
134 132 1905329
135 138 1905332
136 137 1905335
131 136 1905338
132 133 1905341
134 135 1905344
132 130 1905347
130 135 1905350
133 139 1905353
136 136 1905356
133 137 1905359
133 135 1905362
128 141 1905365
134 135 1905368
132 134 1905371
133 132 1905374
131 130 1905377
133 129 1905380
132 134 1905383
135 133 1905386
133 131 1905389
129 131 1905392
132 132 1905395
127 132 1905398
128 131 1905401
131 131 1905404
130 128 1905407
131 132 1905410
128 125 1905413
133 133 1905416
127 131 1905419
129 131 1905422
128 131 1905425
128 128 1905428
124 132 1905431
132 131 1905434
126 131 1905437
129 124 1905440
127 126 1905443
124 125 1905446
131 127 1905449
128 128 1905452
128 127 1905455
127 128 1905458
128 127 1905461
127 131 1905464
127 128 1905467
128 130 1905470
125 120 1905473
126 126 1905476
126 124 1905479
132 129 1905482
126 125 1905485
126 126 1905488
125 126 1905491
125 124 1905494
121 130 1905497
124 122 1905500
122 127 1905503
123 122 1905506
125 125 1905509
122 123 1905512
124 127 1905515
125 125 1905518
128 124 1905521
126 124 1905524
124 119 1905527
117 121 1905530
121 123 1905533
123 126 1905536
125 118 1905539
125 120 1905542
119 120 1905545
125 123 1905548
122 121 1905551
122 124 1905554
121 121 1905557
120 120 1905560
117 127 1905563
122 123 1905566
118 123 1905569
120 121 1905572
121 122 1905575
119 122 1905578
119 123 1905581
119 120 1905584
119 118 1905587
115 120 1905590
120 120 1905593
116 126 1905596
116 119 1905599
118 121 1905602
118 117 1905605
115 113 1905608
118 114 1905611
119 122 1905614
120 114 1905617
119 118 1905620
120 117 1905623
117 114 1905626
120 122 1905629
118 119 1905632
114 114 1905635
116 113 1905638
117 116 1905641
117 113 1905644
118 116 1905647
115 115 1905650
119 118 1905653
117 113 1905656
115 113 1905659
113 118 1905662
115 114 1905665
115 119 1905668
114 115 1905671
115 112 1905674
114 116 1905677
114 115 1905680
114 113 1905683
114 117 1905686
114 120 1905689
118 110 1905692
109 111 1905695
105 113 1905698
112 115 1905701
112 115 1905704
112 110 1905707
112 107 1905710
111 113 1905713
113 111 1905716
115 113 1905719
113 109 1905722
108 108 1905725
110 112 1905728
109 111 1905731
112 112 1905734
111 110 1905737
114 108 1905740
107 109 1905743
112 111 1905746
109 111 1905749
111 112 1905752
108 112 1905755
109 108 1905758
105 107 1905761
106 111 1905764
110 113 1905767
109 111 1905770
114 106 1905773
107 102 1905776
109 106 1905779
109 106 1905782
112 111 1905785
108 111 1905788
107 105 1905791
104 109 1905794
109 109 1905797
106 113 1905800
106 106 1905803
107 111 1905806
105 104 1905809
109 104 1905812
107 107 1905815
109 106 1905818
107 109 1905821
106 106 1905824
103 107 1905827
103 108 1905830
103 110 1905833
109 108 1905836
105 105 1905839
102 99 1905842
105 102 1905845
101 103 1905848
108 105 1905851
108 103 1905854
103 102 1905857
102 105 1905860
106 108 1905863
104 105 1905866
102 105 1905869
103 103 1905872
103 99 1905875
100 103 1905878
104 100 1905881
106 102 1905884
106 105 1905887
104 97 1905890
101 105 1905893
103 104 1905896
102 106 1905899
104 102 1905902
102 98 1905905
99 102 1905908
103 103 1905911
103 100 1905914
101 100 1905917
100 102 1905920
100 100 1905923
99 103 1905926
101 101 1905929
96 104 1905932
101 100 1905935
99 103 1905938
95 98 1905941
97 99 1905944
98 103 1905947
103 103 1905950
99 96 1905953
98 97 1905956
97 99 1905959
103 104 1905962
101 102 1905965
100 99 1905968
98 95 1905971
94 96 1905974
96 98 1905977
100 101 1905980
96 98 1905983
97 99 1905986
97 96 1905989
94 101 1905992
100 95 1905995
100 95 1905999
98 96 1906002
101 93 1906005
97 100 1906008
99 100 1906011
94 94 1906014
95 101 1906017
99 93 1906020
95 96 1906023
93 91 1906026
96 95 1906029
97 96 1906032
97 98 1906034
97 96 1906037
97 93 1906040
95 97 1906043
96 99 1906046
96 93 1906049
96 95 1906052
92 93 1906055
92 91 1906058
94 97 1906061
91 94 1906064
93 92 1906067
92 97 1906070
93 97 1906073
97 89 1906076
91 91 1906079
93 88 1906082
91 94 1906085
93 97 1906088
97 92 1906091
92 95 1906094
92 87 1906097
91 90 1906100
88 95 1906103
95 94 1906106
92 93 1906109
92 93 1906112
93 91 1906115
90 91 1906118
87 91 1906121
92 93 1906124
92 91 1906127
92 92 1906130
90 90 1906133
88 86 1906136
89 92 1906139
93 92 1906142
94 92 1906145
88 90 1906148
87 87 1906151
85 92 1906154
88 93 1906157
90 95 1906160
92 90 1906163
86 86 1906166
90 83 1906169
89 88 1906172
90 89 1906175
91 89 1906178
89 88 1906181
89 86 1906184
85 92 1906187
89 91 1906190
90 92 1906193
86 86 1906196
84 84 1906199
84 84 1906202
88 88 1906205
89 87 1906208
85 88 1906211
86 86 1906214
85 87 1906217
85 91 1906220
87 91 1906223
83 90 1906226
85 82 1906229
86 89 1906232
84 84 1906235
87 90 1906238
87 87 1906241
86 88 1906244
89 84 1906247
82 85 1906250
79 84 1906253
82 87 1906256
83 87 1906259
82 83 1906262
82 84 1906265
82 86 1906268
86 92 1906271
84 86 1906274
84 87 1906277
83 84 1906280
82 82 1906283
78 88 1906286
86 85 1906289
82 84 1906292
78 80 1906295
85 80 1906298
80 82 1906301
85 83 1906304
84 83 1906307
80 86 1906310
83 82 1906313
84 84 1906316
79 82 1906319
83 81 1906322
83 81 1906325
83 82 1906328
84 79 1906331
79 79 1906334
84 81 1906337
80 82 1906340
80 79 1906343
82 83 1906346
81 79 1906349
77 82 1906352
81 83 1906355
79 80 1906358
84 80 1906361
82 82 1906364
78 76 1906367
82 86 1906370
81 83 1906373
82 81 1906376
77 77 1906379
76 79 1906382
79 82 1906385
81 82 1906388
80 77 1906391
82 80 1906394
78 77 1906397
76 75 1906400
78 82 1906403
80 76 1906406
79 80 1906409
81 86 1906412
81 78 1906415
77 82 1906418
77 75 1906421
76 77 1906424
76 77 1906427
75 76 1906430
74 75 1906433
76 79 1906436
79 76 1906439
76 78 1906442
73 81 1906445
78 80 1906448
75 83 1906451
78 75 1906454
77 79 1906457
76 76 1906460
75 71 1906463
75 75 1906466
77 79 1906469
75 75 1906472
75 75 1906475
73 77 1906478
75 77 1906481
71 78 1906484
75 80 1906487
76 77 1906490
76 74 1906493
78 73 1906496
74 69 1906499
73 72 1906502
74 74 1906505
78 78 1906508
75 74 1906511
72 70 1906514
74 74 1906517
73 76 1906520
72 74 1906523
72 70 1906526
70 76 1906529
73 72 1906532
77 72 1906535
73 72 1906538
74 73 1906541
75 71 1906544
74 69 1906547
72 73 1906550
74 75 1906553
74 76 1906556
76 71 1906559
73 73 1906562
71 69 1906565
73 74 1906568
69 72 1906571
69 74 1906574
74 71 1906577
68 70 1906580
70 74 1906583
74 73 1906586
72 72 1906589
70 72 1906592
72 73 1906595
70 69 1906598
71 71 1906601
70 68 1906604
73 67 1906607
71 73 1906610
68 69 1906613
68 72 1906616
67 69 1906619
66 72 1906622
73 68 1906625
68 67 1906628
68 66 1906631
70 72 1906634
72 68 1906637
69 69 1906640
71 71 1906643
68 65 1906646
68 71 1906649
67 75 1906652
68 67 1906655
68 71 1906658
69 71 1906661
70 68 1906664
71 75 1906667
72 67 1906670
70 65 1906673
69 72 1906676
68 67 1906679
67 72 1906682
68 70 1906685
72 69 1906688
66 67 1906691
65 67 1906694
68 66 1906697
69 70 1906700
67 60 1906703
67 66 1906706
66 66 1906709
67 61 1906712
64 69 1906715
66 69 1906718
64 66 1906721
67 67 1906724
68 67 1906727
67 60 1906730
66 67 1906733
69 67 1906736
68 67 1906739
66 67 1906742
63 67 1906745
65 67 1906748
66 65 1906751
64 65 1906754
64 65 1906757
67 65 1906760
62 64 1906763
65 67 1906766
66 69 1906769
65 64 1906772
64 64 1906775
65 63 1906778
62 67 1906781
62 64 1906784
62 69 1906787
64 63 1906790
58 58 1906793
61 60 1906796
61 68 1906799
65 60 1906802
63 64 1906805
62 67 1906808
64 63 1906811
60 68 1906814
62 67 1906817
63 64 1906820
61 64 1906823
64 63 1906826
63 61 1906829
63 64 1906832
65 64 1906835
61 62 1906838
62 62 1906841
61 61 1906844
60 69 1906847
64 64 1906850
62 63 1906853
60 64 1906856
61 62 1906859
57 59 1906862
61 66 1906865
62 57 1906868
60 64 1906871
64 63 1906874
63 59 1906877
57 65 1906880
59 65 1906883
59 62 1906886
60 58 1906889
64 60 1906892
60 58 1906895
61 63 1906898
63 63 1906901
62 61 1906904
60 61 1906907
60 62 1906910
59 62 1906913
57 62 1906916
58 62 1906919
59 60 1906922
56 59 1906925
55 59 1906928
58 62 1906931
58 56 1906934
57 63 1906937
61 60 1906940
56 57 1906943
56 63 1906946
63 58 1906949
59 57 1906952
60 61 1906955
59 55 1906958
53 56 1906961
60 57 1906964
58 54 1906967
58 59 1906970
58 55 1906973
59 54 1906976
53 60 1906979
58 56 1906982
56 60 1906985
58 56 1906988
57 51 1906991
53 59 1906994
58 58 1906997
58 58 1907001
55 59 1907004
56 54 1907007
55 59 1907010
56 57 1907013
57 53 1907016
57 58 1907019
55 53 1907022
56 58 1907025
55 63 1907028
55 55 1907032
59 53 1907034
57 54 1907037
56 55 1907040
58 53 1907043
53 61 1907046
56 53 1907049
56 58 1907052
52 56 1907055
57 60 1907058
56 53 1907061
55 58 1907065
53 48 1907067
59 53 1907070
54 53 1907073
53 54 1907076
53 58 1907079
52 54 1907082
52 53 1907085
54 58 1907088
52 54 1907091
54 56 1907094
48 51 1907098
54 50 1907100
52 51 1907103
51 54 1907106
53 52 1907109
53 51 1907112
52 53 1907115
54 53 1907118
57 59 1907121
54 53 1907124
54 53 1907127
52 50 1907131
52 51 1907133
56 52 1907136
53 49 1907139
49 54 1907142
51 51 1907145
48 50 1907148
55 50 1907151
49 54 1907154
54 52 1907157
56 53 1907160
49 49 1907164
53 53 1907166
56 68 1907169
49 50 1907172
53 50 1907175
48 56 1907178
50 51 1907181
51 54 1907184
52 51 1907187
52 55 1907190
50 52 1907193
50 50 1907197
53 46 1907199
49 48 1907202
48 49 1907205
50 48 1907208
51 50 1907211
49 49 1907214
54 49 1907217
49 52 1907220
51 49 1907223
52 52 1907226
48 54 1907230
51 45 1907232
47 50 1907235
52 49 1907238
52 48 1907241
47 47 1907244
51 45 1907247
48 47 1907250
49 51 1907253
48 54 1907256
50 48 1907259
47 51 1907263
51 43 1907265
47 52 1907268
49 46 1907271
48 46 1907274
45 52 1907277
44 47 1907280
54 50 1907283
46 47 1907286
52 50 1907289
48 49 1907292
47 50 1907296
44 42 1907298
48 49 1907301
48 42 1907304
47 44 1907307
45 46 1907310
51 46 1907313
50 46 1907316
49 48 1907319
51 50 1907322
47 45 1907325
46 48 1907329
48 47 1907331
50 46 1907334
47 47 1907337
44 45 1907340
49 44 1907343
46 46 1907346
49 45 1907349
48 43 1907352
48 48 1907355
48 44 1907358
45 44 1907362
46 43 1907364
48 49 1907367
46 43 1907370
44 49 1907373
44 45 1907376
45 45 1907379
46 47 1907382
51 44 1907385
46 45 1907388
48 48 1907391
42 41 1907395
44 40 1907397
47 47 1907400
47 50 1907403
41 42 1907406
49 46 1907409
42 42 1907412
51 48 1907415
44 44 1907418
45 44 1907421
44 41 1907424
45 46 1907428
48 39 1907430
47 46 1907433
41 41 1907436
45 45 1907439
40 43 1907442
42 44 1907445
44 43 1907448
41 46 1907451
42 39 1907454
45 44 1907457
43 46 1907461
46 38 1907463
43 44 1907466
42 45 1907469
44 41 1907472
40 47 1907475
43 40 1907478
39 44 1907481
39 42 1907484
42 47 1907487
45 43 1907490
39 44 1907494
45 39 1907496
43 45 1907499
43 38 1907502
41 44 1907505
43 38 1907508
42 39 1907511
43 38 1907514
42 46 1907517
45 46 1907520
42 42 1907523
42 40 1907527
40 41 1907529
43 41 1907532
39 43 1907535
44 40 1907538
41 40 1907541
40 40 1907544
38 40 1907547
42 44 1907550
40 41 1907553
45 44 1907556
40 38 1907560
43 40 1907562
42 39 1907565
42 41 1907568
37 39 1907571
42 42 1907574
34 39 1907577
39 47 1907580
41 36 1907583
40 47 1907586
39 38 1907589
40 39 1907593
42 35 1907595
37 38 1907598
45 36 1907601
37 42 1907604
39 40 1907607
35 33 1907610
39 44 1907613
38 41 1907616
42 41 1907619
37 38 1907622
41 38 1907626
39 36 1907628
42 43 1907631
38 36 1907634
39 45 1907637
39 39 1907640
34 34 1907643
41 40 1907646
37 39 1907649
37 40 1907652
39 39 1907655
42 38 1907659
38 34 1907661
39 39 1907664
40 35 1907667
36 37 1907670
39 37 1907673
39 39 1907676
40 37 1907679
39 39 1907682
39 38 1907685
41 40 1907688
34 37 1907692
37 36 1907694
38 37 1907697
36 38 1907700
36 37 1907703
39 37 1907706
34 38 1907709
36 39 1907712
35 36 1907715
38 44 1907718
35 35 1907721
33 38 1907725
38 34 1907727
36 39 1907730
39 35 1907733
36 42 1907736
35 36 1907739
31 35 1907742
38 36 1907745
36 40 1907748
37 37 1907751
36 36 1907754
37 32 1907758
35 30 1907760
41 35 1907763
35 29 1907766
39 35 1907769
33 34 1907772
36 35 1907775
35 33 1907778
34 39 1907781
37 37 1907784
37 37 1907787
36 35 1907791
37 32 1907793
38 37 1907796
36 32 1907799
34 39 1907802
33 34 1907805
30 32 1907808
36 32 1907811
34 40 1907814
31 32 1907817
34 37 1907820
27 34 1907824
37 30 1907826
36 36 1907829
34 37 1907832
35 36 1907835
32 31 1907838
35 31 1907841
31 32 1907844
