0 0 7296716
0 0 7296721
0 0 7296725
0 0 7296729
0 0 7296734
0 0 7296738
0 0 7296743
0 0 7296747
0 0 7296751
0 0 7296756
0 0 7296760
0 0 7296765
0 0 7296769
0 0 7296773
0 0 7296778
0 0 7296782
0 0 7296786
0 0 7296791
0 0 7296795
0 0 7296800
0 0 7296804
0 0 7296808
0 0 7296813
0 0 7296817
0 0 7296821
0 0 7296826
0 0 7296830
0 0 7296835
0 0 7296839
0 0 7296843
0 0 7296848
0 0 7296852
0 0 7296857
0 0 7296861
0 0 7296865
0 0 7296870
0 0 7296874
0 0 7296878
0 0 7296883
0 0 7296887
0 0 7296892
0 0 7296896
0 0 7296900
0 0 7296905
0 0 7296909
0 0 7296913
0 0 7296918
0 0 7296922
0 0 7296927
0 0 7296931
0 0 7296935
0 0 7296940
0 0 7296944
0 0 7296949
0 0 7296953
0 0 7296957
0 0 7296962
0 0 7296966
0 0 7296970
0 0 7296975
0 0 7296979
0 0 7296984
0 0 7296988
0 0 7296992
0 0 7296997
0 0 7297002
0 0 7297007
0 0 7297011
0 0 7297015
0 0 7297020
0 0 7297024
0 0 7297029
0 0 7297033
0 0 7297037
0 0 7297042
0 0 7297046
0 0 7297051
0 0 7297055
0 0 7297059
0 0 7297064
0 0 7297068
0 0 7297072
0 0 7297077
0 0 7297081
0 0 7297086
0 0 7297090
0 0 7297094
0 0 7297099
0 0 7297103
0 0 7297107
0 0 7297112
0 0 7297116
0 0 7297121
0 0 7297125
0 0 7297129
0 0 7297134
0 0 7297138
0 0 7297143
0 0 7297147
0 0 7297151
0 0 7297156
0 0 7297160
0 0 7297164
0 0 7297169
0 0 7297173
0 0 7297178
0 0 7297182
0 0 7297186
0 0 7297191
0 0 7297195
0 0 7297199
0 0 7297204
0 0 7297208
0 0 7297213
0 0 7297217
0 0 7297221
0 0 7297226
0 0 7297230
0 0 7297235
0 0 7297239
0 0 7297243
0 0 7297248
0 0 7297252
0 0 7297256
0 0 7297261
0 0 7297265
0 0 7297269
0 0 7297274
0 0 7297278
0 0 7297282
0 0 7297287
0 0 7297291
0 0 7297295
0 0 7297300
0 0 7297304
0 0 7297308
0 0 7297313
0 0 7297317
0 0 7297321
0 0 7297326
0 0 7297330
0 0 7297334
0 0 7297339
0 0 7297343
0 0 7297347
0 0 7297352
0 0 7297356
0 0 7297360
0 0 7297365
0 0 7297369
0 0 7297373
0 0 7297378
0 0 7297382
0 0 7297386
0 0 7297391
0 0 7297395
0 0 7297399
0 0 7297404
0 0 7297408
0 0 7297412
0 0 7297417
0 0 7297421
0 0 7297425
0 0 7297430
0 0 7297434
0 0 7297438
0 0 7297443
0 0 7297447
0 0 7297451
0 0 7297456
0 0 7297460
0 0 7297464
0 0 7297469
0 0 7297473
0 0 7297477
0 0 7297482
0 0 7297486
0 0 7297490
0 0 7297495
0 0 7297499
0 0 7297503
0 0 7297508
0 0 7297512
0 0 7297516
0 0 7297521
0 0 7297525
0 0 7297529
0 0 7297534
0 0 7297538
0 0 7297542
0 0 7297547
0 0 7297551
0 0 7297555
0 0 7297560
0 0 7297564
0 0 7297568
0 0 7297573
0 0 7297577
0 0 7297581
0 0 7297586
0 0 7297590
0 0 7297594
0 0 7297599
0 0 7297603
0 0 7297607
0 0 7297612
0 0 7297616
0 0 7297620
0 0 7297625
0 0 7297629
0 0 7297633
0 0 7297638
0 0 7297642
0 0 7297646
0 0 7297651
0 0 7297655
0 0 7297659
0 0 7297664
0 0 7297668
0 0 7297672
0 0 7297677
0 0 7297681
0 0 7297685
0 0 7297690
0 0 7297694
0 0 7297698
0 0 7297703
0 0 7297707
0 0 7297711
0 0 7297716
0 0 7297720
0 0 7297724
0 0 7297729
0 0 7297733
0 0 7297737
0 0 7297742
0 0 7297746
0 0 7297750
0 0 7297755
0 0 7297759
0 0 7297763
0 0 7297768
0 0 7297772
0 0 7297776
0 0 7297781
0 0 7297785
0 0 7297789
0 0 7297794
0 0 7297798
0 0 7297802
0 0 7297807
0 0 7297811
0 0 7297815
0 0 7297820
0 0 7297824
0 0 7297828
0 0 7297833
0 0 7297837
0 0 7297841
0 0 7297846
0 0 7297850
0 0 7297854
0 0 7297859
0 0 7297863
0 0 7297867
0 0 7297872
0 0 7297876
0 0 7297880
0 0 7297885
0 0 7297889
0 0 7297893
0 0 7297898
0 0 7297902
0 0 7297906
0 0 7297911
0 0 7297915
0 0 7297919
0 0 7297924
0 0 7297928
0 0 7297932
0 0 7297937
0 0 7297941
0 0 7297945
0 0 7297950
0 0 7297954
0 0 7297958
0 0 7297963
0 0 7297967
0 0 7297971
0 0 7297976
0 0 7297980
0 0 7297984
0 0 7297989
0 0 7297993
0 0 7297998
0 0 7298003
0 0 7298008
0 0 7298012
0 0 7298016
0 0 7298021
0 0 7298025
0 0 7298029
0 0 7298034
0 0 7298038
0 0 7298042
0 0 7298047
0 0 7298051
0 0 7298055
0 0 7298060
0 0 7298064
0 0 7298068
0 0 7298073
0 0 7298077
0 0 7298081
0 0 7298086
0 0 7298090
0 0 7298094
0 0 7298099
0 0 7298103
0 0 7298107
0 0 7298112
0 0 7298116
0 0 7298120
0 0 7298125
0 0 7298129
0 0 7298133
0 0 7298138
0 0 7298142
0 0 7298146
0 0 7298151
0 0 7298155
0 0 7298159
0 0 7298164
0 0 7298168
0 0 7298172
0 0 7298177
0 0 7298181
0 0 7298185
0 0 7298190
0 0 7298194
0 0 7298198
0 0 7298203
0 0 7298207
0 0 7298211
0 0 7298216
0 0 7298220
0 0 7298224
0 0 7298229
0 0 7298233
0 0 7298237
0 0 7298242
0 0 7298246
0 0 7298250
0 0 7298255
0 0 7298259
0 0 7298263
0 0 7298268
0 0 7298272
0 0 7298276
0 0 7298281
0 0 7298285
0 0 7298289
0 0 7298294
0 0 7298298
0 0 7298302
0 0 7298307
0 0 7298311
0 0 7298315
0 0 7298320
0 0 7298324
0 0 7298328
0 0 7298333
0 0 7298337
0 0 7298341
0 0 7298346
0 0 7298350
0 0 7298354
0 0 7298359
0 0 7298363
0 0 7298367
0 0 7298372
0 0 7298376
0 0 7298380
0 0 7298385
0 0 7298389
0 0 7298393
0 0 7298398
0 0 7298402
0 0 7298406
0 0 7298411
0 0 7298415
0 0 7298419
0 0 7298424
0 0 7298428
0 0 7298432
0 0 7298437
0 0 7298441
0 0 7298445
0 0 7298450
0 0 7298454
0 0 7298458
0 0 7298463
0 0 7298467
0 0 7298471
0 0 7298476
0 0 7298480
0 0 7298484
0 0 7298489
0 0 7298493
0 0 7298497
0 0 7298502
0 0 7298506
0 0 7298510
0 0 7298515
0 0 7298519
0 0 7298523
0 0 7298528
0 0 7298532
0 0 7298536
0 0 7298541
0 0 7298545
0 0 7298549
0 0 7298554
0 0 7298558
0 0 7298562
0 0 7298567
0 0 7298571
0 0 7298575
0 0 7298580
0 0 7298584
0 0 7298588
0 0 7298593
0 0 7298597
0 0 7298601
0 0 7298606
0 0 7298610
0 0 7298614
0 0 7298619
0 0 7298623
0 0 7298627
0 0 7298632
0 0 7298636
0 0 7298640
0 0 7298645
0 0 7298649
0 0 7298653
0 0 7298658
0 0 7298662
0 0 7298666
0 0 7298671
0 0 7298675
0 0 7298679
0 0 7298684
0 0 7298688
0 0 7298692
0 0 7298697
0 0 7298701
0 0 7298705
0 0 7298710
0 0 7298714
0 0 7298718
0 0 7298723
0 0 7298727
0 0 7298731
0 0 7298736
0 0 7298740
0 0 7298744
0 0 7298749
0 0 7298753
0 0 7298757
0 0 7298762
0 0 7298766
0 0 7298770
0 0 7298775
0 0 7298779
0 0 7298783
0 0 7298788
0 0 7298792
0 0 7298796
0 0 7298801
0 0 7298805
0 0 7298809
0 0 7298814
0 0 7298818
0 0 7298822
0 0 7298827
0 0 7298831
0 0 7298835
0 0 7298840
0 0 7298844
0 0 7298848
0 0 7298853
0 0 7298857
0 0 7298861
0 0 7298866
0 0 7298870
0 0 7298874
0 0 7298879
0 0 7298883
0 0 7298887
0 0 7298892
0 0 7298896
0 0 7298900
0 0 7298905
0 0 7298909
0 0 7298913
0 0 7298918
0 0 7298922
0 0 7298926
0 0 7298931
0 0 7298935
0 0 7298939
0 0 7298944
0 0 7298948
0 0 7298952
0 0 7298957
0 0 7298961
0 0 7298965
0 0 7298970
0 0 7298974
0 0 7298978
0 0 7298983
0 0 7298987
0 0 7298991
0 0 7298996
0 0 7299001
0 0 7299006
0 0 7299010
0 0 7299014
0 0 7299019
0 0 7299023
0 0 7299027
0 0 7299032
0 0 7299036
0 0 7299040
0 0 7299045
0 0 7299049
0 0 7299053
0 0 7299058
0 0 7299062
0 0 7299066
0 0 7299071
0 0 7299075
0 0 7299079
0 0 7299084
0 0 7299088
0 0 7299092
0 0 7299097
0 0 7299101
0 0 7299105
0 0 7299110
0 0 7299114
0 0 7299118
0 0 7299123
0 0 7299127
0 0 7299131
0 0 7299136
0 0 7299140
0 0 7299144
0 0 7299149
0 0 7299153
0 0 7299157
0 0 7299162
0 0 7299166
0 0 7299170
0 0 7299175
0 0 7299179
0 0 7299183
0 0 7299188
0 0 7299192
0 0 7299196
0 0 7299201
0 0 7299205
0 0 7299209
0 0 7299214
0 0 7299218
0 0 7299222
0 0 7299227
0 0 7299231
0 0 7299235
0 0 7299240
0 0 7299244
0 0 7299248
0 0 7299253
0 0 7299257
0 0 7299261
0 0 7299266
0 0 7299270
0 0 7299274
0 0 7299279
0 0 7299283
0 0 7299287
0 0 7299292
0 0 7299296
0 0 7299300
0 0 7299305
0 0 7299309
0 0 7299313
0 0 7299318
0 0 7299322
0 0 7299326
0 0 7299331
0 0 7299335
0 0 7299339
0 0 7299344
0 0 7299348
0 0 7299352
0 0 7299357
0 0 7299361
0 0 7299365
0 0 7299370
0 0 7299374
0 0 7299378
0 0 7299383
0 0 7299387
0 0 7299391
0 0 7299396
0 0 7299400
0 0 7299404
0 0 7299409
0 0 7299413
0 0 7299417
0 0 7299422
0 0 7299426
0 0 7299430
0 0 7299435
0 0 7299439
0 0 7299443
0 0 7299448
0 0 7299452
0 0 7299456
0 0 7299461
0 0 7299465
0 0 7299469
0 0 7299474
0 0 7299478
0 0 7299483
0 0 7299487
0 0 7299491
0 0 7299496
0 0 7299500
0 0 7299504
0 0 7299509
0 0 7299513
0 0 7299518
0 0 7299522
0 0 7299526
0 0 7299531
0 0 7299535
0 0 7299540
0 0 7299544
0 0 7299548
0 0 7299553
0 0 7299557
0 0 7299561
0 0 7299566
0 0 7299570
0 0 7299575
0 0 7299579
3 1 7299583
6 5 7299588
8 2 7299592
6 5 7299596
12 8 7299601
12 16 7299605
18 15 7299610
#TRIGGER ON
21 20 7299614
17 23 7299617
24 23 7299620
27 25 7299623
28 24 7299626
28 27 7299629
29 33 7299632
34 37 7299635
33 35 7299638
36 38 7299641
30 43 7299644
40 42 7299647
40 39 7299650
39 41 7299653
44 43 7299656
42 47 7299659
44 50 7299662
46 51 7299665
49 55 7299668
51 54 7299671
51 52 7299674
50 57 7299677
57 59 7299680
60 61 7299683
60 63 7299686
63 63 7299689
63 63 7299692
63 68 7299695
65 61 7299698
69 76 7299701
71 72 7299704
72 73 7299707
71 73 7299710
76 76 7299713
75 79 7299716
73 78 7299719
76 83 7299722
80 81 7299725
83 83 7299728
86 84 7299731
85 88 7299734
91 92 7299737
90 85 7299740
88 92 7299743
93 88 7299746
95 97 7299749
97 98 7299752
96 96 7299755
99 95 7299758
101 100 7299761
100 104 7299764
100 103 7299767
105 109 7299770
109 104 7299773
105 109 7299776
109 117 7299779
109 114 7299782
115 111 7299785
115 117 7299788
114 115 7299791
115 116 7299794
118 120 7299797
121 120 7299800
122 126 7299803
126 125 7299806
121 128 7299809
129 130 7299812
124 126 7299815
127 131 7299818
130 130 7299821
134 132 7299824
135 136 7299827
135 136 7299830
136 142 7299833
137 138 7299836
139 137 7299839
143 145 7299842
143 142 7299845
144 153 7299848
147 145 7299851
144 145 7299854
147 148 7299857
151 150 7299860
151 155 7299863
152 156 7299866
150 155 7299869
157 159 7299872
152 158 7299875
162 163 7299878
160 156 7299881
163 162 7299884
164 162 7299887
162 164 7299890
163 172 7299893
168 166 7299896
171 172 7299899
168 172 7299902
175 174 7299905
173 176 7299908
176 180 7299911
172 176 7299914
181 174 7299917
179 177 7299920
180 181 7299923
183 183 7299926
183 185 7299929
191 190 7299932
189 185 7299935
187 186 7299938
187 190 7299941
187 191 7299944
192 191 7299947
194 191 7299950
197 192 7299953
194 196 7299956
200 202 7299959
198 200 7299962
205 203 7299965
200 206 7299968
200 207 7299971
202 207 7299974
205 207 7299977
202 210 7299980
210 211 7299983
211 213 7299986
209 212 7299989
215 211 7299992
211 211 7299995
216 217 7299999
219 218 7300002
219 221 7300005
222 221 7300008
223 229 7300011
222 223 7300014
223 224 7300017
228 225 7300021
232 223 7300023
231 228 7300026
231 227 7300029
230 229 7300032
234 235 7300035
233 238 7300038
235 236 7300041
236 238 7300044
238 238 7300047
244 240 7300050
240 235 7300054
243 240 7300056
242 244 7300059
246 242 7300062
244 250 7300065
248 244 7300068
245 249 7300071
252 248 7300074
252 254 7300077
254 253 7300080
255 252 7300083
253 252 7300087
262 257 7300089
259 261 7300092
260 256 7300095
261 259 7300098
261 257 7300101
264 259 7300104
266 264 7300107
268 265 7300110
272 266 7300113
269 266 7300116
269 267 7300120
274 271 7300122
274 270 7300125
276 273 7300128
275 272 7300131
277 278 7300134
273 274 7300137
284 280 7300140
280 277 7300143
279 278 7300146
286 285 7300149
281 282 7300153
283 282 7300155
290 283 7300158
291 287 7300161
288 290 7300164
288 292 7300167
288 286 7300170
294 297 7300173
292 291 7300176
297 298 7300179
300 293 7300182
298 296 7300186
300 295 7300188
302 300 7300191
302 302 7300194
300 304 7300197
307 308 7300200
303 304 7300203
308 311 7300206
306 306 7300209
312 311 7300212
311 307 7300215
313 311 7300219
313 307 7300221
321 316 7300224
314 313 7300227
314 317 7300230
317 318 7300233
321 318 7300236
320 322 7300239
321 319 7300242
319 322 7300245
325 326 7300248
323 329 7300252
328 319 7300254
330 330 7300257
330 326 7300260
329 329 7300263
329 329 7300266
330 327 7300269
331 328 7300272
334 338 7300275
339 341 7300278
340 337 7300281
337 336 7300285
341 336 7300287
342 339 7300290
343 341 7300293
341 345 7300296
342 342 7300299
345 342 7300302
345 351 7300305
349 349 7300308
346 348 7300311
350 345 7300314
348 354 7300318
358 346 7300320
354 357 7300323
358 355 7300326
355 359 7300329
355 356 7300332
354 357 7300335
359 359 7300338
361 365 7300341
363 364 7300344
366 364 7300347
362 360 7300351
367 361 7300353
367 367 7300356
365 366 7300359
368 372 7300362
370 367 7300365
371 369 7300368
369 370 7300371
372 372 7300374
375 374 7300377
376 372 7300380
373 376 7300384
383 373 7300386
381 382 7300389
381 377 7300392
379 382 7300395
384 383 7300398
379 382 7300401
381 385 7300404
391 387 7300407
384 393 7300410
385 387 7300413
388 392 7300417
389 385 7300419
393 393 7300422
393 390 7300425
396 394 7300428
390 393 7300431
394 389 7300434
399 391 7300437
398 399 7300440
400 399 7300443
401 396 7300446
404 405 7300450
402 394 7300452
409 403 7300455
403 401 7300458
404 404 7300461
406 407 7300464
402 401 7300467
413 410 7300470
409 407 7300473
411 414 7300476
414 417 7300479
411 414 7300483
418 412 7300485
416 415 7300488
416 412 7300491
417 417 7300494
418 421 7300497
422 414 7300500
421 421 7300503
424 423 7300506
427 421 7300509
425 422 7300512
423 424 7300516
427 422 7300518
429 425 7300521
429 426 7300524
429 427 7300527
428 424 7300530
433 428 7300533
432 436 7300536
434 431 7300539
436 436 7300542
435 440 7300545
434 437 7300549
438 437 7300551
439 439 7300554
440 439 7300557
441 440 7300560
440 441 7300563
442 443 7300566
447 445 7300569
444 448 7300572
447 446 7300575
447 448 7300578
450 447 7300582
447 447 7300584
451 448 7300587
449 452 7300590
452 449 7300593
454 456 7300596
452 454 7300599
459 453 7300602
457 458 7300605
460 456 7300608
461 459 7300611
461 458 7300615
466 457 7300617
465 460 7300620
463 460 7300623
467 466 7300626
462 464 7300629
462 464 7300632
465 470 7300635
466 468 7300638
468 471 7300641
467 472 7300644
470 468 7300648
472 470 7300650
473 475 7300653
472 474 7300656
474 480 7300659
476 478 7300662
476 476 7300665
477 477 7300668
477 478 7300671
480 482 7300674
482 479 7300677
481 482 7300681
488 477 7300683
487 485 7300686
484 482 7300689
483 486 7300692
486 483 7300695
487 489 7300698
490 490 7300701
486 488 7300704
491 492 7300707
493 492 7300710
493 490 7300714
493 488 7300716
494 492 7300719
496 496 7300722
493 497 7300725
499 500 7300728
497 495 7300731
501 501 7300734
499 503 7300737
502 500 7300740
505 504 7300743
502 500 7300747
504 498 7300749
505 504 7300752
509 506 7300755
509 503 7300758
510 509 7300761
510 506 7300764
510 508 7300767
512 511 7300770
513 512 7300773
516 513 7300776
510 516 7300780
518 509 7300782
517 518 7300785
517 510 7300788
521 519 7300791
518 520 7300794
518 517 7300797
521 522 7300800
523 519 7300803
523 519 7300806
520 522 7300809
520 522 7300813
526 523 7300815
523 527 7300818
527 522 7300821
528 525 7300824
529 526 7300827
530 528 7300830
530 531 7300833
530 529 7300836
531 535 7300839
535 528 7300842
534 538 7300846
536 528 7300848
538 536 7300851
539 533 7300854
540 537 7300857
536 535 7300860
539 535 7300863
541 540 7300866
542 542 7300869
542 543 7300872
546 539 7300875
546 543 7300879
549 542 7300881
551 548 7300884
546 545 7300887
551 546 7300890
547 548 7300893
549 542 7300896
554 553 7300899
549 548 7300902
554 557 7300905
552 556 7300908
553 552 7300912
559 556 7300914
558 556 7300917
557 557 7300920
560 561 7300923
553 560 7300926
560 558 7300929
561 566 7300932
559 563 7300935
566 566 7300938
564 564 7300941
563 562 7300945
565 563 7300947
565 564 7300950
567 568 7300953
569 572 7300956
564 567 7300959
568 567 7300962
570 574 7300965
571 569 7300968
575 572 7300971
574 570 7300974
572 577 7300978
577 573 7300980
577 576 7300983
574 574 7300986
579 577 7300989
576 578 7300992
579 574 7300995
581 577 7301000
583 586 7301003
582 582 7301006
585 584 7301009
580 583 7301012
582 587 7301015
585 583 7301018
586 587 7301021
589 580 7301024
589 591 7301027
590 585 7301030
587 589 7301033
591 590 7301036
592 592 7301039
590 589 7301042
592 593 7301045
592 595 7301048
595 598 7301051
594 597 7301054
595 595 7301057
596 601 7301060
599 595 7301063
596 599 7301066
600 599 7301069
605 603 7301072
600 599 7301075
602 600 7301078
605 606 7301081
603 604 7301084
605 606 7301087
606 603 7301090
608 606 7301093
607 602 7301096
607 610 7301099
610 610 7301102
612 612 7301105
613 605 7301108
608 608 7301111
614 612 7301114
611 612 7301117
614 615 7301120
617 613 7301123
614 616 7301126
616 614 7301129
620 618 7301132
618 615 7301135
620 619 7301138
621 621 7301141
619 615 7301144
618 624 7301147
624 624 7301150
621 629 7301153
624 619 7301156
622 620 7301159
623 625 7301162
628 626 7301165
623 626 7301168
630 632 7301171
630 631 7301174
632 627 7301177
628 631 7301180
632 635 7301183
632 630 7301186
630 634 7301189
636 630 7301192
630 629 7301195
637 637 7301198
641 635 7301201
638 635 7301204
641 640 7301207
640 636 7301210
634 643 7301213
636 639 7301216
639 642 7301219
644 640 7301222
641 639 7301225
639 641 7301228
646 644 7301231
643 644 7301234
649 647 7301237
644 646 7301240
643 646 7301243
644 648 7301246
647 651 7301249
648 650 7301252
650 654 7301255
653 652 7301258
649 649 7301261
653 650 7301264
653 647 7301267
651 652 7301270
655 656 7301273
652 651 7301276
652 658 7301279
655 656 7301282
660 662 7301285
660 658 7301288
657 653 7301291
658 658 7301294
660 662 7301297
660 656 7301300
661 664 7301303
661 663 7301306
664 666 7301309
661 664 7301312
667 663 7301315
667 665 7301318
667 668 7301321
665 668 7301324
666 666 7301327
668 671 7301330
666 666 7301333
667 677 7301336
672 674 7301339
668 671 7301342
669 674 7301345
671 671 7301348
674 676 7301351
674 674 7301354
676 680 7301357
676 670 7301360
678 673 7301363
677 678 7301366
679 675 7301369
675 680 7301372
676 681 7301375
677 680 7301378
682 679 7301381
679 680 7301384
686 682 7301387
684 681 7301390
685 682 7301393
688 685 7301396
687 684 7301399
686 691 7301402
686 688 7301405
686 689 7301408
686 690 7301411
686 687 7301414
690 693 7301417
689 693 7301420
693 693 7301423
688 689 7301426
694 695 7301429
696 691 7301432
696 694 7301435
692 693 7301438
693 693 7301441
696 701 7301444
696 692 7301447
696 697 7301450
702 698 7301453
699 697 7301456
696 702 7301459
700 702 7301462
701 698 7301465
704 703 7301468
705 702 7301471
700 699 7301474
698 707 7301477
704 707 7301480
703 702 7301483
702 708 7301486
708 706 7301489
701 703 7301492
708 711 7301495
708 708 7301498
708 710 7301501
710 712 7301504
712 712 7301507
711 713 7301510
708 715 7301513
712 715 7301516
714 714 7301519
714 712 7301522
712 712 7301525
714 720 7301528
717 715 7301531
718 718 7301534
717 715 7301537
719 720 7301540
720 721 7301543
719 720 7301546
721 721 7301549
721 716 7301552
719 714 7301555
713 712 7301558
713 713 7301561
710 712 7301564
712 718 7301567
709 713 7301570
707 705 7301573
705 709 7301576
706 709 7301579
708 706 7301582
705 703 7301585
706 707 7301588
700 701 7301591
703 707 7301594
700 699 7301597
697 699 7301600
698 701 7301603
691 695 7301606
693 696 7301609
693 697 7301612
689 695 7301615
691 688 7301618
693 689 7301621
687 689 7301624
688 693 7301627
688 690 7301630
686 684 7301633
684 686 7301636
683 686 7301639
679 688 7301642
683 681 7301645
681 685 7301648
680 682 7301651
677 677 7301654
676 674 7301657
680 678 7301660
676 671 7301663
677 675 7301666
675 670 7301669
672 669 7301672
673 677 7301675
670 672 7301678
667 667 7301681
668 668 7301684
667 664 7301687
668 665 7301690
667 663 7301693
665 664 7301696
664 666 7301699
662 666 7301702
662 662 7301705
660 664 7301708
661 666 7301711
660 662 7301714
658 655 7301717
654 659 7301720
656 656 7301723
656 655 7301726
655 654 7301729
654 653 7301732
651 653 7301735
652 650 7301738
649 652 7301741
651 650 7301744
649 651 7301747
646 651 7301750
645 644 7301753
645 641 7301756
643 647 7301759
645 638 7301762
646 643 7301765
642 639 7301768
637 638 7301771
637 642 7301774
641 637 7301777
637 638 7301780
639 632 7301783
635 637 7301786
633 631 7301789
636 635 7301792
633 632 7301795
635 633 7301798
631 633 7301801
630 633 7301804
626 631 7301807
626 631 7301810
627 629 7301813
625 625 7301816
625 623 7301819
626 627 7301822
623 623 7301825
619 628 7301828
623 623 7301831
620 620 7301834
621 624 7301837
617 622 7301840
617 620 7301843
621 616 7301846
612 616 7301849
619 615 7301852
612 609 7301855
617 616 7301858
614 611 7301861
614 617 7301864
611 613 7301867
609 609 7301870
609 610 7301873
610 615 7301876
605 605 7301879
608 606 7301882
606 603 7301885
603 607 7301888
607 603 7301891
604 604 7301894
604 603 7301897
602 605 7301900
600 600 7301903
594 600 7301906
600 601 7301909
599 601 7301912
594 598 7301915
597 596 7301918
594 590 7301921
594 598 7301924
598 593 7301927
593 598 7301930
592 592 7301933
589 589 7301936
589 595 7301939
587 590 7301942
589 590 7301945
586 588 7301948
586 588 7301951
585 584 7301954
586 589 7301957
589 585 7301960
585 586 7301963
584 586 7301966
580 583 7301969
578 583 7301972
582 582 7301975
578 582 7301978
581 576 7301981
580 581 7301984
576 574 7301987
581 575 7301990
578 576 7301993
576 578 7301996
576 578 7302000
573 575 7302003
573 574 7302006
574 571 7302009
569 570 7302012
572 568 7302015
571 566 7302018
572 569 7302021
568 568 7302024
566 568 7302027
567 569 7302030
566 568 7302032
560 565 7302035
559 565 7302038
566 568 7302041
559 563 7302044
561 564 7302047
560 562 7302050
561 563 7302053
557 560 7302056
557 563 7302059
554 558 7302062
554 559 7302065
557 558 7302068
553 555 7302071
553 554 7302074
556 553 7302077
553 552 7302080
556 554 7302083
553 549 7302086
550 547 7302089
549 548 7302092
549 553 7302095
546 549 7302098
547 545 7302101
546 545 7302104
545 545 7302107
549 549 7302110
545 545 7302113
544 541 7302116
543 548 7302119
543 542 7302122
540 544 7302125
542 544 7302128
539 540 7302131
540 542 7302134
539 542 7302137
538 541 7302140
539 537 7302143
535 534 7302146
539 542 7302149
536 536 7302152
533 531 7302155
534 535 7302158
529 532 7302161
534 530 7302164
531 529 7302167
532 529 7302170
528 531 7302173
527 531 7302176
531 532 7302179
527 527 7302182
529 525 7302185
527 525 7302188
525 528 7302191
527 527 7302194
524 525 7302197
524 517 7302200
522 526 7302203
521 515 7302206
518 521 7302209
522 517 7302212
520 518 7302215
518 520 7302218
516 515 7302221
515 517 7302224
516 519 7302227
514 516 7302230
514 510 7302233
519 510 7302236
511 510 7302239
518 512 7302242
515 514 7302245
512 511 7302248
509 511 7302251
511 509 7302254
507 512 7302257
509 511 7302260
507 507 7302263
509 507 7302266
506 502 7302269
504 500 7302272
506 506 7302275
506 504 7302278
504 505 7302281
505 503 7302284
503 499 7302287
497 505 7302290
502 504 7302293
498 499 7302296
501 502 7302299
497 501 7302302
497 496 7302305
501 498 7302308
497 501 7302311
496 497 7302314
496 501 7302317
497 493 7302320
489 497 7302323
494 494 7302326
493 497 7302329
496 492 7302332
492 489 7302335
490 486 7302338
489 489 7302341
492 492 7302344
491 489 7302347
488 487 7302350
486 488 7302353
488 485 7302356
485 484 7302359
486 489 7302362
486 482 7302365
483 483 7302368
482 483 7302371
482 482 7302374
479 481 7302377
485 487 7302380
480 481 7302383
477 478 7302386
479 481 7302389
477 479 7302392
479 482 7302395
482 476 7302398
478 474 7302401
476 475 7302404
480 476 7302407
478 474 7302410
473 477 7302413
477 476 7302416
471 471 7302419
469 473 7302422
470 472 7302425
467 474 7302428
471 475 7302431
469 466 7302434
462 469 7302437
470 468 7302440
467 465 7302443
467 467 7302446
466 468 7302449
464 460 7302452
464 470 7302455
467 464 7302458
460 465 7302461
466 469 7302464
464 463 7302467
460 457 7302470
461 461 7302473
461 460 7302476
459 456 7302479
460 460 7302482
458 454 7302485
454 460 7302488
458 459 7302491
457 456 7302494
455 456 7302497
455 456 7302500
455 458 7302503
453 456 7302506
450 455 7302509
453 459 7302512
452 452 7302515
450 452 7302518
451 451 7302521
447 454 7302524
448 449 7302527
451 448 7302530
448 446 7302533
444 449 7302536
451 449 7302539
447 448 7302542
447 447 7302545
447 449 7302548
446 441 7302551
441 450 7302554
447 442 7302557
441 444 7302560
441 440 7302563
443 440 7302566
438 438 7302569
441 439 7302572
444 446 7302575
441 440 7302578
440 439 7302581
439 439 7302584
436 442 7302587
440 437 7302590
440 438 7302593
437 436 7302596
432 433 7302599
431 435 7302602
436 435 7302605
434 435 7302608
436 432 7302611
435 434 7302614
430 428 7302617
427 432 7302620
430 432 7302623
431 432 7302626
429 428 7302629
430 426 7302632
425 428 7302635
426 426 7302638
427 432 7302641
430 428 7302644
424 424 7302647
427 419 7302650
422 428 7302653
423 426 7302656
426 427 7302659
422 423 7302662
420 419 7302665
421 418 7302668
422 424 7302671
418 416 7302674
423 421 7302677
418 419 7302680
419 416 7302683
416 421 7302686
420 423 7302689
417 419 7302692
418 416 7302695
419 412 7302698
411 410 7302701
413 417 7302704
414 413 7302707
415 416 7302710
416 416 7302713
416 410 7302716
408 410 7302719
412 410 7302722
409 411 7302725
412 411 7302728
411 410 7302731
406 406 7302734
408 411 7302737
408 410 7302740
406 407 7302743
407 410 7302746
410 406 7302749
405 409 7302752
408 407 7302755
403 403 7302758
402 404 7302761
403 404 7302764
401 403 7302767
401 404 7302770
407 401 7302773
404 402 7302776
399 400 7302779
402 402 7302782
398 404 7302785
399 401 7302788
401 396 7302791
399 395 7302794
398 397 7302797
396 394 7302800
398 392 7302803
396 396 7302806
397 399 7302809
392 397 7302812
397 391 7302815
391 395 7302818
394 392 7302821
394 394 7302824
392 389 7302827
393 389 7302830
393 385 7302833
392 389 7302836
391 389 7302839
391 390 7302842
386 390 7302845
390 389 7302848
381 390 7302851
390 390 7302854
383 387 7302857
387 383 7302860
389 385 7302863
383 386 7302866
388 386 7302869
387 384 7302872
385 387 7302875
385 383 7302878
382 384 7302881
380 383 7302884
380 383 7302887
379 381 7302890
379 377 7302893
381 382 7302896
376 372 7302899
379 380 7302902
381 380 7302905
378 376 7302908
376 381 7302911
376 375 7302914
375 378 7302917
378 383 7302920
376 377 7302923
375 377 7302926
374 375 7302929
372 373 7302932
373 372 7302935
371 372 7302938
371 373 7302941
372 371 7302944
371 368 7302947
368 373 7302950
372 370 7302953
371 371 7302956
371 367 7302959
371 366 7302962
369 369 7302965
372 371 7302968
371 368 7302971
368 369 7302974
368 367 7302977
367 363 7302980
364 370 7302983
362 366 7302986
368 365 7302989
367 364 7302992
363 358 7302995
359 357 7302999
364 367 7303002
363 362 7303005
359 358 7303008
363 365 7303011
357 362 7303014
360 358 7303017
359 357 7303020
357 360 7303023
358 355 7303026
359 361 7303029
358 362 7303032
359 359 7303034
354 359 7303037
356 360 7303040
354 356 7303043
352 356 7303046
355 357 7303049
352 352 7303052
354 350 7303055
355 354 7303058
352 356 7303061
350 352 7303064
353 353 7303067
347 350 7303070
350 348 7303073
350 349 7303076
353 352 7303079
349 347 7303082
348 351 7303085
346 349 7303088
346 344 7303091
343 353 7303094
348 350 7303097
348 346 7303100
343 346 7303103
346 348 7303106
344 343 7303109
344 346 7303112
347 341 7303115
345 341 7303118
343 349 7303121
341 338 7303124
339 342 7303127
341 347 7303130
342 343 7303133
339 336 7303136
340 339 7303139
340 343 7303142
341 337 7303145
339 336 7303148
341 339 7303151
340 339 7303154
338 332 7303157
335 339 7303160
336 337 7303163
339 339 7303166
334 335 7303169
335 334 7303172
333 338 7303175
336 337 7303178
336 333 7303181
336 338 7303184
332 333 7303187
334 330 7303190
327 332 7303193
332 332 7303196
332 331 7303199
330 330 7303202
330 327 7303205
327 331 7303208
329 329 7303211
327 328 7303214
329 330 7303217
329 331 7303220
328 326 7303223
327 332 7303226
326 327 7303229
326 332 7303232
326 322 7303235
323 324 7303238
321 326 7303241
323 325 7303244
322 324 7303247
325 325 7303250
323 328 7303253
320 323 7303256
319 324 7303259
322 324 7303262
321 322 7303265
322 318 7303268
319 325 7303271
320 319 7303274
319 319 7303277
318 321 7303280
320 322 7303283
318 316 7303286
316 313 7303289
314 315 7303292
317 318 7303295
316 318 7303298
317 315 7303301
320 313 7303304
313 314 7303307
316 317 7303310
319 314 7303313
316 310 7303316
313 319 7303319
311 312 7303322
306 312 7303325
312 315 7303328
310 312 7303331
311 307 7303334
312 307 7303337
310 311 7303340
313 311 7303343
308 314 7303346
310 311 7303349
305 310 7303352
307 307 7303355
307 311 7303358
310 307 7303361
305 302 7303364
306 303 7303367
313 304 7303370
310 305 7303373
304 304 7303376
309 301 7303379
304 308 7303382
306 307 7303385
305 303 7303388
302 305 7303391
305 305 7303394
300 303 7303397
302 300 7303400
304 303 7303403
297 296 7303406
300 298 7303409
300 295 7303412
302 298 7303415
300 296 7303418
295 296 7303421
293 303 7303424
298 299 7303427
294 297 7303430
296 302 7303433
297 297 7303436
293 293 7303439
297 299 7303442
297 298 7303445
296 294 7303448
295 297 7303451
293 298 7303454
291 295 7303457
291 298 7303460
291 299 7303463
292 294 7303466
289 293 7303469
290 291 7303472
292 294 7303475
294 292 7303478
292 290 7303481
293 291 7303484
292 284 7303487
286 289 7303490
288 288 7303493
288 288 7303496
285 285 7303499
288 291 7303502
287 285 7303505
287 289 7303508
288 285 7303511
287 288 7303514
290 285 7303517
284 285 7303520
277 285 7303523
289 288 7303526
283 282 7303529
286 283 7303532
286 283 7303535
281 277 7303538
285 284 7303541
281 279 7303544
282 288 7303547
281 280 7303550
278 279 7303553
279 283 7303556
283 283 7303559
279 281 7303562
282 281 7303565
280 283 7303568
276 280 7303571
279 280 7303574
275 292 7303577
282 281 7303580
273 277 7303583
275 275 7303586
273 282 7303589
275 275 7303592
273 274 7303595
271 276 7303598
275 276 7303601
271 271 7303604
273 279 7303607
276 275 7303610
273 274 7303613
270 274 7303616
274 271 7303619
274 277 7303622
270 272 7303625
271 272 7303628
272 272 7303631
273 274 7303634
265 269 7303637
269 271 7303640
270 272 7303643
268 273 7303646
269 266 7303649
266 268 7303652
265 269 7303655
266 271 7303658
268 269 7303661
270 266 7303664
267 267 7303667
264 265 7303670
266 267 7303673
265 264 7303676
264 264 7303679
265 262 7303682
264 265 7303685
262 266 7303688
264 265 7303691
264 268 7303694
264 263 7303697
261 260 7303700
258 263 7303703
264 262 7303706
262 266 7303709
263 257 7303712
259 265 7303715
266 260 7303718
258 264 7303721
259 264 7303724
257 257 7303727
260 259 7303730
257 254 7303733
259 259 7303736
256 259 7303739
259 259 7303742
257 259 7303745
259 261 7303748
257 255 7303751
254 257 7303754
256 254 7303757
259 255 7303760
254 255 7303763
254 254 7303766
254 254 7303769
253 257 7303772
254 253 7303775
250 251 7303778
255 252 7303781
254 250 7303784
247 255 7303787
252 253 7303790
252 252 7303793
252 248 7303796
254 252 7303799
252 241 7303802
249 250 7303805
250 252 7303808
252 252 7303811
248 251 7303814
250 245 7303817
248 251 7303820
250 247 7303823
247 245 7303826
249 248 7303829
249 244 7303832
243 247 7303835
249 249 7303838
248 247 7303841
247 248 7303844
245 246 7303847
244 243 7303850
245 245 7303853
244 242 7303856
243 247 7303859
245 242 7303862
245 240 7303865
241 244 7303868
246 245 7303871
240 241 7303874
240 238 7303877
243 244 7303880
245 243 7303883
243 236 7303886
240 240 7303889
240 240 7303892
240 241 7303895
239 237 7303898
235 240 7303901
235 239 7303904
240 242 7303907
241 240 7303910
238 236 7303913
238 235 7303916
238 243 7303919
241 239 7303922
234 236 7303925
237 234 7303928
236 236 7303931
236 232 7303934
236 233 7303937
237 237 7303940
236 233 7303943
234 239 7303946
237 234 7303949
231 233 7303952
231 231 7303955
231 234 7303958
235 235 7303961
230 228 7303964
229 232 7303967
233 230 7303970
233 231 7303973
234 231 7303976
232 228 7303979
230 227 7303982
227 235 7303985
233 233 7303988
225 226 7303991
228 229 7303994
229 231 7303997
230 226 7304001
230 227 7304004
229 231 7304007
227 227 7304010
232 231 7304013
225 227 7304016
223 225 7304020
228 227 7304022
223 225 7304025
229 226 7304028
224 226 7304031
223 225 7304034
224 228 7304037
224 229 7304040
218 223 7304043
223 226 7304046
222 227 7304049
222 222 7304053
223 219 7304055
224 224 7304058
221 221 7304061
220 221 7304064
223 217 7304067
223 224 7304070
219 218 7304073
220 216 7304076
221 225 7304079
218 218 7304082
219 212 7304086
220 216 7304088
220 222 7304091
218 218 7304094
217 220 7304097
219 221 7304100
214 220 7304103
217 216 7304106
220 223 7304109
215 221 7304112
212 217 7304115
213 220 7304119
215 209 7304121
216 218 7304124
217 210 7304127
216 216 7304130
214 214 7304133
214 209 7304136
217 217 7304139
216 218 7304142
215 215 7304145
215 213 7304148
211 211 7304152
217 214 7304154
211 216 7304157
213 209 7304160
211 215 7304163
208 208 7304166
210 210 7304169
213 214 7304172
212 214 7304175
208 213 7304178
211 210 7304181
210 210 7304185
209 209 7304187
209 206 7304190
213 209 7304193
208 207 7304196
205 208 7304199
206 207 7304202
208 207 7304205
210 205 7304208
210 213 7304211
204 205 7304214
207 206 7304218
208 208 7304220
203 203 7304223
205 205 7304226
204 208 7304229
203 206 7304232
201 204 7304235
206 204 7304238
203 206 7304241
208 201 7304244
207 204 7304247
204 203 7304251
207 202 7304253
202 204 7304256
200 198 7304259
207 204 7304262
202 204 7304265
198 197 7304268
200 200 7304271
204 204 7304274
200 203 7304277
200 201 7304280
199 200 7304284
203 199 7304286
199 206 7304289
197 194 7304292
199 198 7304295
199 202 7304298
197 200 7304301
200 199 7304304
201 199 7304307
199 202 7304310
197 194 7304313
195 195 7304317
201 190 7304319
197 194 7304322
196 196 7304325
193 194 7304328
197 195 7304331
195 198 7304334
194 199 7304337
192 199 7304340
197 200 7304343
193 198 7304346
192 194 7304350
192 190 7304352
192 192 7304355
193 192 7304358
191 192 7304361
190 192 7304364
192 190 7304367
191 196 7304370
194 196 7304373
191 195 7304376
193 193 7304379
188 193 7304383
191 188 7304385
191 190 7304388
190 186 7304391
191 191 7304394
192 192 7304397
189 190 7304400
189 192 7304403
186 186 7304406
190 194 7304409
189 193 7304412
184 189 7304416
185 181 7304418
186 186 7304421
186 189 7304424
188 190 7304427
187 186 7304430
185 189 7304433
187 186 7304436
187 188 7304439
185 190 7304442
186 185 7304445
183 184 7304449
185 183 7304451
184 184 7304454
183 185 7304457
186 187 7304460
181 184 7304463
182 181 7304466
185 183 7304469
184 182 7304472
184 188 7304475
184 185 7304478
178 178 7304482
183 178 7304484
184 186 7304487
179 180 7304490
179 182 7304493
179 181 7304496
182 184 7304499
182 183 7304502
180 179 7304505
182 183 7304508
183 174 7304511
180 178 7304515
182 178 7304517
180 182 7304520
179 178 7304523
179 178 7304526
179 183 7304529
175 172 7304532
181 176 7304535
179 180 7304538
179 178 7304541
178 177 7304544
172 172 7304548
182 172 7304550
177 177 7304553
175 173 7304556
177 176 7304559
178 177 7304562
175 172 7304565
177 176 7304568
173 169 7304571
179 177 7304574
175 172 7304577
173 177 7304581
176 168 7304583
174 174 7304586
176 175 7304589
175 172 7304592
170 170 7304595
171 170 7304598
172 177 7304601
165 170 7304604
169 175 7304607
173 169 7304610
171 171 7304614
171 169 7304616
168 170 7304619
171 168 7304622
170 174 7304625
167 174 7304628
168 167 7304631
171 173 7304634
168 171 7304637
169 173 7304640
171 167 7304643
169 169 7304647
167 165 7304649
168 169 7304652
165 163 7304655
169 168 7304658
165 167 7304661
162 165 7304664
168 169 7304667
166 163 7304670
167 173 7304673
164 166 7304676
167 165 7304680
165 164 7304682
169 167 7304685
167 169 7304688
165 164 7304691
170 164 7304694
164 163 7304697
165 168 7304700
164 164 7304703
167 162 7304706
165 163 7304709
159 161 7304713
165 158 7304715
161 162 7304718
162 160 7304721
161 162 7304724
161 162 7304727
158 160 7304730
164 166 7304733
158 162 7304736
163 165 7304739
160 162 7304742
156 161 7304746
160 155 7304748
166 161 7304751
163 160 7304754
160 159 7304757
161 155 7304760
158 161 7304763
160 161 7304766
160 162 7304769
162 163 7304772
160 161 7304775
156 157 7304779
160 151 7304781
163 163 7304784
159 156 7304787
157 156 7304790
159 160 7304793
155 153 7304796
156 155 7304799
155 158 7304802
160 160 7304805
153 156 7304808
155 158 7304812
154 153 7304814
152 158 7304817
152 151 7304820
154 156 7304823
155 158 7304826
152 154 7304829
154 155 7304832
155 155 7304835
151 156 7304838
153 154 7304841
154 151 7304845
154 153 7304847
152 154 7304850
151 158 7304853
153 151 7304856
151 156 7304859
152 151 7304862
154 149 7304865
152 150 7304868
154 146 7304871
150 156 7304874
147 147 7304878
152 146 7304880
150 153 7304883
145 150 7304886
149 153 7304889
150 145 7304892
147 150 7304895
151 153 7304898
146 150 7304901
151 152 7304904
148 156 7304907
145 146 7304911
148 147 7304913
148 147 7304916
148 146 7304919
149 146 7304922
148 145 7304925
146 146 7304928
148 148 7304931
151 151 7304934
146 146 7304937
149 154 7304940
144 144 7304944
146 146 7304946
146 147 7304949
145 147 7304952
142 142 7304955
145 149 7304958
143 142 7304961
148 146 7304964
138 144 7304967
145 146 7304970
144 147 7304973
142 141 7304977
144 137 7304979
146 145 7304982
143 144 7304985
140 141 7304988
141 143 7304991
146 142 7304994
141 147 7304999
142 140 7305002
140 142 7305005
140 142 7305008
140 140 7305011
143 140 7305014
145 142 7305017
141 140 7305020
143 143 7305023
140 138 7305026
137 143 7305029
140 140 7305032
141 142 7305035
141 138 7305038
139 135 7305041
134 137 7305044
143 143 7305047
136 137 7305050
139 139 7305053
137 140 7305056
139 137 7305059
134 141 7305062
134 136 7305065
137 139 7305068
138 134 7305071
134 136 7305074
134 137 7305077
139 138 7305080
137 137 7305083
137 134 7305086
137 136 7305089
136 135 7305092
136 136 7305095
133 133 7305098
135 136 7305101
134 133 7305104
136 134 7305107
137 135 7305110
133 136 7305113
131 135 7305116
135 137 7305119
136 135 7305122
131 127 7305125
131 133 7305128
133 134 7305131
130 132 7305134
132 130 7305137
131 130 7305140
131 132 7305143
135 135 7305146
133 131 7305149
132 133 7305152
135 134 7305155
135 127 7305158
127 130 7305161
132 130 7305164
129 128 7305167
130 129 7305170
134 129 7305173
128 126 7305176
130 129 7305179
131 129 7305182
133 132 7305185
128 130 7305188
127 127 7305191
127 130 7305194
127 130 7305197
128 131 7305200
124 128 7305203
128 131 7305206
127 129 7305209
128 128 7305212
125 128 7305215
130 130 7305218
127 130 7305221
126 126 7305224
124 127 7305227
123 129 7305230
131 131 7305233
127 127 7305236
129 128 7305239
125 125 7305242
129 123 7305245
127 124 7305248
129 129 7305251
127 124 7305254
124 123 7305257
120 126 7305260
124 132 7305263
127 129 7305266
124 126 7305269
125 123 7305272
123 125 7305275
126 123 7305278
125 122 7305281
127 126 7305284
127 123 7305287
122 122 7305290
121 126 7305293
124 127 7305296
121 120 7305299
123 122 7305302
126 118 7305305
121 121 7305308
123 123 7305311
124 121 7305314
124 125 7305317
119 121 7305320
118 122 7305323
121 120 7305326
121 120 7305329
120 122 7305332
119 120 7305335
119 123 7305338
117 117 7305341
120 126 7305344
121 119 7305347
124 122 7305350
120 118 7305353
119 116 7305356
115 124 7305359
119 123 7305362
116 120 7305365
118 117 7305368
118 116 7305371
120 116 7305374
119 116 7305377
117 116 7305380
120 123 7305383
117 118 7305386
117 115 7305389
112 117 7305392
119 117 7305395
118 118 7305398
115 113 7305401
115 120 7305404
116 115 7305407
118 119 7305410
115 117 7305413
117 115 7305416
115 117 7305419
117 119 7305422
115 117 7305425
113 110 7305428
114 113 7305431
114 114 7305434
113 114 7305437
114 112 7305440
118 116 7305443
117 120 7305446
113 115 7305449
113 117 7305452
112 109 7305455
113 121 7305458
113 116 7305461
111 114 7305464
112 113 7305467
114 115 7305470
111 115 7305473
114 113 7305476
113 111 7305479
111 112 7305482
113 117 7305485
113 113 7305488
111 111 7305491
111 113 7305494
110 111 7305497
110 110 7305500
111 107 7305503
110 112 7305506
112 115 7305509
110 110 7305512
112 113 7305515
112 112 7305518
110 108 7305521
109 112 7305524
112 111 7305527
109 109 7305530
107 108 7305533
111 112 7305536
108 103 7305539
106 110 7305542
108 109 7305545
110 110 7305548
109 110 7305551
107 107 7305554
104 107 7305557
111 109 7305560
106 106 7305563
108 104 7305566
109 104 7305569
106 103 7305572
112 109 7305575
110 104 7305578
109 106 7305581
105 105 7305584
111 107 7305587
105 109 7305590
103 106 7305593
107 107 7305596
103 106 7305599
109 105 7305602
107 103 7305605
106 103 7305608
108 104 7305611
110 103 7305614
103 105 7305617
102 102 7305620
105 108 7305623
106 110 7305626
103 105 7305629
103 107 7305632
104 99 7305635
103 105 7305638
110 106 7305641
102 102 7305644
106 104 7305647
105 102 7305650
104 101 7305653
98 101 7305656
104 108 7305659
105 107 7305662
102 103 7305665
104 97 7305668
100 99 7305671
103 105 7305674
104 104 7305677
101 102 7305680
101 104 7305683
101 100 7305686
100 104 7305689
102 102 7305692
99 101 7305695
102 102 7305698
101 100 7305701
99 98 7305704
101 101 7305707
100 102 7305710
100 99 7305713
97 98 7305716
97 97 7305719
97 101 7305722
99 96 7305725
98 98 7305728
97 100 7305731
98 100 7305734
96 97 7305737
98 102 7305740
99 98 7305743
98 97 7305746
96 99 7305749
100 95 7305752
96 100 7305755
98 96 7305758
96 93 7305761
98 95 7305764
98 92 7305767
91 92 7305770
100 95 7305773
99 98 7305776
101 99 7305779
96 97 7305782
94 94 7305785
94 96 7305788
94 100 7305791
96 98 7305794
98 94 7305797
94 92 7305800
95 91 7305803
94 93 7305806
97 93 7305809
94 101 7305812
95 97 7305815
94 93 7305818
89 93 7305821
97 93 7305824
95 95 7305827
97 93 7305830
92 94 7305833
93 94 7305836
96 94 7305839
94 92 7305842
97 99 7305845
93 97 7305848
96 94 7305851
89 95 7305854
92 95 7305857
92 93 7305860
91 93 7305863
94 91 7305866
93 89 7305869
92 92 7305872
95 89 7305875
94 93 7305878
90 90 7305881
91 86 7305884
88 92 7305887
89 93 7305890
92 91 7305893
91 88 7305896
91 91 7305899
90 87 7305902
92 88 7305905
92 91 7305908
92 92 7305911
90 86 7305914
89 88 7305917
93 95 7305920
93 88 7305923
89 89 7305926
91 89 7305929
90 91 7305932
85 88 7305935
91 87 7305938
87 89 7305941
90 88 7305944
87 88 7305947
89 84 7305950
83 92 7305953
88 90 7305956
90 83 7305959
88 88 7305962
91 87 7305965
88 82 7305968
89 91 7305971
89 90 7305974
86 93 7305977
88 84 7305980
84 83 7305983
82 92 7305986
87 86 7305989
86 88 7305992
85 86 7305995
84 86 7305999
86 91 7306002
86 86 7306005
85 89 7306008
87 89 7306011
85 82 7306014
83 85 7306017
83 87 7306020
84 83 7306023
86 86 7306026
85 86 7306029
83 90 7306032
85 84 7306035
85 87 7306037
82 83 7306040
86 86 7306043
86 83 7306046
81 82 7306049
82 81 7306052
82 83 7306055
88 84 7306058
83 80 7306061
81 79 7306064
88 88 7306067
82 82 7306070
83 85 7306073
81 84 7306076
84 82 7306079
82 81 7306082
82 84 7306085
82 82 7306088
82 80 7306091
82 80 7306094
82 77 7306097
85 81 7306100
79 82 7306103
85 84 7306106
81 81 7306109
83 81 7306112
77 82 7306115
82 80 7306118
82 81 7306121
84 82 7306124
80 74 7306127
80 74 7306130
82 80 7306133
82 82 7306136
83 84 7306139
80 82 7306142
76 79 7306145
79 87 7306148
81 78 7306151
79 80 7306154
74 74 7306157
79 78 7306160
77 78 7306163
78 81 7306166
83 81 7306169
79 78 7306172
77 81 7306175
78 77 7306178
77 80 7306181
82 80 7306184
79 80 7306187
77 78 7306190
81 76 7306193
79 75 7306196
79 76 7306199
76 75 7306202
79 79 7306205
77 79 7306208
77 76 7306211
74 75 7306214
76 80 7306217
77 79 7306220
75 75 7306223
75 76 7306226
75 74 7306229
78 76 7306232
78 74 7306235
77 76 7306238
79 83 7306241
76 80 7306244
71 79 7306247
74 73 7306250
67 77 7306253
76 76 7306256
76 72 7306259
73 71 7306262
76 75 7306265
77 76 7306268
80 72 7306271
74 77 7306274
71 71 7306277
70 76 7306280
77 80 7306283
75 75 7306286
74 70 7306289
74 71 7306292
73 77 7306295
79 77 7306298
72 72 7306301
75 74 7306304
73 77 7306307
73 73 7306310
72 72 7306313
75 76 7306316
73 71 7306319
73 72 7306322
73 72 7306325
71 70 7306328
71 70 7306331
67 70 7306334
74 78 7306337
73 73 7306340
69 70 7306343
65 76 7306346
70 76 7306349
71 75 7306352
71 72 7306355
70 70 7306358
73 68 7306361
71 72 7306364
75 67 7306367
72 65 7306370
73 70 7306373
72 67 7306376
70 72 7306379
73 68 7306382
66 69 7306385
70 70 7306388
72 65 7306391
71 70 7306394
71 67 7306397
70 70 7306400
73 70 7306403
71 71 7306406
70 69 7306409
66 71 7306412
71 72 7306415
70 70 7306418
64 65 7306421
65 64 7306424
67 67 7306427
70 71 7306430
68 68 7306433
68 69 7306436
69 70 7306439
66 69 7306442
67 71 7306445
69 64 7306448
68 67 7306451
67 63 7306454
67 64 7306457
68 65 7306460
66 68 7306463
69 67 7306466
67 68 7306469
69 67 7306472
65 62 7306475
64 68 7306478
67 69 7306481
64 71 7306484
69 65 7306487
66 65 7306490
64 65 7306493
68 68 7306496
68 69 7306499
63 64 7306502
63 65 7306505
62 61 7306508
63 71 7306511
66 67 7306514
67 66 7306517
65 62 7306520
62 67 7306523
65 61 7306526
61 66 7306529
64 64 7306532
66 67 7306535
67 68 7306538
65 65 7306541
61 67 7306544
66 65 7306547
62 65 7306550
61 64 7306553
63 59 7306556
59 65 7306559
65 64 7306562
64 62 7306565
67 63 7306568
63 61 7306571
61 62 7306574
62 64 7306577
59 63 7306580
59 62 7306583
61 61 7306586
65 67 7306589
60 60 7306592
61 67 7306595
63 67 7306598
61 59 7306601
64 64 7306604
62 58 7306607
60 62 7306610
66 64 7306613
61 63 7306616
64 63 7306619
60 57 7306622
56 61 7306625
64 66 7306628
60 59 7306631
63 64 7306634
57 63 7306637
60 65 7306640
62 63 7306643
62 61 7306646
58 61 7306649
59 65 7306652
63 60 7306655
57 56 7306658
60 59 7306661
63 60 7306664
63 65 7306667
59 58 7306670
57 55 7306673
57 61 7306676
61 61 7306679
58 59 7306682
57 56 7306685
60 62 7306688
57 57 7306691
58 60 7306694
57 59 7306697
57 59 7306700
62 60 7306703
54 53 7306706
58 60 7306709
62 58 7306712
58 63 7306715
57 58 7306718
60 63 7306721
56 55 7306724
60 58 7306727
56 57 7306730
57 59 7306733
55 59 7306736
59 55 7306739
56 61 7306742
55 63 7306745
56 58 7306748
57 57 7306751
60 55 7306754
57 56 7306757
59 56 7306760
59 59 7306763
58 59 7306766
54 61 7306769
55 53 7306772
52 58 7306775
57 59 7306778
58 61 7306781
58 58 7306784
56 54 7306787
53 50 7306790
56 59 7306793
57 55 7306796
55 56 7306799
58 52 7306802
53 56 7306805
53 59 7306808
51 54 7306811
57 55 7306814
56 54 7306817
60 54 7306820
51 49 7306823
59 58 7306826
55 58 7306829
54 56 7306832
51 52 7306835
54 54 7306838
54 57 7306841
55 52 7306844
53 53 7306847
55 54 7306850
55 52 7306853
53 50 7306856
53 57 7306859
52 54 7306862
54 58 7306865
55 54 7306868
52 48 7306871
52 61 7306874
55 57 7306877
53 55 7306880
51 48 7306883
50 49 7306886
52 57 7306889
52 49 7306892
51 52 7306895
53 54 7306898
53 54 7306901
49 53 7306904
50 58 7306907
52 55 7306910
51 52 7306913
53 48 7306916
53 51 7306919
52 52 7306922
54 52 7306925
54 57 7306928
54 51 7306931
54 53 7306934
51 46 7306937
46 52 7306940
54 54 7306943
51 54 7306946
50 50 7306949
51 50 7306952
52 49 7306955
51 55 7306958
50 47 7306961
49 51 7306964
53 48 7306967
47 47 7306970
49 50 7306973
52 53 7306976
55 57 7306979
49 49 7306982
52 47 7306985
48 48 7306988
51 52 7306991
50 47 7306994
52 49 7306999
48 51 7307002
48 48 7307005
47 51 7307008
50 50 7307011
50 47 7307014
50 53 7307017
46 52 7307020
51 53 7307023
48 53 7307026
46 47 7307029
48 48 7307032
50 46 7307035
48 45 7307038
51 53 7307040
49 52 7307043
47 41 7307046
48 44 7307049
48 47 7307052
47 48 7307055
48 51 7307058
49 50 7307061
46 49 7307065
50 45 7307067
45 43 7307070
47 47 7307073
47 53 7307076
40 47 7307079
46 44 7307082
44 52 7307085
44 47 7307088
48 47 7307091
49 45 7307094
46 43 7307098
48 44 7307100
48 46 7307103
41 40 7307106
50 48 7307109
46 46 7307112
44 44 7307115
46 48 7307118
49 50 7307121
47 44 7307124
48 45 7307127
43 43 7307131
48 42 7307133
46 51 7307136
44 48 7307139
43 45 7307142
43 45 7307145
44 42 7307148
47 42 7307151
46 48 7307154
40 44 7307157
45 41 7307160
48 47 7307164
44 39 7307166
44 46 7307169
44 42 7307172
40 47 7307175
43 46 7307178
41 46 7307181
40 48 7307184
44 44 7307187
45 46 7307190
43 47 7307193
43 45 7307197
46 43 7307199
46 41 7307202
44 39 7307205
43 44 7307208
43 39 7307211
44 42 7307214
46 45 7307217
43 45 7307220
46 46 7307223
40 44 7307226
44 36 7307230
45 41 7307232
42 46 7307235
44 43 7307238
45 43 7307241
44 40 7307244
43 43 7307247
45 46 7307250
42 43 7307253
41 45 7307256
40 40 7307259
43 42 7307263
44 41 7307265
43 45 7307268
43 42 7307271
41 38 7307274
42 46 7307277
41 39 7307280
44 41 7307283
42 43 7307286
43 42 7307289
45 43 7307292
41 42 7307296
42 38 7307298
44 39 7307301
44 42 7307304
41 43 7307307
39 37 7307310
40 36 7307313
42 45 7307316
43 44 7307319
45 46 7307322
42 40 7307325
36 36 7307329
43 36 7307331
41 43 7307334
41 39 7307337
39 35 7307340
39 42 7307343
39 41 7307346
40 43 7307349
38 43 7307352
40 42 7307355
37 42 7307358
41 40 7307362
39 36 7307364
38 35 7307367
41 34 7307370
38 41 7307373
40 41 7307376
36 34 7307379
40 41 7307382
42 39 7307385
37 39 7307388
38 39 7307391
37 41 7307395
40 34 7307397
41 38 7307400
38 38 7307403
39 42 7307406
37 36 7307409
35 35 7307412
39 37 7307415
39 38 7307418
36 40 7307421
43 37 7307424
38 34 7307428
37 32 7307430
41 38 7307433
40 38 7307436
34 35 7307439
38 37 7307442
39 36 7307445
42 38 7307448
37 38 7307451
38 35 7307454
38 35 7307457
39 37 7307461
38 35 7307463
37 32 7307466
37 32 7307469
39 35 7307472
37 40 7307475
35 33 7307478
41 37 7307481
38 33 7307484
38 33 7307487
39 37 7307490
35 36 7307494
37 30 7307496
39 38 7307499
36 33 7307502
37 35 7307505
37 33 7307508
35 34 7307511
36 33 7307514
37 36 7307517
36 35 7307520
39 39 7307523
32 34 7307527
36 33 7307529
34 38 7307532
34 33 7307535
35 33 7307538
36 33 7307541
30 28 7307544
35 35 7307547
33 38 7307550
35 36 7307553
32 33 7307556
35 33 7307560
37 31 7307562
33 34 7307565
37 30 7307568
36 38 7307571
32 38 7307574
31 32 7307577
35 38 7307580
32 34 7307583
37 34 7307586
35 35 7307589
33 31 7307593
32 26 7307595
33 32 7307598
35 36 7307601
28 30 7307604
31 31 7307607
33 30 7307610
32 36 7307613
34 38 7307616
