0 0 8116683
0 0 8116687
0 0 8116692
0 0 8116696
0 0 8116700
0 0 8116705
0 0 8116709
0 0 8116713
0 0 8116718
0 0 8116722
0 0 8116726
0 0 8116731
0 0 8116735
0 0 8116739
0 0 8116744
0 0 8116748
0 0 8116752
0 0 8116757
0 0 8116761
0 0 8116765
0 0 8116770
0 0 8116774
0 0 8116778
0 0 8116783
0 0 8116787
0 0 8116791
0 0 8116796
0 0 8116800
0 0 8116804
0 0 8116809
0 0 8116813
0 0 8116817
0 0 8116822
0 0 8116826
0 0 8116830
0 0 8116835
0 0 8116839
0 0 8116843
0 0 8116848
0 0 8116852
0 0 8116856
0 0 8116861
0 0 8116865
0 0 8116869
0 0 8116874
0 0 8116878
0 0 8116882
0 0 8116887
0 0 8116891
0 0 8116895
0 0 8116900
0 0 8116904
0 0 8116908
0 0 8116913
0 0 8116917
0 0 8116921
0 0 8116926
0 0 8116930
0 0 8116934
0 0 8116939
0 0 8116943
0 0 8116947
0 0 8116952
0 0 8116956
0 0 8116960
0 0 8116965
0 0 8116969
0 0 8116973
0 0 8116978
0 0 8116982
0 0 8116986
0 0 8116991
0 0 8116995
0 0 8117001
0 0 8117005
0 0 8117009
0 0 8117014
0 0 8117018
0 0 8117022
0 0 8117027
0 0 8117031
0 0 8117035
0 0 8117040
0 0 8117044
0 0 8117048
0 0 8117053
0 0 8117057
0 0 8117061
0 0 8117066
0 0 8117070
0 0 8117074
0 0 8117079
0 0 8117083
0 0 8117087
0 0 8117092
0 0 8117096
0 0 8117100
0 0 8117105
0 0 8117109
0 0 8117113
0 0 8117118
0 0 8117122
0 0 8117126
0 0 8117131
0 0 8117135
0 0 8117139
0 0 8117144
0 0 8117148
0 0 8117152
0 0 8117157
0 0 8117161
0 0 8117165
0 0 8117170
0 0 8117174
0 0 8117178
0 0 8117183
0 0 8117187
0 0 8117191
0 0 8117196
0 0 8117200
0 0 8117204
0 0 8117209
0 0 8117213
0 0 8117217
0 0 8117222
0 0 8117226
0 0 8117230
0 0 8117235
0 0 8117239
0 0 8117243
0 0 8117248
0 0 8117252
0 0 8117256
0 0 8117261
0 0 8117265
0 0 8117269
0 0 8117274
0 0 8117278
0 0 8117282
0 0 8117287
0 0 8117291
0 0 8117295
0 0 8117300
0 0 8117304
0 0 8117308
0 0 8117313
0 0 8117317
0 0 8117321
0 0 8117326
0 0 8117330
0 0 8117334
0 0 8117339
0 0 8117343
0 0 8117347
0 0 8117352
0 0 8117356
0 0 8117360
0 0 8117365
0 0 8117369
0 0 8117373
0 0 8117378
0 0 8117382
0 0 8117386
0 0 8117391
0 0 8117395
0 0 8117399
0 0 8117404
0 0 8117408
0 0 8117412
0 0 8117417
0 0 8117421
0 0 8117425
0 0 8117430
0 0 8117434
0 0 8117438
0 0 8117443
0 0 8117447
0 0 8117451
0 0 8117456
0 0 8117460
0 0 8117464
0 0 8117469
0 0 8117473
0 0 8117477
0 0 8117482
0 0 8117486
0 0 8117490
0 0 8117495
0 0 8117499
0 0 8117503
0 0 8117508
0 0 8117512
0 0 8117516
0 0 8117521
0 0 8117525
0 0 8117529
0 0 8117534
0 0 8117538
0 0 8117542
0 0 8117547
0 0 8117551
0 0 8117555
0 0 8117560
0 0 8117564
0 0 8117568
0 0 8117573
0 0 8117577
0 0 8117581
0 0 8117586
0 0 8117590
0 0 8117594
0 0 8117599
0 0 8117603
0 0 8117607
0 0 8117612
0 0 8117616
0 0 8117620
0 0 8117625
0 0 8117629
0 0 8117633
0 0 8117638
0 0 8117642
0 0 8117646
0 0 8117651
0 0 8117655
0 0 8117659
0 0 8117664
0 0 8117668
0 0 8117672
0 0 8117677
0 0 8117681
0 0 8117685
0 0 8117690
0 0 8117694
0 0 8117698
0 0 8117703
0 0 8117707
0 0 8117711
0 0 8117716
0 0 8117720
0 0 8117724
0 0 8117729
0 0 8117733
0 0 8117737
0 0 8117742
0 0 8117746
0 0 8117750
0 0 8117755
0 0 8117759
0 0 8117763
0 0 8117768
0 0 8117772
0 0 8117776
0 0 8117781
0 0 8117785
0 0 8117789
0 0 8117794
0 0 8117798
0 0 8117802
0 0 8117807
0 0 8117811
0 0 8117815
0 0 8117820
0 0 8117824
0 0 8117828
0 0 8117833
0 0 8117837
0 0 8117841
0 0 8117846
0 0 8117850
0 0 8117854
0 0 8117859
0 0 8117863
0 0 8117867
0 0 8117872
0 0 8117876
0 0 8117880
0 0 8117885
0 0 8117889
0 0 8117893
0 0 8117898
0 0 8117902
0 0 8117906
0 0 8117911
0 0 8117915
0 0 8117919
0 0 8117924
0 0 8117928
0 0 8117932
0 0 8117937
0 0 8117941
0 0 8117945
0 0 8117950
0 0 8117954
0 0 8117958
0 0 8117963
0 0 8117967
0 0 8117971
0 0 8117976
0 0 8117980
0 0 8117984
0 0 8117989
0 0 8117993
0 0 8117999
0 0 8118003
0 0 8118008
0 0 8118012
0 0 8118016
0 0 8118021
0 0 8118025
0 0 8118029
0 0 8118034
0 0 8118038
0 0 8118042
0 0 8118047
0 0 8118051
0 0 8118055
0 0 8118060
0 0 8118064
0 0 8118068
0 0 8118073
0 0 8118077
0 0 8118081
0 0 8118086
0 0 8118090
0 0 8118094
0 0 8118099
0 0 8118103
0 0 8118107
0 0 8118112
0 0 8118116
0 0 8118120
0 0 8118125
0 0 8118129
0 0 8118133
0 0 8118138
0 0 8118142
0 0 8118146
0 0 8118151
0 0 8118155
0 0 8118159
0 0 8118164
0 0 8118168
0 0 8118172
0 0 8118177
0 0 8118181
0 0 8118185
0 0 8118190
0 0 8118194
0 0 8118198
0 0 8118203
0 0 8118207
0 0 8118211
0 0 8118216
0 0 8118220
0 0 8118224
0 0 8118229
0 0 8118233
0 0 8118237
0 0 8118242
0 0 8118246
0 0 8118251
0 0 8118255
0 0 8118259
0 0 8118264
0 0 8118268
0 0 8118272
0 0 8118277
0 0 8118281
0 0 8118286
0 0 8118290
0 0 8118294
0 0 8118299
0 0 8118303
0 0 8118308
0 0 8118312
0 0 8118316
0 0 8118321
0 0 8118325
0 0 8118329
0 0 8118334
0 0 8118338
0 0 8118343
0 0 8118347
0 0 8118351
0 0 8118356
0 0 8118360
0 0 8118364
0 0 8118369
0 0 8118373
0 0 8118378
0 0 8118382
0 0 8118386
0 0 8118391
0 0 8118395
0 0 8118400
0 0 8118404
0 0 8118408
0 0 8118413
0 0 8118417
0 0 8118421
0 0 8118426
0 0 8118430
0 0 8118435
0 0 8118439
0 0 8118443
0 0 8118448
0 0 8118452
0 0 8118456
0 0 8118461
0 0 8118465
0 0 8118470
0 0 8118474
0 0 8118478
0 0 8118483
0 0 8118487
0 0 8118492
0 0 8118496
0 0 8118500
0 0 8118505
0 0 8118509
0 0 8118513
0 0 8118518
0 0 8118522
0 0 8118527
0 0 8118531
0 0 8118535
0 0 8118540
0 0 8118544
0 0 8118548
0 0 8118553
0 0 8118557
0 0 8118562
0 0 8118566
0 0 8118570
0 0 8118575
0 0 8118579
0 0 8118584
0 0 8118588
0 0 8118592
0 0 8118597
0 0 8118601
0 0 8118605
0 0 8118610
0 0 8118614
0 0 8118619
0 0 8118623
0 0 8118627
0 0 8118632
0 0 8118636
0 0 8118640
0 0 8118645
0 0 8118649
0 0 8118654
0 0 8118658
0 0 8118662
0 0 8118667
0 0 8118671
0 0 8118676
0 0 8118680
0 0 8118684
0 0 8118689
0 0 8118693
0 0 8118697
0 0 8118702
0 0 8118706
0 0 8118711
0 0 8118715
0 0 8118719
0 0 8118724
0 0 8118728
0 0 8118732
0 0 8118737
0 0 8118741
0 0 8118746
0 0 8118750
0 0 8118754
0 0 8118759
0 0 8118763
0 0 8118768
0 0 8118772
0 0 8118776
0 0 8118781
0 0 8118785
0 0 8118789
0 0 8118794
0 0 8118798
0 0 8118803
0 0 8118807
0 0 8118811
0 0 8118816
0 0 8118820
0 0 8118824
0 0 8118829
0 0 8118833
0 0 8118838
0 0 8118842
0 0 8118846
0 0 8118851
0 0 8118855
0 0 8118860
0 0 8118864
0 0 8118868
0 0 8118873
0 0 8118877
0 0 8118881
0 0 8118886
0 0 8118890
0 0 8118895
0 0 8118899
0 0 8118903
0 0 8118908
0 0 8118912
0 0 8118916
0 0 8118921
0 0 8118925
0 0 8118930
0 0 8118934
0 0 8118938
0 0 8118943
0 0 8118947
0 0 8118951
0 0 8118956
0 0 8118960
0 0 8118964
0 0 8118969
0 0 8118973
0 0 8118977
0 0 8118982
0 0 8118986
0 0 8118990
0 0 8118995
0 0 8119000
0 0 8119004
0 0 8119009
0 0 8119013
0 0 8119017
0 0 8119022
0 0 8119026
0 0 8119030
0 0 8119035
0 0 8119039
0 0 8119043
0 0 8119048
0 0 8119052
0 0 8119056
0 0 8119061
0 0 8119065
0 0 8119069
0 0 8119074
0 0 8119078
0 0 8119082
0 0 8119087
0 0 8119091
0 0 8119095
0 0 8119100
0 0 8119104
0 0 8119108
0 0 8119113
0 0 8119117
0 0 8119121
0 0 8119126
0 0 8119130
0 0 8119134
0 0 8119139
0 0 8119143
0 0 8119147
0 0 8119152
0 0 8119156
0 0 8119160
0 0 8119165
0 0 8119169
0 0 8119173
0 0 8119178
0 0 8119182
0 0 8119186
0 0 8119191
0 0 8119195
0 0 8119199
0 0 8119204
0 0 8119208
0 0 8119212
0 0 8119217
0 0 8119221
0 0 8119225
0 0 8119230
0 0 8119234
0 0 8119238
0 0 8119243
0 0 8119247
0 0 8119251
0 0 8119256
0 0 8119260
0 0 8119264
0 0 8119269
0 0 8119273
0 0 8119277
0 0 8119282
0 0 8119286
0 0 8119290
0 0 8119295
0 0 8119299
0 0 8119303
0 0 8119308
0 0 8119312
0 0 8119316
0 0 8119321
0 0 8119325
0 0 8119329
0 0 8119334
0 0 8119338
0 0 8119342
0 0 8119347
0 0 8119351
0 0 8119355
0 0 8119360
0 0 8119364
0 0 8119368
0 0 8119373
0 0 8119377
0 0 8119381
0 0 8119386
0 0 8119390
0 0 8119394
0 0 8119399
0 0 8119403
0 0 8119407
0 0 8119412
0 0 8119416
0 0 8119420
0 0 8119425
0 0 8119429
0 0 8119433
0 0 8119438
0 0 8119442
0 0 8119446
0 0 8119451
0 0 8119455
0 0 8119459
0 0 8119464
0 0 8119468
0 0 8119472
0 0 8119477
0 0 8119481
0 0 8119485
0 0 8119490
0 0 8119494
0 0 8119498
0 0 8119503
0 0 8119507
0 0 8119511
0 0 8119516
0 0 8119520
0 0 8119524
0 0 8119529
0 0 8119533
0 0 8119537
0 0 8119542
4 1 8119546
1 6 8119550
6 2 8119555
10 9 8119559
9 9 8119563
12 15 8119568
13 14 8119572
18 18 8119576
#TRIGGER ON
22 19 8119581
17 21 8119584
24 23 8119587
26 22 8119590
32 31 8119592
30 28 8119595
28 30 8119598
33 34 8119601
32 37 8119604
33 38 8119607
35 39 8119610
40 41 8119613
40 47 8119616
41 47 8119619
42 43 8119622
44 44 8119625
46 49 8119628
47 50 8119631
52 47 8119634
50 50 8119637
52 53 8119640
60 59 8119643
58 58 8119646
60 59 8119649
62 62 8119652
65 69 8119655
67 65 8119658
66 61 8119661
67 62 8119664
68 67 8119667
73 70 8119670
74 71 8119673
77 72 8119676
72 78 8119679
78 79 8119682
73 81 8119685
80 87 8119688
84 81 8119691
82 89 8119694
83 86 8119697
84 87 8119700
90 91 8119703
91 90 8119706
92 94 8119709
91 93 8119712
96 95 8119715
94 97 8119718
97 99 8119721
98 96 8119724
97 101 8119727
105 105 8119730
102 104 8119733
109 108 8119736
105 107 8119739
108 114 8119742
112 116 8119745
112 112 8119748
111 116 8119751
116 118 8119754
117 117 8119757
117 117 8119760
118 116 8119763
120 118 8119766
128 124 8119769
125 123 8119772
126 125 8119775
124 127 8119778
129 127 8119781
131 130 8119784
130 134 8119787
132 135 8119790
133 139 8119793
139 137 8119796
139 139 8119799
142 143 8119802
142 142 8119805
144 141 8119808
143 142 8119811
144 144 8119814
145 153 8119817
149 153 8119820
148 154 8119823
150 154 8119826
150 153 8119829
154 155 8119832
154 152 8119835
155 159 8119838
160 156 8119841
161 162 8119844
165 158 8119847
163 168 8119850
167 164 8119853
165 170 8119856
165 162 8119859
167 166 8119862
168 166 8119865
174 177 8119868
175 170 8119871
174 173 8119874
176 173 8119877
173 173 8119880
179 185 8119883
179 179 8119886
183 186 8119889
182 181 8119892
185 187 8119895
189 192 8119898
186 191 8119901
188 194 8119904
188 193 8119907
190 190 8119910
190 190 8119913
189 196 8119916
193 199 8119919
193 196 8119922
199 197 8119925
201 198 8119928
200 201 8119931
205 208 8119934
203 204 8119937
202 207 8119940
208 209 8119943
212 210 8119946
210 212 8119949
209 210 8119952
210 213 8119955
219 211 8119958
218 211 8119961
213 212 8119964
219 217 8119967
219 219 8119970
222 220 8119973
218 217 8119976
225 220 8119979
225 226 8119982
227 228 8119985
226 227 8119988
228 230 8119991
232 225 8119994
231 231 8119997
234 232 8120001
233 234 8120004
237 237 8120007
235 235 8120010
239 238 8120013
241 235 8120016
240 239 8120019
240 243 8120022
240 244 8120025
242 247 8120028
246 243 8120030
245 252 8120033
248 250 8120036
249 252 8120039
248 255 8120042
253 258 8120045
255 257 8120048
251 253 8120051
254 262 8120054
257 263 8120057
257 261 8120060
256 264 8120063
261 268 8120066
260 260 8120069
258 262 8120072
265 270 8120075
267 269 8120078
264 265 8120081
268 274 8120084
271 271 8120087
268 276 8120090
272 277 8120093
276 275 8120096
276 279 8120099
276 276 8120102
278 279 8120105
279 280 8120108
281 282 8120111
280 284 8120114
286 288 8120117
284 282 8120120
285 290 8120123
289 288 8120126
285 287 8120129
292 289 8120132
288 289 8120135
293 293 8120138
297 292 8120141
296 295 8120144
294 297 8120147
298 295 8120150
300 295 8120153
296 299 8120156
299 300 8120159
301 305 8120162
305 301 8120165
305 302 8120168
305 306 8120171
312 309 8120174
309 308 8120177
311 313 8120180
313 313 8120183
310 310 8120186
312 316 8120189
314 316 8120192
315 319 8120195
321 316 8120198
319 318 8120201
320 320 8120204
321 322 8120207
320 320 8120210
325 320 8120213
321 322 8120216
326 321 8120219
324 331 8120222
327 330 8120225
329 332 8120228
330 325 8120231
331 330 8120234
330 330 8120237
334 337 8120240
337 336 8120243
336 336 8120246
338 338 8120249
336 337 8120252
337 346 8120255
342 343 8120258
342 348 8120261
344 341 8120264
344 343 8120267
344 345 8120270
346 351 8120273
352 352 8120276
350 354 8120279
349 352 8120282
352 353 8120285
350 360 8120288
356 354 8120291
352 356 8120294
358 358 8120297
357 361 8120300
355 354 8120303
358 363 8120306
363 360 8120309
364 365 8120312
363 364 8120315
362 360 8120318
361 372 8120321
370 368 8120324
367 367 8120327
367 370 8120330
372 371 8120333
370 372 8120336
374 372 8120339
371 370 8120342
375 375 8120345
378 375 8120348
375 374 8120351
376 382 8120354
384 381 8120357
381 381 8120360
381 382 8120363
381 381 8120366
383 382 8120369
386 389 8120372
386 385 8120375
388 391 8120378
386 389 8120381
385 389 8120384
387 395 8120387
393 395 8120390
394 396 8120393
393 391 8120396
394 392 8120399
392 394 8120402
397 400 8120405
399 400 8120408
400 401 8120411
400 402 8120414
403 400 8120417
402 404 8120420
407 406 8120423
405 407 8120426
405 404 8120429
407 410 8120432
407 408 8120435
413 414 8120438
412 412 8120441
413 417 8120444
409 416 8120447
413 413 8120450
412 417 8120453
415 419 8120456
413 416 8120459
416 422 8120462
417 419 8120465
418 420 8120468
423 420 8120471
422 427 8120474
425 419 8120477
423 425 8120480
425 421 8120483
426 424 8120486
428 427 8120489
429 434 8120492
434 434 8120495
433 433 8120498
434 427 8120501
433 432 8120504
436 432 8120507
437 433 8120510
435 435 8120513
439 437 8120516
437 439 8120519
441 438 8120522
443 442 8120525
441 437 8120528
442 440 8120531
440 439 8120534
446 449 8120537
444 442 8120540
446 448 8120543
447 446 8120546
451 449 8120549
446 449 8120552
448 451 8120555
451 451 8120558
450 449 8120561
453 453 8120564
455 454 8120567
455 456 8120570
459 456 8120573
460 460 8120576
461 463 8120579
458 461 8120582
456 463 8120585
459 465 8120588
460 467 8120591
467 464 8120594
463 463 8120597
464 464 8120600
466 469 8120603
470 472 8120606
471 475 8120609
469 471 8120612
469 468 8120615
469 475 8120618
470 473 8120621
471 479 8120624
476 479 8120627
475 475 8120630
474 477 8120633
478 480 8120636
481 482 8120639
481 483 8120642
479 480 8120645
479 481 8120648
481 486 8120651
481 483 8120654
483 483 8120657
486 486 8120660
485 485 8120663
487 489 8120666
490 495 8120669
485 489 8120672
490 492 8120675
492 494 8120678
491 491 8120681
493 499 8120684
497 499 8120687
494 498 8120690
498 494 8120693
497 498 8120696
500 494 8120699
502 497 8120702
506 499 8120705
501 502 8120708
505 500 8120711
503 503 8120714
504 507 8120717
506 506 8120720
508 506 8120723
506 510 8120726
513 505 8120729
508 509 8120732
513 513 8120735
511 514 8120738
515 513 8120741
510 512 8120744
515 514 8120747
512 514 8120750
518 519 8120753
519 518 8120756
517 517 8120759
520 522 8120762
517 521 8120765
522 522 8120768
524 524 8120771
525 524 8120774
527 524 8120777
521 521 8120780
520 528 8120783
524 529 8120786
525 528 8120789
528 525 8120792
526 531 8120795
529 530 8120798
531 533 8120801
529 534 8120804
536 534 8120807
535 530 8120810
531 533 8120813
535 536 8120816
536 537 8120819
538 538 8120822
539 536 8120825
540 541 8120828
538 534 8120831
544 537 8120834
542 541 8120837
547 546 8120840
544 549 8120843
542 547 8120846
546 551 8120849
547 551 8120852
545 545 8120855
551 548 8120858
549 552 8120861
547 552 8120864
552 550 8120867
551 554 8120870
552 552 8120873
554 555 8120876
554 557 8120879
555 564 8120882
560 560 8120885
556 558 8120888
559 559 8120891
557 557 8120894
555 557 8120897
561 565 8120900
562 561 8120903
564 564 8120906
563 562 8120909
564 562 8120912
563 570 8120915
571 566 8120918
568 568 8120921
566 566 8120924
567 566 8120927
570 569 8120930
572 574 8120933
572 566 8120936
575 573 8120939
572 574 8120942
574 572 8120945
572 577 8120948
577 578 8120951
575 578 8120954
577 575 8120957
573 578 8120960
579 577 8120963
579 583 8120966
580 580 8120969
581 585 8120972
583 584 8120975
582 585 8120978
580 589 8120981
584 586 8120984
582 585 8120987
585 586 8120990
587 587 8120993
589 590 8120996
591 593 8121000
591 593 8121003
590 590 8121006
591 590 8121009
595 592 8121012
597 598 8121015
594 592 8121018
593 594 8121021
597 596 8121024
600 593 8121027
598 602 8121030
600 600 8121032
601 598 8121035
604 600 8121038
602 595 8121041
600 603 8121044
603 603 8121047
604 603 8121050
606 604 8121053
611 605 8121056
608 607 8121059
609 607 8121062
607 608 8121065
610 608 8121068
609 612 8121071
612 612 8121074
611 609 8121077
609 614 8121080
613 612 8121083
614 613 8121086
614 614 8121089
618 616 8121092
617 619 8121095
618 624 8121098
617 614 8121101
615 619 8121104
620 620 8121107
617 618 8121110
620 617 8121113
621 619 8121116
623 618 8121119
625 626 8121122
625 624 8121125
626 626 8121128
625 629 8121131
626 623 8121134
624 628 8121137
626 626 8121140
626 630 8121143
631 634 8121146
630 633 8121149
631 635 8121152
635 637 8121155
634 635 8121158
633 631 8121161
634 637 8121164
632 632 8121167
636 643 8121170
636 639 8121173
635 641 8121176
638 641 8121179
638 639 8121182
637 641 8121185
642 643 8121188
642 641 8121191
643 649 8121194
643 646 8121197
638 640 8121200
638 645 8121203
648 651 8121206
646 649 8121209
647 648 8121212
646 648 8121215
649 648 8121218
651 654 8121221
649 650 8121224
650 655 8121227
650 656 8121230
650 652 8121233
650 654 8121236
651 657 8121239
656 659 8121242
659 659 8121245
655 652 8121248
653 654 8121251
657 658 8121254
658 657 8121257
660 664 8121260
661 658 8121263
664 662 8121266
657 662 8121269
663 663 8121272
663 667 8121275
666 663 8121278
665 665 8121281
664 658 8121284
664 667 8121287
666 667 8121290
669 669 8121293
665 669 8121296
666 669 8121299
666 674 8121302
670 674 8121305
668 670 8121308
669 671 8121311
672 671 8121314
673 674 8121317
677 678 8121320
675 676 8121323
677 675 8121326
670 676 8121329
674 672 8121332
678 685 8121335
682 684 8121338
677 683 8121341
682 684 8121344
679 678 8121347
678 680 8121350
686 681 8121353
682 686 8121356
687 681 8121359
685 691 8121362
688 682 8121365
684 691 8121368
687 688 8121371
686 688 8121374
690 691 8121377
691 692 8121380
689 689 8121383
693 695 8121386
689 688 8121389
691 694 8121392
693 692 8121395
692 691 8121398
696 700 8121401
696 699 8121404
697 700 8121407
696 699 8121410
697 696 8121413
696 696 8121416
700 699 8121419
694 701 8121422
699 701 8121425
701 703 8121428
701 698 8121431
700 704 8121434
705 704 8121437
703 704 8121440
704 701 8121443
705 706 8121446
705 705 8121449
707 709 8121452
708 707 8121455
705 705 8121458
707 713 8121461
708 708 8121464
705 716 8121467
710 713 8121470
709 712 8121473
710 715 8121476
714 710 8121479
713 712 8121482
715 718 8121485
715 713 8121488
714 722 8121491
714 715 8121494
712 716 8121497
713 723 8121500
721 719 8121503
717 718 8121506
722 719 8121509
722 715 8121512
716 715 8121515
723 718 8121518
720 713 8121521
717 717 8121524
713 711 8121527
712 707 8121530
708 712 8121533
710 708 8121536
708 708 8121539
711 709 8121542
707 705 8121545
705 706 8121548
704 708 8121551
702 705 8121554
705 704 8121557
700 706 8121560
704 699 8121563
694 701 8121566
698 697 8121569
696 699 8121572
698 695 8121575
696 693 8121578
692 690 8121581
692 693 8121584
691 688 8121587
692 695 8121590
692 691 8121593
691 685 8121596
684 687 8121599
686 686 8121602
685 681 8121605
685 684 8121608
687 680 8121611
679 678 8121614
679 679 8121617
682 676 8121620
678 676 8121623
676 678 8121626
675 674 8121629
674 677 8121632
674 677 8121635
672 669 8121638
675 673 8121641
669 670 8121644
669 670 8121647
671 669 8121650
667 667 8121653
669 669 8121656
665 663 8121659
661 665 8121662
659 665 8121665
663 662 8121668
660 661 8121671
665 660 8121674
660 662 8121677
658 660 8121680
659 658 8121683
657 652 8121686
654 651 8121689
654 652 8121692
651 652 8121695
652 655 8121698
654 654 8121701
653 651 8121704
652 651 8121707
649 645 8121710
645 645 8121713
646 649 8121716
644 644 8121719
648 645 8121722
643 643 8121725
644 645 8121728
636 641 8121731
641 641 8121734
640 638 8121737
639 639 8121740
637 639 8121743
636 636 8121746
639 637 8121749
636 636 8121752
639 633 8121755
630 633 8121758
631 632 8121761
629 635 8121764
629 631 8121767
632 633 8121770
630 628 8121773
628 630 8121776
628 630 8121779
628 627 8121782
625 625 8121785
627 628 8121788
626 623 8121791
621 620 8121794
618 621 8121797
622 619 8121800
621 623 8121803
621 621 8121806
620 619 8121809
620 614 8121812
617 619 8121815
616 616 8121818
619 618 8121821
612 614 8121824
614 612 8121827
607 615 8121830
614 613 8121833
610 611 8121836
608 608 8121839
607 605 8121842
605 606 8121845
609 607 8121848
608 607 8121851
608 605 8121854
606 608 8121857
602 603 8121860
603 603 8121863
600 605 8121866
599 601 8121869
600 602 8121872
600 598 8121875
595 597 8121878
597 603 8121881
599 599 8121884
596 597 8121887
592 594 8121890
591 597 8121893
590 597 8121896
593 596 8121899
590 595 8121902
588 589 8121905
589 588 8121908
586 586 8121911
588 595 8121914
588 588 8121917
589 586 8121920
583 584 8121923
584 584 8121926
582 586 8121929
583 586 8121932
580 583 8121935
580 581 8121938
580 581 8121941
577 578 8121944
581 582 8121947
579 581 8121950
577 583 8121953
575 576 8121956
574 578 8121959
571 579 8121962
576 579 8121965
574 576 8121968
573 571 8121971
572 568 8121974
568 570 8121977
573 575 8121980
570 569 8121983
571 570 8121986
569 568 8121989
568 567 8121992
563 566 8121995
565 566 8121999
561 566 8122002
561 567 8122005
564 564 8122008
559 561 8122011
559 557 8122014
557 558 8122017
558 559 8122020
559 560 8122023
559 558 8122026
564 560 8122028
560 559 8122031
556 557 8122034
554 553 8122037
555 553 8122040
553 551 8122043
548 554 8122046
553 552 8122049
549 557 8122052
549 550 8122055
554 554 8122058
549 551 8122061
547 550 8122064
548 549 8122067
546 545 8122070
540 548 8122073
544 547 8122076
543 546 8122079
545 548 8122082
542 542 8122085
540 538 8122088
543 544 8122091
541 542 8122094
541 542 8122097
536 540 8122100
535 540 8122103
535 539 8122106
538 538 8122109
530 540 8122112
536 536 8122115
537 536 8122118
532 532 8122121
534 534 8122124
532 532 8122127
533 531 8122130
534 535 8122133
530 532 8122136
526 534 8122139
530 529 8122142
528 535 8122145
527 528 8122148
525 525 8122151
524 524 8122154
523 523 8122157
523 525 8122160
523 526 8122163
526 525 8122166
524 524 8122169
522 526 8122172
521 524 8122175
523 523 8122178
516 517 8122181
516 518 8122184
516 517 8122187
515 518 8122190
517 517 8122193
514 521 8122196
516 519 8122199
513 514 8122202
511 513 8122205
516 518 8122208
511 512 8122211
510 511 8122214
509 508 8122217
508 508 8122220
510 514 8122223
509 508 8122226
507 509 8122229
509 508 8122232
504 506 8122235
502 506 8122238
504 513 8122241
503 504 8122244
504 506 8122247
502 502 8122250
504 500 8122253
503 502 8122256
503 500 8122259
500 502 8122262
501 498 8122265
497 493 8122268
495 503 8122271
497 502 8122274
497 500 8122277
495 492 8122280
494 495 8122283
490 494 8122286
495 496 8122289
495 497 8122292
495 497 8122295
492 492 8122298
491 493 8122301
486 487 8122304
488 492 8122307
488 488 8122310
488 488 8122313
488 485 8122316
483 486 8122319
488 488 8122322
485 487 8122325
484 485 8122328
489 484 8122331
484 481 8122334
481 483 8122337
484 480 8122340
482 479 8122343
481 483 8122346
484 481 8122349
482 480 8122352
481 480 8122355
480 475 8122358
478 475 8122361
478 474 8122364
476 478 8122367
477 479 8122370
474 475 8122373
475 473 8122376
473 470 8122379
474 471 8122382
474 471 8122385
472 475 8122388
473 469 8122391
475 474 8122394
474 471 8122397
470 463 8122400
467 474 8122403
472 470 8122406
468 465 8122409
469 461 8122412
463 465 8122415
467 462 8122418
465 465 8122421
470 461 8122424
468 465 8122427
463 463 8122430
463 461 8122433
457 463 8122436
460 460 8122439
464 462 8122442
463 459 8122445
461 460 8122448
457 458 8122451
459 458 8122454
461 458 8122457
459 454 8122460
455 454 8122463
452 454 8122466
454 457 8122469
456 453 8122472
457 452 8122475
455 450 8122478
452 449 8122481
450 447 8122484
450 452 8122487
450 449 8122490
456 453 8122493
454 451 8122496
447 451 8122499
448 448 8122502
449 448 8122505
446 444 8122508
446 442 8122511
443 440 8122514
442 445 8122517
446 446 8122520
449 444 8122523
445 443 8122526
441 444 8122529
445 439 8122532
438 443 8122535
438 443 8122538
443 443 8122541
440 436 8122544
442 437 8122547
440 438 8122550
440 439 8122553
438 435 8122556
437 440 8122559
433 435 8122562
433 433 8122565
428 436 8122568
432 437 8122571
432 435 8122574
433 433 8122577
433 434 8122580
428 429 8122583
431 431 8122586
429 431 8122589
431 432 8122592
429 432 8122595
428 427 8122598
429 435 8122601
428 431 8122604
423 429 8122607
422 426 8122610
424 425 8122613
423 420 8122616
429 425 8122619
424 426 8122622
420 423 8122625
423 429 8122628
422 422 8122631
423 428 8122634
422 425 8122637
418 417 8122640
418 419 8122643
417 416 8122646
416 418 8122649
415 421 8122652
418 420 8122655
415 420 8122658
416 417 8122661
418 415 8122664
413 418 8122667
414 417 8122670
411 415 8122673
414 414 8122676
413 409 8122679
410 412 8122682
412 417 8122685
412 411 8122688
412 412 8122691
407 411 8122694
405 407 8122697
408 412 8122700
409 411 8122703
409 412 8122706
411 408 8122709
408 405 8122712
404 406 8122715
407 407 8122718
405 405 8122721
404 401 8122724
405 403 8122727
403 402 8122730
401 402 8122733
404 405 8122736
401 407 8122739
405 400 8122742
404 397 8122745
400 394 8122748
400 399 8122751
402 400 8122754
403 400 8122757
402 399 8122760
399 395 8122763
394 398 8122766
396 397 8122769
397 393 8122772
398 396 8122775
397 395 8122778
396 389 8122781
395 395 8122784
400 387 8122787
392 391 8122790
392 392 8122793
391 390 8122796
390 396 8122799
396 393 8122802
385 392 8122805
392 389 8122808
392 387 8122811
387 380 8122814
389 389 8122817
389 385 8122820
390 390 8122823
386 385 8122826
383 383 8122829
383 384 8122832
383 386 8122835
387 383 8122838
386 387 8122841
386 385 8122844
382 377 8122847
381 380 8122850
380 384 8122853
380 382 8122856
379 383 8122859
378 378 8122862
378 386 8122865
378 379 8122868
375 381 8122871
377 378 8122874
377 379 8122877
378 376 8122880
373 380 8122883
373 376 8122886
376 376 8122889
373 378 8122892
373 374 8122895
370 377 8122898
372 372 8122901
369 373 8122904
373 375 8122907
372 372 8122910
368 366 8122913
370 375 8122916
370 371 8122919
373 375 8122922
374 372 8122925
369 366 8122928
364 370 8122931
367 372 8122934
366 366 8122937
365 366 8122940
368 361 8122943
360 362 8122946
367 365 8122949
368 366 8122952
370 363 8122955
366 366 8122958
366 365 8122961
362 363 8122964
363 357 8122967
361 362 8122970
362 359 8122973
360 355 8122976
358 356 8122979
360 362 8122982
361 357 8122985
360 359 8122988
360 359 8122991
356 350 8122994
358 358 8122997
359 358 8123001
359 352 8123004
357 356 8123007
355 355 8123010
355 353 8123013
355 352 8123016
354 353 8123019
354 352 8123022
351 350 8123025
351 357 8123028
350 348 8123031
355 350 8123033
351 353 8123036
353 350 8123039
349 350 8123042
351 349 8123045
348 347 8123048
345 347 8123051
349 346 8123054
348 349 8123057
343 340 8123060
347 346 8123063
345 342 8123066
351 343 8123069
343 341 8123072
347 342 8123075
343 350 8123078
346 345 8123081
344 343 8123084
342 340 8123087
344 344 8123090
342 340 8123093
344 342 8123096
343 342 8123099
340 343 8123102
343 342 8123105
338 334 8123108
338 346 8123111
339 339 8123114
335 338 8123117
338 337 8123120
336 335 8123123
336 336 8123126
336 336 8123129
335 332 8123132
338 343 8123135
338 332 8123138
327 335 8123141
329 336 8123144
332 338 8123147
334 337 8123150
333 332 8123153
333 332 8123156
334 329 8123159
332 333 8123162
328 331 8123165
332 329 8123168
327 331 8123171
329 326 8123174
326 329 8123177
328 329 8123180
329 327 8123183
329 330 8123186
328 324 8123189
328 326 8123192
327 328 8123195
327 332 8123198
329 325 8123201
325 329 8123204
324 322 8123207
320 325 8123210
323 331 8123213
324 323 8123216
323 321 8123219
322 321 8123222
324 321 8123225
323 322 8123228
322 317 8123231
320 319 8123234
321 323 8123237
320 314 8123240
313 318 8123243
316 320 8123246
319 317 8123249
316 317 8123252
319 316 8123255
317 313 8123258
314 316 8123261
320 314 8123264
317 315 8123267
316 315 8123270
315 314 8123273
309 315 8123276
317 316 8123279
313 315 8123282
316 314 8123285
314 315 8123288
310 311 8123291
312 313 8123294
312 312 8123297
313 311 8123300
310 314 8123303
312 309 8123306
306 312 8123309
308 309 8123312
307 311 8123315
307 306 8123318
306 309 8123321
304 308 8123324
311 307 8123327
306 308 8123330
312 307 8123333
306 305 8123336
303 303 8123339
302 306 8123342
302 304 8123345
301 301 8123348
305 305 8123351
304 304 8123354
301 297 8123357
304 306 8123360
306 302 8123363
303 304 8123366
302 301 8123369
302 300 8123372
297 303 8123375
299 302 8123378
298 301 8123381
296 297 8123384
296 299 8123387
297 294 8123390
298 300 8123393
296 297 8123396
297 302 8123399
299 295 8123402
291 296 8123405
296 294 8123408
292 296 8123411
293 296 8123414
292 298 8123417
296 293 8123420
291 293 8123423
293 291 8123426
294 292 8123429
295 296 8123432
295 291 8123435
291 291 8123438
289 291 8123441
291 294 8123444
291 295 8123447
291 285 8123450
290 285 8123453
289 289 8123456
292 287 8123459
290 290 8123462
293 286 8123465
289 289 8123468
285 283 8123471
287 289 8123474
287 284 8123477
287 287 8123480
285 283 8123483
283 278 8123486
286 282 8123489
285 287 8123492
289 281 8123495
282 284 8123498
284 285 8123501
285 282 8123504
282 279 8123507
284 280 8123510
280 281 8123513
283 279 8123516
283 278 8123519
279 277 8123522
281 279 8123525
282 282 8123528
283 281 8123531
282 281 8123534
278 276 8123537
276 279 8123540
275 276 8123543
279 278 8123546
279 279 8123549
280 272 8123552
274 274 8123555
277 277 8123558
277 276 8123561
276 280 8123564
274 276 8123567
275 276 8123570
269 274 8123573
271 275 8123576
272 273 8123579
271 274 8123582
275 275 8123585
270 271 8123588
274 274 8123591
271 270 8123594
275 274 8123597
270 268 8123600
271 270 8123603
268 273 8123606
269 269 8123609
269 272 8123612
270 266 8123615
269 266 8123618
264 263 8123621
266 272 8123624
267 267 8123627
266 268 8123630
268 267 8123633
264 262 8123636
266 271 8123639
269 264 8123642
264 267 8123645
266 259 8123648
264 257 8123651
262 260 8123654
264 264 8123657
267 261 8123660
267 263 8123663
264 262 8123666
265 263 8123669
260 265 8123672
265 259 8123675
257 259 8123678
259 260 8123681
262 257 8123684
258 258 8123687
264 265 8123690
260 256 8123693
263 261 8123696
260 258 8123699
255 256 8123702
255 258 8123705
255 257 8123708
258 260 8123711
258 258 8123714
258 256 8123717
258 254 8123720
258 259 8123723
256 257 8123726
259 259 8123729
252 254 8123732
252 252 8123735
251 256 8123738
253 258 8123741
251 255 8123744
253 252 8123747
255 256 8123750
252 254 8123753
252 256 8123756
249 250 8123759
250 253 8123762
253 257 8123765
251 250 8123768
245 253 8123771
249 254 8123774
249 250 8123777
250 251 8123780
253 246 8123783
246 245 8123786
249 248 8123789
247 244 8123792
249 248 8123795
249 248 8123798
247 242 8123801
244 246 8123804
246 245 8123807
247 246 8123810
248 244 8123813
246 244 8123816
244 243 8123819
248 248 8123822
243 243 8123825
246 245 8123828
242 244 8123831
244 238 8123834
237 243 8123837
241 240 8123840
242 239 8123843
245 241 8123846
244 239 8123849
241 237 8123852
240 244 8123855
241 238 8123858
237 239 8123861
242 238 8123864
237 242 8123867
237 244 8123870
241 238 8123873
236 241 8123876
236 234 8123879
240 235 8123882
235 236 8123885
236 239 8123888
234 236 8123891
237 240 8123894
233 235 8123897
233 236 8123900
232 244 8123903
236 236 8123906
234 239 8123909
236 230 8123912
235 231 8123915
230 230 8123918
232 234 8123921
234 235 8123924
234 232 8123927
233 233 8123930
231 233 8123933
229 233 8123936
230 234 8123939
227 228 8123942
228 229 8123945
230 227 8123948
230 231 8123951
231 231 8123954
233 227 8123957
229 233 8123960
233 230 8123963
231 229 8123966
228 232 8123969
229 229 8123972
231 227 8123975
225 228 8123978
230 228 8123981
226 221 8123984
229 226 8123987
226 221 8123990
228 225 8123993
223 224 8123996
227 222 8124000
227 223 8124003
225 226 8124006
225 224 8124009
224 227 8124012
223 222 8124015
221 227 8124018
226 222 8124021
222 222 8124024
223 219 8124027
223 216 8124029
224 221 8124032
221 227 8124035
223 217 8124038
217 220 8124041
216 221 8124044
222 224 8124047
220 222 8124050
219 221 8124053
218 223 8124056
220 221 8124059
217 219 8124062
217 221 8124065
217 216 8124068
211 214 8124071
215 213 8124074
218 218 8124077
218 222 8124080
216 218 8124083
214 214 8124086
213 221 8124089
215 216 8124092
213 215 8124095
212 214 8124098
215 219 8124101
214 212 8124104
216 212 8124107
213 215 8124110
219 220 8124113
215 214 8124116
211 210 8124119
213 215 8124122
212 210 8124125
209 210 8124128
211 209 8124131
212 215 8124134
215 207 8124137
208 209 8124140
213 207 8124143
210 209 8124146
210 214 8124149
211 205 8124152
205 209 8124155
209 209 8124158
208 210 8124161
208 211 8124164
206 207 8124167
207 209 8124170
211 204 8124173
206 207 8124176
210 204 8124179
206 208 8124182
205 207 8124185
201 206 8124188
205 207 8124191
205 201 8124194
204 206 8124197
207 202 8124200
200 200 8124203
206 204 8124206
204 202 8124209
210 206 8124212
201 202 8124215
202 205 8124218
199 210 8124221
208 206 8124224
200 205 8124227
201 199 8124230
201 199 8124233
203 201 8124236
202 201 8124239
202 202 8124242
202 202 8124245
204 201 8124248
199 202 8124251
195 201 8124254
198 201 8124257
198 200 8124260
200 202 8124263
198 197 8124266
200 197 8124269
195 197 8124272
195 197 8124275
198 202 8124278
195 201 8124281
198 197 8124284
191 203 8124287
199 200 8124290
196 199 8124293
194 193 8124296
196 196 8124299
192 190 8124302
191 193 8124305
196 198 8124308
199 195 8124311
196 195 8124314
193 192 8124317
190 190 8124320
197 194 8124323
195 192 8124326
193 191 8124329
194 187 8124332
190 189 8124335
193 188 8124338
192 189 8124341
195 192 8124344
190 189 8124347
188 191 8124350
186 191 8124353
187 192 8124356
189 195 8124359
192 187 8124362
191 193 8124365
188 188 8124368
190 186 8124371
188 184 8124374
191 188 8124377
188 186 8124380
191 186 8124383
185 194 8124386
185 186 8124389
187 187 8124392
185 185 8124395
188 187 8124398
185 186 8124401
190 188 8124404
187 189 8124407
184 187 8124410
185 183 8124413
181 179 8124416
180 189 8124419
187 187 8124422
184 187 8124425
187 180 8124428
182 181 8124431
181 177 8124434
184 183 8124437
183 184 8124440
187 183 8124443
182 181 8124446
182 179 8124449
178 189 8124452
182 179 8124455
178 182 8124458
181 181 8124461
183 179 8124464
180 180 8124467
181 184 8124470
178 178 8124473
179 183 8124476
183 183 8124479
178 179 8124482
176 186 8124485
179 182 8124488
175 181 8124491
177 178 8124494
179 176 8124497
172 177 8124500
178 183 8124503
181 179 8124506
178 179 8124509
177 180 8124512
176 180 8124515
174 180 8124518
176 180 8124521
175 180 8124524
176 176 8124527
178 176 8124530
174 174 8124533
174 175 8124536
173 170 8124539
176 176 8124542
175 176 8124545
172 175 8124548
172 177 8124551
170 174 8124554
172 174 8124557
171 173 8124560
170 173 8124563
168 174 8124566
174 175 8124569
171 172 8124572
172 174 8124575
172 172 8124578
168 170 8124581
167 173 8124584
166 172 8124587
168 172 8124590
171 174 8124593
172 170 8124596
168 166 8124599
165 171 8124602
168 168 8124605
168 170 8124608
170 173 8124611
167 168 8124614
166 175 8124617
165 170 8124620
166 168 8124623
166 167 8124626
167 165 8124629
167 164 8124632
167 167 8124635
165 165 8124638
166 164 8124641
166 171 8124644
166 163 8124647
163 167 8124650
166 164 8124653
160 163 8124656
165 165 8124659
166 165 8124662
166 165 8124665
169 163 8124668
161 160 8124671
166 163 8124674
162 162 8124677
164 159 8124680
162 167 8124683
163 165 8124686
162 164 8124689
158 160 8124692
162 159 8124695
159 161 8124698
162 163 8124701
158 161 8124704
162 161 8124707
159 160 8124710
160 162 8124713
157 163 8124716
162 156 8124719
156 157 8124722
158 155 8124725
156 159 8124728
159 155 8124731
159 158 8124734
159 155 8124737
160 160 8124740
160 156 8124743
156 156 8124746
155 156 8124749
152 159 8124752
159 161 8124755
159 156 8124758
157 158 8124761
155 152 8124764
153 153 8124767
155 159 8124770
155 158 8124773
154 154 8124776
152 156 8124779
153 156 8124782
153 158 8124785
152 155 8124788
154 156 8124791
156 158 8124794
155 153 8124797
152 156 8124800
153 155 8124803
153 158 8124806
152 154 8124809
153 152 8124812
151 157 8124815
149 149 8124818
151 150 8124821
152 151 8124824
153 156 8124827
150 151 8124830
150 150 8124833
150 150 8124836
151 149 8124839
151 153 8124842
146 154 8124845
152 157 8124848
149 150 8124851
148 149 8124854
150 150 8124857
151 146 8124860
147 151 8124863
152 149 8124866
148 147 8124869
151 151 8124872
146 149 8124875
147 148 8124878
147 152 8124881
149 150 8124884
144 149 8124887
147 151 8124890
147 147 8124893
141 146 8124896
149 145 8124899
145 148 8124902
147 146 8124905
147 147 8124908
146 141 8124911
144 154 8124914
145 149 8124917
146 150 8124920
146 148 8124923
145 144 8124926
141 144 8124929
144 147 8124932
144 143 8124935
141 150 8124938
144 144 8124941
138 141 8124944
145 148 8124947
143 145 8124950
143 144 8124953
141 138 8124956
144 145 8124959
141 138 8124962
143 147 8124965
143 140 8124968
142 144 8124971
145 142 8124974
140 138 8124977
139 145 8124980
136 140 8124983
138 142 8124986
144 144 8124989
140 135 8124992
135 138 8124995
138 139 8124999
139 142 8125002
137 136 8125006
140 135 8125008
139 142 8125011
140 139 8125014
132 137 8125017
136 140 8125020
135 135 8125023
141 142 8125026
132 138 8125029
138 141 8125032
138 139 8125035
137 136 8125039
135 135 8125041
133 137 8125044
136 137 8125047
140 136 8125050
131 136 8125053
138 130 8125056
134 139 8125059
134 134 8125062
138 139 8125065
136 132 8125068
136 135 8125072
138 129 8125074
133 134 8125077
137 134 8125080
130 133 8125083
136 134 8125086
135 133 8125089
136 130 8125092
132 132 8125095
132 134 8125098
133 131 8125101
131 135 8125105
132 130 8125107
136 135 8125110
136 132 8125113
132 133 8125116
129 133 8125119
128 128 8125122
132 130 8125125
129 136 8125128
130 135 8125131
134 129 8125134
133 129 8125138
129 129 8125140
129 132 8125143
128 128 8125146
132 132 8125149
129 131 8125152
128 126 8125155
129 131 8125158
129 132 8125161
129 131 8125164
128 125 8125167
126 124 8125171
129 122 8125173
127 128 8125176
130 128 8125179
130 126 8125182
126 128 8125185
124 126 8125188
129 130 8125191
127 128 8125194
126 124 8125197
126 126 8125200
124 122 8125204
129 126 8125206
128 126 8125209
128 131 8125212
126 123 8125215
127 127 8125218
121 122 8125221
130 128 8125224
123 124 8125227
128 127 8125230
127 127 8125233
124 125 8125237
123 116 8125239
126 125 8125242
126 122 8125245
125 123 8125248
121 125 8125251
123 121 8125254
126 126 8125257
123 122 8125260
123 126 8125263
122 124 8125266
119 119 8125270
122 116 8125272
127 118 8125275
121 123 8125278
118 116 8125281
121 121 8125284
122 121 8125287
124 119 8125290
120 118 8125293
123 119 8125296
121 122 8125299
122 118 8125303
121 117 8125305
122 117 8125308
122 116 8125311
122 120 8125314
120 121 8125317
121 117 8125320
125 121 8125323
120 119 8125326
119 121 8125329
120 118 8125332
114 119 8125336
123 115 8125338
119 116 8125341
117 114 8125344
119 120 8125347
116 120 8125350
119 116 8125353
113 113 8125356
119 114 8125359
115 117 8125362
120 116 8125365
116 115 8125369
120 111 8125371
116 117 8125374
118 118 8125377
116 115 8125380
116 113 8125383
112 112 8125386
118 118 8125389
112 113 8125392
117 115 8125395
114 116 8125398
114 112 8125402
115 107 8125404
114 116 8125407
114 112 8125410
110 114 8125413
114 113 8125416
114 115 8125419
117 116 8125422
113 117 8125425
114 114 8125428
116 112 8125431
114 112 8125435
113 107 8125437
114 114 8125440
112 111 8125443
111 117 8125446
108 115 8125449
112 114 8125452
111 111 8125455
111 111 8125458
110 119 8125461
110 112 8125464
110 110 8125468
114 107 8125470
111 108 8125473
108 111 8125476
110 108 8125479
106 113 8125482
107 107 8125485
110 114 8125488
106 107 8125491
111 110 8125494
110 111 8125497
109 110 8125501
107 109 8125503
107 108 8125506
109 105 8125509
108 111 8125512
105 111 8125515
105 108 8125518
111 109 8125521
105 110 8125524
106 108 8125527
109 108 8125530
106 106 8125534
111 104 8125536
109 108 8125539
109 103 8125542
103 108 8125545
107 110 8125548
111 102 8125551
111 108 8125554
106 106 8125557
105 109 8125560
104 103 8125563
105 105 8125567
108 103 8125569
106 108 8125572
106 106 8125575
100 109 8125578
105 104 8125581
103 106 8125584
107 102 8125587
102 104 8125590
103 105 8125593
103 104 8125596
101 102 8125600
111 100 8125602
101 107 8125605
105 103 8125608
99 102 8125611
105 104 8125614
100 99 8125617
105 106 8125620
99 104 8125623
103 104 8125626
102 102 8125629
102 102 8125633
102 96 8125635
101 99 8125638
104 97 8125641
99 100 8125644
102 102 8125647
102 102 8125650
102 103 8125653
102 101 8125656
104 103 8125659
100 99 8125662
96 99 8125666
104 95 8125668
103 103 8125671
101 103 8125674
97 101 8125677
99 101 8125680
98 101 8125683
101 99 8125686
97 97 8125689
100 102 8125692
100 100 8125695
97 96 8125699
102 94 8125701
101 98 8125704
101 100 8125707
97 103 8125710
100 97 8125713
94 94 8125716
97 100 8125719
93 97 8125722
101 97 8125725
96 101 8125728
99 98 8125732
93 93 8125734
94 97 8125737
98 94 8125740
96 99 8125743
94 93 8125746
96 93 8125749
96 103 8125752
95 100 8125755
95 97 8125758
97 98 8125761
92 95 8125765
94 90 8125767
98 94 8125770
95 94 8125773
97 97 8125776
95 95 8125779
95 87 8125782
97 95 8125785
96 97 8125788
93 93 8125791
100 94 8125794
98 92 8125798
95 91 8125800
94 95 8125803
98 93 8125806
96 94 8125809
89 90 8125812
89 87 8125815
98 93 8125818
96 95 8125821
91 94 8125824
94 95 8125827
92 89 8125831
94 89 8125833
90 89 8125836
93 90 8125839
89 88 8125842
95 95 8125845
88 89 8125848
91 90 8125851
92 94 8125854
93 87 8125857
87 86 8125860
89 87 8125864
89 93 8125866
90 91 8125869
92 89 8125872
84 91 8125875
90 91 8125878
82 90 8125881
93 91 8125884
86 87 8125887
95 95 8125890
90 92 8125893
88 92 8125897
89 82 8125899
90 91 8125902
86 85 8125905
90 88 8125908
90 89 8125911
89 89 8125914
88 89 8125917
89 92 8125920
87 90 8125923
86 92 8125926
84 84 8125930
91 82 8125932
90 89 8125935
88 92 8125938
85 90 8125941
86 83 8125944
85 85 8125947
85 89 8125950
85 88 8125953
89 92 8125956
85 89 8125959
85 85 8125963
88 86 8125965
88 89 8125968
83 84 8125971
84 84 8125974
86 87 8125977
85 85 8125980
84 86 8125983
83 84 8125986
87 87 8125989
84 89 8125992
78 81 8125996
83 86 8126000
84 83 8126003
86 90 8126006
84 83 8126009
80 85 8126012
84 82 8126015
81 80 8126018
82 82 8126021
85 86 8126024
85 82 8126027
81 83 8126030
83 81 8126033
79 85 8126036
88 80 8126039
80 79 8126042
85 82 8126045
84 81 8126048
84 77 8126051
85 84 8126054
85 82 8126057
81 76 8126060
79 81 8126063
81 79 8126066
82 83 8126069
83 82 8126072
83 85 8126075
81 80 8126078
84 75 8126081
80 80 8126084
78 81 8126087
81 80 8126090
83 83 8126093
85 85 8126096
80 79 8126099
80 79 8126102
81 80 8126105
76 81 8126108
78 79 8126111
79 80 8126114
81 79 8126117
80 81 8126120
81 81 8126123
78 79 8126126
78 82 8126129
79 75 8126132
77 79 8126135
75 82 8126138
78 85 8126141
80 76 8126144
77 74 8126147
72 78 8126150
77 78 8126153
77 74 8126156
80 81 8126159
80 77 8126162
78 77 8126165
75 77 8126168
75 77 8126171
76 72 8126174
77 75 8126177
76 76 8126180
73 79 8126183
80 74 8126186
77 77 8126189
74 77 8126192
71 75 8126195
74 77 8126198
73 79 8126201
74 81 8126204
76 77 8126207
71 76 8126210
77 77 8126213
73 78 8126216
74 78 8126219
75 73 8126222
77 76 8126225
70 76 8126228
71 76 8126231
70 76 8126234
77 75 8126237
74 76 8126240
74 74 8126243
73 73 8126246
77 75 8126249
75 78 8126252
75 73 8126255
75 72 8126258
75 73 8126261
68 72 8126264
68 78 8126267
74 75 8126270
73 78 8126273
74 72 8126276
69 74 8126279
70 74 8126282
75 74 8126285
71 74 8126288
73 75 8126291
75 76 8126294
71 71 8126297
69 73 8126300
66 69 8126303
71 75 8126306
73 73 8126309
70 69 8126312
69 69 8126315
68 72 8126318
74 73 8126321
74 71 8126324
73 73 8126327
73 68 8126330
67 70 8126333
71 71 8126336
69 74 8126339
71 72 8126342
68 65 8126345
69 68 8126348
66 70 8126351
69 71 8126354
72 69 8126357
69 73 8126360
66 66 8126363
66 68 8126366
71 73 8126369
72 79 8126372
69 67 8126375
66 64 8126378
66 62 8126381
66 69 8126384
68 69 8126387
68 71 8126390
69 70 8126393
68 71 8126396
67 73 8126399
68 67 8126402
60 68 8126405
67 66 8126408
63 67 8126411
70 72 8126414
73 66 8126417
65 69 8126420
66 66 8126423
66 68 8126426
68 64 8126429
62 71 8126432
68 68 8126435
63 69 8126438
66 67 8126441
64 62 8126444
65 65 8126447
66 66 8126450
65 70 8126453
67 66 8126456
68 68 8126459
66 68 8126462
64 69 8126465
65 64 8126468
63 67 8126471
63 64 8126474
63 64 8126477
63 60 8126480
68 69 8126483
66 65 8126486
68 65 8126489
66 60 8126492
63 58 8126495
64 67 8126498
65 68 8126501
66 64 8126504
65 63 8126507
64 60 8126510
62 58 8126513
67 65 8126516
64 64 8126519
64 65 8126522
65 64 8126525
62 58 8126528
60 68 8126531
63 66 8126534
62 63 8126537
62 63 8126540
64 62 8126543
63 60 8126546
61 64 8126549
68 64 8126552
65 61 8126555
59 60 8126558
62 59 8126561
58 65 8126564
62 63 8126567
65 66 8126570
66 61 8126573
64 58 8126576
60 55 8126579
61 59 8126582
61 59 8126585
61 57 8126588
65 64 8126591
66 59 8126594
59 60 8126597
60 61 8126600
60 61 8126603
58 55 8126606
60 56 8126609
59 57 8126612
63 63 8126615
61 59 8126618
61 61 8126621
60 56 8126624
58 58 8126627
57 65 8126630
61 63 8126633
57 59 8126636
57 59 8126639
59 65 8126642
57 55 8126645
60 65 8126648
59 53 8126651
58 58 8126654
57 64 8126657
58 60 8126660
57 62 8126663
59 60 8126666
57 58 8126669
57 57 8126672
58 57 8126675
58 60 8126678
60 64 8126681
61 55 8126684
58 55 8126687
58 59 8126690
54 58 8126693
53 61 8126696
57 62 8126699
60 62 8126702
56 60 8126705
57 58 8126708
55 55 8126711
57 57 8126714
55 52 8126717
54 60 8126720
56 59 8126723
57 57 8126726
52 62 8126729
56 63 8126732
55 61 8126735
55 54 8126738
51 56 8126741
52 57 8126744
56 58 8126747
57 56 8126750
57 57 8126753
59 61 8126756
53 55 8126759
54 58 8126762
55 56 8126765
56 57 8126768
54 58 8126771
54 56 8126774
54 54 8126777
56 58 8126780
54 52 8126783
55 58 8126786
54 55 8126789
56 49 8126792
49 56 8126795
58 57 8126798
55 56 8126801
55 58 8126804
56 53 8126807
53 47 8126810
51 48 8126813
56 55 8126816
56 58 8126819
56 57 8126822
56 55 8126825
56 51 8126828
54 51 8126831
50 52 8126834
52 50 8126837
52 51 8126840
53 52 8126843
55 53 8126846
54 53 8126849
54 54 8126852
52 49 8126855
53 47 8126858
45 52 8126861
54 52 8126864
51 57 8126867
54 50 8126870
53 48 8126873
52 50 8126876
53 46 8126879
52 50 8126882
55 49 8126885
55 51 8126888
50 46 8126891
52 55 8126894
50 51 8126897
50 51 8126900
52 53 8126903
53 46 8126906
48 44 8126909
53 54 8126912
54 53 8126915
52 55 8126918
53 50 8126921
54 50 8126924
49 52 8126927
52 55 8126930
52 50 8126933
50 48 8126936
51 49 8126939
48 48 8126942
54 48 8126945
52 54 8126948
52 50 8126951
49 50 8126954
54 46 8126957
43 53 8126960
45 49 8126963
44 47 8126966
50 51 8126969
51 48 8126972
51 49 8126975
53 49 8126978
48 47 8126981
45 49 8126984
49 53 8126987
46 48 8126990
43 51 8126993
51 53 8126996
49 50 8127000
48 47 8127003
47 48 8127006
45 44 8127009
47 51 8127012
44 48 8127015
47 46 8127018
46 48 8127021
49 47 8127024
47 46 8127027
49 52 8127029
50 43 8127032
48 45 8127035
50 46 8127038
47 45 8127041
49 49 8127044
49 49 8127047
49 45 8127050
46 46 8127053
47 45 8127056
47 47 8127059
47 45 8127062
47 43 8127065
43 46 8127068
48 45 8127071
48 50 8127074
46 42 8127077
45 42 8127080
48 45 8127083
47 45 8127086
45 46 8127089
48 47 8127092
46 42 8127095
49 44 8127098
45 46 8127101
45 48 8127104
47 47 8127107
46 47 8127110
48 44 8127113
44 46 8127116
46 48 8127119
42 45 8127122
45 49 8127125
45 44 8127128
42 41 8127131
39 49 8127134
42 48 8127137
46 50 8127140
44 44 8127143
46 40 8127146
42 38 8127149
43 46 8127152
47 45 8127155
42 44 8127158
47 45 8127161
42 41 8127164
42 47 8127167
48 42 8127170
40 45 8127173
45 41 8127176
43 43 8127179
43 43 8127182
46 43 8127185
44 44 8127188
43 45 8127191
45 44 8127194
41 43 8127197
43 47 8127200
41 45 8127203
46 44 8127206
42 38 8127209
42 39 8127212
44 41 8127215
41 37 8127218
43 45 8127221
46 41 8127224
43 43 8127227
41 42 8127230
42 44 8127233
41 40 8127236
40 41 8127239
43 37 8127242
43 42 8127245
44 41 8127248
41 44 8127251
41 43 8127254
46 40 8127257
41 42 8127260
42 39 8127263
40 41 8127266
38 42 8127269
43 43 8127272
44 41 8127275
41 41 8127278
40 40 8127281
42 42 8127284
39 34 8127287
41 43 8127290
42 42 8127293
37 38 8127296
33 38 8127299
45 46 8127302
41 40 8127305
39 41 8127308
37 43 8127311
39 37 8127314
40 42 8127317
39 36 8127320
40 42 8127323
41 44 8127326
38 39 8127329
38 43 8127332
41 38 8127335
38 42 8127338
40 44 8127341
41 39 8127344
33 40 8127347
37 43 8127350
39 38 8127353
40 42 8127356
38 40 8127359
38 37 8127362
33 42 8127365
36 40 8127368
36 44 8127371
41 38 8127374
38 37 8127377
35 34 8127380
37 35 8127383
36 33 8127386
39 33 8127389
36 38 8127392
39 34 8127395
38 41 8127398
40 38 8127401
40 39 8127404
39 31 8127407
36 38 8127410
38 38 8127413
40 37 8127416
40 37 8127419
38 35 8127422
34 41 8127425
39 36 8127428
33 42 8127431
38 38 8127434
35 38 8127437
37 42 8127440
40 36 8127443
34 31 8127446
39 34 8127449
34 32 8127452
35 38 8127455
39 38 8127458
34 34 8127461
36 39 8127464
38 31 8127467
35 37 8127470
38 33 8127473
34 34 8127476
33 32 8127479
37 38 8127482
37 38 8127485
35 38 8127488
37 41 8127491
37 39 8127494
34 41 8127497
36 37 8127500
33 36 8127503
37 35 8127506
34 34 8127509
35 35 8127512
33 36 8127515
38 39 8127518
35 39 8127521
36 35 8127524
34 34 8127527
31 39 8127530
37 34 8127533
33 32 8127536
34 30 8127539
36 34 8127542
32 29 8127545
33 34 8127548
31 33 8127551
35 35 8127554
35 35 8127557
33 32 8127560
35 36 8127563
37 32 8127566
32 31 8127569
36 33 8127572
34 31 8127575
35 31 8127578
