0 0 2036943
0 0 2036947
0 0 2036952
0 0 2036956
0 0 2036960
0 0 2036965
0 0 2036969
0 0 2036973
0 0 2036978
0 0 2036982
0 0 2036987
0 0 2036991
0 0 2036995
0 0 2037001
0 0 2037005
0 0 2037010
0 0 2037014
0 0 2037018
0 0 2037023
0 0 2037027
0 0 2037032
0 0 2037036
0 0 2037040
0 0 2037045
0 0 2037049
0 0 2037054
0 0 2037058
0 0 2037062
0 0 2037067
0 0 2037071
0 0 2037075
0 0 2037080
0 0 2037084
0 0 2037089
0 0 2037093
0 0 2037097
0 0 2037102
0 0 2037106
0 0 2037110
0 0 2037115
0 0 2037119
0 0 2037124
0 0 2037128
0 0 2037132
0 0 2037137
0 0 2037141
0 0 2037146
0 0 2037150
0 0 2037154
0 0 2037159
0 0 2037163
0 0 2037167
0 0 2037172
0 0 2037176
0 0 2037181
0 0 2037185
0 0 2037189
0 0 2037194
0 0 2037198
0 0 2037202
0 0 2037207
0 0 2037211
0 0 2037215
0 0 2037220
0 0 2037224
0 0 2037228
0 0 2037233
0 0 2037237
0 0 2037241
0 0 2037246
0 0 2037250
0 0 2037254
0 0 2037259
0 0 2037263
0 0 2037267
0 0 2037272
0 0 2037276
0 0 2037280
0 0 2037285
0 0 2037289
0 0 2037293
0 0 2037298
0 0 2037302
0 0 2037306
0 0 2037311
0 0 2037315
0 0 2037319
0 0 2037324
0 0 2037328
0 0 2037332
0 0 2037337
0 0 2037341
0 0 2037345
0 0 2037350
0 0 2037354
0 0 2037358
0 0 2037363
0 0 2037367
0 0 2037371
0 0 2037376
0 0 2037380
0 0 2037384
0 0 2037389
0 0 2037393
0 0 2037397
0 0 2037402
0 0 2037406
0 0 2037410
0 0 2037415
0 0 2037419
0 0 2037423
0 0 2037428
0 0 2037432
0 0 2037436
0 0 2037441
0 0 2037445
0 0 2037449
0 0 2037454
0 0 2037458
0 0 2037462
0 0 2037467
0 0 2037471
0 0 2037475
0 0 2037480
0 0 2037484
0 0 2037488
0 0 2037493
0 0 2037497
0 0 2037501
0 0 2037506
0 0 2037510
0 0 2037514
0 0 2037519
0 0 2037523
0 0 2037527
0 0 2037532
0 0 2037536
0 0 2037540
0 0 2037545
0 0 2037549
0 0 2037553
0 0 2037558
0 0 2037562
0 0 2037566
0 0 2037571
0 0 2037575
0 0 2037579
0 0 2037584
0 0 2037588
0 0 2037592
0 0 2037597
0 0 2037601
0 0 2037605
0 0 2037610
0 0 2037614
0 0 2037618
0 0 2037623
0 0 2037627
0 0 2037631
0 0 2037636
0 0 2037640
0 0 2037644
0 0 2037649
0 0 2037653
0 0 2037657
0 0 2037662
0 0 2037666
0 0 2037670
0 0 2037675
0 0 2037679
0 0 2037683
0 0 2037688
0 0 2037692
0 0 2037696
0 0 2037701
0 0 2037705
0 0 2037709
0 0 2037714
0 0 2037718
0 0 2037722
0 0 2037727
0 0 2037731
0 0 2037735
0 0 2037740
0 0 2037744
0 0 2037748
0 0 2037753
0 0 2037757
0 0 2037761
0 0 2037766
0 0 2037770
0 0 2037774
0 0 2037779
0 0 2037783
0 0 2037787
0 0 2037792
0 0 2037796
0 0 2037800
0 0 2037805
0 0 2037809
0 0 2037813
0 0 2037818
0 0 2037822
0 0 2037826
0 0 2037831
0 0 2037835
0 0 2037839
0 0 2037844
0 0 2037848
0 0 2037852
0 0 2037857
0 0 2037861
0 0 2037865
0 0 2037870
0 0 2037874
0 0 2037878
0 0 2037883
0 0 2037887
0 0 2037891
0 0 2037896
0 0 2037900
0 0 2037904
0 0 2037909
0 0 2037913
0 0 2037917
0 0 2037922
0 0 2037926
0 0 2037930
0 0 2037935
0 0 2037939
0 0 2037943
0 0 2037948
0 0 2037952
0 0 2037956
0 0 2037961
0 0 2037965
0 0 2037969
0 0 2037974
0 0 2037978
0 0 2037982
0 0 2037987
0 0 2037991
0 0 2037995
0 0 2038001
0 0 2038005
0 0 2038010
0 0 2038014
0 0 2038018
0 0 2038023
0 0 2038027
0 0 2038031
0 0 2038036
0 0 2038040
0 0 2038044
0 0 2038049
0 0 2038053
0 0 2038057
0 0 2038062
0 0 2038066
0 0 2038070
0 0 2038075
0 0 2038079
0 0 2038083
0 0 2038088
0 0 2038092
0 0 2038096
0 0 2038101
0 0 2038105
0 0 2038109
0 0 2038114
0 0 2038118
0 0 2038122
0 0 2038127
0 0 2038131
0 0 2038135
0 0 2038140
0 0 2038144
0 0 2038148
0 0 2038153
0 0 2038157
0 0 2038161
0 0 2038166
0 0 2038170
0 0 2038174
0 0 2038179
0 0 2038183
0 0 2038187
0 0 2038192
0 0 2038196
0 0 2038200
0 0 2038205
0 0 2038209
0 0 2038213
0 0 2038218
0 0 2038222
0 0 2038226
0 0 2038231
0 0 2038235
0 0 2038239
0 0 2038244
0 0 2038248
0 0 2038252
0 0 2038257
0 0 2038261
0 0 2038265
0 0 2038270
0 0 2038274
0 0 2038278
0 0 2038283
0 0 2038287
0 0 2038291
0 0 2038296
0 0 2038300
0 0 2038304
0 0 2038309
0 0 2038313
0 0 2038317
0 0 2038322
0 0 2038326
0 0 2038330
0 0 2038335
0 0 2038339
0 0 2038343
0 0 2038348
0 0 2038352
0 0 2038356
0 0 2038361
0 0 2038365
0 0 2038369
0 0 2038374
0 0 2038378
0 0 2038382
0 0 2038387
0 0 2038391
0 0 2038395
0 0 2038400
0 0 2038404
0 0 2038408
0 0 2038413
0 0 2038417
0 0 2038421
0 0 2038426
0 0 2038430
0 0 2038434
0 0 2038439
0 0 2038443
0 0 2038447
0 0 2038452
0 0 2038456
0 0 2038460
0 0 2038465
0 0 2038469
0 0 2038473
0 0 2038478
0 0 2038482
0 0 2038486
0 0 2038491
0 0 2038495
0 0 2038499
0 0 2038504
0 0 2038508
0 0 2038512
0 0 2038517
0 0 2038521
0 0 2038525
0 0 2038530
0 0 2038534
0 0 2038538
0 0 2038543
0 0 2038547
0 0 2038551
0 0 2038556
0 0 2038560
0 0 2038564
0 0 2038569
0 0 2038573
0 0 2038577
0 0 2038582
0 0 2038586
0 0 2038590
0 0 2038595
0 0 2038599
0 0 2038603
0 0 2038608
0 0 2038612
0 0 2038616
0 0 2038621
0 0 2038625
0 0 2038629
0 0 2038634
0 0 2038638
0 0 2038642
0 0 2038647
0 0 2038651
0 0 2038655
0 0 2038660
0 0 2038664
0 0 2038668
0 0 2038673
0 0 2038677
0 0 2038681
0 0 2038686
0 0 2038690
0 0 2038694
0 0 2038699
0 0 2038703
0 0 2038707
0 0 2038712
0 0 2038716
0 0 2038720
0 0 2038725
0 0 2038729
0 0 2038733
0 0 2038738
0 0 2038742
0 0 2038746
0 0 2038751
0 0 2038755
0 0 2038759
0 0 2038764
0 0 2038768
0 0 2038772
0 0 2038777
0 0 2038781
0 0 2038785
0 0 2038790
0 0 2038794
0 0 2038798
0 0 2038803
0 0 2038807
0 0 2038811
0 0 2038816
0 0 2038820
0 0 2038824
0 0 2038829
0 0 2038833
0 0 2038837
0 0 2038842
0 0 2038846
0 0 2038850
0 0 2038855
0 0 2038859
0 0 2038863
0 0 2038868
0 0 2038872
0 0 2038876
0 0 2038881
0 0 2038885
0 0 2038889
0 0 2038894
0 0 2038898
0 0 2038902
0 0 2038907
0 0 2038911
0 0 2038915
0 0 2038920
0 0 2038924
0 0 2038928
0 0 2038933
0 0 2038937
0 0 2038941
0 0 2038946
0 0 2038950
0 0 2038954
0 0 2038959
0 0 2038963
0 0 2038967
0 0 2038972
0 0 2038976
0 0 2038980
0 0 2038985
0 0 2038989
0 0 2038993
0 0 2038999
0 0 2039003
0 0 2039007
0 0 2039012
0 0 2039016
0 0 2039020
0 0 2039025
0 0 2039029
0 0 2039033
0 0 2039038
0 0 2039042
0 0 2039046
0 0 2039051
0 0 2039055
0 0 2039059
0 0 2039064
0 0 2039068
0 0 2039072
0 0 2039077
0 0 2039081
0 0 2039085
0 0 2039090
0 0 2039094
0 0 2039098
0 0 2039103
0 0 2039107
0 0 2039111
0 0 2039116
0 0 2039120
0 0 2039124
0 0 2039129
0 0 2039133
0 0 2039137
0 0 2039142
0 0 2039146
0 0 2039150
0 0 2039155
0 0 2039159
0 0 2039163
0 0 2039168
0 0 2039172
0 0 2039176
0 0 2039181
0 0 2039185
0 0 2039189
0 0 2039194
0 0 2039198
0 0 2039202
0 0 2039207
0 0 2039211
0 0 2039215
0 0 2039220
0 0 2039224
0 0 2039228
0 0 2039233
0 0 2039237
0 0 2039241
0 0 2039246
0 0 2039250
0 0 2039254
0 0 2039259
0 0 2039263
0 0 2039267
0 0 2039272
0 0 2039276
0 0 2039280
0 0 2039285
0 0 2039289
0 0 2039293
0 0 2039298
0 0 2039302
0 0 2039306
0 0 2039311
0 0 2039315
0 0 2039319
0 0 2039324
0 0 2039328
0 0 2039332
0 0 2039337
0 0 2039341
0 0 2039345
0 0 2039350
0 0 2039354
0 0 2039358
0 0 2039363
0 0 2039367
0 0 2039371
0 0 2039376
0 0 2039380
0 0 2039384
0 0 2039389
0 0 2039393
0 0 2039397
0 0 2039402
0 0 2039406
0 0 2039411
0 0 2039415
0 0 2039419
0 0 2039424
0 0 2039428
0 0 2039432
0 0 2039437
0 0 2039441
0 0 2039446
0 0 2039450
0 0 2039454
0 0 2039459
0 0 2039463
0 0 2039467
0 0 2039472
0 0 2039476
0 0 2039481
0 0 2039485
0 0 2039489
0 0 2039494
0 0 2039498
0 0 2039503
0 0 2039507
0 0 2039511
0 0 2039516
0 0 2039520
0 0 2039524
0 0 2039529
0 0 2039533
0 0 2039538
0 0 2039542
0 0 2039546
0 0 2039551
0 0 2039555
0 0 2039559
0 0 2039564
0 0 2039568
0 0 2039573
0 0 2039577
0 0 2039581
0 0 2039586
0 0 2039590
0 0 2039595
0 0 2039599
0 0 2039603
0 0 2039608
0 0 2039612
0 0 2039616
0 0 2039621
0 0 2039625
0 0 2039630
0 0 2039634
0 0 2039638
0 0 2039643
0 0 2039647
0 0 2039651
0 0 2039656
0 0 2039660
0 0 2039665
0 0 2039669
0 0 2039673
0 0 2039678
0 0 2039682
0 0 2039687
0 0 2039691
0 0 2039695
0 0 2039700
0 0 2039704
0 0 2039708
0 0 2039713
0 0 2039717
0 0 2039722
0 0 2039726
0 0 2039730
0 0 2039735
0 0 2039739
0 0 2039743
0 0 2039748
0 0 2039752
0 0 2039757
0 0 2039761
0 0 2039765
0 0 2039770
0 0 2039774
0 0 2039779
0 0 2039783
0 0 2039787
0 0 2039792
0 0 2039796
1 0 2039800
0 0 2039805
8 1 2039809
3 9 2039814
9 12 2039818
10 15 2039822
15 15 2039827
16 18 2039831
18 22 2039835
#TRIGGER ON
22 22 2039840
21 18 2039843
23 26 2039846
27 29 2039849
30 30 2039852
30 29 2039855
36 32 2039858
31 30 2039861
37 40 2039864
39 37 2039867
39 40 2039870
39 41 2039873
42 39 2039876
44 44 2039879
47 48 2039882
50 46 2039885
51 49 2039888
49 49 2039891
52 54 2039894
53 56 2039897
55 56 2039900
57 59 2039903
61 60 2039906
61 59 2039909
59 65 2039912
67 66 2039915
63 64 2039918
69 71 2039921
67 72 2039924
73 72 2039927
68 74 2039930
75 75 2039933
73 78 2039936
77 75 2039939
79 81 2039942
81 80 2039945
81 80 2039948
84 85 2039951
85 87 2039954
89 90 2039957
88 89 2039960
87 92 2039963
90 93 2039966
92 93 2039969
91 97 2039972
97 96 2039975
99 97 2039978
100 96 2039981
104 99 2039984
103 104 2039987
107 108 2039990
106 103 2039993
101 110 2039996
111 114 2040000
109 112 2040003
111 114 2040006
117 118 2040009
113 115 2040012
116 117 2040015
119 120 2040018
122 121 2040021
120 120 2040024
120 121 2040027
122 126 2040029
125 126 2040032
128 129 2040035
132 127 2040038
127 130 2040041
129 135 2040044
138 133 2040047
137 135 2040050
137 139 2040053
138 142 2040056
139 141 2040059
143 141 2040062
139 141 2040065
144 147 2040068
142 142 2040071
142 148 2040074
151 149 2040077
148 150 2040080
150 153 2040083
156 149 2040086
148 153 2040089
159 157 2040092
158 160 2040095
161 157 2040098
160 162 2040101
159 162 2040104
163 163 2040107
164 167 2040110
165 166 2040113
166 167 2040116
168 168 2040119
168 170 2040122
174 173 2040125
172 178 2040128
173 172 2040131
173 175 2040134
174 177 2040137
180 185 2040140
180 184 2040143
180 177 2040146
180 183 2040149
184 186 2040152
189 193 2040155
189 185 2040158
186 190 2040161
191 188 2040164
193 195 2040167
193 190 2040170
195 195 2040173
200 200 2040176
199 200 2040179
196 198 2040182
199 202 2040185
199 205 2040188
206 205 2040191
203 201 2040194
198 204 2040197
207 208 2040200
210 207 2040203
207 208 2040206
213 214 2040209
214 215 2040212
212 218 2040215
216 216 2040218
215 222 2040221
217 218 2040224
215 221 2040227
218 220 2040230
221 226 2040233
224 220 2040236
229 226 2040239
221 229 2040242
229 233 2040245
226 230 2040248
231 231 2040251
224 232 2040254
232 235 2040257
233 236 2040260
235 240 2040263
236 235 2040266
239 237 2040269
239 237 2040272
239 242 2040275
245 245 2040278
244 242 2040281
246 241 2040284
245 247 2040287
249 249 2040290
250 251 2040293
250 248 2040296
252 247 2040299
249 251 2040302
257 254 2040305
255 254 2040308
262 259 2040311
257 262 2040314
261 259 2040317
257 262 2040320
261 265 2040323
259 264 2040326
262 264 2040329
260 264 2040332
269 270 2040335
268 268 2040338
269 269 2040341
278 272 2040344
275 273 2040347
271 271 2040350
275 279 2040353
276 276 2040356
275 275 2040359
277 280 2040362
285 279 2040365
277 279 2040368
282 285 2040371
284 284 2040374
283 287 2040377
287 288 2040380
286 290 2040383
285 295 2040386
290 290 2040389
291 293 2040392
292 292 2040395
292 291 2040398
292 294 2040401
296 299 2040404
304 300 2040407
296 296 2040410
299 300 2040413
297 304 2040416
300 309 2040419
303 305 2040422
304 309 2040425
303 306 2040428
307 309 2040431
308 308 2040434
309 311 2040437
312 312 2040440
317 312 2040443
312 313 2040446
320 313 2040449
312 317 2040452
315 320 2040455
318 322 2040458
319 320 2040461
322 321 2040464
319 318 2040467
332 331 2040470
330 323 2040473
326 325 2040476
330 326 2040479
329 325 2040482
325 331 2040485
329 333 2040488
341 335 2040491
334 331 2040494
330 334 2040497
335 335 2040500
335 333 2040503
337 337 2040506
340 343 2040509
348 338 2040512
341 337 2040515
343 346 2040518
346 344 2040521
342 344 2040524
346 344 2040527
348 341 2040530
352 343 2040533
352 354 2040536
353 350 2040539
352 350 2040542
354 356 2040545
353 351 2040548
352 356 2040551
364 361 2040554
358 355 2040557
357 358 2040560
361 362 2040563
361 361 2040566
362 363 2040569
363 365 2040572
374 365 2040575
363 364 2040578
367 368 2040581
367 367 2040584
370 373 2040587
371 370 2040590
371 375 2040593
378 372 2040596
370 374 2040599
373 374 2040602
377 382 2040605
377 376 2040608
379 381 2040611
378 379 2040614
381 384 2040617
380 379 2040620
382 388 2040623
385 382 2040626
384 385 2040629
389 385 2040632
388 388 2040635
388 388 2040638
390 389 2040641
393 396 2040644
394 391 2040647
387 393 2040650
397 393 2040653
396 394 2040656
396 396 2040659
397 398 2040662
399 394 2040665
401 401 2040668
403 403 2040671
401 397 2040674
404 403 2040677
406 404 2040680
400 407 2040683
403 406 2040686
405 409 2040689
409 410 2040692
415 410 2040695
407 408 2040698
412 416 2040701
412 411 2040704
411 415 2040707
416 417 2040710
416 413 2040713
417 419 2040716
418 424 2040719
418 417 2040722
418 420 2040725
420 425 2040728
423 421 2040731
421 423 2040734
431 428 2040737
426 427 2040740
423 430 2040743
427 425 2040746
424 433 2040749
431 432 2040752
431 429 2040755
433 435 2040758
435 431 2040761
432 434 2040764
440 441 2040767
441 435 2040770
436 440 2040773
439 439 2040776
442 440 2040779
434 443 2040782
439 447 2040785
441 446 2040788
443 440 2040791
441 441 2040794
445 446 2040797
453 449 2040800
449 447 2040803
449 449 2040806
449 451 2040809
448 447 2040812
446 456 2040815
452 453 2040818
458 454 2040821
454 456 2040824
455 455 2040827
455 453 2040830
460 460 2040833
460 464 2040836
459 461 2040839
465 462 2040842
463 460 2040845
461 464 2040848
464 464 2040851
466 465 2040854
469 467 2040857
468 464 2040860
472 467 2040863
473 469 2040866
471 471 2040869
473 472 2040872
471 472 2040875
473 473 2040878
472 477 2040881
481 474 2040884
474 478 2040887
478 473 2040890
475 478 2040893
480 482 2040896
482 482 2040899
481 481 2040902
480 485 2040905
486 488 2040908
483 482 2040911
484 487 2040914
486 487 2040917
487 488 2040920
489 489 2040923
495 489 2040926
491 486 2040929
490 491 2040932
492 494 2040935
493 496 2040938
496 499 2040941
495 495 2040944
497 499 2040947
496 496 2040950
494 498 2040953
501 497 2040956
503 498 2040959
496 497 2040962
500 503 2040965
505 502 2040968
505 503 2040971
506 504 2040974
506 507 2040977
507 503 2040980
507 505 2040983
512 507 2040986
512 511 2040989
510 508 2040992
511 510 2040995
517 514 2040999
511 510 2041002
515 516 2041006
525 514 2041008
515 519 2041011
522 515 2041014
517 522 2041017
518 515 2041020
520 520 2041023
522 523 2041026
523 523 2041029
523 520 2041032
523 524 2041035
524 526 2041039
528 527 2041041
527 526 2041044
528 528 2041047
533 529 2041050
530 532 2041053
529 530 2041056
530 527 2041059
535 537 2041062
535 537 2041065
534 531 2041068
536 532 2041072
537 533 2041074
538 532 2041077
542 538 2041080
537 539 2041083
537 537 2041086
537 540 2041089
546 547 2041092
540 543 2041095
541 543 2041098
547 545 2041101
545 550 2041105
547 545 2041107
548 549 2041110
549 548 2041113
548 554 2041116
547 545 2041119
552 553 2041122
553 554 2041125
550 551 2041128
555 554 2041131
551 556 2041134
553 554 2041138
556 551 2041140
561 559 2041143
560 555 2041146
561 561 2041149
561 560 2041152
565 559 2041155
562 564 2041158
560 559 2041161
564 564 2041164
566 563 2041167
566 565 2041171
570 564 2041173
568 568 2041176
570 568 2041179
568 570 2041182
568 566 2041185
572 573 2041188
573 575 2041191
572 571 2041194
577 574 2041197
572 573 2041200
573 573 2041204
580 572 2041206
575 578 2041209
576 578 2041212
578 579 2041215
583 578 2041218
580 578 2041221
578 580 2041224
581 579 2041227
584 584 2041230
588 586 2041233
582 584 2041237
586 578 2041239
588 587 2041242
588 586 2041245
586 585 2041248
590 588 2041251
589 589 2041254
590 590 2041257
589 591 2041260
593 591 2041263
597 590 2041266
595 591 2041270
598 589 2041272
597 599 2041275
597 594 2041278
600 601 2041281
599 595 2041284
597 595 2041287
597 598 2041290
598 599 2041293
601 605 2041296
605 604 2041299
602 604 2041303
604 601 2041305
604 607 2041308
609 606 2041311
602 609 2041314
603 604 2041317
609 608 2041320
606 614 2041323
606 608 2041326
614 611 2041329
613 611 2041332
612 612 2041336
616 608 2041338
617 616 2041341
614 614 2041344
612 615 2041347
618 614 2041350
616 618 2041353
618 617 2041356
615 618 2041359
622 618 2041362
619 621 2041365
620 619 2041369
622 621 2041371
624 622 2041374
627 621 2041377
622 626 2041380
622 624 2041383
626 626 2041386
627 630 2041389
624 625 2041392
627 630 2041395
629 632 2041398
627 631 2041402
630 629 2041404
632 633 2041407
635 634 2041410
631 635 2041413
633 632 2041416
634 634 2041419
634 635 2041422
637 640 2041425
638 634 2041428
640 636 2041431
637 635 2041435
641 634 2041437
642 640 2041440
646 637 2041443
641 643 2041446
641 639 2041449
641 638 2041452
646 644 2041455
646 644 2041458
647 644 2041461
647 648 2041464
647 650 2041468
649 646 2041470
648 650 2041473
646 647 2041476
650 650 2041479
653 652 2041482
648 649 2041485
655 654 2041488
653 652 2041491
656 653 2041494
657 655 2041497
655 655 2041501
660 654 2041503
656 658 2041506
660 652 2041509
659 658 2041512
658 659 2041515
659 658 2041518
662 661 2041521
661 662 2041524
661 661 2041527
668 665 2041530
664 664 2041534
663 661 2041536
665 662 2041539
668 667 2041542
665 668 2041545
666 666 2041548
669 667 2041551
667 669 2041554
670 667 2041557
672 670 2041560
674 674 2041563
671 674 2041567
673 672 2041569
672 673 2041572
675 672 2041575
673 678 2041578
675 676 2041581
675 673 2041584
679 680 2041587
676 678 2041590
677 677 2041593
682 679 2041596
680 683 2041600
681 673 2041602
684 680 2041605
686 682 2041608
679 683 2041611
685 680 2041614
686 682 2041617
689 687 2041620
687 689 2041623
688 684 2041626
689 688 2041629
687 686 2041633
689 687 2041635
691 692 2041638
690 687 2041641
692 690 2041644
690 692 2041647
692 691 2041650
693 695 2041653
693 695 2041656
692 695 2041659
695 695 2041662
694 698 2041666
696 695 2041668
696 700 2041671
696 700 2041674
696 696 2041677
697 700 2041680
700 702 2041683
703 703 2041686
700 704 2041689
701 704 2041692
702 704 2041695
701 706 2041699
705 701 2041701
705 706 2041704
708 703 2041707
704 709 2041710
705 706 2041713
702 707 2041716
712 709 2041719
712 711 2041722
709 710 2041725
712 712 2041728
711 715 2041732
711 705 2041734
709 713 2041737
714 712 2041740
714 717 2041743
712 715 2041746
716 715 2041749
719 718 2041752
716 716 2041755
714 717 2041758
718 717 2041761
719 715 2041765
721 718 2041767
722 724 2041770
714 718 2041773
717 716 2041776
715 720 2041779
710 712 2041782
715 716 2041785
711 716 2041788
711 712 2041791
708 708 2041794
710 708 2041798
710 702 2041800
706 706 2041803
706 702 2041806
707 706 2041809
703 703 2041812
698 698 2041815
703 702 2041818
701 702 2041821
697 699 2041824
699 697 2041827
694 697 2041831
698 689 2041833
697 693 2041836
692 695 2041839
688 689 2041842
693 693 2041845
685 686 2041848
689 690 2041851
688 688 2041854
684 688 2041857
685 685 2041860
677 683 2041864
686 682 2041866
681 682 2041869
679 679 2041872
679 682 2041875
678 682 2041878
676 674 2041881
676 680 2041884
673 678 2041887
673 675 2041890
676 675 2041893
672 675 2041897
672 667 2041899
671 672 2041902
665 666 2041905
669 668 2041908
668 667 2041911
662 663 2041914
666 667 2041917
662 665 2041920
666 664 2041923
659 661 2041926
658 660 2041930
662 657 2041932
658 661 2041935
657 650 2041938
659 659 2041941
652 661 2041944
654 654 2041947
657 656 2041950
654 652 2041953
649 655 2041956
653 653 2041959
648 650 2041963
652 648 2041965
646 649 2041968
648 646 2041971
644 650 2041974
643 645 2041977
640 643 2041980
646 648 2041983
639 645 2041986
640 643 2041989
642 643 2041992
639 643 2041996
640 641 2042000
641 637 2042003
639 639 2042006
635 638 2042009
635 634 2042012
634 634 2042015
633 631 2042018
633 635 2042021
631 631 2042024
632 630 2042027
630 632 2042030
627 628 2042033
625 629 2042036
628 630 2042039
627 626 2042042
624 625 2042045
625 626 2042048
624 624 2042051
621 620 2042054
618 620 2042057
622 623 2042060
621 619 2042063
616 617 2042066
614 619 2042069
619 619 2042072
609 618 2042075
618 616 2042078
614 613 2042081
613 615 2042084
611 612 2042087
610 612 2042090
612 613 2042093
603 611 2042096
609 609 2042099
607 610 2042102
605 614 2042105
606 607 2042108
603 605 2042111
607 604 2042114
605 601 2042117
602 601 2042120
599 601 2042123
603 601 2042126
600 598 2042129
599 597 2042132
598 602 2042135
600 598 2042138
594 595 2042141
597 594 2042144
597 596 2042147
593 592 2042150
594 591 2042153
591 591 2042156
592 591 2042159
592 590 2042162
590 584 2042165
589 589 2042168
587 588 2042171
585 589 2042174
587 585 2042177
588 583 2042180
584 584 2042183
582 586 2042186
584 583 2042189
583 585 2042192
580 581 2042195
578 580 2042198
579 582 2042201
579 581 2042204
578 575 2042207
576 576 2042210
579 577 2042213
575 574 2042216
577 574 2042219
573 573 2042222
577 573 2042225
575 575 2042228
573 566 2042231
568 575 2042234
574 570 2042237
570 571 2042240
568 564 2042243
569 568 2042246
564 566 2042249
568 570 2042252
567 561 2042255
569 566 2042258
566 562 2042261
561 560 2042264
561 565 2042267
565 565 2042270
563 563 2042273
560 557 2042276
557 561 2042279
559 555 2042282
559 562 2042285
557 554 2042288
557 559 2042291
556 557 2042294
557 553 2042297
556 559 2042300
552 556 2042303
552 555 2042306
551 550 2042309
551 548 2042312
545 549 2042315
549 552 2042318
547 547 2042321
551 550 2042324
547 548 2042327
548 546 2042330
540 546 2042333
546 545 2042336
542 543 2042339
546 542 2042342
539 539 2042345
540 539 2042348
541 543 2042351
540 540 2042354
533 538 2042357
539 537 2042360
541 539 2042363
536 541 2042366
535 538 2042369
537 536 2042372
533 532 2042375
534 536 2042378
531 532 2042381
527 536 2042384
533 534 2042387
533 531 2042390
531 529 2042393
527 532 2042396
528 531 2042399
529 528 2042402
524 525 2042405
528 524 2042408
528 525 2042411
523 520 2042414
526 525 2042417
527 523 2042420
524 523 2042423
522 521 2042426
524 519 2042429
518 525 2042432
525 520 2042435
520 519 2042438
518 517 2042441
519 517 2042444
521 517 2042447
517 516 2042450
515 514 2042453
516 515 2042456
512 514 2042459
510 516 2042462
511 513 2042465
520 512 2042468
513 511 2042471
511 513 2042474
512 511 2042477
510 508 2042480
513 510 2042483
510 507 2042486
505 508 2042489
506 507 2042492
505 501 2042495
501 507 2042498
507 506 2042501
503 502 2042504
501 503 2042507
500 501 2042510
500 502 2042513
504 504 2042516
501 501 2042519
498 501 2042522
501 500 2042525
496 497 2042528
497 500 2042531
496 496 2042534
491 496 2042537
495 497 2042540
494 492 2042543
491 489 2042546
494 494 2042549
499 493 2042552
491 493 2042555
491 492 2042558
491 491 2042561
488 493 2042564
491 493 2042567
487 490 2042570
495 486 2042573
487 488 2042576
487 487 2042579
488 488 2042582
484 483 2042585
484 487 2042588
485 485 2042591
483 478 2042594
481 481 2042597
482 485 2042600
477 479 2042603
479 481 2042606
480 479 2042609
476 475 2042612
474 483 2042615
479 479 2042618
474 475 2042621
474 479 2042624
479 478 2042627
476 475 2042630
471 476 2042633
471 481 2042636
475 474 2042639
474 468 2042642
469 469 2042645
473 475 2042648
470 472 2042651
471 467 2042654
466 474 2042657
471 469 2042660
465 470 2042663
465 471 2042666
467 466 2042669
467 467 2042672
465 463 2042675
472 465 2042678
467 466 2042681
466 465 2042684
466 466 2042687
465 463 2042690
463 464 2042693
459 466 2042696
463 465 2042699
462 463 2042702
462 462 2042705
456 460 2042708
454 452 2042711
457 459 2042714
457 456 2042717
452 457 2042720
456 458 2042723
453 450 2042726
452 460 2042729
456 455 2042732
450 452 2042735
455 451 2042738
449 449 2042741
446 450 2042744
453 452 2042747
448 449 2042750
452 452 2042753
451 447 2042756
447 447 2042759
446 452 2042762
448 448 2042765
448 447 2042768
447 444 2042771
445 444 2042774
442 446 2042777
447 448 2042780
441 444 2042783
443 444 2042786
441 444 2042789
444 442 2042792
442 445 2042795
440 440 2042798
442 441 2042801
448 439 2042804
443 437 2042807
436 437 2042810
439 442 2042813
436 432 2042816
439 442 2042819
438 436 2042822
428 434 2042825
429 438 2042828
437 434 2042831
432 435 2042834
436 432 2042837
430 429 2042840
430 432 2042843
427 431 2042846
426 432 2042849
427 428 2042852
425 435 2042855
426 430 2042858
423 430 2042861
427 427 2042864
423 423 2042867
426 427 2042870
429 422 2042873
423 421 2042876
423 424 2042879
420 423 2042882
425 425 2042885
421 423 2042888
418 422 2042891
416 419 2042894
419 422 2042897
421 421 2042900
421 415 2042903
421 416 2042906
419 412 2042909
420 419 2042912
418 412 2042915
418 418 2042918
420 418 2042921
407 412 2042924
414 419 2042927
417 415 2042930
415 415 2042933
415 414 2042936
415 409 2042939
410 409 2042942
413 414 2042945
409 408 2042948
414 412 2042951
410 408 2042954
408 410 2042957
409 410 2042960
410 407 2042963
413 407 2042966
406 402 2042969
406 407 2042972
407 403 2042975
408 407 2042978
408 402 2042981
404 404 2042984
411 409 2042987
403 399 2042990
399 409 2042993
404 404 2042996
398 405 2043000
403 405 2043003
402 398 2043006
407 395 2043009
398 400 2043012
401 399 2043015
400 399 2043018
402 397 2043021
397 395 2043024
399 398 2043027
397 396 2043029
401 393 2043032
396 394 2043035
396 397 2043038
395 391 2043041
395 393 2043044
393 391 2043047
391 393 2043050
392 391 2043053
392 392 2043056
390 390 2043059
391 389 2043062
392 388 2043065
388 387 2043068
393 384 2043071
385 388 2043074
389 385 2043077
386 383 2043080
383 385 2043083
387 386 2043086
384 386 2043089
390 386 2043092
382 386 2043095
386 386 2043098
379 383 2043101
382 385 2043104
380 385 2043107
383 384 2043110
377 378 2043113
377 379 2043116
376 384 2043119
385 380 2043122
381 382 2043125
378 380 2043128
381 376 2043131
379 378 2043134
377 379 2043137
374 375 2043140
375 372 2043143
378 376 2043146
373 377 2043149
376 378 2043152
371 371 2043155
374 375 2043158
374 374 2043161
370 373 2043164
371 375 2043167
370 374 2043170
369 367 2043173
371 370 2043176
370 370 2043179
367 366 2043182
371 366 2043185
371 366 2043188
367 370 2043191
369 366 2043194
365 366 2043197
366 369 2043200
367 369 2043203
368 368 2043206
363 363 2043209
364 360 2043212
360 361 2043215
363 367 2043218
362 360 2043221
362 361 2043224
364 366 2043227
361 360 2043230
361 362 2043233
361 359 2043236
360 361 2043239
361 358 2043242
359 360 2043245
358 356 2043248
359 359 2043251
361 358 2043254
356 357 2043257
357 357 2043260
354 354 2043263
355 359 2043266
355 352 2043269
352 356 2043272
355 351 2043275
354 353 2043278
355 351 2043281
354 354 2043284
351 348 2043287
350 355 2043290
352 350 2043293
350 349 2043296
348 349 2043299
351 350 2043302
350 347 2043305
349 348 2043308
353 345 2043311
349 344 2043314
351 349 2043317
348 347 2043320
347 345 2043323
348 343 2043326
346 346 2043329
342 346 2043332
342 344 2043335
345 342 2043338
345 343 2043341
344 341 2043344
342 338 2043347
346 340 2043350
342 338 2043353
343 345 2043356
340 338 2043359
339 339 2043362
340 341 2043365
337 345 2043368
341 345 2043371
341 339 2043374
338 335 2043377
334 337 2043380
338 336 2043383
337 337 2043386
334 339 2043389
335 331 2043392
336 335 2043395
333 340 2043398
335 340 2043401
334 333 2043404
330 336 2043407
332 331 2043410
331 329 2043413
331 334 2043416
331 331 2043419
330 329 2043422
329 330 2043425
328 328 2043428
327 335 2043431
329 329 2043434
330 329 2043437
326 324 2043440
325 328 2043443
327 324 2043446
326 328 2043449
325 326 2043452
327 328 2043455
327 329 2043458
323 327 2043461
321 325 2043464
327 326 2043467
321 322 2043470
320 323 2043473
322 322 2043476
321 321 2043479
326 324 2043482
324 322 2043485
321 320 2043488
316 318 2043491
320 318 2043494
319 322 2043497
319 322 2043500
321 318 2043503
316 319 2043506
320 317 2043509
317 314 2043512
321 317 2043515
313 312 2043518
315 316 2043521
317 315 2043524
317 315 2043527
315 315 2043530
316 313 2043533
313 310 2043536
315 310 2043539
313 312 2043542
316 307 2043545
312 311 2043548
316 308 2043551
307 311 2043554
312 312 2043557
312 309 2043560
310 310 2043563
310 306 2043566
310 307 2043569
309 307 2043572
309 307 2043575
306 308 2043578
309 306 2043581
308 303 2043584
308 309 2043587
306 311 2043590
306 307 2043593
301 305 2043596
302 308 2043599
304 308 2043602
306 303 2043605
306 303 2043608
298 298 2043611
300 307 2043614
301 301 2043617
301 305 2043620
303 299 2043623
300 302 2043626
299 305 2043629
301 303 2043632
301 304 2043635
296 299 2043638
298 297 2043641
296 300 2043644
298 300 2043647
298 297 2043650
300 300 2043653
297 299 2043656
298 297 2043659
293 298 2043662
294 297 2043665
296 290 2043668
295 294 2043671
296 293 2043674
292 291 2043677
296 292 2043680
294 293 2043683
298 294 2043686
293 294 2043689
291 289 2043692
292 296 2043695
290 294 2043698
292 295 2043701
288 288 2043704
287 288 2043707
285 285 2043710
289 293 2043713
287 290 2043716
287 286 2043719
287 291 2043722
286 290 2043725
286 292 2043728
292 288 2043731
285 286 2043734
282 285 2043737
282 283 2043740
284 286 2043743
286 284 2043746
288 281 2043749
284 284 2043752
286 287 2043755
282 282 2043758
281 283 2043761
286 280 2043764
284 284 2043767
282 282 2043770
284 282 2043773
281 278 2043776
276 281 2043779
278 277 2043782
282 280 2043785
276 280 2043788
277 279 2043791
276 282 2043794
280 281 2043797
280 276 2043800
278 279 2043803
276 277 2043806
277 270 2043809
277 277 2043812
276 272 2043815
276 275 2043818
281 275 2043821
273 270 2043824
271 278 2043827
275 274 2043830
273 274 2043833
276 274 2043836
274 273 2043839
267 266 2043842
269 269 2043845
273 273 2043848
274 270 2043851
274 272 2043854
270 266 2043857
268 271 2043860
269 268 2043863
271 273 2043866
270 267 2043869
268 267 2043872
263 266 2043875
268 271 2043878
267 270 2043881
268 268 2043884
268 269 2043887
264 268 2043890
263 269 2043893
266 269 2043896
265 269 2043899
266 267 2043902
266 263 2043905
261 263 2043908
263 268 2043911
261 266 2043914
266 267 2043917
263 265 2043920
258 256 2043923
259 266 2043926
262 262 2043929
261 265 2043932
263 263 2043935
261 260 2043938
259 257 2043941
258 258 2043944
260 260 2043947
260 264 2043950
258 261 2043953
259 258 2043956
254 258 2043959
258 261 2043962
255 261 2043965
259 259 2043968
257 259 2043971
255 253 2043974
256 255 2043977
256 257 2043980
258 260 2043983
254 258 2043986
254 255 2043989
250 256 2043992
256 256 2043995
251 253 2043999
251 256 2044002
250 252 2044005
254 257 2044008
253 255 2044011
251 256 2044014
255 251 2044017
249 253 2044020
252 250 2044023
249 247 2044026
251 250 2044029
247 252 2044032
249 251 2044034
249 249 2044037
248 248 2044040
248 249 2044043
247 253 2044046
249 246 2044049
250 248 2044052
249 246 2044055
246 242 2044058
246 245 2044061
248 247 2044064
247 246 2044067
246 239 2044070
242 246 2044073
245 246 2044076
248 246 2044079
245 245 2044082
241 241 2044085
238 245 2044088
245 242 2044091
246 244 2044094
244 241 2044097
243 241 2044100
241 242 2044103
242 243 2044106
239 239 2044109
240 240 2044112
234 242 2044115
241 242 2044118
240 242 2044121
237 238 2044124
238 238 2044127
241 239 2044130
241 234 2044133
237 233 2044136
241 238 2044139
239 238 2044142
237 237 2044145
234 234 2044148
237 233 2044151
236 239 2044154
238 235 2044157
237 235 2044160
237 233 2044163
235 234 2044166
232 230 2044169
238 231 2044172
234 233 2044175
237 237 2044178
234 231 2044181
231 231 2044184
231 235 2044187
234 232 2044190
229 230 2044193
231 234 2044196
234 228 2044199
231 227 2044202
231 227 2044205
231 228 2044208
235 230 2044211
231 227 2044214
230 228 2044217
231 234 2044220
230 230 2044223
228 229 2044226
229 228 2044229
227 223 2044232
223 225 2044235
229 229 2044238
228 226 2044241
229 226 2044244
226 226 2044247
228 226 2044250
223 228 2044253
225 229 2044256
226 226 2044259
229 225 2044262
225 222 2044265
221 219 2044268
221 226 2044271
221 224 2044274
223 225 2044277
221 226 2044280
220 223 2044283
219 225 2044286
223 220 2044289
219 222 2044292
218 219 2044295
221 222 2044298
220 220 2044301
223 221 2044304
221 220 2044307
221 222 2044310
221 215 2044313
216 218 2044316
218 221 2044319
219 223 2044322
222 215 2044325
218 218 2044328
220 215 2044331
214 213 2044334
217 215 2044337
215 212 2044340
219 217 2044343
216 220 2044346
218 214 2044349
212 217 2044352
217 215 2044355
213 214 2044358
212 213 2044361
215 216 2044364
214 211 2044367
213 213 2044370
215 214 2044373
213 211 2044376
208 215 2044379
210 209 2044382
209 212 2044385
212 213 2044388
211 215 2044391
212 208 2044394
211 208 2044397
211 207 2044400
208 208 2044403
209 209 2044406
210 213 2044409
209 208 2044412
209 204 2044415
209 212 2044418
210 208 2044421
198 210 2044424
209 210 2044427
207 206 2044430
204 204 2044433
208 209 2044436
204 203 2044439
206 208 2044442
205 208 2044445
208 207 2044448
204 207 2044451
206 212 2044454
202 205 2044457
205 203 2044460
203 198 2044463
204 199 2044466
200 204 2044469
204 204 2044472
207 205 2044475
202 207 2044478
205 198 2044481
196 204 2044484
206 205 2044487
198 202 2044490
200 200 2044493
203 198 2044496
197 199 2044499
204 204 2044502
201 201 2044505
204 198 2044508
197 198 2044511
200 199 2044514
201 198 2044517
200 199 2044520
200 201 2044523
196 197 2044526
198 196 2044529
194 197 2044532
198 202 2044535
196 197 2044538
201 200 2044541
197 201 2044544
194 195 2044547
197 202 2044550
197 194 2044553
192 198 2044556
195 191 2044559
197 196 2044562
195 192 2044565
198 197 2044568
192 189 2044571
195 194 2044574
195 193 2044577
192 192 2044580
194 195 2044583
192 192 2044586
193 192 2044589
191 192 2044592
192 191 2044595
191 191 2044598
192 191 2044601
189 190 2044604
192 189 2044607
191 192 2044610
191 190 2044613
187 197 2044616
191 193 2044619
183 192 2044622
189 188 2044625
186 187 2044628
187 188 2044631
185 194 2044634
188 188 2044637
187 191 2044640
188 189 2044643
185 181 2044646
186 191 2044649
190 188 2044652
186 189 2044655
187 189 2044658
187 181 2044661
181 185 2044664
183 186 2044667
186 185 2044670
184 188 2044673
185 192 2044676
182 183 2044679
182 188 2044682
183 184 2044685
179 182 2044688
184 183 2044691
182 181 2044694
185 186 2044697
189 182 2044700
181 184 2044703
184 184 2044706
184 182 2044709
180 177 2044712
178 180 2044715
181 181 2044718
180 185 2044721
184 180 2044724
178 180 2044727
180 176 2044730
179 179 2044733
179 180 2044736
180 180 2044739
178 180 2044742
182 177 2044745
179 180 2044748
184 178 2044751
175 177 2044754
181 176 2044757
180 174 2044760
177 173 2044763
179 179 2044766
178 173 2044769
181 176 2044772
174 178 2044775
172 170 2044778
170 178 2044781
177 174 2044784
174 177 2044787
177 175 2044790
177 173 2044793
174 174 2044796
175 173 2044799
175 174 2044802
175 173 2044805
166 175 2044808
174 170 2044811
169 176 2044814
174 176 2044817
168 174 2044820
173 171 2044823
174 171 2044826
171 168 2044829
171 176 2044832
171 166 2044835
171 172 2044838
170 172 2044841
172 171 2044844
167 174 2044847
171 169 2044850
169 171 2044853
167 166 2044856
167 166 2044859
166 168 2044862
165 165 2044865
168 171 2044868
166 170 2044871
171 170 2044874
171 168 2044877
167 167 2044880
166 168 2044883
167 165 2044886
166 166 2044889
171 160 2044892
163 165 2044895
170 166 2044898
166 165 2044901
170 166 2044904
165 165 2044907
165 164 2044910
162 164 2044913
164 168 2044916
164 166 2044919
159 164 2044922
165 165 2044925
158 157 2044928
163 164 2044931
161 164 2044934
163 166 2044937
164 163 2044940
161 164 2044943
160 167 2044946
164 163 2044949
160 158 2044952
161 161 2044955
161 155 2044958
158 160 2044961
162 160 2044964
162 164 2044967
163 162 2044970
160 167 2044973
161 155 2044976
155 163 2044979
163 163 2044982
157 162 2044985
161 157 2044988
155 156 2044991
153 155 2044994
158 161 2044997
159 159 2045001
157 157 2045004
157 153 2045007
159 159 2045010
156 154 2045013
159 157 2045016
158 154 2045019
158 158 2045022
160 160 2045025
155 156 2045028
156 155 2045032
156 153 2045034
158 151 2045037
159 154 2045040
150 153 2045043
157 155 2045046
153 151 2045049
154 159 2045052
154 154 2045055
154 155 2045058
153 151 2045061
155 155 2045065
152 153 2045067
153 156 2045070
152 152 2045073
148 151 2045076
150 153 2045079
147 155 2045082
152 154 2045085
150 154 2045088
147 152 2045091
150 152 2045094
147 156 2045098
152 149 2045100
153 154 2045103
150 150 2045106
149 150 2045109
150 147 2045112
146 146 2045115
151 148 2045118
150 151 2045121
149 149 2045124
151 151 2045127
147 147 2045131
151 146 2045133
150 152 2045136
148 146 2045139
146 148 2045142
147 144 2045145
144 142 2045148
149 144 2045151
147 148 2045154
145 145 2045157
150 143 2045160
146 145 2045164
148 145 2045166
148 145 2045169
149 145 2045172
142 141 2045175
146 146 2045178
146 142 2045181
147 144 2045184
145 144 2045187
144 146 2045190
144 142 2045193
146 144 2045197
145 143 2045199
141 141 2045202
144 144 2045205
142 143 2045208
138 140 2045211
141 138 2045214
146 144 2045217
141 142 2045220
144 144 2045223
142 142 2045226
141 143 2045230
143 137 2045232
141 147 2045235
139 141 2045238
141 140 2045241
141 141 2045244
137 139 2045247
142 142 2045250
139 145 2045253
138 142 2045256
137 139 2045259
142 138 2045263
140 135 2045265
140 139 2045268
139 137 2045271
134 139 2045274
137 135 2045277
138 135 2045280
138 138 2045283
137 140 2045286
140 141 2045289
136 142 2045292
135 137 2045296
141 135 2045298
138 141 2045301
137 133 2045304
137 138 2045307
134 134 2045310
137 133 2045313
134 136 2045316
137 136 2045319
140 139 2045322
140 133 2045325
135 137 2045329
136 132 2045331
134 130 2045334
134 131 2045337
135 129 2045340
133 137 2045343
134 131 2045346
133 134 2045349
135 132 2045352
134 134 2045355
134 134 2045358
134 133 2045362
130 130 2045364
131 135 2045367
134 131 2045370
134 136 2045373
130 131 2045376
128 128 2045379
131 135 2045382
128 129 2045385
134 131 2045388
132 134 2045391
130 126 2045395
132 129 2045397
131 131 2045400
129 129 2045403
132 135 2045406
128 131 2045409
127 127 2045412
128 131 2045415
130 128 2045418
132 127 2045421
131 126 2045424
127 127 2045428
133 127 2045430
126 127 2045433
129 128 2045436
128 131 2045439
125 127 2045442
129 130 2045445
124 129 2045448
126 127 2045451
128 128 2045454
127 123 2045457
125 128 2045461
131 123 2045463
125 128 2045466
129 124 2045469
126 123 2045472
124 122 2045475
125 124 2045478
125 125 2045481
127 129 2045484
124 124 2045487
125 124 2045490
123 126 2045494
125 120 2045496
125 128 2045499
122 121 2045502
123 126 2045505
118 123 2045508
124 123 2045511
125 128 2045514
123 126 2045517
123 124 2045520
120 123 2045523
119 125 2045527
124 119 2045529
125 121 2045532
121 123 2045535
120 121 2045538
122 122 2045541
117 116 2045544
119 127 2045547
117 120 2045550
118 121 2045553
117 122 2045556
120 119 2045560
123 121 2045562
122 119 2045565
120 120 2045568
120 120 2045571
121 119 2045574
119 115 2045577
122 118 2045580
123 123 2045583
121 116 2045586
122 116 2045589
116 118 2045593
121 114 2045595
120 117 2045598
120 117 2045601
114 117 2045604
117 115 2045607
119 116 2045610
118 121 2045613
119 114 2045616
117 119 2045619
118 114 2045622
118 117 2045626
117 111 2045628
118 116 2045631
114 114 2045634
114 114 2045637
113 119 2045640
116 117 2045643
117 118 2045646
114 120 2045649
120 116 2045652
110 116 2045655
112 115 2045659
113 112 2045661
115 114 2045664
116 116 2045667
111 117 2045670
109 116 2045673
111 112 2045676
114 118 2045679
111 115 2045682
113 116 2045685
115 113 2045688
110 110 2045692
113 108 2045694
115 109 2045697
118 112 2045700
113 110 2045703
116 114 2045706
110 108 2045709
114 109 2045712
107 110 2045715
111 108 2045718
110 111 2045721
110 109 2045725
113 110 2045727
111 111 2045730
111 112 2045733
107 111 2045736
107 112 2045739
108 109 2045742
109 111 2045745
109 114 2045748
108 114 2045751
109 110 2045754
108 107 2045758
109 107 2045760
108 107 2045763
114 111 2045766
108 105 2045769
112 108 2045772
111 107 2045775
110 110 2045778
108 106 2045781
109 109 2045784
109 107 2045787
108 103 2045791
109 101 2045793
110 111 2045796
105 107 2045799
106 106 2045802
106 106 2045805
104 97 2045808
110 107 2045811
106 109 2045814
111 106 2045817
108 106 2045820
103 101 2045824
108 99 2045826
109 104 2045829
109 106 2045832
103 107 2045835
106 105 2045838
105 102 2045841
105 106 2045844
102 105 2045847
105 105 2045850
107 108 2045853
102 104 2045857
106 102 2045859
106 105 2045862
103 105 2045865
101 99 2045868
105 105 2045871
103 101 2045874
105 103 2045877
104 103 2045880
104 108 2045883
102 99 2045886
103 101 2045890
103 97 2045892
104 104 2045895
99 98 2045898
102 105 2045901
100 103 2045904
100 100 2045907
100 105 2045910
101 103 2045913
94 102 2045916
102 99 2045919
100 101 2045923
102 99 2045925
101 103 2045928
102 100 2045931
97 101 2045934
95 96 2045937
100 96 2045940
102 103 2045943
101 102 2045946
100 99 2045949
101 99 2045952
97 93 2045956
101 91 2045958
102 100 2045961
96 96 2045964
98 96 2045967
100 100 2045970
97 94 2045973
101 100 2045976
98 98 2045979
96 98 2045982
95 93 2045985
99 100 2045989
99 92 2045991
99 99 2045994
96 99 2045999
97 93 2046002
95 92 2046005
96 99 2046008
98 95 2046011
96 97 2046014
96 94 2046017
94 93 2046020
96 93 2046023
95 96 2046026
95 96 2046029
96 94 2046032
96 98 2046035
98 95 2046038
91 97 2046041
95 93 2046044
93 92 2046047
90 94 2046050
96 99 2046053
95 97 2046056
96 96 2046059
95 94 2046062
91 91 2046065
92 97 2046068
90 92 2046071
92 97 2046074
98 90 2046077
92 92 2046080
93 90 2046083
93 87 2046086
90 88 2046089
92 93 2046092
92 90 2046095
94 91 2046098
92 94 2046101
92 92 2046104
91 94 2046107
92 89 2046110
88 95 2046113
91 87 2046116
90 90 2046119
91 92 2046122
95 93 2046125
91 90 2046128
92 86 2046131
89 90 2046134
89 87 2046137
87 88 2046140
92 89 2046143
90 89 2046146
88 88 2046149
89 91 2046152
90 89 2046155
87 86 2046158
87 92 2046161
90 89 2046164
85 92 2046167
89 88 2046170
87 89 2046173
88 84 2046176
89 85 2046179
88 86 2046182
88 93 2046185
86 84 2046188
90 88 2046191
89 88 2046194
82 82 2046197
83 92 2046200
87 86 2046203
87 86 2046206
88 86 2046209
86 84 2046212
85 87 2046215
85 85 2046218
88 85 2046221
86 82 2046224
85 86 2046227
87 83 2046230
85 89 2046233
88 87 2046236
83 89 2046239
90 84 2046242
82 82 2046245
81 84 2046248
85 85 2046251
86 83 2046254
86 88 2046257
87 86 2046260
83 79 2046263
80 85 2046266
90 83 2046269
81 84 2046272
82 85 2046275
81 85 2046278
79 81 2046281
80 86 2046284
86 82 2046287
84 86 2046290
87 85 2046293
82 82 2046296
81 84 2046299
83 84 2046302
85 83 2046305
83 82 2046308
83 82 2046311
82 78 2046314
85 80 2046317
80 81 2046320
86 83 2046323
82 81 2046326
83 78 2046329
81 82 2046332
85 81 2046335
82 84 2046338
83 79 2046341
80 78 2046344
82 75 2046347
81 84 2046350
81 79 2046353
84 82 2046356
81 79 2046359
81 77 2046362
74 80 2046365
80 78 2046368
78 81 2046371
77 79 2046374
80 77 2046377
80 78 2046380
82 80 2046383
76 79 2046386
80 82 2046389
78 79 2046392
77 77 2046395
77 82 2046398
79 81 2046401
78 80 2046404
78 80 2046407
78 80 2046410
77 76 2046413
78 75 2046416
76 78 2046419
78 78 2046422
77 75 2046425
77 75 2046428
75 80 2046431
79 80 2046434
76 74 2046437
79 76 2046440
81 75 2046443
76 71 2046446
76 76 2046449
77 77 2046452
78 75 2046455
79 77 2046458
77 72 2046461
74 77 2046464
77 74 2046467
73 77 2046470
77 77 2046473
76 73 2046476
74 71 2046479
75 76 2046482
77 75 2046485
75 78 2046488
76 78 2046491
73 76 2046494
73 77 2046497
72 76 2046500
72 76 2046503
74 76 2046506
72 71 2046509
75 75 2046512
76 75 2046515
74 70 2046518
73 70 2046521
73 71 2046524
76 70 2046527
72 73 2046530
75 74 2046533
74 75 2046536
73 70 2046539
74 71 2046542
72 72 2046545
75 74 2046548
70 71 2046551
75 73 2046554
71 72 2046557
74 67 2046560
70 74 2046563
74 72 2046566
73 72 2046569
73 72 2046572
70 68 2046575
71 69 2046578
71 72 2046581
70 70 2046584
70 71 2046587
73 74 2046590
72 71 2046593
68 73 2046596
72 77 2046599
72 77 2046602
67 67 2046605
69 70 2046608
68 69 2046611
74 68 2046614
71 68 2046617
71 69 2046620
71 75 2046623
71 66 2046626
64 71 2046629
69 72 2046632
69 69 2046635
67 65 2046638
68 68 2046641
68 69 2046644
72 69 2046647
68 67 2046650
68 70 2046653
68 68 2046656
66 65 2046659
64 68 2046662
67 68 2046665
67 69 2046668
67 67 2046671
65 70 2046674
66 69 2046677
70 73 2046680
67 66 2046683
64 68 2046686
63 67 2046689
68 67 2046692
62 68 2046695
66 73 2046698
67 69 2046701
64 65 2046704
66 68 2046707
66 66 2046710
66 65 2046713
64 66 2046716
66 67 2046719
66 65 2046722
67 66 2046725
67 69 2046728
67 67 2046731
68 65 2046734
68 62 2046737
64 61 2046740
62 66 2046743
68 66 2046746
64 63 2046749
67 67 2046752
63 67 2046755
67 63 2046758
62 70 2046761
64 67 2046764
69 64 2046767
62 62 2046770
64 65 2046773
63 63 2046776
65 64 2046779
63 65 2046782
68 69 2046785
65 59 2046788
64 63 2046791
62 66 2046794
67 66 2046797
60 62 2046800
59 61 2046803
65 60 2046806
60 57 2046809
61 63 2046812
66 65 2046815
65 63 2046818
65 63 2046821
62 63 2046824
63 64 2046827
64 61 2046830
63 62 2046833
63 61 2046836
57 58 2046839
61 59 2046842
65 64 2046845
68 62 2046848
64 64 2046851
63 64 2046854
62 60 2046857
55 59 2046860
62 62 2046863
58 62 2046866
64 58 2046869
59 62 2046872
61 61 2046875
61 65 2046878
57 61 2046881
66 61 2046884
58 61 2046887
58 57 2046890
54 63 2046893
62 63 2046896
59 62 2046899
58 59 2046902
66 59 2046905
56 56 2046908
62 60 2046911
63 59 2046914
60 58 2046917
62 59 2046920
59 56 2046923
58 60 2046926
60 57 2046929
59 57 2046932
61 59 2046935
60 58 2046938
58 58 2046941
60 60 2046944
60 57 2046947
61 57 2046950
55 58 2046953
55 55 2046956
54 62 2046959
57 61 2046962
58 60 2046965
60 58 2046968
58 55 2046971
56 54 2046974
56 56 2046977
58 54 2046980
57 56 2046983
55 63 2046986
59 57 2046989
56 58 2046992
57 57 2046995
57 63 2046999
59 58 2047002
57 55 2047005
57 53 2047008
59 58 2047011
59 55 2047014
55 52 2047017
57 55 2047020
56 53 2047023
56 53 2047026
58 57 2047029
57 57 2047032
57 55 2047034
54 53 2047037
54 52 2047040
57 62 2047043
56 57 2047046
56 55 2047049
56 56 2047052
55 57 2047055
51 53 2047058
55 57 2047061
54 56 2047064
54 56 2047067
54 51 2047070
54 55 2047073
53 50 2047076
57 56 2047079
56 55 2047082
56 50 2047085
51 54 2047088
53 54 2047091
56 57 2047094
55 52 2047097
54 51 2047100
53 50 2047103
57 57 2047106
55 55 2047109
55 55 2047112
54 51 2047115
50 52 2047118
49 56 2047121
53 53 2047124
51 51 2047127
52 50 2047130
58 53 2047133
52 52 2047136
55 54 2047139
54 49 2047142
53 52 2047145
53 56 2047148
55 54 2047151
47 53 2047154
51 53 2047157
50 53 2047160
53 54 2047163
50 54 2047166
51 52 2047169
50 51 2047172
50 51 2047175
49 53 2047178
51 54 2047181
48 49 2047184
46 56 2047187
52 56 2047190
49 51 2047193
52 49 2047196
49 46 2047199
46 46 2047202
49 50 2047205
52 51 2047208
50 49 2047211
48 50 2047214
49 47 2047217
49 55 2047220
50 49 2047223
51 53 2047226
51 48 2047229
49 47 2047232
49 50 2047235
48 48 2047238
47 49 2047241
51 52 2047244
51 50 2047247
48 51 2047250
44 52 2047253
46 50 2047256
47 49 2047259
46 48 2047262
49 47 2047265
47 41 2047268
50 51 2047271
51 48 2047274
54 49 2047277
48 48 2047280
49 44 2047283
46 50 2047286
50 49 2047289
47 46 2047292
49 48 2047295
50 46 2047298
48 47 2047301
49 49 2047304
43 43 2047307
47 47 2047310
46 47 2047313
48 45 2047316
43 50 2047319
47 49 2047322
46 48 2047325
49 47 2047328
43 43 2047331
45 43 2047334
49 49 2047337
50 45 2047340
48 46 2047343
50 47 2047346
49 46 2047349
43 47 2047352
46 47 2047355
43 45 2047358
46 47 2047361
45 42 2047364
45 44 2047367
44 50 2047370
47 46 2047373
49 43 2047376
44 44 2047379
44 45 2047382
41 46 2047385
42 47 2047388
46 50 2047391
44 44 2047394
44 45 2047397
42 43 2047400
45 44 2047403
46 41 2047406
44 39 2047409
43 45 2047412
44 44 2047415
43 42 2047418
44 44 2047421
41 43 2047424
45 44 2047427
45 46 2047430
39 40 2047433
45 46 2047436
45 41 2047439
38 41 2047442
46 46 2047445
41 41 2047448
37 45 2047451
42 45 2047454
46 41 2047457
44 44 2047460
42 39 2047463
44 40 2047466
44 39 2047469
43 43 2047472
45 45 2047475
44 46 2047478
42 41 2047481
43 45 2047484
43 46 2047487
41 41 2047490
42 42 2047493
39 44 2047496
40 39 2047499
43 47 2047502
43 46 2047505
44 42 2047508
39 43 2047511
43 44 2047514
40 41 2047517
41 46 2047520
39 44 2047523
43 46 2047526
42 42 2047529
38 42 2047532
46 44 2047535
39 40 2047538
39 41 2047541
44 40 2047544
39 41 2047547
40 42 2047550
43 44 2047553
43 41 2047556
37 40 2047559
40 40 2047562
41 37 2047565
40 40 2047568
39 40 2047571
44 42 2047574
42 42 2047577
39 41 2047580
34 42 2047583
42 40 2047586
36 38 2047589
40 40 2047592
41 41 2047595
38 37 2047598
41 37 2047601
42 36 2047604
40 40 2047607
39 40 2047610
39 39 2047613
38 40 2047616
42 38 2047619
38 43 2047622
41 40 2047625
38 37 2047628
35 37 2047631
38 37 2047634
38 35 2047637
37 40 2047640
39 40 2047643
37 36 2047646
38 41 2047649
39 38 2047652
40 41 2047655
39 36 2047658
37 35 2047661
39 35 2047664
41 37 2047667
35 34 2047670
41 39 2047673
39 40 2047676
39 35 2047679
35 37 2047682
38 42 2047685
39 41 2047688
35 37 2047691
35 33 2047694
31 35 2047697
37 38 2047700
39 35 2047703
37 41 2047706
41 38 2047709
33 35 2047712
37 39 2047715
38 39 2047718
33 38 2047721
38 39 2047724
39 39 2047727
33 35 2047730
34 38 2047733
37 38 2047736
36 37 2047739
31 38 2047742
37 35 2047745
32 39 2047748
34 37 2047751
36 38 2047754
38 36 2047757
34 31 2047760
33 32 2047763
36 38 2047766
36 32 2047769
35 38 2047772
38 36 2047775
32 29 2047778
34 34 2047781
35 36 2047784
36 37 2047787
36 34 2047790
36 32 2047793
33 35 2047796
34 34 2047799
37 35 2047802
36 32 2047805
34 32 2047808
37 33 2047811
38 38 2047814
35 35 2047817
33 37 2047820
34 33 2047823
30 31 2047826
32 31 2047829
35 35 2047832
33 32 2047835
34 34 2047838
35 36 2047841
