0 0 1816945
0 0 1816949
0 0 1816954
0 0 1816958
0 0 1816963
0 0 1816967
0 0 1816971
0 0 1816976
0 0 1816980
0 0 1816985
0 0 1816989
0 0 1816993
0 0 1816999
0 0 1817003
0 0 1817008
0 0 1817012
0 0 1817016
0 0 1817021
0 0 1817025
0 0 1817030
0 0 1817034
0 0 1817038
0 0 1817043
0 0 1817047
0 0 1817051
0 0 1817056
0 0 1817060
0 0 1817065
0 0 1817069
0 0 1817073
0 0 1817078
0 0 1817082
0 0 1817087
0 0 1817091
0 0 1817095
0 0 1817100
0 0 1817104
0 0 1817108
0 0 1817113
0 0 1817117
0 0 1817122
0 0 1817126
0 0 1817130
0 0 1817135
0 0 1817139
0 0 1817143
0 0 1817148
0 0 1817152
0 0 1817157
0 0 1817161
0 0 1817165
0 0 1817170
0 0 1817174
0 0 1817179
0 0 1817183
0 0 1817187
0 0 1817192
0 0 1817196
0 0 1817200
0 0 1817205
0 0 1817209
0 0 1817214
0 0 1817218
0 0 1817222
0 0 1817227
0 0 1817231
0 0 1817235
0 0 1817240
0 0 1817244
0 0 1817249
0 0 1817253
0 0 1817257
0 0 1817262
0 0 1817266
0 0 1817271
0 0 1817275
0 0 1817279
0 0 1817284
0 0 1817288
0 0 1817292
0 0 1817297
0 0 1817301
0 0 1817306
0 0 1817310
0 0 1817314
0 0 1817319
0 0 1817323
0 0 1817327
0 0 1817332
0 0 1817336
0 0 1817341
0 0 1817345
0 0 1817349
0 0 1817354
0 0 1817358
0 0 1817363
0 0 1817367
0 0 1817371
0 0 1817376
0 0 1817380
0 0 1817384
0 0 1817389
0 0 1817393
0 0 1817398
0 0 1817402
0 0 1817406
0 0 1817411
0 0 1817415
0 0 1817419
0 0 1817424
0 0 1817428
0 0 1817433
0 0 1817437
0 0 1817441
0 0 1817446
0 0 1817450
0 0 1817455
0 0 1817459
0 0 1817463
0 0 1817468
0 0 1817472
0 0 1817476
0 0 1817481
0 0 1817485
0 0 1817490
0 0 1817494
0 0 1817498
0 0 1817503
0 0 1817507
0 0 1817511
0 0 1817516
0 0 1817520
0 0 1817525
0 0 1817529
0 0 1817533
0 0 1817538
0 0 1817542
0 0 1817547
0 0 1817551
0 0 1817555
0 0 1817560
0 0 1817564
0 0 1817568
0 0 1817573
0 0 1817577
0 0 1817581
0 0 1817586
0 0 1817590
0 0 1817594
0 0 1817599
0 0 1817603
0 0 1817607
0 0 1817612
0 0 1817616
0 0 1817620
0 0 1817625
0 0 1817629
0 0 1817633
0 0 1817638
0 0 1817642
0 0 1817646
0 0 1817651
0 0 1817655
0 0 1817659
0 0 1817664
0 0 1817668
0 0 1817672
0 0 1817677
0 0 1817681
0 0 1817685
0 0 1817690
0 0 1817694
0 0 1817698
0 0 1817703
0 0 1817707
0 0 1817711
0 0 1817716
0 0 1817720
0 0 1817724
0 0 1817729
0 0 1817733
0 0 1817737
0 0 1817742
0 0 1817746
0 0 1817750
0 0 1817755
0 0 1817759
0 0 1817763
0 0 1817768
0 0 1817772
0 0 1817776
0 0 1817781
0 0 1817785
0 0 1817789
0 0 1817794
0 0 1817798
0 0 1817802
0 0 1817807
0 0 1817811
0 0 1817815
0 0 1817820
0 0 1817824
0 0 1817828
0 0 1817833
0 0 1817837
0 0 1817841
0 0 1817846
0 0 1817850
0 0 1817854
0 0 1817859
0 0 1817863
0 0 1817867
0 0 1817872
0 0 1817876
0 0 1817880
0 0 1817885
0 0 1817889
0 0 1817893
0 0 1817898
0 0 1817902
0 0 1817906
0 0 1817911
0 0 1817915
0 0 1817919
0 0 1817924
0 0 1817928
0 0 1817932
0 0 1817937
0 0 1817941
0 0 1817945
0 0 1817950
0 0 1817954
0 0 1817958
0 0 1817963
0 0 1817967
0 0 1817971
0 0 1817976
0 0 1817980
0 0 1817984
0 0 1817989
0 0 1817993
0 0 1817999
0 0 1818003
0 0 1818008
0 0 1818012
0 0 1818016
0 0 1818021
0 0 1818025
0 0 1818029
0 0 1818034
0 0 1818038
0 0 1818042
0 0 1818047
0 0 1818051
0 0 1818055
0 0 1818060
0 0 1818064
0 0 1818068
0 0 1818073
0 0 1818077
0 0 1818081
0 0 1818086
0 0 1818090
0 0 1818094
0 0 1818099
0 0 1818103
0 0 1818107
0 0 1818112
0 0 1818116
0 0 1818120
0 0 1818125
0 0 1818129
0 0 1818133
0 0 1818138
0 0 1818142
0 0 1818146
0 0 1818151
0 0 1818155
0 0 1818159
0 0 1818164
0 0 1818168
0 0 1818172
0 0 1818177
0 0 1818181
0 0 1818185
0 0 1818190
0 0 1818194
0 0 1818198
0 0 1818203
0 0 1818207
0 0 1818211
0 0 1818216
0 0 1818220
0 0 1818224
0 0 1818229
0 0 1818233
0 0 1818237
0 0 1818242
0 0 1818246
0 0 1818250
0 0 1818255
0 0 1818259
0 0 1818263
0 0 1818268
0 0 1818272
0 0 1818276
0 0 1818281
0 0 1818285
0 0 1818289
0 0 1818294
0 0 1818298
0 0 1818302
0 0 1818307
0 0 1818311
0 0 1818315
0 0 1818320
0 0 1818324
0 0 1818328
0 0 1818333
0 0 1818337
0 0 1818341
0 0 1818346
0 0 1818350
0 0 1818354
0 0 1818359
0 0 1818363
0 0 1818367
0 0 1818372
0 0 1818376
0 0 1818380
0 0 1818385
0 0 1818389
0 0 1818393
0 0 1818398
0 0 1818402
0 0 1818406
0 0 1818411
0 0 1818415
0 0 1818419
0 0 1818424
0 0 1818428
0 0 1818432
0 0 1818437
0 0 1818441
0 0 1818445
0 0 1818450
0 0 1818454
0 0 1818458
0 0 1818463
0 0 1818467
0 0 1818471
0 0 1818476
0 0 1818480
0 0 1818484
0 0 1818489
0 0 1818493
0 0 1818497
0 0 1818502
0 0 1818506
0 0 1818510
0 0 1818515
0 0 1818519
0 0 1818523
0 0 1818528
0 0 1818532
0 0 1818536
0 0 1818541
0 0 1818545
0 0 1818549
0 0 1818554
0 0 1818558
0 0 1818562
0 0 1818567
0 0 1818571
0 0 1818575
0 0 1818580
0 0 1818584
0 0 1818588
0 0 1818593
0 0 1818597
0 0 1818601
0 0 1818606
0 0 1818610
0 0 1818614
0 0 1818619
0 0 1818623
0 0 1818627
0 0 1818632
0 0 1818636
0 0 1818640
0 0 1818645
0 0 1818649
0 0 1818653
0 0 1818658
0 0 1818662
0 0 1818666
0 0 1818671
0 0 1818675
0 0 1818679
0 0 1818684
0 0 1818688
0 0 1818692
0 0 1818697
0 0 1818701
0 0 1818705
0 0 1818710
0 0 1818714
0 0 1818718
0 0 1818723
0 0 1818727
0 0 1818731
0 0 1818736
0 0 1818740
0 0 1818744
0 0 1818749
0 0 1818753
0 0 1818757
0 0 1818762
0 0 1818766
0 0 1818770
0 0 1818775
0 0 1818779
0 0 1818783
0 0 1818788
0 0 1818792
0 0 1818796
0 0 1818801
0 0 1818805
0 0 1818809
0 0 1818814
0 0 1818818
0 0 1818822
0 0 1818827
0 0 1818831
0 0 1818835
0 0 1818840
0 0 1818844
0 0 1818848
0 0 1818853
0 0 1818857
0 0 1818861
0 0 1818866
0 0 1818870
0 0 1818874
0 0 1818879
0 0 1818883
0 0 1818887
0 0 1818892
0 0 1818896
0 0 1818900
0 0 1818905
0 0 1818909
0 0 1818913
0 0 1818918
0 0 1818922
0 0 1818926
0 0 1818931
0 0 1818935
0 0 1818939
0 0 1818944
0 0 1818948
0 0 1818952
0 0 1818957
0 0 1818961
0 0 1818965
0 0 1818970
0 0 1818974
0 0 1818978
0 0 1818983
0 0 1818987
0 0 1818991
0 0 1818996
0 0 1819001
0 0 1819006
0 0 1819010
0 0 1819014
0 0 1819019
0 0 1819023
0 0 1819027
0 0 1819032
0 0 1819036
0 0 1819040
0 0 1819045
0 0 1819049
0 0 1819053
0 0 1819058
0 0 1819062
0 0 1819066
0 0 1819071
0 0 1819075
0 0 1819079
0 0 1819084
0 0 1819088
0 0 1819092
0 0 1819097
0 0 1819101
0 0 1819105
0 0 1819110
0 0 1819114
0 0 1819118
0 0 1819123
0 0 1819127
0 0 1819131
0 0 1819136
0 0 1819140
0 0 1819144
0 0 1819149
0 0 1819153
0 0 1819157
0 0 1819162
0 0 1819166
0 0 1819170
0 0 1819175
0 0 1819179
0 0 1819183
0 0 1819188
0 0 1819192
0 0 1819196
0 0 1819201
0 0 1819205
0 0 1819209
0 0 1819214
0 0 1819218
0 0 1819222
0 0 1819227
0 0 1819231
0 0 1819235
0 0 1819240
0 0 1819244
0 0 1819248
0 0 1819253
0 0 1819257
0 0 1819261
0 0 1819266
0 0 1819270
0 0 1819274
0 0 1819279
0 0 1819283
0 0 1819287
0 0 1819292
0 0 1819296
0 0 1819300
0 0 1819305
0 0 1819309
0 0 1819313
0 0 1819318
0 0 1819322
0 0 1819326
0 0 1819331
0 0 1819335
0 0 1819339
0 0 1819344
0 0 1819348
0 0 1819352
0 0 1819357
0 0 1819361
0 0 1819365
0 0 1819370
0 0 1819374
0 0 1819378
0 0 1819383
0 0 1819387
0 0 1819391
0 0 1819396
0 0 1819400
0 0 1819404
0 0 1819409
0 0 1819413
0 0 1819417
0 0 1819422
0 0 1819426
0 0 1819430
0 0 1819435
0 0 1819439
0 0 1819443
0 0 1819448
0 0 1819452
0 0 1819456
0 0 1819461
0 0 1819465
0 0 1819469
0 0 1819474
0 0 1819478
0 0 1819482
0 0 1819487
0 0 1819491
0 0 1819495
0 0 1819500
0 0 1819504
0 0 1819508
0 0 1819513
0 0 1819517
0 0 1819521
0 0 1819526
0 0 1819530
0 0 1819534
0 0 1819539
0 0 1819543
0 0 1819547
0 0 1819552
0 0 1819556
0 0 1819560
0 0 1819565
0 0 1819569
0 0 1819573
0 0 1819578
0 0 1819582
0 0 1819586
0 0 1819591
0 0 1819595
0 0 1819599
0 0 1819604
0 0 1819608
0 0 1819612
0 0 1819617
0 0 1819621
0 0 1819625
0 0 1819630
0 0 1819634
0 0 1819638
0 0 1819643
0 0 1819647
0 0 1819651
0 0 1819656
0 0 1819660
0 0 1819664
0 0 1819669
0 0 1819673
0 0 1819677
0 0 1819682
0 0 1819686
0 0 1819690
0 0 1819695
0 0 1819699
0 0 1819703
0 0 1819708
0 0 1819712
0 0 1819716
0 0 1819721
0 0 1819725
0 0 1819729
0 0 1819734
0 0 1819738
0 0 1819742
0 0 1819747
0 0 1819751
0 0 1819755
0 0 1819760
0 0 1819764
0 0 1819768
0 0 1819773
0 0 1819777
0 0 1819781
0 0 1819786
0 0 1819790
0 0 1819795
0 0 1819799
0 0 1819803
0 0 1819808
0 0 1819812
2 0 1819816
1 6 1819821
6 10 1819825
8 10 1819830
15 10 1819834
14 13 1819838
#TRIGGER ON
22 21 1819843
23 19 1819846
19 20 1819849
24 20 1819852
24 20 1819855
29 23 1819857
31 29 1819860
30 33 1819863
30 32 1819866
35 34 1819869
35 37 1819872
37 38 1819875
39 39 1819878
41 41 1819882
40 43 1819884
47 46 1819887
50 41 1819890
46 47 1819893
46 47 1819896
47 45 1819899
55 52 1819902
59 56 1819905
55 58 1819908
57 58 1819911
58 53 1819915
63 55 1819917
67 62 1819920
65 67 1819923
66 66 1819926
67 63 1819929
66 61 1819932
71 72 1819935
73 69 1819938
77 77 1819941
74 72 1819944
74 79 1819948
79 74 1819950
84 81 1819953
83 81 1819956
82 82 1819959
83 80 1819962
88 83 1819965
91 89 1819968
89 88 1819971
92 90 1819974
93 90 1819977
95 94 1819981
98 90 1819983
105 99 1819986
102 100 1819989
100 102 1819992
104 100 1819995
104 108 1820000
108 106 1820003
108 107 1820006
110 111 1820009
109 108 1820012
110 113 1820015
112 115 1820018
117 118 1820021
116 118 1820024
118 122 1820027
119 123 1820030
121 119 1820033
124 126 1820036
125 131 1820039
126 131 1820042
125 126 1820045
131 128 1820048
127 129 1820051
135 137 1820054
135 133 1820057
135 136 1820060
136 137 1820063
136 141 1820066
141 140 1820069
142 141 1820072
143 140 1820075
143 141 1820078
146 146 1820081
144 145 1820084
152 148 1820087
153 150 1820090
155 155 1820093
153 153 1820096
148 153 1820099
154 158 1820102
157 161 1820105
159 163 1820108
160 163 1820111
163 159 1820114
160 160 1820117
163 165 1820120
170 165 1820123
168 167 1820126
173 170 1820129
170 169 1820132
168 175 1820135
170 177 1820138
176 176 1820141
176 175 1820144
175 176 1820147
178 176 1820150
179 184 1820153
180 181 1820156
188 186 1820159
185 189 1820162
187 186 1820165
184 190 1820168
186 188 1820171
190 192 1820174
192 194 1820177
193 195 1820180
191 195 1820183
198 196 1820186
201 197 1820189
199 199 1820192
200 204 1820195
200 201 1820198
201 207 1820201
207 208 1820204
206 209 1820207
209 208 1820210
209 202 1820213
209 208 1820216
211 212 1820219
213 210 1820222
214 213 1820225
214 216 1820228
216 218 1820231
215 225 1820234
219 221 1820237
219 223 1820240
223 219 1820243
224 222 1820246
220 221 1820249
225 225 1820252
227 232 1820255
230 229 1820258
230 234 1820261
231 231 1820264
232 235 1820267
236 236 1820270
231 236 1820273
235 239 1820276
231 238 1820279
238 236 1820282
238 246 1820285
244 241 1820288
243 245 1820291
247 246 1820294
247 243 1820297
248 253 1820300
250 246 1820303
249 248 1820306
249 252 1820309
254 254 1820312
254 253 1820315
257 257 1820318
260 258 1820321
258 261 1820324
256 261 1820327
259 258 1820330
255 267 1820333
259 265 1820336
265 268 1820339
271 265 1820342
269 264 1820345
263 266 1820348
272 270 1820351
271 270 1820354
274 272 1820357
271 275 1820360
274 275 1820363
275 282 1820366
275 281 1820369
276 281 1820372
278 279 1820375
282 280 1820378
279 281 1820381
287 283 1820384
284 289 1820387
287 290 1820390
288 293 1820393
290 285 1820396
292 292 1820399
292 292 1820402
292 293 1820405
292 294 1820408
296 294 1820411
293 295 1820414
303 299 1820417
300 302 1820420
300 301 1820423
299 303 1820426
301 301 1820429
304 309 1820432
304 308 1820435
304 305 1820438
304 306 1820441
304 311 1820444
308 310 1820447
311 313 1820450
317 311 1820453
315 317 1820456
315 315 1820459
313 315 1820462
314 320 1820465
317 322 1820468
317 319 1820471
322 325 1820474
322 321 1820477
321 319 1820480
323 328 1820483
327 327 1820486
329 328 1820489
327 329 1820492
330 329 1820495
329 334 1820498
331 337 1820501
333 338 1820504
334 335 1820507
332 333 1820510
332 333 1820513
339 340 1820516
338 336 1820519
341 340 1820522
339 345 1820525
343 343 1820528
341 349 1820531
346 347 1820534
346 346 1820537
347 345 1820540
347 346 1820543
352 349 1820546
354 354 1820549
348 352 1820552
351 351 1820555
357 356 1820558
355 358 1820561
356 358 1820564
354 361 1820567
357 359 1820570
360 360 1820573
364 360 1820576
360 359 1820579
365 366 1820582
366 363 1820585
369 367 1820588
367 368 1820591
367 365 1820594
366 372 1820597
373 371 1820600
369 371 1820603
371 372 1820606
375 372 1820609
375 374 1820612
378 378 1820615
378 379 1820618
379 376 1820621
380 380 1820624
381 381 1820627
381 386 1820630
385 384 1820633
384 383 1820636
383 385 1820639
383 384 1820642
386 388 1820645
389 392 1820648
389 390 1820651
382 391 1820654
393 395 1820657
394 392 1820660
393 396 1820663
394 398 1820666
400 397 1820669
396 398 1820672
398 397 1820675
398 398 1820678
403 400 1820681
398 401 1820684
405 408 1820687
408 410 1820690
405 402 1820693
397 411 1820696
409 412 1820699
408 410 1820702
410 408 1820705
412 414 1820708
412 406 1820711
412 418 1820714
416 415 1820717
413 419 1820720
414 416 1820723
416 415 1820726
416 420 1820729
422 423 1820732
421 421 1820735
424 419 1820738
420 419 1820741
425 422 1820744
427 427 1820747
428 426 1820750
430 429 1820753
426 431 1820756
428 427 1820759
428 432 1820762
431 431 1820765
432 432 1820768
434 435 1820771
437 432 1820774
435 430 1820777
436 437 1820780
437 440 1820783
438 441 1820786
441 442 1820789
440 441 1820792
437 443 1820795
443 448 1820798
441 447 1820801
447 443 1820804
442 444 1820807
445 446 1820810
448 450 1820813
449 450 1820816
450 448 1820819
452 450 1820822
449 449 1820825
450 459 1820828
455 460 1820831
453 457 1820834
456 455 1820837
456 455 1820840
459 454 1820843
459 459 1820846
459 462 1820849
465 463 1820852
461 462 1820855
464 463 1820858
464 467 1820861
466 468 1820864
464 466 1820867
467 466 1820870
467 465 1820873
469 466 1820876
473 475 1820879
472 474 1820882
473 471 1820885
474 478 1820888
475 473 1820891
473 477 1820894
477 477 1820897
477 479 1820900
476 480 1820903
478 479 1820906
479 480 1820909
483 483 1820912
478 483 1820915
485 485 1820918
483 486 1820921
485 483 1820924
482 491 1820927
486 490 1820930
489 493 1820933
491 489 1820936
490 488 1820939
490 489 1820942
497 494 1820945
491 490 1820948
495 494 1820951
497 497 1820954
498 498 1820957
493 500 1820960
500 503 1820963
498 501 1820966
500 496 1820969
502 501 1820972
501 502 1820975
505 505 1820978
504 501 1820981
507 506 1820984
506 507 1820987
507 505 1820990
505 513 1820993
509 513 1820996
510 511 1821000
508 511 1821003
511 510 1821006
512 507 1821009
511 512 1821012
513 517 1821015
513 516 1821018
513 519 1821021
520 516 1821024
515 515 1821027
516 518 1821029
521 522 1821032
524 518 1821035
523 522 1821038
524 523 1821041
523 525 1821044
519 524 1821047
526 525 1821050
529 524 1821053
524 525 1821056
530 530 1821059
532 531 1821062
529 530 1821065
529 538 1821068
527 534 1821071
534 537 1821074
538 534 1821077
537 534 1821080
531 535 1821083
539 535 1821086
538 541 1821089
541 540 1821092
540 540 1821095
541 537 1821098
540 544 1821101
542 542 1821104
541 545 1821107
544 541 1821110
546 544 1821113
546 544 1821116
548 549 1821119
550 546 1821122
548 552 1821125
552 553 1821128
551 550 1821131
549 555 1821134
552 553 1821137
550 551 1821140
552 555 1821143
560 553 1821146
552 552 1821149
558 563 1821152
560 558 1821155
560 561 1821158
559 558 1821161
559 562 1821164
559 563 1821167
566 562 1821170
563 564 1821173
561 558 1821176
566 563 1821179
565 561 1821182
567 566 1821185
568 564 1821188
568 571 1821191
572 567 1821194
565 566 1821197
570 575 1821200
577 573 1821203
577 573 1821206
573 572 1821209
575 574 1821212
573 572 1821215
574 578 1821218
576 576 1821221
579 576 1821224
577 583 1821227
577 575 1821230
577 586 1821233
583 580 1821236
582 583 1821239
585 584 1821242
588 582 1821245
581 583 1821248
588 589 1821251
583 586 1821254
587 589 1821257
591 587 1821260
587 587 1821263
589 592 1821266
588 592 1821269
589 593 1821272
591 588 1821275
594 595 1821278
595 592 1821281
592 598 1821284
594 600 1821287
599 601 1821290
598 598 1821293
594 597 1821296
595 601 1821299
603 601 1821302
599 599 1821305
602 601 1821308
604 601 1821311
599 601 1821314
606 607 1821317
603 603 1821320
605 610 1821323
607 610 1821326
607 607 1821329
607 609 1821332
611 613 1821335
612 607 1821338
612 610 1821341
615 613 1821344
607 608 1821347
613 618 1821350
616 612 1821353
615 618 1821356
614 619 1821359
616 618 1821362
615 619 1821365
618 619 1821368
618 621 1821371
621 619 1821374
620 621 1821377
621 618 1821380
622 626 1821383
625 624 1821386
622 623 1821389
622 627 1821392
626 625 1821395
625 633 1821398
628 628 1821401
628 629 1821404
630 626 1821407
629 630 1821410
627 629 1821413
632 632 1821416
633 628 1821419
631 636 1821422
632 632 1821425
631 629 1821428
634 638 1821431
636 635 1821434
637 638 1821437
637 635 1821440
640 639 1821443
637 636 1821446
642 641 1821449
640 640 1821452
641 643 1821455
644 643 1821458
642 643 1821461
642 643 1821464
642 649 1821467
644 648 1821470
647 644 1821473
643 646 1821476
646 647 1821479
649 649 1821482
647 646 1821485
651 653 1821488
647 651 1821491
651 653 1821494
647 656 1821497
651 656 1821500
651 654 1821503
652 655 1821506
652 653 1821509
652 654 1821512
659 659 1821515
657 656 1821518
660 660 1821521
660 663 1821524
658 656 1821527
655 664 1821530
659 662 1821533
663 664 1821536
665 669 1821539
663 661 1821542
660 663 1821545
666 665 1821548
666 668 1821551
669 665 1821554
668 670 1821557
666 664 1821560
668 671 1821563
669 671 1821566
669 672 1821569
669 672 1821572
671 672 1821575
672 669 1821578
675 676 1821581
673 670 1821584
675 677 1821587
674 675 1821590
675 676 1821593
673 681 1821596
680 682 1821599
678 679 1821602
682 678 1821605
678 680 1821608
682 677 1821611
680 686 1821614
683 682 1821617
685 686 1821620
683 683 1821623
680 686 1821626
685 688 1821629
684 688 1821632
683 685 1821635
689 690 1821638
690 684 1821641
685 688 1821644
691 686 1821647
694 689 1821650
688 688 1821653
691 693 1821656
690 689 1821659
690 699 1821662
693 692 1821665
693 695 1821668
698 696 1821671
696 693 1821674
694 696 1821677
697 698 1821680
697 699 1821683
696 696 1821686
699 702 1821689
700 699 1821692
695 702 1821695
701 705 1821698
703 701 1821701
703 698 1821704
703 700 1821707
705 705 1821710
708 707 1821713
707 703 1821716
708 709 1821719
708 711 1821722
706 705 1821725
705 710 1821728
707 711 1821731
708 707 1821734
709 706 1821737
713 714 1821740
708 706 1821743
712 715 1821746
713 715 1821749
715 712 1821752
715 715 1821755
715 713 1821758
716 720 1821761
717 714 1821764
712 720 1821767
718 714 1821770
715 719 1821773
718 716 1821776
724 720 1821779
722 722 1821782
720 720 1821785
719 716 1821788
715 712 1821791
713 717 1821794
710 715 1821797
710 709 1821800
709 712 1821803
706 709 1821806
709 705 1821809
705 708 1821812
710 706 1821815
705 704 1821818
703 702 1821821
700 704 1821824
699 705 1821827
698 697 1821830
701 701 1821833
698 696 1821836
698 696 1821839
693 690 1821842
699 695 1821845
687 692 1821848
691 689 1821851
689 696 1821854
691 685 1821857
684 691 1821860
691 690 1821863
685 687 1821866
687 681 1821869
683 682 1821872
684 682 1821875
679 679 1821878
684 683 1821881
682 674 1821884
680 680 1821887
681 672 1821890
675 681 1821893
676 673 1821896
673 681 1821899
676 673 1821902
671 673 1821905
671 671 1821908
670 673 1821911
673 671 1821914
667 671 1821917
664 671 1821920
667 666 1821923
662 665 1821926
663 667 1821929
664 661 1821932
663 661 1821935
661 659 1821938
661 659 1821941
659 659 1821944
660 657 1821947
659 658 1821950
656 658 1821953
655 652 1821956
654 655 1821959
655 657 1821962
651 650 1821965
652 655 1821968
649 650 1821971
648 652 1821974
647 647 1821977
649 650 1821980
648 646 1821983
648 648 1821986
646 641 1821989
643 647 1821992
646 648 1821995
640 644 1821999
643 641 1822002
638 642 1822005
642 637 1822008
637 640 1822011
637 634 1822014
641 638 1822017
636 628 1822020
636 631 1822023
632 630 1822026
635 634 1822029
630 630 1822032
631 631 1822034
631 634 1822037
633 627 1822040
630 629 1822043
629 631 1822046
625 624 1822049
626 631 1822052
623 624 1822055
625 621 1822058
620 623 1822061
623 619 1822064
619 619 1822067
618 620 1822070
621 619 1822073
616 620 1822076
621 615 1822079
618 618 1822082
618 610 1822085
611 619 1822088
615 619 1822091
612 619 1822094
616 608 1822097
614 609 1822100
612 608 1822103
611 613 1822106
606 610 1822109
604 605 1822112
607 607 1822115
604 607 1822118
603 606 1822121
606 609 1822124
603 600 1822127
604 604 1822130
602 599 1822133
601 600 1822136
600 602 1822139
599 599 1822142
601 603 1822145
596 596 1822148
599 593 1822151
596 593 1822154
595 598 1822157
593 593 1822160
595 589 1822163
593 593 1822166
590 585 1822169
589 597 1822172
589 586 1822175
590 592 1822178
589 587 1822181
588 586 1822184
582 587 1822187
584 589 1822190
584 584 1822193
584 584 1822196
582 580 1822199
582 581 1822202
583 583 1822205
582 581 1822208
583 581 1822211
578 584 1822214
578 577 1822217
574 581 1822220
578 573 1822223
577 575 1822226
573 571 1822229
578 575 1822232
575 571 1822235
574 573 1822238
571 573 1822241
573 570 1822244
575 573 1822247
567 565 1822250
563 570 1822253
566 571 1822256
566 564 1822259
565 568 1822262
565 564 1822265
567 566 1822268
562 565 1822271
563 563 1822274
564 566 1822277
560 563 1822280
559 559 1822283
557 562 1822286
559 562 1822289
558 555 1822292
555 561 1822295
558 552 1822298
551 555 1822301
555 557 1822304
555 557 1822307
554 553 1822310
551 555 1822313
554 550 1822316
547 550 1822319
551 553 1822322
546 552 1822325
551 546 1822328
547 546 1822331
544 542 1822334
549 549 1822337
546 546 1822340
548 545 1822343
545 544 1822346
546 543 1822349
540 544 1822352
542 540 1822355
541 541 1822358
544 541 1822361
539 536 1822364
538 537 1822367
540 540 1822370
535 540 1822373
537 537 1822376
534 536 1822379
536 535 1822382
533 538 1822385
534 539 1822388
533 534 1822391
536 532 1822394
533 526 1822397
531 528 1822400
529 530 1822403
531 530 1822406
529 530 1822409
529 528 1822412
527 522 1822415
521 530 1822418
527 529 1822421
525 527 1822424
524 525 1822427
524 521 1822430
523 521 1822433
522 521 1822436
525 521 1822439
523 521 1822442
519 518 1822445
519 518 1822448
517 519 1822451
517 521 1822454
512 516 1822457
516 517 1822460
516 512 1822463
511 510 1822466
515 515 1822469
515 512 1822472
518 513 1822475
510 510 1822478
513 512 1822481
507 516 1822484
510 510 1822487
509 513 1822490
507 507 1822493
508 512 1822496
505 505 1822499
507 508 1822502
506 501 1822505
503 505 1822508
502 508 1822511
502 501 1822514
499 505 1822517
502 506 1822520
503 500 1822523
497 500 1822526
502 501 1822529
500 496 1822532
499 497 1822535
498 499 1822538
499 500 1822541
496 497 1822544
496 495 1822547
494 496 1822550
495 498 1822553
495 498 1822556
494 490 1822559
491 490 1822562
493 492 1822565
494 493 1822568
491 489 1822571
492 490 1822574
495 492 1822577
488 488 1822580
486 488 1822583
488 486 1822586
484 488 1822589
488 483 1822592
485 486 1822595
488 481 1822598
483 486 1822601
482 480 1822604
481 488 1822607
482 484 1822610
483 484 1822613
475 486 1822616
482 486 1822619
479 482 1822622
480 476 1822625
477 477 1822628
475 475 1822631
475 477 1822634
478 478 1822637
475 479 1822640
476 476 1822643
475 475 1822646
470 475 1822649
473 473 1822652
469 472 1822655
472 469 1822658
467 472 1822661
468 470 1822664
472 476 1822667
469 466 1822670
471 467 1822673
471 465 1822676
466 464 1822679
463 465 1822682
463 467 1822685
460 465 1822688
466 463 1822691
468 461 1822694
462 460 1822697
461 463 1822700
461 462 1822703
462 462 1822706
464 464 1822709
462 459 1822712
460 463 1822715
457 462 1822718
460 459 1822721
456 455 1822724
457 458 1822727
456 455 1822730
459 456 1822733
455 452 1822736
455 457 1822739
453 455 1822742
455 451 1822745
449 458 1822748
453 454 1822751
453 452 1822754
453 449 1822757
452 449 1822760
449 446 1822763
449 451 1822766
449 450 1822769
447 450 1822772
450 444 1822775
442 446 1822778
446 447 1822781
447 444 1822784
445 444 1822787
441 443 1822790
444 443 1822793
440 443 1822796
442 442 1822799
441 441 1822802
442 440 1822805
439 440 1822808
439 434 1822811
435 440 1822814
435 439 1822817
436 437 1822820
434 442 1822823
436 435 1822826
433 433 1822829
438 436 1822832
437 435 1822835
436 434 1822838
434 433 1822841
434 432 1822844
430 431 1822847
427 436 1822850
428 428 1822853
429 431 1822856
432 431 1822859
425 425 1822862
426 429 1822865
429 428 1822868
427 430 1822871
428 426 1822874
426 426 1822877
424 430 1822880
427 426 1822883
425 425 1822886
425 422 1822889
423 422 1822892
424 422 1822895
423 421 1822898
423 422 1822901
425 425 1822904
425 420 1822907
417 415 1822910
417 422 1822913
424 422 1822916
418 418 1822919
417 414 1822922
416 417 1822925
413 415 1822928
415 416 1822931
413 417 1822934
413 418 1822937
413 417 1822940
414 415 1822943
412 417 1822946
412 413 1822949
409 412 1822952
413 412 1822955
409 410 1822958
409 408 1822961
406 406 1822964
410 408 1822967
409 409 1822970
410 409 1822973
406 403 1822976
406 413 1822979
407 409 1822982
405 409 1822985
406 402 1822988
410 404 1822991
401 399 1822994
404 406 1822997
400 405 1823001
397 402 1823004
402 400 1823007
400 405 1823010
399 400 1823013
397 395 1823016
400 403 1823019
394 399 1823022
397 402 1823025
400 397 1823028
393 397 1823032
400 396 1823034
397 399 1823037
401 395 1823040
393 398 1823043
392 398 1823046
390 394 1823049
391 393 1823052
392 391 1823055
394 392 1823058
393 391 1823061
387 389 1823065
392 386 1823067
391 387 1823070
391 390 1823073
389 395 1823076
385 390 1823079
386 384 1823082
390 388 1823085
388 387 1823088
388 388 1823091
386 384 1823094
384 388 1823098
386 382 1823100
385 387 1823103
382 380 1823106
385 382 1823109
382 382 1823112
382 384 1823115
383 384 1823118
380 381 1823121
381 383 1823124
382 381 1823127
377 380 1823131
379 378 1823133
375 379 1823136
379 376 1823139
378 376 1823142
374 377 1823145
373 375 1823148
378 378 1823151
380 380 1823154
375 375 1823157
373 376 1823160
370 373 1823164
374 372 1823166
374 372 1823169
374 369 1823172
370 370 1823175
371 372 1823178
368 367 1823181
372 370 1823184
376 371 1823187
370 372 1823190
371 373 1823193
367 370 1823197
369 363 1823199
370 369 1823202
370 365 1823205
363 368 1823208
366 366 1823211
362 365 1823214
362 365 1823217
364 366 1823220
366 362 1823223
365 367 1823226
360 363 1823230
365 361 1823232
361 363 1823235
362 360 1823238
360 365 1823241
358 360 1823244
357 358 1823247
359 360 1823250
355 357 1823253
359 357 1823256
357 360 1823259
357 357 1823263
357 353 1823265
357 357 1823268
356 356 1823271
353 355 1823274
354 355 1823277
355 355 1823280
354 353 1823283
354 352 1823286
357 355 1823289
356 351 1823292
348 352 1823296
351 344 1823298
351 352 1823301
352 350 1823304
349 348 1823307
346 348 1823310
351 350 1823313
349 353 1823316
347 350 1823319
347 348 1823322
348 348 1823325
343 349 1823329
347 338 1823331
345 344 1823334
344 347 1823337
345 344 1823340
342 346 1823343
340 344 1823346
344 346 1823349
338 345 1823352
341 345 1823355
338 347 1823358
339 342 1823362
343 339 1823364
343 341 1823367
339 339 1823370
338 339 1823373
338 337 1823376
337 334 1823379
340 337 1823382
339 337 1823385
340 337 1823388
339 334 1823391
336 338 1823395
338 333 1823397
336 336 1823400
337 332 1823403
333 333 1823406
328 331 1823409
333 328 1823412
335 334 1823415
332 335 1823418
333 333 1823421
333 331 1823424
329 335 1823428
332 329 1823430
330 330 1823433
329 329 1823436
326 328 1823439
326 331 1823442
328 326 1823445
330 330 1823448
325 328 1823451
330 326 1823454
327 331 1823457
326 325 1823461
331 326 1823463
325 327 1823466
328 323 1823469
320 324 1823472
322 321 1823475
322 321 1823478
326 325 1823481
322 323 1823484
319 319 1823487
322 323 1823490
324 322 1823494
317 319 1823496
321 319 1823499
317 322 1823502
317 318 1823505
316 321 1823508
317 313 1823511
320 321 1823514
315 316 1823517
315 320 1823520
318 315 1823523
316 319 1823527
318 315 1823529
313 315 1823532
314 312 1823535
317 317 1823538
317 315 1823541
309 310 1823544
315 310 1823547
316 317 1823550
315 317 1823553
314 312 1823556
310 310 1823560
313 311 1823562
312 313 1823565
313 317 1823568
306 312 1823571
311 311 1823574
309 311 1823577
309 313 1823580
304 305 1823583
310 306 1823586
311 305 1823589
308 303 1823593
309 302 1823595
307 309 1823598
307 304 1823601
307 306 1823604
303 311 1823607
300 300 1823610
307 305 1823613
303 309 1823616
305 306 1823619
304 306 1823622
303 307 1823626
303 295 1823628
306 301 1823631
302 299 1823634
300 300 1823637
299 297 1823640
297 299 1823643
298 303 1823646
301 305 1823649
298 302 1823652
296 303 1823655
292 296 1823659
300 294 1823661
296 299 1823664
293 296 1823667
292 295 1823670
298 301 1823673
294 296 1823676
294 297 1823679
292 295 1823682
296 296 1823685
293 294 1823688
293 290 1823692
294 291 1823694
291 299 1823697
293 296 1823700
290 291 1823703
287 291 1823706
290 286 1823709
292 295 1823712
286 290 1823715
289 290 1823718
286 289 1823721
289 287 1823725
294 282 1823727
288 291 1823730
286 287 1823733
286 289 1823736
286 291 1823739
286 288 1823742
288 286 1823745
289 289 1823748
286 288 1823751
284 283 1823754
279 282 1823758
288 283 1823760
284 285 1823763
284 284 1823766
280 282 1823769
278 283 1823772
281 278 1823775
282 283 1823778
279 283 1823781
284 283 1823784
283 284 1823787
278 279 1823791
278 276 1823793
280 280 1823796
279 280 1823799
280 282 1823802
279 277 1823805
277 277 1823808
278 275 1823811
276 273 1823814
276 278 1823817
275 275 1823820
272 274 1823824
279 273 1823826
271 277 1823829
274 277 1823832
274 276 1823835
272 276 1823838
269 271 1823841
275 272 1823844
271 273 1823847
274 271 1823850
273 272 1823853
273 272 1823857
276 272 1823859
270 271 1823862
270 270 1823865
266 268 1823868
271 272 1823871
266 266 1823874
272 272 1823877
267 268 1823880
266 270 1823883
267 270 1823886
268 267 1823890
266 266 1823892
269 267 1823895
268 267 1823898
264 264 1823901
264 266 1823904
265 265 1823907
264 266 1823910
265 264 1823913
265 266 1823916
264 265 1823919
264 267 1823923
262 259 1823925
264 265 1823928
261 263 1823931
256 262 1823934
257 261 1823937
257 257 1823940
260 264 1823943
261 264 1823946
259 265 1823949
260 263 1823952
257 263 1823956
261 257 1823958
260 259 1823961
259 257 1823964
256 262 1823967
254 257 1823970
254 254 1823973
257 258 1823976
258 260 1823979
257 259 1823982
256 253 1823985
252 257 1823989
255 253 1823991
254 256 1823994
254 254 1823999
254 252 1824002
252 256 1824005
256 257 1824008
251 248 1824011
250 255 1824014
251 252 1824017
255 252 1824020
252 250 1824023
251 251 1824026
251 256 1824029
249 251 1824032
249 252 1824035
252 250 1824038
250 252 1824041
251 245 1824044
247 244 1824047
246 244 1824050
246 248 1824053
246 248 1824056
247 250 1824059
245 250 1824062
244 246 1824065
245 250 1824068
247 248 1824071
242 246 1824074
245 247 1824077
245 246 1824080
248 245 1824083
246 244 1824086
245 243 1824089
247 242 1824092
248 246 1824095
242 241 1824098
238 245 1824101
242 245 1824104
241 244 1824107
243 244 1824110
242 239 1824113
239 240 1824116
244 245 1824119
238 239 1824122
239 241 1824125
237 242 1824128
239 234 1824131
237 242 1824134
241 240 1824137
235 233 1824140
238 237 1824143
238 239 1824146
234 232 1824149
237 239 1824152
237 236 1824155
237 241 1824158
237 238 1824161
234 234 1824164
237 239 1824167
238 237 1824170
237 232 1824173
233 232 1824176
235 232 1824179
231 232 1824182
235 231 1824185
234 228 1824188
234 234 1824191
236 231 1824194
232 228 1824197
228 231 1824200
233 233 1824203
231 231 1824206
230 232 1824209
229 226 1824212
230 227 1824215
233 230 1824218
230 226 1824221
232 233 1824224
227 233 1824227
227 229 1824230
227 233 1824233
228 230 1824236
227 228 1824239
224 226 1824242
226 226 1824245
225 228 1824248
226 232 1824251
224 223 1824254
227 233 1824257
225 225 1824260
224 223 1824263
223 225 1824266
223 228 1824269
224 224 1824272
221 227 1824275
220 220 1824278
222 223 1824281
223 224 1824284
218 223 1824287
225 223 1824290
221 226 1824293
222 219 1824296
217 224 1824299
225 224 1824302
220 220 1824305
222 222 1824308
224 219 1824311
218 218 1824314
217 218 1824317
219 220 1824320
220 220 1824323
215 218 1824326
219 215 1824329
217 222 1824332
215 218 1824335
216 219 1824338
218 216 1824341
216 214 1824344
216 212 1824347
214 216 1824350
216 215 1824353
216 217 1824356
213 213 1824359
216 215 1824362
214 216 1824365
215 215 1824368
213 215 1824371
215 215 1824374
213 212 1824377
211 212 1824380
217 214 1824383
211 215 1824386
214 212 1824389
212 213 1824392
213 211 1824395
208 211 1824398
211 217 1824401
210 217 1824404
214 212 1824407
207 213 1824410
211 213 1824413
209 211 1824416
207 210 1824419
206 212 1824422
207 211 1824425
207 205 1824428
201 212 1824431
210 213 1824434
209 207 1824437
207 207 1824440
207 207 1824443
206 209 1824446
207 202 1824449
202 207 1824452
207 207 1824455
204 206 1824458
205 203 1824461
203 209 1824464
203 205 1824467
203 205 1824470
209 208 1824473
202 201 1824476
200 200 1824479
203 207 1824482
206 206 1824485
203 202 1824488
201 204 1824491
204 200 1824494
197 204 1824497
204 200 1824500
198 203 1824503
201 201 1824506
200 196 1824509
200 197 1824512
197 201 1824515
201 198 1824518
201 201 1824521
198 198 1824524
197 195 1824527
198 201 1824530
199 198 1824533
194 199 1824536
200 196 1824539
200 199 1824542
197 192 1824545
197 194 1824548
200 199 1824551
195 194 1824554
194 196 1824557
196 195 1824560
196 196 1824563
193 197 1824566
198 196 1824569
196 198 1824572
192 196 1824575
192 189 1824578
193 197 1824581
194 195 1824584
196 193 1824587
192 194 1824590
190 192 1824593
187 193 1824596
191 193 1824599
192 192 1824602
190 191 1824605
191 193 1824608
194 191 1824611
189 193 1824614
193 188 1824617
190 191 1824620
188 192 1824623
190 191 1824626
187 191 1824629
188 189 1824632
189 191 1824635
191 189 1824638
190 189 1824641
187 184 1824644
186 187 1824647
187 187 1824650
188 188 1824653
186 189 1824656
186 186 1824659
184 190 1824662
187 191 1824665
186 188 1824668
187 185 1824671
185 181 1824674
184 178 1824677
186 183 1824680
191 185 1824683
184 184 1824686
187 187 1824689
186 184 1824692
182 185 1824695
188 184 1824698
181 180 1824701
180 181 1824704
184 180 1824707
180 181 1824710
185 179 1824713
182 180 1824716
183 182 1824719
182 182 1824722
181 178 1824725
178 184 1824728
184 183 1824731
183 179 1824734
178 180 1824737
180 179 1824740
181 176 1824743
176 179 1824746
179 176 1824749
185 182 1824752
178 176 1824755
177 179 1824758
180 181 1824761
180 179 1824764
176 177 1824767
181 180 1824770
179 178 1824773
174 175 1824776
173 179 1824779
177 176 1824782
174 177 1824785
176 177 1824788
177 176 1824791
171 175 1824794
172 176 1824797
174 176 1824800
174 171 1824803
172 173 1824806
173 172 1824809
174 172 1824812
174 176 1824815
175 173 1824818
171 173 1824821
171 173 1824824
170 175 1824827
166 173 1824830
173 174 1824833
171 175 1824836
177 172 1824839
169 168 1824842
174 173 1824845
172 170 1824848
170 175 1824851
174 173 1824854
168 173 1824857
165 172 1824860
170 170 1824863
172 172 1824866
171 168 1824869
169 166 1824872
162 165 1824875
169 173 1824878
170 165 1824881
169 169 1824884
168 169 1824887
164 165 1824890
167 175 1824893
167 167 1824896
164 167 1824899
165 166 1824902
166 164 1824905
163 163 1824908
168 166 1824911
167 164 1824914
167 168 1824917
165 167 1824920
164 166 1824923
163 167 1824926
164 166 1824929
162 161 1824932
165 168 1824935
162 163 1824938
163 163 1824941
164 167 1824944
164 168 1824947
163 166 1824950
162 164 1824953
160 162 1824956
162 163 1824959
161 164 1824962
161 167 1824965
160 161 1824968
159 163 1824971
161 159 1824974
160 160 1824977
160 164 1824980
163 164 1824983
158 159 1824986
158 161 1824989
156 164 1824992
159 157 1824995
157 163 1824999
158 158 1825002
158 157 1825005
158 157 1825008
158 161 1825011
157 164 1825014
160 159 1825017
159 154 1825020
155 153 1825023
155 153 1825026
158 154 1825029
154 156 1825032
157 157 1825034
158 158 1825037
155 156 1825040
157 157 1825043
156 159 1825046
156 153 1825049
154 154 1825052
153 157 1825055
157 151 1825058
151 150 1825061
155 155 1825064
155 154 1825067
152 151 1825070
156 155 1825073
156 153 1825076
155 153 1825079
154 154 1825082
152 152 1825085
152 155 1825088
152 154 1825091
153 155 1825094
151 149 1825097
154 153 1825100
152 148 1825103
152 153 1825106
152 148 1825109
154 152 1825112
151 151 1825115
153 148 1825118
146 152 1825121
154 150 1825124
147 147 1825127
149 150 1825130
150 144 1825133
148 146 1825136
150 147 1825139
148 148 1825142
152 150 1825145
151 148 1825148
149 145 1825151
145 148 1825154
146 147 1825157
142 146 1825160
146 150 1825163
146 145 1825166
146 147 1825169
146 147 1825172
144 150 1825175
145 150 1825178
144 141 1825181
145 144 1825184
143 145 1825187
143 147 1825190
145 149 1825193
146 140 1825196
143 144 1825199
143 145 1825202
147 141 1825205
144 142 1825208
147 143 1825211
147 144 1825214
143 140 1825217
137 142 1825220
144 145 1825223
142 143 1825226
145 140 1825229
143 138 1825232
138 141 1825235
141 144 1825238
138 137 1825241
140 142 1825244
140 140 1825247
141 138 1825250
142 143 1825253
142 139 1825256
138 141 1825259
141 140 1825262
139 136 1825265
137 138 1825268
141 142 1825271
141 141 1825274
139 140 1825277
141 137 1825280
139 134 1825283
136 139 1825286
138 137 1825289
137 141 1825292
139 138 1825295
137 136 1825298
136 139 1825301
138 138 1825304
137 138 1825307
135 134 1825310
135 144 1825313
139 134 1825316
135 137 1825319
138 137 1825322
136 132 1825325
134 136 1825328
136 134 1825331
136 133 1825334
135 139 1825337
134 134 1825340
135 136 1825343
135 138 1825346
136 130 1825349
131 132 1825352
134 137 1825355
135 133 1825358
132 133 1825361
131 134 1825364
135 131 1825367
133 135 1825370
130 130 1825373
134 136 1825376
130 133 1825379
131 133 1825382
130 129 1825385
131 134 1825388
135 131 1825391
132 133 1825394
132 131 1825397
128 130 1825400
130 129 1825403
129 133 1825406
134 135 1825409
131 134 1825412
129 132 1825415
126 131 1825418
126 132 1825421
130 133 1825424
129 132 1825427
130 128 1825430
123 127 1825433
130 131 1825436
129 127 1825439
126 129 1825442
131 129 1825445
123 130 1825448
128 127 1825451
124 129 1825454
125 131 1825457
124 126 1825460
125 126 1825463
128 125 1825466
124 127 1825469
123 127 1825472
127 128 1825475
125 127 1825478
127 127 1825481
127 127 1825484
126 123 1825487
125 123 1825490
125 124 1825493
124 122 1825496
123 118 1825499
123 123 1825502
125 122 1825505
125 126 1825508
125 124 1825511
126 120 1825514
121 124 1825517
126 125 1825520
120 123 1825523
124 121 1825526
122 123 1825529
122 122 1825532
119 126 1825535
122 121 1825538
125 128 1825541
124 119 1825544
117 121 1825547
123 125 1825550
121 122 1825553
122 122 1825556
120 124 1825559
124 122 1825562
114 120 1825565
122 123 1825568
120 122 1825571
124 124 1825574
119 119 1825577
121 120 1825580
117 125 1825583
119 121 1825586
115 122 1825589
120 117 1825592
119 117 1825595
122 118 1825598
120 125 1825601
120 122 1825604
116 120 1825607
120 120 1825610
117 116 1825613
116 124 1825616
117 118 1825619
115 119 1825622
115 118 1825625
118 119 1825628
117 114 1825631
115 117 1825634
117 118 1825637
118 119 1825640
115 117 1825643
114 112 1825646
117 118 1825649
116 115 1825652
114 113 1825655
118 111 1825658
113 113 1825661
115 114 1825664
116 115 1825667
114 117 1825670
117 119 1825673
111 115 1825676
113 114 1825679
114 116 1825682
113 114 1825685
115 115 1825688
114 109 1825691
111 112 1825694
112 111 1825697
110 114 1825700
112 110 1825703
111 113 1825706
114 110 1825709
112 113 1825712
112 115 1825715
111 113 1825718
111 114 1825721
111 113 1825724
110 111 1825727
111 110 1825730
110 111 1825733
108 112 1825736
114 111 1825739
109 107 1825742
110 108 1825745
109 114 1825748
108 111 1825751
112 115 1825754
112 106 1825757
109 108 1825760
110 108 1825763
111 110 1825766
110 107 1825769
109 110 1825772
110 106 1825775
111 105 1825778
107 111 1825781
109 106 1825784
102 106 1825787
107 108 1825790
108 108 1825793
106 103 1825796
109 107 1825799
106 108 1825802
108 106 1825805
108 103 1825808
105 107 1825811
103 111 1825814
108 108 1825817
107 107 1825820
105 101 1825823
106 106 1825826
109 102 1825829
111 105 1825832
101 105 1825835
108 107 1825838
107 105 1825841
103 100 1825844
99 105 1825847
107 107 1825850
107 107 1825853
103 102 1825856
102 105 1825859
101 102 1825862
102 104 1825865
104 101 1825868
106 108 1825871
105 103 1825874
101 99 1825877
101 105 1825880
107 106 1825883
102 101 1825886
106 104 1825889
106 101 1825892
100 101 1825895
101 106 1825898
100 104 1825901
103 106 1825904
100 104 1825907
103 102 1825910
98 106 1825913
100 105 1825916
103 107 1825919
101 99 1825922
100 98 1825925
105 99 1825928
104 96 1825931
99 97 1825934
101 104 1825937
98 101 1825940
96 98 1825943
97 105 1825946
101 99 1825949
97 102 1825952
101 99 1825955
98 99 1825958
99 96 1825961
103 101 1825964
101 98 1825967
97 102 1825970
99 104 1825973
97 99 1825976
93 100 1825979
100 100 1825982
97 100 1825985
100 97 1825988
96 101 1825991
95 97 1825994
97 100 1825997
97 97 1826001
100 97 1826004
96 95 1826007
98 100 1826010
94 100 1826013
92 94 1826016
96 97 1826019
96 100 1826022
90 98 1826025
96 95 1826028
95 96 1826032
95 90 1826034
98 98 1826037
95 93 1826040
96 94 1826043
92 98 1826046
96 95 1826049
96 96 1826052
94 96 1826055
94 95 1826058
94 94 1826061
94 95 1826065
97 89 1826067
92 91 1826070
98 93 1826073
91 99 1826076
91 93 1826079
93 92 1826082
89 92 1826085
91 92 1826088
94 93 1826091
95 94 1826094
87 88 1826098
97 88 1826100
92 94 1826103
88 88 1826106
93 90 1826109
91 94 1826112
87 87 1826115
92 90 1826118
92 96 1826121
92 93 1826124
90 84 1826127
88 90 1826131
90 88 1826133
90 95 1826136
92 89 1826139
90 90 1826142
88 91 1826145
86 89 1826148
86 91 1826151
92 92 1826154
91 90 1826157
89 86 1826160
87 87 1826164
94 86 1826166
89 89 1826169
85 85 1826172
90 88 1826175
89 92 1826178
86 86 1826181
92 90 1826184
88 90 1826187
86 89 1826190
88 86 1826193
90 90 1826197
89 83 1826199
90 87 1826202
93 88 1826205
83 88 1826208
85 88 1826211
88 88 1826214
88 87 1826217
85 86 1826220
86 83 1826223
89 91 1826226
82 89 1826230
85 80 1826232
85 91 1826235
88 87 1826238
87 85 1826241
87 87 1826244
89 84 1826247
89 85 1826250
85 85 1826253
86 87 1826256
85 85 1826259
83 83 1826263
90 83 1826265
83 85 1826268
87 80 1826271
88 84 1826274
86 85 1826277
81 78 1826280
82 83 1826283
82 84 1826286
83 85 1826289
83 83 1826292
81 82 1826296
84 81 1826298
85 86 1826301
82 78 1826304
77 82 1826307
82 81 1826310
81 81 1826313
81 82 1826316
81 83 1826319
84 84 1826322
84 83 1826325
78 79 1826329
84 77 1826331
83 82 1826334
81 78 1826337
83 80 1826340
80 82 1826343
81 81 1826346
79 82 1826349
79 83 1826352
79 80 1826355
81 83 1826358
76 80 1826362
77 75 1826364
78 85 1826367
82 79 1826370
77 82 1826373
75 80 1826376
79 80 1826379
77 85 1826382
78 84 1826385
81 80 1826388
77 81 1826391
76 78 1826395
81 75 1826397
82 81 1826400
76 77 1826403
80 78 1826406
77 78 1826409
78 74 1826412
81 83 1826415
80 80 1826418
79 80 1826421
80 80 1826424
74 77 1826428
80 72 1826430
80 78 1826433
78 78 1826436
75 78 1826439
76 77 1826442
77 78 1826445
75 80 1826448
80 81 1826451
79 77 1826454
78 74 1826457
74 74 1826461
80 71 1826463
78 78 1826466
78 73 1826469
73 76 1826472
77 74 1826475
77 75 1826478
77 79 1826481
75 77 1826484
79 79 1826487
75 79 1826490
74 71 1826494
77 71 1826496
77 75 1826499
75 77 1826502
73 73 1826505
70 72 1826508
74 70 1826511
74 77 1826514
74 73 1826517
77 77 1826520
74 80 1826523
74 74 1826527
79 70 1826529
74 74 1826532
74 71 1826535
73 75 1826538
75 72 1826541
72 71 1826544
73 75 1826547
74 75 1826550
72 76 1826553
71 71 1826556
70 75 1826560
73 69 1826562
73 74 1826565
70 71 1826568
74 75 1826571
71 73 1826574
73 73 1826577
71 72 1826580
71 69 1826583
72 73 1826586
71 74 1826589
72 72 1826593
73 70 1826595
73 73 1826598
67 69 1826601
69 71 1826604
68 69 1826607
69 71 1826610
69 70 1826613
71 71 1826616
72 70 1826619
75 68 1826622
70 72 1826626
74 65 1826628
70 72 1826631
69 66 1826634
69 69 1826637
70 69 1826640
67 72 1826643
68 71 1826646
68 71 1826649
73 70 1826652
69 68 1826655
71 71 1826659
71 64 1826661
71 71 1826664
67 63 1826667
66 66 1826670
66 72 1826673
65 65 1826676
69 70 1826679
66 70 1826682
66 67 1826685
69 67 1826688
70 65 1826692
68 66 1826694
70 65 1826697
68 67 1826700
65 65 1826703
68 63 1826706
67 67 1826709
67 71 1826712
67 71 1826715
66 71 1826718
68 65 1826721
66 63 1826725
72 67 1826727
66 66 1826730
68 64 1826733
62 65 1826736
60 65 1826739
63 64 1826742
66 68 1826745
65 67 1826748
69 66 1826751
66 66 1826754
65 60 1826758
67 58 1826760
66 67 1826763
63 66 1826766
64 66 1826769
65 68 1826772
62 67 1826775
64 64 1826778
65 63 1826781
64 66 1826784
64 63 1826787
61 59 1826791
62 61 1826793
65 63 1826796
62 63 1826799
60 65 1826802
61 63 1826805
63 64 1826808
66 63 1826811
63 64 1826814
64 67 1826817
66 65 1826820
61 59 1826824
61 57 1826826
69 61 1826829
64 61 1826832
62 64 1826835
58 64 1826838
61 60 1826841
66 63 1826844
63 62 1826847
59 65 1826850
61 60 1826853
64 63 1826857
64 60 1826859
64 61 1826862
61 55 1826865
64 60 1826868
60 62 1826871
62 58 1826874
60 58 1826877
64 59 1826880
59 64 1826883
61 62 1826886
59 60 1826890
61 55 1826892
60 60 1826895
65 61 1826898
56 59 1826901
57 60 1826904
60 60 1826907
60 62 1826910
57 62 1826913
59 64 1826916
58 61 1826919
57 59 1826923
63 58 1826925
60 64 1826928
61 60 1826931
59 59 1826934
56 58 1826937
55 57 1826940
61 61 1826943
58 62 1826946
59 59 1826949
59 55 1826952
59 57 1826956
63 59 1826958
60 62 1826961
62 54 1826964
56 57 1826967
58 57 1826970
58 56 1826973
58 60 1826976
56 55 1826979
61 57 1826982
59 57 1826985
57 54 1826989
61 52 1826991
57 58 1826994
56 52 1826999
57 52 1827002
57 56 1827005
59 55 1827008
60 55 1827011
55 54 1827014
52 52 1827017
57 58 1827020
59 56 1827023
58 54 1827026
53 53 1827029
57 55 1827032
52 55 1827035
53 58 1827038
58 59 1827041
52 56 1827044
55 54 1827047
55 54 1827050
57 54 1827053
54 53 1827056
53 57 1827059
51 57 1827062
53 55 1827065
53 58 1827068
51 55 1827071
54 51 1827074
54 54 1827077
53 55 1827080
53 52 1827083
53 59 1827086
55 57 1827089
55 53 1827092
55 57 1827095
54 55 1827098
52 54 1827101
53 58 1827104
51 56 1827107
54 51 1827110
56 55 1827113
53 50 1827116
52 53 1827119
52 52 1827122
52 51 1827125
55 54 1827128
54 47 1827131
48 53 1827134
54 55 1827137
56 53 1827140
52 50 1827143
52 50 1827146
54 49 1827149
54 56 1827152
52 49 1827155
55 55 1827158
53 50 1827161
52 48 1827164
47 58 1827167
54 50 1827170
46 51 1827173
55 49 1827176
52 47 1827179
50 49 1827182
54 56 1827185
52 51 1827188
54 50 1827191
45 50 1827194
51 50 1827197
46 52 1827200
51 52 1827203
54 55 1827206
53 47 1827209
46 51 1827212
49 49 1827215
52 53 1827218
49 47 1827221
49 50 1827224
51 51 1827227
52 49 1827230
47 52 1827233
50 46 1827236
45 51 1827239
50 49 1827242
50 51 1827245
45 45 1827248
49 51 1827251
50 47 1827254
49 51 1827257
46 51 1827260
48 50 1827263
45 48 1827266
48 48 1827269
47 49 1827272
49 47 1827275
47 44 1827278
49 49 1827281
53 50 1827284
48 48 1827287
44 52 1827290
51 50 1827293
46 53 1827296
43 42 1827299
48 48 1827302
48 50 1827305
49 47 1827308
49 47 1827311
48 45 1827314
47 46 1827317
47 49 1827320
49 52 1827323
44 47 1827326
45 47 1827329
45 52 1827332
45 49 1827335
44 49 1827338
49 45 1827341
45 45 1827344
44 42 1827347
51 50 1827350
46 48 1827353
50 49 1827356
45 46 1827359
41 47 1827362
45 52 1827365
46 48 1827368
44 43 1827371
45 46 1827374
46 46 1827377
47 41 1827380
45 42 1827383
45 45 1827386
48 43 1827389
45 45 1827392
41 41 1827395
46 49 1827398
48 45 1827401
45 43 1827404
43 42 1827407
44 43 1827410
44 39 1827413
46 49 1827416
46 42 1827419
44 47 1827422
48 44 1827425
45 41 1827428
39 43 1827431
49 48 1827434
42 41 1827437
42 43 1827440
45 42 1827443
45 41 1827446
45 39 1827449
44 41 1827452
46 41 1827455
43 42 1827458
42 39 1827461
44 47 1827464
44 41 1827467
41 43 1827470
43 43 1827473
46 42 1827476
39 38 1827479
47 41 1827482
45 43 1827485
43 41 1827488
42 44 1827491
41 41 1827494
39 42 1827497
43 41 1827500
44 41 1827503
40 39 1827506
42 41 1827509
42 43 1827512
44 40 1827515
41 39 1827518
43 46 1827521
43 36 1827524
40 38 1827527
40 39 1827530
44 40 1827533
38 42 1827536
42 37 1827539
40 40 1827542
42 37 1827545
39 41 1827548
40 43 1827551
43 43 1827554
40 40 1827557
43 40 1827560
37 39 1827563
36 43 1827566
39 44 1827569
43 38 1827572
40 37 1827575
41 33 1827578
38 43 1827581
40 42 1827584
39 41 1827587
38 44 1827590
41 39 1827593
36 42 1827596
41 40 1827599
39 40 1827602
41 37 1827605
38 40 1827608
38 36 1827611
38 40 1827614
36 37 1827617
42 39 1827620
38 36 1827623
37 38 1827626
37 41 1827629
38 38 1827632
36 42 1827635
37 34 1827638
38 35 1827641
38 40 1827644
40 37 1827647
41 38 1827650
40 35 1827653
36 43 1827656
38 39 1827659
38 42 1827662
34 38 1827665
40 37 1827668
35 36 1827671
36 38 1827674
41 35 1827677
39 41 1827680
41 37 1827683
39 39 1827686
35 37 1827689
39 39 1827692
36 38 1827695
34 35 1827698
36 38 1827701
39 34 1827704
35 35 1827707
39 35 1827710
36 38 1827713
35 36 1827716
39 38 1827719
41 37 1827722
33 36 1827725
35 39 1827728
35 39 1827731
37 37 1827734
35 32 1827737
35 37 1827740
37 35 1827743
36 39 1827746
37 35 1827749
34 36 1827752
35 38 1827755
37 34 1827758
34 39 1827761
37 39 1827764
35 37 1827767
35 33 1827770
38 32 1827773
36 33 1827776
35 36 1827779
35 38 1827782
35 36 1827785
32 34 1827788
37 36 1827791
37 35 1827794
32 39 1827797
36 37 1827800
33 33 1827803
30 33 1827806
35 34 1827809
36 34 1827812
36 35 1827815
33 32 1827818
35 38 1827821
35 38 1827824
34 34 1827827
32 38 1827830
37 39 1827833
32 36 1827836
34 32 1827839
32 34 1827842
36 35 1827845
