0 0 6036770
0 0 6036774
0 0 6036778
0 0 6036783
0 0 6036787
0 0 6036791
0 0 6036796
0 0 6036800
0 0 6036804
0 0 6036809
0 0 6036813
0 0 6036817
0 0 6036822
0 0 6036826
0 0 6036830
0 0 6036835
0 0 6036839
0 0 6036843
0 0 6036848
0 0 6036852
0 0 6036856
0 0 6036861
0 0 6036865
0 0 6036869
0 0 6036874
0 0 6036878
0 0 6036882
0 0 6036887
0 0 6036891
0 0 6036895
0 0 6036900
0 0 6036904
0 0 6036908
0 0 6036913
0 0 6036917
0 0 6036921
0 0 6036926
0 0 6036930
0 0 6036934
0 0 6036939
0 0 6036943
0 0 6036947
0 0 6036952
0 0 6036956
0 0 6036960
0 0 6036965
0 0 6036969
0 0 6036973
0 0 6036978
0 0 6036982
0 0 6036986
0 0 6036991
0 0 6036995
0 0 6037001
0 0 6037005
0 0 6037009
0 0 6037014
0 0 6037018
0 0 6037022
0 0 6037027
0 0 6037031
0 0 6037035
0 0 6037040
0 0 6037044
0 0 6037048
0 0 6037053
0 0 6037057
0 0 6037061
0 0 6037066
0 0 6037070
0 0 6037074
0 0 6037079
0 0 6037083
0 0 6037087
0 0 6037092
0 0 6037096
0 0 6037100
0 0 6037105
0 0 6037109
0 0 6037113
0 0 6037118
0 0 6037122
0 0 6037126
0 0 6037131
0 0 6037135
0 0 6037139
0 0 6037144
0 0 6037148
0 0 6037152
0 0 6037157
0 0 6037161
0 0 6037165
0 0 6037170
0 0 6037174
0 0 6037178
0 0 6037183
0 0 6037187
0 0 6037191
0 0 6037196
0 0 6037200
0 0 6037204
0 0 6037209
0 0 6037213
0 0 6037217
0 0 6037222
0 0 6037226
0 0 6037230
0 0 6037235
0 0 6037239
0 0 6037243
0 0 6037248
0 0 6037252
0 0 6037256
0 0 6037261
0 0 6037265
0 0 6037269
0 0 6037274
0 0 6037278
0 0 6037282
0 0 6037287
0 0 6037291
0 0 6037295
0 0 6037300
0 0 6037304
0 0 6037308
0 0 6037313
0 0 6037317
0 0 6037321
0 0 6037326
0 0 6037330
0 0 6037334
0 0 6037339
0 0 6037343
0 0 6037347
0 0 6037352
0 0 6037356
0 0 6037360
0 0 6037365
0 0 6037369
0 0 6037373
0 0 6037378
0 0 6037382
0 0 6037386
0 0 6037391
0 0 6037395
0 0 6037399
0 0 6037404
0 0 6037408
0 0 6037412
0 0 6037417
0 0 6037421
0 0 6037425
0 0 6037430
0 0 6037434
0 0 6037438
0 0 6037443
0 0 6037447
0 0 6037451
0 0 6037456
0 0 6037460
0 0 6037464
0 0 6037469
0 0 6037473
0 0 6037477
0 0 6037482
0 0 6037486
0 0 6037490
0 0 6037495
0 0 6037499
0 0 6037503
0 0 6037508
0 0 6037512
0 0 6037516
0 0 6037521
0 0 6037525
0 0 6037529
0 0 6037534
0 0 6037538
0 0 6037542
0 0 6037547
0 0 6037551
0 0 6037555
0 0 6037560
0 0 6037564
0 0 6037568
0 0 6037573
0 0 6037577
0 0 6037581
0 0 6037586
0 0 6037590
0 0 6037594
0 0 6037599
0 0 6037603
0 0 6037607
0 0 6037612
0 0 6037616
0 0 6037620
0 0 6037625
0 0 6037629
0 0 6037633
0 0 6037638
0 0 6037642
0 0 6037646
0 0 6037651
0 0 6037655
0 0 6037659
0 0 6037664
0 0 6037668
0 0 6037672
0 0 6037677
0 0 6037681
0 0 6037685
0 0 6037690
0 0 6037694
0 0 6037698
0 0 6037703
0 0 6037707
0 0 6037711
0 0 6037716
0 0 6037720
0 0 6037724
0 0 6037729
0 0 6037733
0 0 6037737
0 0 6037742
0 0 6037746
0 0 6037750
0 0 6037755
0 0 6037759
0 0 6037763
0 0 6037768
0 0 6037772
0 0 6037776
0 0 6037781
0 0 6037785
0 0 6037789
0 0 6037794
0 0 6037798
0 0 6037802
0 0 6037807
0 0 6037811
0 0 6037815
0 0 6037820
0 0 6037824
0 0 6037828
0 0 6037833
0 0 6037837
0 0 6037841
0 0 6037846
0 0 6037850
0 0 6037854
0 0 6037859
0 0 6037863
0 0 6037867
0 0 6037872
0 0 6037876
0 0 6037880
0 0 6037885
0 0 6037889
0 0 6037893
0 0 6037898
0 0 6037902
0 0 6037906
0 0 6037911
0 0 6037915
0 0 6037919
0 0 6037924
0 0 6037928
0 0 6037932
0 0 6037937
0 0 6037941
0 0 6037945
0 0 6037950
0 0 6037954
0 0 6037958
0 0 6037963
0 0 6037967
0 0 6037971
0 0 6037976
0 0 6037980
0 0 6037984
0 0 6037989
0 0 6037993
0 0 6037999
0 0 6038003
0 0 6038008
0 0 6038012
0 0 6038016
0 0 6038021
0 0 6038025
0 0 6038029
0 0 6038034
0 0 6038038
0 0 6038042
0 0 6038047
0 0 6038051
0 0 6038055
0 0 6038060
0 0 6038064
0 0 6038068
0 0 6038073
0 0 6038077
0 0 6038081
0 0 6038086
0 0 6038090
0 0 6038094
0 0 6038099
0 0 6038103
0 0 6038107
0 0 6038112
0 0 6038116
0 0 6038120
0 0 6038125
0 0 6038129
0 0 6038133
0 0 6038138
0 0 6038142
0 0 6038146
0 0 6038151
0 0 6038155
0 0 6038159
0 0 6038164
0 0 6038168
0 0 6038172
0 0 6038177
0 0 6038181
0 0 6038185
0 0 6038190
0 0 6038194
0 0 6038198
0 0 6038203
0 0 6038207
0 0 6038211
0 0 6038216
0 0 6038220
0 0 6038224
0 0 6038229
0 0 6038233
0 0 6038237
0 0 6038242
0 0 6038246
0 0 6038250
0 0 6038255
0 0 6038259
0 0 6038263
0 0 6038268
0 0 6038272
0 0 6038276
0 0 6038281
0 0 6038285
0 0 6038289
0 0 6038294
0 0 6038298
0 0 6038302
0 0 6038307
0 0 6038311
0 0 6038315
0 0 6038320
0 0 6038324
0 0 6038328
0 0 6038333
0 0 6038337
0 0 6038341
0 0 6038346
0 0 6038350
0 0 6038354
0 0 6038359
0 0 6038363
0 0 6038367
0 0 6038372
0 0 6038376
0 0 6038380
0 0 6038385
0 0 6038389
0 0 6038393
0 0 6038398
0 0 6038402
0 0 6038406
0 0 6038411
0 0 6038415
0 0 6038419
0 0 6038424
0 0 6038428
0 0 6038432
0 0 6038437
0 0 6038441
0 0 6038445
0 0 6038450
0 0 6038454
0 0 6038458
0 0 6038463
0 0 6038467
0 0 6038471
0 0 6038476
0 0 6038480
0 0 6038484
0 0 6038489
0 0 6038493
0 0 6038497
0 0 6038502
0 0 6038506
0 0 6038510
0 0 6038515
0 0 6038519
0 0 6038523
0 0 6038528
0 0 6038532
0 0 6038536
0 0 6038541
0 0 6038545
0 0 6038550
0 0 6038554
0 0 6038558
0 0 6038563
0 0 6038567
0 0 6038571
0 0 6038576
0 0 6038580
0 0 6038585
0 0 6038589
0 0 6038593
0 0 6038598
0 0 6038602
0 0 6038607
0 0 6038611
0 0 6038615
0 0 6038620
0 0 6038624
0 0 6038628
0 0 6038633
0 0 6038637
0 0 6038642
0 0 6038646
0 0 6038650
0 0 6038655
0 0 6038659
0 0 6038663
0 0 6038668
0 0 6038672
0 0 6038677
0 0 6038681
0 0 6038685
0 0 6038690
0 0 6038694
0 0 6038699
0 0 6038703
0 0 6038707
0 0 6038712
0 0 6038716
0 0 6038720
0 0 6038725
0 0 6038729
0 0 6038734
0 0 6038738
0 0 6038742
0 0 6038747
0 0 6038751
0 0 6038755
0 0 6038760
0 0 6038764
0 0 6038769
0 0 6038773
0 0 6038777
0 0 6038782
0 0 6038786
0 0 6038791
0 0 6038795
0 0 6038799
0 0 6038804
0 0 6038808
0 0 6038812
0 0 6038817
0 0 6038821
0 0 6038826
0 0 6038830
0 0 6038834
0 0 6038839
0 0 6038843
0 0 6038847
0 0 6038852
0 0 6038856
0 0 6038861
0 0 6038865
0 0 6038869
0 0 6038874
0 0 6038878
0 0 6038883
0 0 6038887
0 0 6038891
0 0 6038896
0 0 6038900
0 0 6038904
0 0 6038909
0 0 6038913
0 0 6038918
0 0 6038922
0 0 6038926
0 0 6038931
0 0 6038935
0 0 6038939
0 0 6038944
0 0 6038948
0 0 6038953
0 0 6038957
0 0 6038961
0 0 6038966
0 0 6038970
0 0 6038975
0 0 6038979
0 0 6038983
0 0 6038988
0 0 6038992
0 0 6038996
0 0 6039002
0 0 6039006
0 0 6039011
0 0 6039015
0 0 6039020
0 0 6039024
0 0 6039028
0 0 6039033
0 0 6039037
0 0 6039041
0 0 6039046
0 0 6039050
0 0 6039055
0 0 6039059
0 0 6039063
0 0 6039068
0 0 6039072
0 0 6039076
0 0 6039081
0 0 6039085
0 0 6039090
0 0 6039094
0 0 6039098
0 0 6039103
0 0 6039107
0 0 6039112
0 0 6039116
0 0 6039120
0 0 6039125
0 0 6039129
0 0 6039133
0 0 6039138
0 0 6039142
0 0 6039147
0 0 6039151
0 0 6039155
0 0 6039160
0 0 6039164
0 0 6039168
0 0 6039173
0 0 6039177
0 0 6039182
0 0 6039186
0 0 6039190
0 0 6039195
0 0 6039199
0 0 6039204
0 0 6039208
0 0 6039212
0 0 6039217
0 0 6039221
0 0 6039225
0 0 6039230
0 0 6039234
0 0 6039238
0 0 6039243
0 0 6039247
0 0 6039251
0 0 6039256
0 0 6039260
0 0 6039264
0 0 6039269
0 0 6039273
0 0 6039277
0 0 6039282
0 0 6039286
0 0 6039290
0 0 6039295
0 0 6039299
0 0 6039303
0 0 6039308
0 0 6039312
0 0 6039316
0 0 6039321
0 0 6039325
0 0 6039329
0 0 6039334
0 0 6039338
0 0 6039342
0 0 6039347
0 0 6039351
0 0 6039355
0 0 6039360
0 0 6039364
0 0 6039368
0 0 6039373
0 0 6039377
0 0 6039381
0 0 6039386
0 0 6039390
0 0 6039394
0 0 6039399
0 0 6039403
0 0 6039407
0 0 6039412
0 0 6039416
0 0 6039420
0 0 6039425
0 0 6039429
0 0 6039433
0 0 6039438
0 0 6039442
0 0 6039446
0 0 6039451
0 0 6039455
0 0 6039459
0 0 6039464
0 0 6039468
0 0 6039472
0 0 6039477
0 0 6039481
0 0 6039485
0 0 6039490
0 0 6039494
0 0 6039498
0 0 6039503
0 0 6039507
0 0 6039511
0 0 6039516
0 0 6039520
0 0 6039524
0 0 6039529
0 0 6039533
0 0 6039537
0 0 6039542
0 0 6039546
0 0 6039550
0 0 6039555
0 0 6039559
0 0 6039563
0 0 6039568
0 0 6039572
0 0 6039576
0 0 6039581
0 0 6039585
0 0 6039589
0 0 6039594
0 0 6039598
0 0 6039602
0 0 6039607
0 0 6039611
0 0 6039615
0 0 6039620
0 0 6039624
0 0 6039628
0 0 6039633
0 0 6039637
2 0 6039641
5 5 6039646
11 8 6039650
10 10 6039654
16 16 6039659
16 13 6039663
#TRIGGER ON
21 18 6039667
17 21 6039670
25 25 6039673
23 20 6039676
25 25 6039679
32 31 6039682
30 28 6039685
33 29 6039688
33 35 6039691
37 36 6039694
35 37 6039697
41 37 6039700
39 41 6039703
40 41 6039706
45 40 6039709
44 46 6039712
49 45 6039714
48 43 6039717
53 50 6039720
52 51 6039723
53 51 6039726
59 56 6039729
56 58 6039733
61 54 6039735
63 61 6039738
60 61 6039741
62 62 6039744
65 64 6039747
70 70 6039750
70 76 6039753
69 73 6039756
72 74 6039759
69 73 6039762
75 74 6039766
81 76 6039768
76 77 6039771
82 79 6039774
81 84 6039777
80 81 6039780
82 81 6039783
88 84 6039786
88 89 6039789
87 84 6039792
91 91 6039795
91 86 6039799
100 87 6039801
96 97 6039804
99 97 6039807
99 98 6039810
99 100 6039813
101 98 6039816
105 107 6039819
106 109 6039822
107 108 6039825
111 107 6039828
114 113 6039832
114 106 6039834
115 112 6039837
121 109 6039840
114 117 6039843
117 116 6039846
117 120 6039849
123 123 6039852
119 124 6039855
124 126 6039858
127 126 6039861
125 127 6039865
128 127 6039867
130 134 6039870
128 127 6039873
135 133 6039876
136 136 6039879
136 131 6039882
141 138 6039885
138 136 6039888
142 140 6039891
144 143 6039894
143 145 6039898
147 144 6039900
145 146 6039903
144 146 6039906
147 149 6039909
149 152 6039912
150 151 6039915
153 155 6039918
154 157 6039921
154 155 6039924
160 159 6039927
160 164 6039931
162 156 6039933
162 158 6039936
165 166 6039939
163 165 6039942
169 165 6039945
169 161 6039948
170 170 6039951
172 169 6039954
174 177 6039957
173 176 6039960
173 171 6039964
179 177 6039966
178 182 6039969
179 178 6039972
179 183 6039975
179 179 6039978
183 183 6039981
189 186 6039984
187 185 6039987
191 187 6039990
192 191 6039993
192 191 6039997
195 192 6040001
194 195 6040004
195 203 6040007
194 202 6040010
199 199 6040013
197 198 6040016
198 201 6040019
201 206 6040022
206 206 6040025
207 207 6040028
206 209 6040031
209 203 6040034
205 217 6040037
211 212 6040040
212 214 6040043
210 216 6040046
217 220 6040049
215 215 6040052
218 217 6040055
220 224 6040058
223 221 6040061
220 222 6040064
223 220 6040067
219 233 6040070
226 226 6040073
228 227 6040076
224 230 6040079
231 230 6040082
229 227 6040085
231 231 6040088
234 232 6040091
238 241 6040094
238 240 6040097
234 235 6040100
235 241 6040103
245 245 6040106
246 246 6040109
245 239 6040112
243 243 6040115
243 250 6040118
249 254 6040121
250 249 6040124
250 254 6040127
252 253 6040130
255 252 6040133
250 255 6040136
256 256 6040139
255 260 6040142
258 259 6040145
259 261 6040148
253 257 6040151
264 262 6040154
261 264 6040157
265 264 6040160
267 267 6040163
267 263 6040166
261 271 6040169
267 270 6040172
271 273 6040175
271 274 6040178
270 272 6040181
275 274 6040184
278 280 6040187
278 276 6040190
276 279 6040193
276 284 6040196
281 281 6040199
280 286 6040202
285 286 6040205
283 287 6040208
286 290 6040211
289 292 6040214
288 294 6040217
292 291 6040220
291 289 6040223
294 294 6040226
293 295 6040229
297 294 6040232
292 298 6040235
297 302 6040238
300 303 6040241
304 296 6040244
298 300 6040247
300 298 6040250
301 305 6040253
303 305 6040256
306 309 6040259
305 309 6040262
304 309 6040265
306 310 6040268
312 315 6040271
312 310 6040274
313 316 6040277
316 315 6040280
317 311 6040283
313 319 6040286
320 321 6040289
320 319 6040292
322 324 6040295
321 320 6040298
323 325 6040301
327 326 6040304
325 325 6040307
327 327 6040310
328 325 6040313
329 325 6040316
329 329 6040319
331 324 6040322
335 333 6040325
336 338 6040328
338 335 6040331
336 338 6040334
337 340 6040337
339 342 6040340
343 340 6040343
343 340 6040346
339 343 6040349
346 344 6040352
344 346 6040355
349 351 6040358
345 350 6040361
348 351 6040364
346 354 6040367
350 352 6040370
349 356 6040373
353 353 6040376
352 352 6040379
351 356 6040382
357 360 6040385
355 357 6040388
358 360 6040391
358 361 6040394
363 362 6040397
358 364 6040400
360 366 6040403
363 366 6040406
368 364 6040409
363 365 6040412
367 365 6040415
371 372 6040418
368 366 6040421
369 368 6040424
374 373 6040427
369 373 6040430
375 379 6040433
375 376 6040436
374 378 6040439
379 379 6040442
379 378 6040445
378 380 6040448
383 386 6040451
383 381 6040454
389 389 6040457
380 387 6040460
386 387 6040463
383 388 6040466
387 388 6040469
388 396 6040472
392 391 6040475
386 389 6040478
392 395 6040481
395 394 6040484
396 396 6040487
395 399 6040490
399 402 6040493
398 398 6040496
398 402 6040499
399 407 6040502
403 404 6040505
401 400 6040508
404 404 6040511
403 399 6040514
405 406 6040517
407 404 6040520
408 410 6040523
410 412 6040526
413 413 6040529
409 411 6040532
412 412 6040535
411 411 6040538
414 415 6040541
418 418 6040544
415 414 6040547
420 418 6040550
419 418 6040553
423 423 6040556
422 420 6040559
425 420 6040562
420 430 6040565
426 428 6040568
425 427 6040571
426 431 6040574
427 430 6040577
426 426 6040580
426 429 6040583
433 436 6040586
432 431 6040589
431 431 6040592
432 432 6040595
429 438 6040598
438 439 6040601
439 437 6040604
438 438 6040607
443 438 6040610
441 435 6040613
443 439 6040616
444 442 6040619
446 443 6040622
442 445 6040625
448 446 6040628
445 448 6040631
446 443 6040634
446 452 6040637
451 447 6040640
451 449 6040643
451 451 6040646
453 451 6040649
456 456 6040652
457 454 6040655
456 459 6040658
458 458 6040661
459 461 6040664
457 458 6040667
458 461 6040670
465 461 6040673
461 459 6040676
462 459 6040679
465 468 6040682
467 461 6040685
466 464 6040688
468 465 6040691
468 469 6040694
467 467 6040697
468 476 6040700
473 476 6040703
471 471 6040706
474 472 6040709
471 473 6040712
473 475 6040715
476 480 6040718
479 478 6040721
475 482 6040724
480 476 6040727
481 486 6040730
481 481 6040733
480 481 6040736
484 482 6040739
483 481 6040742
482 480 6040745
484 487 6040748
488 490 6040751
492 496 6040754
489 492 6040757
489 489 6040760
489 495 6040763
492 495 6040766
489 492 6040769
493 498 6040772
498 493 6040775
493 495 6040778
499 499 6040781
495 494 6040784
501 501 6040787
501 500 6040790
500 496 6040793
498 503 6040796
504 503 6040799
505 504 6040802
502 507 6040805
507 508 6040808
506 504 6040811
510 507 6040814
509 510 6040817
512 509 6040820
510 509 6040823
512 511 6040826
509 510 6040829
514 518 6040832
515 517 6040835
514 512 6040838
515 518 6040841
517 518 6040844
519 519 6040847
511 518 6040850
522 521 6040853
523 520 6040856
518 520 6040859
520 527 6040862
523 528 6040865
524 523 6040868
526 528 6040871
528 523 6040874
522 525 6040877
530 533 6040880
528 533 6040883
530 535 6040886
528 532 6040889
531 531 6040892
534 536 6040895
536 533 6040898
536 535 6040901
535 536 6040904
537 538 6040907
535 537 6040910
538 543 6040913
538 536 6040916
543 542 6040919
542 539 6040922
539 544 6040925
542 544 6040928
543 545 6040931
545 549 6040934
544 542 6040937
546 547 6040940
547 546 6040943
550 554 6040946
549 549 6040949
551 552 6040952
553 552 6040955
550 549 6040958
552 557 6040961
553 554 6040964
557 560 6040967
557 555 6040970
553 558 6040973
557 558 6040976
559 558 6040979
559 563 6040982
561 559 6040985
561 564 6040988
561 559 6040991
561 563 6040994
566 565 6040997
562 567 6041001
568 565 6041004
563 567 6041007
568 567 6041010
570 568 6041013
567 571 6041016
574 569 6041019
569 570 6041022
572 563 6041025
574 572 6041028
574 570 6041030
574 575 6041033
580 576 6041036
575 571 6041039
580 582 6041042
577 576 6041045
575 577 6041048
579 581 6041051
580 582 6041054
579 580 6041057
582 586 6041060
585 585 6041063
581 583 6041066
586 589 6041069
584 586 6041072
585 588 6041075
586 587 6041078
588 584 6041081
589 585 6041084
594 591 6041087
590 589 6041090
595 593 6041093
594 595 6041096
594 593 6041099
591 598 6041102
594 598 6041105
594 597 6041108
600 599 6041111
593 594 6041114
596 601 6041117
600 599 6041120
597 603 6041123
605 604 6041126
598 602 6041129
604 601 6041132
599 607 6041135
604 605 6041138
603 605 6041141
603 606 6041144
610 608 6041147
604 602 6041150
606 615 6041153
613 612 6041156
608 611 6041159
609 613 6041162
613 610 6041165
614 611 6041168
612 614 6041171
613 616 6041174
617 616 6041177
615 616 6041180
617 610 6041183
619 618 6041186
618 617 6041189
620 620 6041192
618 621 6041195
619 617 6041198
620 626 6041201
623 627 6041204
621 627 6041207
623 624 6041210
625 625 6041213
625 619 6041216
624 628 6041219
630 625 6041222
628 627 6041225
629 630 6041228
631 629 6041231
627 629 6041234
629 637 6041237
630 630 6041240
626 634 6041243
632 632 6041246
635 634 6041249
633 632 6041252
639 641 6041255
640 637 6041258
638 639 6041261
634 636 6041264
638 643 6041267
641 639 6041270
637 638 6041273
643 641 6041276
641 638 6041279
639 644 6041282
648 647 6041285
645 642 6041288
644 643 6041291
648 650 6041294
644 642 6041297
643 649 6041300
648 651 6041303
645 646 6041306
649 652 6041309
652 652 6041312
648 649 6041315
655 653 6041318
654 652 6041321
656 651 6041324
652 655 6041327
653 653 6041330
653 657 6041333
655 660 6041336
660 658 6041339
657 659 6041342
659 665 6041345
657 657 6041348
658 660 6041351
661 662 6041354
664 664 6041357
662 662 6041360
659 667 6041363
663 666 6041366
662 666 6041369
667 670 6041372
670 664 6041375
668 665 6041378
666 668 6041381
670 668 6041384
666 668 6041387
672 672 6041390
675 674 6041393
670 668 6041396
667 674 6041399
674 674 6041402
668 672 6041405
679 675 6041408
675 670 6041411
676 674 6041414
679 679 6041417
683 674 6041420
679 680 6041423
683 682 6041426
680 676 6041429
676 681 6041432
681 685 6041435
684 681 6041438
684 682 6041441
684 680 6041444
684 683 6041447
683 686 6041450
688 687 6041453
688 687 6041456
688 688 6041459
692 689 6041462
687 693 6041465
689 689 6041468
686 688 6041471
689 692 6041474
690 688 6041477
689 688 6041480
691 697 6041483
696 697 6041486
694 694 6041489
695 695 6041492
692 699 6041495
694 696 6041498
692 695 6041501
697 702 6041504
702 699 6041507
700 698 6041510
697 698 6041513
703 704 6041516
699 697 6041519
707 702 6041522
702 705 6041525
701 702 6041528
702 712 6041531
705 707 6041534
701 705 6041537
705 702 6041540
707 704 6041543
706 711 6041546
710 710 6041549
709 705 6041552
709 712 6041555
712 709 6041558
711 708 6041561
713 715 6041564
710 712 6041567
712 714 6041570
715 713 6041573
717 715 6041576
711 710 6041579
719 717 6041582
716 720 6041585
721 717 6041588
723 720 6041591
718 719 6041594
716 722 6041597
716 721 6041600
720 721 6041603
721 713 6041606
717 712 6041609
713 713 6041612
715 719 6041615
712 712 6041618
710 714 6041621
711 709 6041624
708 707 6041627
706 714 6041630
711 706 6041633
701 704 6041636
707 704 6041639
705 701 6041642
698 697 6041645
704 701 6041648
698 699 6041651
700 700 6041654
698 699 6041657
697 698 6041660
698 694 6041663
696 691 6041666
693 695 6041669
692 693 6041672
691 688 6041675
685 687 6041678
688 688 6041681
692 685 6041684
689 688 6041687
686 683 6041690
686 684 6041693
683 688 6041696
680 683 6041699
679 683 6041702
682 680 6041705
680 678 6041708
677 675 6041711
680 677 6041714
675 674 6041717
674 676 6041720
673 673 6041723
672 672 6041726
668 674 6041729
670 671 6041732
671 669 6041735
670 669 6041738
671 663 6041741
666 664 6041744
662 670 6041747
668 667 6041750
665 665 6041753
663 664 6041756
663 656 6041759
658 658 6041762
658 661 6041765
660 659 6041768
655 655 6041771
655 660 6041774
655 656 6041777
656 657 6041780
656 657 6041783
659 654 6041786
649 653 6041789
650 653 6041792
647 653 6041795
646 650 6041798
647 650 6041801
647 646 6041804
645 649 6041807
643 641 6041810
644 646 6041813
644 644 6041816
643 640 6041819
639 639 6041822
644 638 6041825
638 641 6041828
639 643 6041831
640 645 6041834
640 634 6041837
632 636 6041840
635 635 6041843
634 629 6041846
628 633 6041849
634 632 6041852
627 634 6041855
631 629 6041858
627 634 6041861
626 632 6041864
625 627 6041867
626 623 6041870
623 626 6041873
624 619 6041876
623 626 6041879
627 625 6041882
624 622 6041885
623 622 6041888
623 618 6041891
620 623 6041894
618 617 6041897
615 615 6041900
617 615 6041903
617 613 6041906
617 609 6041909
614 616 6041912
614 611 6041915
616 613 6041918
612 610 6041921
609 609 6041924
610 611 6041927
611 610 6041930
609 608 6041933
608 609 6041936
609 604 6041939
604 605 6041942
605 603 6041945
602 603 6041948
605 607 6041951
604 601 6041954
599 601 6041957
602 603 6041960
596 599 6041963
599 602 6041966
597 596 6041969
593 595 6041972
596 595 6041975
599 595 6041978
594 591 6041981
599 594 6041984
596 593 6041987
591 589 6041990
591 592 6041993
592 586 6041996
586 591 6042000
590 584 6042003
588 582 6042006
589 582 6042009
588 582 6042012
586 591 6042015
587 585 6042018
581 579 6042021
584 583 6042024
584 581 6042027
580 581 6042029
584 583 6042032
582 580 6042035
577 581 6042038
581 580 6042041
579 574 6042044
574 577 6042047
575 575 6042050
573 573 6042053
571 573 6042056
572 580 6042059
572 573 6042062
567 567 6042065
567 577 6042068
570 569 6042071
564 566 6042074
566 572 6042077
567 565 6042080
564 564 6042083
565 569 6042086
569 566 6042089
564 567 6042092
564 569 6042095
564 560 6042098
561 567 6042101
559 561 6042104
560 564 6042107
557 560 6042110
559 559 6042113
556 552 6042116
556 557 6042119
556 556 6042122
556 557 6042125
555 554 6042128
555 556 6042131
549 556 6042134
553 554 6042137
550 554 6042140
550 548 6042143
555 550 6042146
551 545 6042149
549 548 6042152
555 547 6042155
547 544 6042158
546 547 6042161
547 543 6042164
544 544 6042167
547 545 6042170
545 539 6042173
543 539 6042176
543 539 6042179
540 535 6042182
543 537 6042185
539 541 6042188
539 535 6042191
538 539 6042194
534 536 6042197
534 537 6042200
539 538 6042203
537 534 6042206
533 532 6042209
534 536 6042212
533 533 6042215
534 538 6042218
533 530 6042221
532 532 6042224
529 535 6042227
529 522 6042230
526 535 6042233
529 526 6042236
526 525 6042239
525 525 6042242
527 525 6042245
522 521 6042248
524 526 6042251
523 521 6042254
523 525 6042257
524 521 6042260
522 519 6042263
517 521 6042266
524 520 6042269
520 520 6042272
518 516 6042275
519 515 6042278
516 512 6042281
514 515 6042284
519 517 6042287
517 512 6042290
516 512 6042293
514 513 6042296
513 514 6042299
510 508 6042302
512 513 6042305
512 508 6042308
507 506 6042311
509 509 6042314
510 508 6042317
508 509 6042320
508 510 6042323
506 509 6042326
506 503 6042329
501 510 6042332
505 503 6042335
503 508 6042338
503 503 6042341
502 500 6042344
499 502 6042347
505 502 6042350
502 500 6042353
501 502 6042356
501 499 6042359
499 500 6042362
495 497 6042365
495 498 6042368
494 498 6042371
496 495 6042374
499 494 6042377
492 495 6042380
494 492 6042383
489 493 6042386
494 495 6042389
489 489 6042392
487 488 6042395
488 492 6042398
489 490 6042401
491 489 6042404
489 486 6042407
488 483 6042410
487 485 6042413
488 485 6042416
485 483 6042419
484 487 6042422
482 483 6042425
481 483 6042428
480 485 6042431
485 479 6042434
481 482 6042437
481 478 6042440
481 476 6042443
475 476 6042446
478 480 6042449
479 483 6042452
478 478 6042455
479 478 6042458
474 473 6042461
474 473 6042464
476 479 6042467
474 477 6042470
473 469 6042473
470 472 6042476
471 470 6042479
471 473 6042482
470 472 6042485
471 470 6042488
472 473 6042491
465 465 6042494
466 474 6042497
469 470 6042500
466 465 6042503
464 467 6042506
465 468 6042509
465 463 6042512
465 464 6042515
464 464 6042518
466 466 6042521
462 461 6042524
458 459 6042527
460 464 6042530
461 455 6042533
457 458 6042536
460 460 6042539
458 453 6042542
455 452 6042545
459 458 6042548
457 458 6042551
456 459 6042554
454 455 6042557
451 452 6042560
452 459 6042563
455 455 6042566
452 452 6042569
450 448 6042572
448 451 6042575
450 451 6042578
448 450 6042581
451 450 6042584
451 451 6042587
446 446 6042590
448 451 6042593
446 446 6042596
446 447 6042599
445 449 6042602
450 446 6042605
443 443 6042608
443 443 6042611
446 442 6042614
444 446 6042617
443 441 6042620
438 443 6042623
441 442 6042626
441 442 6042629
439 442 6042632
435 439 6042635
437 441 6042638
436 435 6042641
435 439 6042644
436 436 6042647
433 432 6042650
435 438 6042653
434 437 6042656
435 433 6042659
426 436 6042662
431 434 6042665
432 433 6042668
432 427 6042671
432 432 6042674
430 428 6042677
435 429 6042680
432 429 6042683
430 429 6042686
431 430 6042689
430 422 6042692
423 430 6042695
429 430 6042698
423 424 6042701
424 427 6042704
424 423 6042707
422 421 6042710
427 422 6042713
426 422 6042716
424 423 6042719
423 424 6042722
421 419 6042725
414 421 6042728
421 422 6042731
418 422 6042734
419 419 6042737
417 420 6042740
417 419 6042743
417 420 6042746
415 420 6042749
417 417 6042752
414 420 6042755
414 414 6042758
412 417 6042761
411 418 6042764
415 417 6042767
414 410 6042770
410 414 6042773
413 413 6042776
412 413 6042779
409 410 6042782
407 411 6042785
408 411 6042788
408 407 6042791
405 412 6042794
411 408 6042797
406 405 6042800
410 410 6042803
406 404 6042806
405 407 6042809
408 412 6042812
407 402 6042815
403 406 6042818
406 404 6042821
405 402 6042824
399 405 6042827
400 404 6042830
401 404 6042833
397 400 6042836
399 399 6042839
398 396 6042842
397 397 6042845
400 400 6042848
396 400 6042851
396 399 6042854
395 397 6042857
394 396 6042860
390 392 6042863
396 398 6042866
390 394 6042869
394 393 6042872
387 391 6042875
393 398 6042878
394 393 6042881
391 394 6042884
394 389 6042887
391 389 6042890
387 389 6042893
391 391 6042896
388 391 6042899
385 385 6042902
385 387 6042905
384 384 6042908
389 391 6042911
387 385 6042914
384 385 6042917
388 385 6042920
384 385 6042923
382 390 6042926
382 384 6042929
385 384 6042932
385 384 6042935
386 382 6042938
380 373 6042941
382 383 6042944
381 383 6042947
383 377 6042950
378 377 6042953
377 374 6042956
379 385 6042959
382 380 6042962
379 375 6042965
380 376 6042968
377 377 6042971
374 378 6042974
379 379 6042977
374 375 6042980
374 374 6042983
372 374 6042986
373 367 6042989
372 377 6042992
377 370 6042995
366 369 6042999
371 372 6043002
372 371 6043005
371 372 6043008
371 378 6043011
368 373 6043014
370 369 6043017
369 371 6043020
371 368 6043023
363 367 6043026
366 369 6043029
367 368 6043032
365 371 6043034
364 368 6043037
362 364 6043040
366 363 6043043
367 365 6043046
365 361 6043049
365 358 6043052
362 357 6043055
360 355 6043058
361 361 6043061
361 360 6043064
359 360 6043067
358 360 6043070
360 360 6043073
360 358 6043076
359 357 6043079
357 361 6043082
358 351 6043085
355 359 6043088
357 357 6043091
351 358 6043094
356 358 6043097
354 354 6043100
352 354 6043103
355 351 6043106
355 353 6043109
358 354 6043112
351 352 6043115
349 353 6043118
349 355 6043121
353 355 6043124
349 352 6043127
354 349 6043130
350 346 6043133
348 346 6043136
350 348 6043139
350 346 6043142
347 346 6043145
346 349 6043148
350 343 6043151
344 344 6043154
346 347 6043157
348 347 6043160
345 343 6043163
344 340 6043166
341 343 6043169
345 340 6043172
345 339 6043175
344 339 6043178
341 341 6043181
344 342 6043184
337 339 6043187
338 343 6043190
336 343 6043193
340 342 6043196
336 337 6043199
335 336 6043202
340 339 6043205
334 336 6043208
341 336 6043211
335 337 6043214
338 331 6043217
333 343 6043220
335 334 6043223
334 335 6043226
334 331 6043229
336 333 6043232
332 332 6043235
333 329 6043238
332 333 6043241
333 333 6043244
330 332 6043247
328 330 6043250
325 332 6043253
332 333 6043256
329 332 6043259
329 327 6043262
330 327 6043265
328 331 6043268
331 329 6043271
324 326 6043274
330 329 6043277
324 329 6043280
327 325 6043283
324 329 6043286
322 325 6043289
323 332 6043292
325 322 6043295
321 319 6043298
321 324 6043301
321 325 6043304
321 324 6043307
320 325 6043310
322 325 6043313
320 323 6043316
319 323 6043319
320 320 6043322
318 323 6043325
321 320 6043328
317 318 6043331
316 319 6043334
316 318 6043337
316 319 6043340
319 320 6043343
318 321 6043346
314 316 6043349
314 322 6043352
314 320 6043355
315 317 6043358
314 313 6043361
314 314 6043364
310 314 6043367
313 319 6043370
312 313 6043373
310 313 6043376
310 314 6043379
313 312 6043382
308 313 6043385
310 315 6043388
307 310 6043391
310 311 6043394
308 307 6043397
309 308 6043400
312 308 6043403
310 307 6043406
311 309 6043409
307 312 6043412
309 309 6043415
304 312 6043418
304 309 6043421
305 307 6043424
304 305 6043427
306 306 6043430
305 305 6043433
304 307 6043436
304 304 6043439
305 307 6043442
303 307 6043445
304 301 6043448
295 305 6043451
304 307 6043454
301 301 6043457
296 303 6043460
298 301 6043463
298 301 6043466
301 296 6043469
299 296 6043472
300 299 6043475
300 302 6043478
298 297 6043481
296 302 6043484
298 298 6043487
295 299 6043490
299 295 6043493
295 294 6043496
290 294 6043499
295 298 6043502
295 294 6043505
295 298 6043508
298 299 6043511
294 292 6043514
290 296 6043517
295 297 6043520
295 291 6043523
288 294 6043526
291 290 6043529
289 288 6043532
288 292 6043535
290 292 6043538
289 290 6043541
286 291 6043544
290 289 6043547
286 289 6043550
289 289 6043553
285 290 6043556
287 287 6043559
289 285 6043562
286 287 6043565
285 286 6043568
287 289 6043571
290 285 6043574
289 286 6043577
287 280 6043580
282 286 6043583
285 284 6043586
281 283 6043589
290 284 6043592
287 278 6043595
280 277 6043598
282 281 6043601
284 277 6043604
281 280 6043607
280 280 6043610
283 279 6043613
281 281 6043616
280 282 6043619
281 281 6043622
280 275 6043625
278 277 6043628
274 273 6043631
281 277 6043634
279 274 6043637
276 277 6043640
275 278 6043643
277 277 6043646
274 279 6043649
274 276 6043652
272 278 6043655
276 277 6043658
272 272 6043661
271 271 6043664
272 275 6043667
273 275 6043670
274 275 6043673
273 271 6043676
271 272 6043679
271 278 6043682
275 275 6043685
269 271 6043688
271 271 6043691
271 269 6043694
267 265 6043697
268 268 6043700
268 267 6043703
272 270 6043706
268 270 6043709
269 267 6043712
267 275 6043715
267 269 6043718
266 270 6043721
265 267 6043724
263 263 6043727
264 265 6043730
267 266 6043733
264 267 6043736
266 267 6043739
261 263 6043742
263 269 6043745
262 266 6043748
262 266 6043751
261 263 6043754
262 262 6043757
261 262 6043760
257 257 6043763
263 260 6043766
261 264 6043769
265 263 6043772
257 264 6043775
257 260 6043778
260 264 6043781
261 261 6043784
259 259 6043787
259 261 6043790
256 257 6043793
255 253 6043796
260 257 6043799
260 259 6043802
257 260 6043805
256 261 6043808
258 253 6043811
249 257 6043814
255 262 6043817
252 252 6043820
251 252 6043823
257 256 6043826
253 252 6043829
256 257 6043832
255 251 6043835
248 254 6043838
256 257 6043841
253 250 6043844
248 254 6043847
249 250 6043850
252 248 6043853
246 252 6043856
250 249 6043859
244 249 6043862
251 253 6043865
250 248 6043868
252 251 6043871
249 250 6043874
250 245 6043877
245 247 6043880
250 245 6043883
248 245 6043886
246 245 6043889
250 246 6043892
243 242 6043895
248 246 6043898
249 247 6043901
249 245 6043904
242 246 6043907
245 247 6043910
240 244 6043913
241 244 6043916
244 244 6043919
242 242 6043922
240 242 6043925
241 242 6043928
244 244 6043931
242 241 6043934
243 245 6043937
245 244 6043940
240 239 6043943
236 246 6043946
240 241 6043949
239 240 6043952
238 238 6043955
240 237 6043958
233 238 6043961
236 237 6043964
237 238 6043967
236 240 6043970
242 240 6043973
233 230 6043976
235 241 6043979
241 239 6043982
238 240 6043985
237 235 6043988
237 237 6043991
234 236 6043994
236 234 6043997
234 237 6044001
231 233 6044004
234 232 6044007
230 232 6044010
232 235 6044013
229 234 6044016
232 234 6044019
233 233 6044022
236 235 6044025
230 230 6044028
231 230 6044032
233 229 6044034
230 226 6044037
230 224 6044040
230 231 6044043
229 230 6044046
228 227 6044049
233 229 6044052
231 232 6044055
232 227 6044058
231 228 6044061
225 229 6044065
226 223 6044067
225 224 6044070
225 229 6044073
221 227 6044076
225 224 6044079
224 223 6044082
225 227 6044085
225 224 6044088
229 227 6044091
225 227 6044094
223 223 6044098
229 222 6044100
227 227 6044103
219 221 6044106
227 221 6044109
220 221 6044112
219 219 6044115
225 219 6044118
224 222 6044121
219 222 6044124
223 221 6044127
218 222 6044131
219 218 6044133
222 221 6044136
219 220 6044139
215 215 6044142
217 219 6044145
218 215 6044148
216 217 6044151
216 221 6044154
217 219 6044157
220 219 6044160
218 219 6044164
217 211 6044166
216 213 6044169
216 215 6044172
216 218 6044175
213 211 6044178
213 211 6044181
220 219 6044184
217 215 6044187
216 213 6044190
216 214 6044193
210 210 6044197
216 210 6044199
212 211 6044202
214 212 6044205
211 216 6044208
208 209 6044211
215 210 6044214
213 213 6044217
214 211 6044220
213 212 6044223
212 213 6044226
208 208 6044230
211 208 6044232
209 212 6044235
209 207 6044238
208 210 6044241
208 210 6044244
208 203 6044247
209 210 6044250
210 208 6044253
206 208 6044256
210 206 6044259
207 202 6044263
210 203 6044265
208 205 6044268
206 204 6044271
205 206 6044274
205 209 6044277
204 202 6044280
204 206 6044283
204 204 6044286
203 209 6044289
207 205 6044292
204 209 6044296
207 201 6044298
204 208 6044301
200 199 6044304
204 207 6044307
202 201 6044310
200 199 6044313
204 203 6044316
200 200 6044319
202 203 6044322
202 206 6044325
198 199 6044329
203 195 6044331
201 201 6044334
202 201 6044337
198 203 6044340
196 197 6044343
199 198 6044346
199 197 6044349
200 201 6044352
196 201 6044355
199 199 6044358
198 201 6044362
197 197 6044364
198 199 6044367
200 199 6044370
192 196 6044373
197 193 6044376
195 191 6044379
200 198 6044382
196 197 6044385
195 197 6044388
198 197 6044391
194 194 6044395
195 188 6044397
198 192 6044400
193 192 6044403
195 192 6044406
195 194 6044409
192 188 6044412
194 194 6044415
192 191 6044418
195 194 6044421
197 196 6044424
190 190 6044428
194 187 6044430
193 189 6044433
192 193 6044436
186 186 6044439
191 188 6044442
190 189 6044445
192 195 6044448
192 189 6044451
190 187 6044454
186 187 6044457
189 186 6044461
189 187 6044463
189 191 6044466
185 187 6044469
186 190 6044472
186 188 6044475
186 187 6044478
189 185 6044481
188 186 6044484
184 187 6044487
190 184 6044490
186 189 6044494
190 182 6044496
185 184 6044499
190 183 6044502
185 182 6044505
183 182 6044508
185 181 6044511
185 183 6044514
184 183 6044517
187 183 6044520
184 185 6044523
178 178 6044527
185 181 6044529
182 180 6044532
187 178 6044535
182 186 6044538
179 180 6044541
182 179 6044544
184 183 6044547
181 177 6044550
182 178 6044553
184 183 6044556
179 177 6044560
182 174 6044562
182 179 6044565
178 176 6044568
181 181 6044571
175 176 6044574
175 175 6044577
181 178 6044580
180 181 6044583
183 183 6044586
178 179 6044589
176 178 6044593
180 173 6044595
176 174 6044598
179 175 6044601
177 176 6044604
176 177 6044607
176 173 6044610
178 177 6044613
174 175 6044616
177 176 6044619
178 179 6044622
174 173 6044626
176 167 6044628
179 173 6044631
176 173 6044634
172 176 6044637
175 171 6044640
172 173 6044643
172 171 6044646
172 172 6044649
176 179 6044652
172 176 6044655
172 172 6044659
171 171 6044661
169 172 6044664
172 169 6044667
168 171 6044670
172 170 6044673
168 170 6044676
170 177 6044679
163 168 6044682
169 174 6044685
173 173 6044688
167 167 6044692
173 166 6044694
170 172 6044697
166 165 6044700
168 172 6044703
166 170 6044706
168 166 6044709
169 167 6044712
165 171 6044715
169 167 6044718
165 166 6044721
166 165 6044725
168 165 6044727
164 165 6044730
169 164 6044733
168 170 6044736
165 165 6044739
164 162 6044742
166 164 6044745
165 160 6044748
169 171 6044751
162 165 6044754
163 161 6044758
168 159 6044760
166 160 6044763
164 165 6044766
163 164 6044769
163 162 6044772
163 164 6044775
162 161 6044778
160 162 6044781
162 164 6044784
162 162 6044787
162 158 6044791
165 162 6044793
159 158 6044796
163 160 6044799
163 161 6044802
160 161 6044805
156 159 6044808
161 158 6044811
163 162 6044814
159 162 6044817
164 159 6044820
160 161 6044824
160 149 6044826
162 156 6044829
156 158 6044832
157 160 6044835
158 159 6044838
156 157 6044841
156 161 6044844
159 159 6044847
157 156 6044850
157 156 6044853
153 154 6044857
158 150 6044859
158 158 6044862
155 153 6044865
156 155 6044868
155 154 6044871
154 152 6044874
155 153 6044877
155 153 6044880
155 156 6044883
156 153 6044886
151 153 6044890
154 156 6044892
154 157 6044895
152 152 6044898
153 151 6044901
152 152 6044904
155 151 6044907
154 153 6044910
152 155 6044913
152 156 6044916
150 153 6044919
150 149 6044923
153 150 6044925
158 155 6044928
152 149 6044931
151 145 6044934
149 150 6044937
145 146 6044940
152 151 6044943
152 157 6044946
149 157 6044949
151 146 6044952
148 148 6044956
149 143 6044958
151 150 6044961
150 145 6044964
148 150 6044967
151 146 6044970
147 147 6044973
151 150 6044976
147 148 6044979
144 152 6044982
149 149 6044985
146 145 6044989
147 145 6044991
150 146 6044994
146 146 6044999
144 149 6045002
145 146 6045005
142 149 6045008
142 138 6045011
143 145 6045014
143 143 6045017
145 144 6045020
146 144 6045023
147 142 6045026
145 144 6045029
140 139 6045032
143 147 6045035
142 144 6045038
144 144 6045041
142 141 6045044
143 145 6045047
140 141 6045050
142 146 6045053
139 140 6045056
145 142 6045059
145 146 6045062
143 138 6045065
141 145 6045068
138 139 6045071
139 141 6045074
142 139 6045077
136 143 6045080
140 140 6045083
143 142 6045086
140 140 6045089
140 140 6045092
138 138 6045095
136 138 6045098
137 138 6045101
137 141 6045104
137 144 6045107
140 141 6045110
138 135 6045113
132 135 6045116
139 135 6045119
140 140 6045122
137 133 6045125
135 139 6045128
142 136 6045131
139 139 6045134
133 135 6045137
135 137 6045140
136 138 6045143
136 137 6045146
131 135 6045149
137 139 6045152
134 138 6045155
135 134 6045158
131 139 6045161
134 139 6045164
131 134 6045167
132 137 6045170
132 136 6045173
134 132 6045176
134 133 6045179
127 134 6045182
135 132 6045185
133 131 6045188
134 137 6045191
135 134 6045194
134 128 6045197
126 136 6045200
133 136 6045203
134 130 6045206
129 131 6045209
134 134 6045212
130 130 6045215
133 135 6045218
131 132 6045221
129 131 6045224
131 129 6045227
132 129 6045230
125 131 6045233
133 134 6045236
131 131 6045239
133 130 6045242
130 127 6045245
127 127 6045248
128 128 6045251
127 128 6045254
131 130 6045257
130 124 6045260
126 128 6045263
132 130 6045266
127 123 6045269
128 129 6045272
130 124 6045275
127 126 6045278
127 126 6045281
128 126 6045284
124 127 6045287
132 126 6045290
125 127 6045293
127 127 6045296
125 127 6045299
123 121 6045302
122 131 6045305
126 127 6045308
122 123 6045311
122 126 6045314
130 129 6045317
121 124 6045320
124 127 6045323
125 124 6045326
121 126 6045329
124 129 6045332
127 125 6045335
122 120 6045338
121 120 6045341
127 122 6045344
124 120 6045347
127 123 6045350
126 120 6045353
123 122 6045356
123 121 6045359
121 119 6045362
119 122 6045365
123 125 6045368
124 124 6045371
121 116 6045374
121 121 6045377
123 114 6045380
119 119 6045383
126 124 6045386
123 120 6045389
119 120 6045392
122 121 6045395
119 119 6045398
121 121 6045401
123 122 6045404
120 119 6045407
119 118 6045410
120 114 6045413
121 117 6045416
119 121 6045419
119 119 6045422
122 116 6045425
117 115 6045428
115 119 6045431
119 116 6045434
120 119 6045437
118 114 6045440
113 117 6045443
114 117 6045446
118 117 6045449
113 118 6045452
117 120 6045455
118 115 6045458
114 113 6045461
116 123 6045464
118 116 6045467
114 118 6045470
116 116 6045473
117 111 6045476
110 108 6045479
118 117 6045482
116 113 6045485
117 119 6045488
118 117 6045491
112 114 6045494
114 116 6045497
114 114 6045500
112 115 6045503
115 116 6045506
115 115 6045509
113 108 6045512
116 116 6045515
117 108 6045518
111 110 6045521
116 115 6045524
115 114 6045527
106 115 6045530
114 115 6045533
114 110 6045536
113 106 6045539
110 110 6045542
112 107 6045545
114 113 6045548
111 113 6045551
113 111 6045554
108 106 6045557
109 108 6045560
108 113 6045563
110 108 6045566
108 110 6045569
114 109 6045572
114 105 6045575
106 108 6045578
113 112 6045581
108 107 6045584
110 112 6045587
108 111 6045590
112 108 6045593
108 111 6045596
108 108 6045599
101 108 6045602
108 110 6045605
109 108 6045608
108 104 6045611
107 110 6045614
111 110 6045617
105 107 6045620
111 110 6045623
109 107 6045626
104 110 6045629
106 108 6045632
107 111 6045635
109 108 6045638
108 107 6045641
103 101 6045644
105 104 6045647
105 107 6045650
105 108 6045653
107 106 6045656
108 105 6045659
105 109 6045662
105 104 6045665
105 107 6045668
106 102 6045671
100 103 6045674
101 100 6045677
104 107 6045680
105 103 6045683
103 106 6045686
108 104 6045689
108 103 6045692
102 106 6045695
103 107 6045698
104 103 6045701
100 103 6045704
106 101 6045707
103 101 6045710
105 106 6045713
105 101 6045716
105 107 6045719
101 103 6045722
99 99 6045725
100 106 6045728
99 105 6045731
99 106 6045734
101 101 6045737
102 99 6045740
100 99 6045743
106 101 6045746
102 98 6045749
100 99 6045752
102 104 6045755
97 99 6045758
96 101 6045761
97 101 6045764
101 104 6045767
97 97 6045770
100 102 6045773
99 100 6045776
101 101 6045779
101 99 6045782
98 101 6045785
95 101 6045788
97 98 6045791
96 100 6045794
95 99 6045797
98 101 6045800
101 96 6045803
98 98 6045806
95 95 6045809
98 97 6045812
96 98 6045815
95 99 6045818
99 100 6045821
96 94 6045824
97 100 6045827
99 99 6045830
95 98 6045833
91 95 6045836
94 102 6045839
97 96 6045842
93 99 6045845
96 98 6045848
95 96 6045851
97 99 6045854
95 99 6045857
93 99 6045860
94 93 6045863
94 98 6045866
96 97 6045869
99 92 6045872
94 91 6045875
95 94 6045878
94 95 6045881
95 93 6045884
93 96 6045887
92 94 6045890
90 100 6045893
92 99 6045896
90 96 6045899
93 92 6045902
93 90 6045905
90 88 6045908
92 93 6045911
96 93 6045914
91 95 6045917
90 93 6045920
94 92 6045923
90 94 6045926
90 92 6045929
92 89 6045932
92 92 6045935
93 91 6045938
92 90 6045941
91 88 6045944
90 92 6045947
93 93 6045950
89 90 6045953
90 87 6045956
89 96 6045959
92 94 6045962
89 92 6045965
88 88 6045968
88 94 6045971
92 91 6045974
92 87 6045977
90 88 6045980
90 92 6045983
91 87 6045986
85 84 6045989
86 93 6045992
92 88 6045995
87 87 6045999
88 93 6046002
93 90 6046005
89 86 6046008
86 93 6046011
90 91 6046014
87 87 6046017
86 85 6046020
85 89 6046023
88 86 6046026
89 87 6046029
89 90 6046032
85 90 6046034
90 89 6046037
84 88 6046040
84 85 6046043
85 91 6046046
87 84 6046049
87 86 6046052
85 84 6046055
82 85 6046058
87 88 6046061
86 88 6046064
88 86 6046067
82 78 6046070
84 83 6046073
84 85 6046076
85 86 6046079
83 85 6046082
86 85 6046085
85 89 6046088
82 83 6046091
85 86 6046094
84 81 6046097
84 84 6046100
81 81 6046103
85 85 6046106
85 85 6046109
85 86 6046112
83 84 6046115
82 85 6046118
82 84 6046121
81 86 6046124
86 85 6046127
80 85 6046130
82 83 6046133
81 80 6046136
81 87 6046139
82 81 6046142
81 80 6046145
78 83 6046148
81 85 6046151
82 83 6046154
80 83 6046157
82 87 6046160
82 81 6046163
79 83 6046166
77 80 6046169
79 81 6046172
80 85 6046175
83 84 6046178
76 80 6046181
78 81 6046184
81 81 6046187
78 80 6046190
82 84 6046193
81 74 6046196
81 80 6046199
76 77 6046202
80 81 6046205
74 78 6046208
80 82 6046211
78 81 6046214
80 77 6046217
78 81 6046220
77 75 6046223
79 81 6046226
82 76 6046229
76 77 6046232
78 78 6046235
83 79 6046238
83 79 6046241
82 83 6046244
82 76 6046247
76 75 6046250
76 83 6046253
79 77 6046256
73 77 6046259
76 78 6046262
78 77 6046265
73 73 6046268
77 82 6046271
79 77 6046274
78 78 6046277
80 80 6046280
75 73 6046283
73 80 6046286
78 81 6046289
78 76 6046292
74 77 6046295
76 70 6046298
74 75 6046301
77 80 6046304
75 78 6046307
79 71 6046310
72 77 6046313
74 74 6046316
73 77 6046319
76 73 6046322
74 80 6046325
81 72 6046328
76 71 6046331
71 73 6046334
78 77 6046337
76 75 6046340
74 79 6046343
74 76 6046346
70 74 6046349
73 77 6046352
73 75 6046355
70 73 6046358
71 73 6046361
74 69 6046364
73 68 6046367
74 73 6046370
76 72 6046373
74 70 6046376
71 75 6046379
74 74 6046382
72 73 6046385
70 75 6046388
72 76 6046391
70 73 6046394
70 74 6046397
70 72 6046400
74 68 6046403
69 71 6046406
71 70 6046409
74 71 6046412
67 69 6046415
67 73 6046418
69 71 6046421
72 72 6046424
70 73 6046427
71 69 6046430
70 68 6046433
74 71 6046436
73 67 6046439
72 70 6046442
71 71 6046445
71 73 6046448
66 73 6046451
71 71 6046454
66 70 6046457
69 74 6046460
67 70 6046463
66 65 6046466
69 71 6046469
69 71 6046472
69 71 6046475
67 72 6046478
71 69 6046481
68 75 6046484
69 68 6046487
65 74 6046490
70 65 6046493
67 66 6046496
68 69 6046499
70 74 6046502
68 69 6046505
67 67 6046508
64 70 6046511
68 69 6046514
66 68 6046517
63 63 6046520
65 67 6046523
71 67 6046526
70 64 6046529
69 63 6046532
69 68 6046535
70 67 6046538
69 64 6046541
61 65 6046544
69 67 6046547
68 66 6046550
62 68 6046553
66 68 6046556
67 60 6046559
61 63 6046562
68 65 6046565
67 64 6046568
65 66 6046571
66 65 6046574
68 66 6046577
67 64 6046580
63 68 6046583
63 65 6046586
65 67 6046589
64 63 6046592
66 66 6046595
60 59 6046598
64 62 6046601
65 67 6046604
65 62 6046607
62 68 6046610
67 63 6046613
62 70 6046616
62 67 6046619
64 66 6046622
63 64 6046625
61 60 6046628
59 61 6046631
66 66 6046634
64 63 6046637
65 66 6046640
64 62 6046643
61 59 6046646
60 61 6046649
61 61 6046652
64 61 6046655
64 59 6046658
64 58 6046661
64 62 6046664
65 60 6046667
59 60 6046670
65 65 6046673
61 60 6046676
60 63 6046679
61 61 6046682
58 61 6046685
60 61 6046688
63 60 6046691
61 59 6046694
61 55 6046697
61 63 6046700
64 63 6046703
62 62 6046706
58 58 6046709
56 58 6046712
64 64 6046715
61 61 6046718
58 62 6046721
59 61 6046724
61 60 6046727
56 55 6046730
57 62 6046733
60 57 6046736
58 59 6046739
59 59 6046742
63 61 6046745
59 62 6046748
56 59 6046751
60 67 6046754
60 56 6046757
57 59 6046760
58 58 6046763
61 62 6046766
62 62 6046769
56 60 6046772
60 62 6046775
54 56 6046778
53 60 6046781
58 59 6046784
58 60 6046787
57 59 6046790
56 55 6046793
52 57 6046796
61 59 6046799
56 55 6046802
59 55 6046805
58 59 6046808
58 60 6046811
54 57 6046814
58 57 6046817
57 57 6046820
57 52 6046823
55 58 6046826
59 52 6046829
56 56 6046832
57 54 6046835
54 57 6046838
57 53 6046841
53 52 6046844
56 60 6046847
57 53 6046850
53 58 6046853
59 56 6046856
55 54 6046859
55 52 6046862
55 58 6046865
54 57 6046868
60 59 6046871
57 56 6046874
52 52 6046877
52 58 6046880
55 57 6046883
54 56 6046886
52 50 6046889
51 54 6046892
51 53 6046895
55 57 6046898
56 54 6046901
53 60 6046904
56 53 6046907
51 49 6046910
52 62 6046913
55 53 6046916
50 55 6046919
56 55 6046922
54 51 6046925
51 54 6046928
50 54 6046931
48 52 6046934
54 56 6046937
53 53 6046940
52 54 6046943
52 55 6046946
52 53 6046949
55 54 6046952
54 54 6046955
51 45 6046958
50 49 6046961
55 54 6046964
53 50 6046967
53 48 6046970
50 53 6046973
56 54 6046976
47 55 6046979
51 55 6046982
52 53 6046985
53 48 6046988
49 54 6046991
49 48 6046994
52 56 6046997
51 53 6047001
47 48 6047004
50 53 6047007
48 55 6047010
51 48 6047013
46 48 6047016
55 52 6047019
47 52 6047022
53 54 6047025
52 51 6047028
46 51 6047032
50 47 6047034
54 53 6047037
46 51 6047040
47 47 6047043
49 55 6047046
46 52 6047049
47 49 6047052
46 48 6047055
50 56 6047058
50 49 6047061
50 50 6047065
49 49 6047067
46 49 6047070
52 53 6047073
48 51 6047076
47 48 6047079
48 50 6047082
50 53 6047085
48 48 6047088
52 53 6047091
49 55 6047094
46 45 6047098
52 46 6047100
49 49 6047103
47 48 6047106
49 45 6047109
47 52 6047112
46 47 6047115
51 48 6047118
47 49 6047121
44 53 6047124
48 48 6047127
49 45 6047131
50 50 6047133
46 48 6047136
46 44 6047139
47 49 6047142
47 50 6047145
44 48 6047148
49 45 6047151
48 45 6047154
51 49 6047157
49 45 6047160
47 45 6047164
47 45 6047166
48 44 6047169
46 45 6047172
46 46 6047175
46 43 6047178
44 47 6047181
48 49 6047184
46 44 6047187
48 50 6047190
44 48 6047193
45 44 6047197
48 43 6047199
43 42 6047202
47 49 6047205
44 46 6047208
45 44 6047211
46 44 6047214
46 49 6047217
48 49 6047220
41 42 6047223
44 45 6047226
42 48 6047230
45 44 6047232
44 46 6047235
46 47 6047238
44 48 6047241
42 44 6047244
43 42 6047247
43 44 6047250
47 45 6047253
46 45 6047256
44 48 6047259
41 42 6047263
45 41 6047265
47 47 6047268
42 45 6047271
46 43 6047274
43 43 6047277
40 38 6047280
42 45 6047283
45 47 6047286
43 42 6047289
41 41 6047292
43 38 6047296
48 42 6047298
44 45 6047301
46 39 6047304
41 41 6047307
41 40 6047310
41 38 6047313
46 43 6047316
42 40 6047319
46 43 6047322
43 44 6047325
38 41 6047329
48 37 6047331
40 42 6047334
43 41 6047337
42 42 6047340
40 44 6047343
37 37 6047346
40 44 6047349
39 45 6047352
42 44 6047355
43 43 6047358
42 43 6047362
43 38 6047364
41 40 6047367
42 40 6047370
41 41 6047373
41 40 6047376
40 43 6047379
41 41 6047382
42 41 6047385
41 44 6047388
41 40 6047391
39 45 6047395
41 36 6047397
39 33 6047400
45 40 6047403
41 39 6047406
39 39 6047409
42 42 6047412
41 42 6047415
35 37 6047418
44 41 6047421
40 41 6047424
42 38 6047428
43 34 6047430
44 42 6047433
36 32 6047436
37 40 6047439
41 38 6047442
39 37 6047445
40 44 6047448
36 41 6047451
39 38 6047454
41 42 6047457
36 43 6047461
37 33 6047463
39 42 6047466
36 38 6047469
37 38 6047472
43 39 6047475
36 37 6047478
39 42 6047481
37 39 6047484
40 41 6047487
35 43 6047490
35 36 6047494
41 36 6047496
39 38 6047499
39 36 6047502
38 41 6047505
39 32 6047508
36 39 6047511
38 33 6047514
37 37 6047517
40 36 6047520
38 38 6047523
39 35 6047527
39 33 6047529
37 35 6047532
38 38 6047535
36 35 6047538
34 38 6047541
32 34 6047544
35 41 6047547
35 39 6047550
34 38 6047553
33 39 6047556
37 38 6047560
39 34 6047562
36 37 6047565
36 35 6047568
37 34 6047571
36 35 6047574
33 31 6047577
36 34 6047580
41 38 6047583
36 39 6047586
36 35 6047589
28 35 6047593
36 31 6047595
37 38 6047598
37 35 6047601
36 35 6047604
36 37 6047607
34 32 6047610
38 34 6047613
34 34 6047616
37 34 6047619
41 33 6047622
34 32 6047626
36 32 6047628
37 33 6047631
39 31 6047634
36 36 6047637
32 36 6047640
31 32 6047643
36 33 6047646
32 37 6047649
39 39 6047652
34 34 6047655
34 33 6047659
37 34 6047661
37 35 6047664
31 28 6047667
