0 0 4016855
0 0 4016860
0 0 4016864
0 0 4016868
0 0 4016873
0 0 4016877
0 0 4016881
0 0 4016886
0 0 4016890
0 0 4016894
0 0 4016899
0 0 4016903
0 0 4016907
0 0 4016912
0 0 4016916
0 0 4016920
0 0 4016925
0 0 4016929
0 0 4016933
0 0 4016938
0 0 4016942
0 0 4016946
0 0 4016951
0 0 4016955
0 0 4016959
0 0 4016964
0 0 4016968
0 0 4016972
0 0 4016977
0 0 4016981
0 0 4016985
0 0 4016990
0 0 4016994
0 0 4017000
0 0 4017004
0 0 4017008
0 0 4017013
0 0 4017017
0 0 4017021
0 0 4017026
0 0 4017030
0 0 4017034
0 0 4017039
0 0 4017043
0 0 4017047
0 0 4017052
0 0 4017056
0 0 4017060
0 0 4017065
0 0 4017069
0 0 4017073
0 0 4017078
0 0 4017082
0 0 4017086
0 0 4017091
0 0 4017095
0 0 4017099
0 0 4017104
0 0 4017108
0 0 4017112
0 0 4017117
0 0 4017121
0 0 4017125
0 0 4017130
0 0 4017134
0 0 4017138
0 0 4017143
0 0 4017147
0 0 4017151
0 0 4017156
0 0 4017160
0 0 4017164
0 0 4017169
0 0 4017173
0 0 4017177
0 0 4017182
0 0 4017186
0 0 4017190
0 0 4017195
0 0 4017199
0 0 4017203
0 0 4017208
0 0 4017212
0 0 4017216
0 0 4017221
0 0 4017225
0 0 4017229
0 0 4017234
0 0 4017238
0 0 4017242
0 0 4017247
0 0 4017251
0 0 4017255
0 0 4017260
0 0 4017264
0 0 4017268
0 0 4017273
0 0 4017277
0 0 4017281
0 0 4017286
0 0 4017290
0 0 4017294
0 0 4017299
0 0 4017303
0 0 4017307
0 0 4017312
0 0 4017316
0 0 4017320
0 0 4017325
0 0 4017329
0 0 4017333
0 0 4017338
0 0 4017342
0 0 4017346
0 0 4017351
0 0 4017355
0 0 4017359
0 0 4017364
0 0 4017368
0 0 4017372
0 0 4017377
0 0 4017381
0 0 4017385
0 0 4017390
0 0 4017394
0 0 4017398
0 0 4017403
0 0 4017407
0 0 4017411
0 0 4017416
0 0 4017420
0 0 4017424
0 0 4017429
0 0 4017433
0 0 4017437
0 0 4017442
0 0 4017446
0 0 4017450
0 0 4017455
0 0 4017459
0 0 4017463
0 0 4017468
0 0 4017472
0 0 4017476
0 0 4017481
0 0 4017485
0 0 4017489
0 0 4017494
0 0 4017498
0 0 4017502
0 0 4017507
0 0 4017511
0 0 4017515
0 0 4017520
0 0 4017524
0 0 4017528
0 0 4017533
0 0 4017537
0 0 4017541
0 0 4017546
0 0 4017550
0 0 4017554
0 0 4017559
0 0 4017563
0 0 4017567
0 0 4017572
0 0 4017576
0 0 4017580
0 0 4017585
0 0 4017589
0 0 4017593
0 0 4017598
0 0 4017602
0 0 4017606
0 0 4017611
0 0 4017615
0 0 4017619
0 0 4017624
0 0 4017628
0 0 4017632
0 0 4017637
0 0 4017641
0 0 4017645
0 0 4017650
0 0 4017654
0 0 4017658
0 0 4017663
0 0 4017667
0 0 4017671
0 0 4017676
0 0 4017680
0 0 4017684
0 0 4017689
0 0 4017693
0 0 4017697
0 0 4017702
0 0 4017706
0 0 4017710
0 0 4017715
0 0 4017719
0 0 4017723
0 0 4017728
0 0 4017732
0 0 4017736
0 0 4017741
0 0 4017745
0 0 4017749
0 0 4017754
0 0 4017758
0 0 4017762
0 0 4017767
0 0 4017771
0 0 4017775
0 0 4017780
0 0 4017784
0 0 4017788
0 0 4017793
0 0 4017797
0 0 4017801
0 0 4017806
0 0 4017810
0 0 4017814
0 0 4017819
0 0 4017823
0 0 4017827
0 0 4017832
0 0 4017836
0 0 4017840
0 0 4017845
0 0 4017849
0 0 4017853
0 0 4017858
0 0 4017862
0 0 4017866
0 0 4017871
0 0 4017875
0 0 4017879
0 0 4017884
0 0 4017888
0 0 4017892
0 0 4017897
0 0 4017901
0 0 4017905
0 0 4017910
0 0 4017914
0 0 4017918
0 0 4017923
0 0 4017927
0 0 4017931
0 0 4017936
0 0 4017940
0 0 4017944
0 0 4017949
0 0 4017953
0 0 4017957
0 0 4017962
0 0 4017966
0 0 4017970
0 0 4017975
0 0 4017979
0 0 4017983
0 0 4017988
0 0 4017992
0 0 4017996
0 0 4018002
0 0 4018006
0 0 4018010
0 0 4018015
0 0 4018019
0 0 4018023
0 0 4018028
0 0 4018032
0 0 4018036
0 0 4018041
0 0 4018045
0 0 4018049
0 0 4018054
0 0 4018058
0 0 4018062
0 0 4018067
0 0 4018071
0 0 4018075
0 0 4018080
0 0 4018084
0 0 4018088
0 0 4018093
0 0 4018097
0 0 4018101
0 0 4018106
0 0 4018110
0 0 4018114
0 0 4018119
0 0 4018123
0 0 4018127
0 0 4018132
0 0 4018136
0 0 4018140
0 0 4018145
0 0 4018149
0 0 4018153
0 0 4018158
0 0 4018162
0 0 4018166
0 0 4018171
0 0 4018175
0 0 4018179
0 0 4018184
0 0 4018188
0 0 4018192
0 0 4018197
0 0 4018201
0 0 4018205
0 0 4018210
0 0 4018214
0 0 4018218
0 0 4018223
0 0 4018227
0 0 4018231
0 0 4018236
0 0 4018240
0 0 4018244
0 0 4018249
0 0 4018253
0 0 4018257
0 0 4018262
0 0 4018266
0 0 4018270
0 0 4018275
0 0 4018279
0 0 4018283
0 0 4018288
0 0 4018292
0 0 4018296
0 0 4018301
0 0 4018305
0 0 4018309
0 0 4018314
0 0 4018318
0 0 4018322
0 0 4018327
0 0 4018331
0 0 4018335
0 0 4018340
0 0 4018344
0 0 4018348
0 0 4018353
0 0 4018357
0 0 4018361
0 0 4018366
0 0 4018370
0 0 4018374
0 0 4018379
0 0 4018383
0 0 4018387
0 0 4018392
0 0 4018396
0 0 4018400
0 0 4018405
0 0 4018409
0 0 4018413
0 0 4018418
0 0 4018422
0 0 4018426
0 0 4018431
0 0 4018435
0 0 4018439
0 0 4018444
0 0 4018448
0 0 4018452
0 0 4018457
0 0 4018461
0 0 4018465
0 0 4018470
0 0 4018474
0 0 4018478
0 0 4018483
0 0 4018487
0 0 4018491
0 0 4018496
0 0 4018500
0 0 4018504
0 0 4018509
0 0 4018513
0 0 4018517
0 0 4018522
0 0 4018526
0 0 4018530
0 0 4018535
0 0 4018539
0 0 4018543
0 0 4018548
0 0 4018552
0 0 4018557
0 0 4018561
0 0 4018565
0 0 4018570
0 0 4018574
0 0 4018578
0 0 4018583
0 0 4018587
0 0 4018592
0 0 4018596
0 0 4018600
0 0 4018605
0 0 4018609
0 0 4018613
0 0 4018618
0 0 4018622
0 0 4018627
0 0 4018631
0 0 4018635
0 0 4018640
0 0 4018644
0 0 4018649
0 0 4018653
0 0 4018657
0 0 4018662
0 0 4018666
0 0 4018670
0 0 4018675
0 0 4018679
0 0 4018684
0 0 4018688
0 0 4018692
0 0 4018697
0 0 4018701
0 0 4018705
0 0 4018710
0 0 4018714
0 0 4018719
0 0 4018723
0 0 4018727
0 0 4018732
0 0 4018736
0 0 4018741
0 0 4018745
0 0 4018749
0 0 4018754
0 0 4018758
0 0 4018762
0 0 4018767
0 0 4018771
0 0 4018776
0 0 4018780
0 0 4018784
0 0 4018789
0 0 4018793
0 0 4018797
0 0 4018802
0 0 4018806
0 0 4018811
0 0 4018815
0 0 4018819
0 0 4018824
0 0 4018828
0 0 4018833
0 0 4018837
0 0 4018841
0 0 4018846
0 0 4018850
0 0 4018854
0 0 4018859
0 0 4018863
0 0 4018868
0 0 4018872
0 0 4018876
0 0 4018881
0 0 4018885
0 0 4018889
0 0 4018894
0 0 4018898
0 0 4018903
0 0 4018907
0 0 4018911
0 0 4018916
0 0 4018920
0 0 4018925
0 0 4018929
0 0 4018933
0 0 4018938
0 0 4018942
0 0 4018946
0 0 4018951
0 0 4018955
0 0 4018960
0 0 4018964
0 0 4018968
0 0 4018973
0 0 4018977
0 0 4018981
0 0 4018986
0 0 4018990
0 0 4018995
0 0 4019000
0 0 4019005
0 0 4019009
0 0 4019013
0 0 4019018
0 0 4019022
0 0 4019026
0 0 4019031
0 0 4019035
0 0 4019040
0 0 4019044
0 0 4019048
0 0 4019053
0 0 4019057
0 0 4019062
0 0 4019066
0 0 4019070
0 0 4019075
0 0 4019079
0 0 4019083
0 0 4019088
0 0 4019092
0 0 4019097
0 0 4019101
0 0 4019105
0 0 4019110
0 0 4019114
0 0 4019118
0 0 4019123
0 0 4019127
0 0 4019132
0 0 4019136
0 0 4019140
0 0 4019145
0 0 4019149
0 0 4019154
0 0 4019158
0 0 4019162
0 0 4019167
0 0 4019171
0 0 4019175
0 0 4019180
0 0 4019184
0 0 4019189
0 0 4019193
0 0 4019197
0 0 4019202
0 0 4019206
0 0 4019210
0 0 4019215
0 0 4019219
0 0 4019224
0 0 4019228
0 0 4019232
0 0 4019237
0 0 4019241
0 0 4019245
0 0 4019250
0 0 4019254
0 0 4019258
0 0 4019263
0 0 4019267
0 0 4019271
0 0 4019276
0 0 4019280
0 0 4019284
0 0 4019289
0 0 4019293
0 0 4019297
0 0 4019302
0 0 4019306
0 0 4019310
0 0 4019315
0 0 4019319
0 0 4019323
0 0 4019328
0 0 4019332
0 0 4019336
0 0 4019341
0 0 4019345
0 0 4019349
0 0 4019354
0 0 4019358
0 0 4019362
0 0 4019367
0 0 4019371
0 0 4019375
0 0 4019380
0 0 4019384
0 0 4019388
0 0 4019393
0 0 4019397
0 0 4019401
0 0 4019406
0 0 4019410
0 0 4019414
0 0 4019419
0 0 4019423
0 0 4019427
0 0 4019432
0 0 4019436
0 0 4019440
0 0 4019445
0 0 4019449
0 0 4019453
0 0 4019458
0 0 4019462
0 0 4019466
0 0 4019471
0 0 4019475
0 0 4019479
0 0 4019484
0 0 4019488
0 0 4019492
0 0 4019497
0 0 4019501
0 0 4019505
0 0 4019510
0 0 4019514
0 0 4019518
0 0 4019523
0 0 4019527
0 0 4019531
0 0 4019536
0 0 4019540
0 0 4019544
0 0 4019549
0 0 4019553
0 0 4019557
0 0 4019562
0 0 4019566
0 0 4019570
0 0 4019575
0 0 4019579
0 0 4019583
0 0 4019588
0 0 4019592
0 0 4019596
0 0 4019601
0 0 4019605
0 0 4019609
0 0 4019614
0 0 4019618
0 0 4019622
0 0 4019627
0 0 4019631
0 0 4019635
0 0 4019640
0 0 4019644
0 0 4019648
0 0 4019653
0 0 4019657
0 0 4019661
0 0 4019666
0 0 4019670
0 0 4019674
0 0 4019679
0 0 4019683
0 0 4019687
0 0 4019692
0 0 4019696
0 0 4019700
0 0 4019705
0 0 4019709
0 0 4019713
0 1 4019718
0 0 4019722
5 7 4019726
12 7 4019731
5 7 4019735
11 10 4019739
14 13 4019744
15 16 4019748
#TRIGGER ON
21 22 4019752
23 20 4019755
23 22 4019758
25 23 4019761
29 28 4019764
28 25 4019767
29 30 4019770
28 31 4019773
33 33 4019776
35 37 4019779
36 38 4019782
40 39 4019785
37 41 4019788
44 44 4019791
44 46 4019794
43 44 4019797
47 46 4019799
50 46 4019802
50 47 4019805
51 49 4019808
55 53 4019811
51 49 4019814
57 55 4019817
59 57 4019820
58 56 4019823
65 62 4019826
62 61 4019830
71 61 4019832
65 69 4019835
70 66 4019838
68 70 4019841
67 71 4019844
72 72 4019847
77 76 4019850
75 78 4019853
77 80 4019856
80 79 4019859
82 83 4019863
83 80 4019865
87 86 4019868
89 85 4019871
87 91 4019874
88 84 4019877
90 88 4019880
92 97 4019883
91 98 4019886
95 94 4019889
97 98 4019892
99 101 4019896
103 97 4019898
103 98 4019901
108 104 4019904
105 105 4019907
104 105 4019910
108 106 4019913
111 109 4019916
107 114 4019919
108 113 4019922
114 112 4019925
114 116 4019929
116 111 4019931
123 120 4019934
121 124 4019937
124 121 4019940
126 126 4019943
124 122 4019946
131 124 4019949
126 129 4019952
129 127 4019955
132 129 4019958
130 132 4019962
140 127 4019964
135 133 4019967
140 135 4019970
139 139 4019973
140 141 4019976
140 136 4019979
145 145 4019982
141 146 4019985
150 146 4019988
146 151 4019991
153 146 4019995
149 148 4019999
154 151 4020002
155 152 4020005
156 154 4020008
154 153 4020011
157 160 4020014
158 161 4020017
162 162 4020020
157 161 4020023
164 168 4020026
164 164 4020029
166 168 4020032
166 170 4020035
170 169 4020038
169 174 4020041
173 172 4020044
174 177 4020047
179 175 4020050
180 177 4020053
178 174 4020056
180 180 4020059
184 181 4020062
185 180 4020065
190 187 4020068
187 184 4020071
181 188 4020074
190 190 4020077
192 189 4020080
189 191 4020083
192 193 4020086
193 193 4020089
198 197 4020092
196 199 4020095
197 200 4020098
201 202 4020101
199 202 4020104
200 201 4020107
202 211 4020110
203 204 4020113
206 211 4020116
209 201 4020119
206 205 4020122
213 214 4020125
215 213 4020128
215 214 4020131
216 220 4020134
217 213 4020137
215 224 4020140
224 222 4020143
219 220 4020146
220 221 4020149
222 226 4020152
221 222 4020155
225 231 4020158
228 227 4020161
226 221 4020164
227 232 4020167
229 230 4020170
232 240 4020173
236 234 4020176
233 237 4020179
239 236 4020182
241 234 4020185
238 237 4020188
241 243 4020191
241 242 4020194
242 244 4020197
243 248 4020200
244 248 4020203
247 250 4020206
249 251 4020209
252 251 4020212
252 249 4020215
251 254 4020218
252 251 4020221
254 255 4020224
258 258 4020227
258 259 4020230
257 264 4020233
259 260 4020236
258 264 4020239
260 266 4020242
262 266 4020245
264 266 4020248
265 267 4020251
270 269 4020254
265 269 4020257
272 272 4020260
271 272 4020263
273 275 4020266
275 274 4020269
273 282 4020272
277 281 4020275
276 281 4020278
280 282 4020281
282 282 4020284
278 284 4020287
286 288 4020290
287 284 4020293
284 291 4020296
288 291 4020299
288 287 4020302
289 289 4020305
289 293 4020308
292 295 4020311
293 296 4020314
292 295 4020317
293 296 4020320
298 296 4020323
299 296 4020326
299 300 4020329
301 302 4020332
304 302 4020335
299 305 4020338
308 307 4020341
307 303 4020344
309 304 4020347
307 304 4020350
309 304 4020353
312 309 4020356
315 313 4020359
320 317 4020362
315 315 4020365
314 311 4020368
313 318 4020371
319 322 4020374
321 320 4020377
319 323 4020380
327 324 4020383
321 320 4020386
327 331 4020389
326 324 4020392
324 331 4020395
326 327 4020398
326 327 4020401
335 331 4020404
327 333 4020407
335 335 4020410
333 334 4020413
337 333 4020416
332 333 4020419
340 336 4020422
340 338 4020425
343 341 4020428
339 343 4020431
345 339 4020434
341 347 4020437
343 344 4020440
342 346 4020443
346 347 4020446
344 349 4020449
347 347 4020452
350 352 4020455
355 353 4020458
351 355 4020461
356 353 4020464
356 354 4020467
357 359 4020470
355 355 4020473
359 362 4020476
360 357 4020479
357 362 4020482
361 362 4020485
363 363 4020488
365 367 4020491
366 367 4020494
366 372 4020497
372 369 4020500
365 371 4020503
370 376 4020506
371 371 4020509
372 372 4020512
373 375 4020515
371 370 4020518
377 374 4020521
379 376 4020524
376 382 4020527
381 380 4020530
378 377 4020533
380 383 4020536
382 386 4020539
383 386 4020542
386 385 4020545
385 387 4020548
386 384 4020551
392 388 4020554
390 389 4020557
393 392 4020560
389 391 4020563
388 394 4020566
392 396 4020569
390 396 4020572
394 400 4020575
398 397 4020578
396 400 4020581
397 399 4020584
401 402 4020587
401 404 4020590
402 404 4020593
400 403 4020596
403 407 4020599
403 407 4020602
405 407 4020605
405 411 4020608
413 411 4020611
409 407 4020614
410 412 4020617
413 414 4020620
413 409 4020623
415 417 4020626
417 415 4020629
416 416 4020632
412 420 4020635
416 424 4020638
421 424 4020641
422 423 4020644
422 425 4020647
421 424 4020650
424 427 4020653
428 422 4020656
424 425 4020659
429 427 4020662
429 426 4020665
429 431 4020668
434 430 4020671
429 435 4020674
432 434 4020677
432 433 4020680
431 435 4020683
438 436 4020686
434 437 4020689
438 438 4020692
439 439 4020695
439 436 4020698
440 439 4020701
442 445 4020704
442 443 4020707
446 447 4020710
446 448 4020713
442 444 4020716
451 449 4020719
452 450 4020722
448 450 4020725
451 451 4020728
454 447 4020731
449 454 4020734
456 452 4020737
453 459 4020740
460 458 4020743
456 459 4020746
458 455 4020749
461 462 4020752
460 457 4020755
462 465 4020758
463 460 4020761
463 463 4020764
462 465 4020767
467 465 4020770
467 466 4020773
467 466 4020776
468 463 4020779
469 467 4020782
474 472 4020785
469 472 4020788
471 474 4020791
475 474 4020794
470 469 4020797
474 474 4020800
476 477 4020803
475 479 4020806
479 474 4020809
479 483 4020812
479 477 4020815
481 483 4020818
483 484 4020821
484 484 4020824
483 487 4020827
482 482 4020830
483 492 4020833
489 485 4020836
486 489 4020839
493 491 4020842
490 488 4020845
487 491 4020848
494 492 4020851
493 496 4020854
493 499 4020857
494 497 4020860
493 499 4020863
495 495 4020866
496 499 4020869
499 498 4020872
499 498 4020875
501 499 4020878
502 498 4020881
506 502 4020884
504 504 4020887
507 510 4020890
507 506 4020893
506 502 4020896
503 511 4020899
507 507 4020902
506 511 4020905
511 513 4020908
514 511 4020911
512 510 4020914
516 515 4020917
513 514 4020920
515 519 4020923
517 515 4020926
512 516 4020929
517 526 4020932
518 520 4020935
519 520 4020938
524 522 4020941
522 518 4020944
517 518 4020947
527 524 4020950
526 525 4020953
528 527 4020956
528 527 4020959
530 526 4020962
528 531 4020965
528 528 4020968
530 529 4020971
531 530 4020974
532 532 4020977
530 533 4020980
532 540 4020983
536 534 4020986
535 543 4020989
539 540 4020992
535 538 4020995
535 541 4020999
536 533 4021002
539 540 4021005
540 541 4021008
539 545 4021011
545 548 4021014
544 547 4021017
545 546 4021020
546 547 4021023
545 550 4021026
545 547 4021029
545 548 4021032
548 547 4021034
550 550 4021037
555 557 4021040
552 549 4021043
551 559 4021046
554 555 4021049
551 556 4021052
556 561 4021055
556 558 4021058
558 563 4021061
558 558 4021064
557 563 4021067
562 560 4021070
561 560 4021073
562 558 4021076
565 560 4021079
561 563 4021082
565 568 4021085
569 567 4021088
567 561 4021091
566 567 4021094
574 574 4021097
568 568 4021100
570 572 4021103
570 567 4021106
572 573 4021109
574 575 4021112
571 575 4021115
575 576 4021118
576 579 4021121
575 577 4021124
575 582 4021127
575 577 4021130
576 581 4021133
578 579 4021136
579 581 4021139
581 578 4021142
579 582 4021145
588 586 4021148
585 582 4021151
583 584 4021154
588 583 4021157
586 589 4021160
589 588 4021163
588 590 4021166
591 591 4021169
591 593 4021172
588 588 4021175
589 594 4021178
595 594 4021181
592 595 4021184
595 597 4021187
596 591 4021190
593 601 4021193
598 600 4021196
599 599 4021199
596 599 4021202
601 601 4021205
601 596 4021208
601 601 4021211
605 602 4021214
603 603 4021217
605 607 4021220
604 602 4021223
601 612 4021226
604 605 4021229
604 610 4021232
607 606 4021235
606 608 4021238
609 608 4021241
611 611 4021244
608 610 4021247
609 613 4021250
614 611 4021253
616 613 4021256
612 617 4021259
613 612 4021262
617 618 4021265
620 617 4021268
619 612 4021271
619 616 4021274
621 620 4021277
622 618 4021280
619 620 4021283
624 622 4021286
621 619 4021289
621 625 4021292
621 630 4021295
622 629 4021298
625 626 4021301
628 627 4021304
627 627 4021307
631 626 4021310
629 628 4021313
634 629 4021316
628 625 4021319
630 631 4021322
631 638 4021325
635 633 4021328
632 638 4021331
635 638 4021334
635 633 4021337
632 634 4021340
635 638 4021343
635 636 4021346
636 637 4021349
636 645 4021352
637 639 4021355
638 647 4021358
641 641 4021361
639 644 4021364
645 639 4021367
638 638 4021370
641 643 4021373
647 646 4021376
647 643 4021379
647 646 4021382
652 651 4021385
651 645 4021388
645 649 4021391
652 651 4021394
652 650 4021397
649 650 4021400
651 651 4021403
653 649 4021406
654 654 4021409
653 655 4021412
656 655 4021415
654 651 4021418
655 657 4021421
655 660 4021424
655 660 4021427
657 658 4021430
661 662 4021433
660 662 4021436
658 662 4021439
660 664 4021442
660 664 4021445
664 665 4021448
664 665 4021451
663 665 4021454
662 670 4021457
669 668 4021460
668 668 4021463
667 670 4021466
668 667 4021469
665 667 4021472
673 672 4021475
668 667 4021478
671 672 4021481
676 673 4021484
671 671 4021487
672 677 4021490
679 677 4021493
673 673 4021496
675 677 4021499
678 677 4021502
677 677 4021505
677 680 4021508
676 682 4021511
681 684 4021514
682 680 4021517
678 680 4021520
681 686 4021523
688 680 4021526
683 682 4021529
682 682 4021532
689 686 4021535
686 683 4021538
685 688 4021541
689 688 4021544
685 688 4021547
686 692 4021550
685 686 4021553
689 692 4021556
690 687 4021559
688 692 4021562
694 694 4021565
695 695 4021568
691 690 4021571
693 698 4021574
698 696 4021577
695 697 4021580
692 698 4021583
695 697 4021586
694 698 4021589
699 701 4021592
695 699 4021595
697 697 4021598
698 703 4021601
702 700 4021604
699 700 4021607
704 704 4021610
707 706 4021613
703 706 4021616
701 702 4021619
702 708 4021622
710 707 4021625
708 708 4021628
710 709 4021631
709 701 4021634
708 708 4021637
711 707 4021640
713 710 4021643
711 713 4021646
713 711 4021649
711 709 4021652
713 719 4021655
715 716 4021658
712 712 4021661
712 716 4021664
714 720 4021667
716 712 4021670
716 718 4021673
717 716 4021676
718 713 4021679
717 721 4021682
722 722 4021685
720 720 4021688
715 716 4021691
717 713 4021694
714 713 4021697
714 712 4021700
713 713 4021703
714 710 4021706
713 708 4021709
710 707 4021712
707 707 4021715
708 705 4021718
705 706 4021721
705 701 4021724
702 705 4021727
706 700 4021730
703 700 4021733
698 698 4021736
699 702 4021739
699 696 4021742
694 694 4021745
694 695 4021748
692 690 4021751
690 697 4021754
694 697 4021757
693 688 4021760
691 688 4021763
688 688 4021766
687 690 4021769
687 686 4021772
686 683 4021775
685 686 4021778
682 684 4021781
683 682 4021784
682 684 4021787
681 677 4021790
678 679 4021793
683 679 4021796
680 674 4021799
676 673 4021802
678 673 4021805
675 675 4021808
675 672 4021811
671 670 4021814
670 669 4021817
668 674 4021820
670 672 4021823
665 670 4021826
665 665 4021829
666 665 4021832
666 662 4021835
664 665 4021838
666 659 4021841
660 661 4021844
664 661 4021847
658 653 4021850
658 664 4021853
662 658 4021856
656 653 4021859
656 657 4021862
659 654 4021865
651 652 4021868
653 654 4021871
651 653 4021874
651 652 4021877
647 654 4021880
651 646 4021883
645 647 4021886
649 648 4021889
650 640 4021892
645 644 4021895
645 644 4021898
643 638 4021901
646 645 4021904
647 643 4021907
643 638 4021910
639 643 4021913
642 636 4021916
635 635 4021919
637 640 4021922
634 637 4021925
633 634 4021928
633 632 4021931
631 633 4021934
633 631 4021937
633 633 4021940
632 633 4021943
632 629 4021946
628 628 4021949
628 630 4021952
629 627 4021955
629 624 4021958
627 626 4021961
626 620 4021964
617 620 4021967
622 624 4021970
622 619 4021973
619 621 4021976
618 621 4021979
620 621 4021982
618 621 4021985
619 620 4021988
616 615 4021991
612 615 4021994
613 613 4021997
611 616 4022001
611 615 4022004
614 618 4022007
604 615 4022010
607 611 4022013
608 612 4022016
601 610 4022020
607 604 4022022
608 613 4022025
604 601 4022028
603 604 4022031
605 604 4022034
602 605 4022037
602 601 4022040
601 601 4022043
600 601 4022046
599 598 4022049
598 598 4022053
599 597 4022055
596 600 4022058
596 595 4022061
593 598 4022064
592 594 4022067
591 594 4022070
591 593 4022073
595 593 4022076
590 593 4022079
590 592 4022082
588 588 4022086
592 586 4022088
588 586 4022091
590 589 4022094
584 584 4022097
588 583 4022100
583 584 4022103
583 583 4022106
581 588 4022109
584 584 4022112
580 582 4022115
577 581 4022119
578 575 4022121
577 577 4022124
578 576 4022127
576 577 4022130
574 577 4022133
572 575 4022136
572 574 4022139
574 574 4022142
571 574 4022145
572 570 4022148
571 572 4022152
572 570 4022154
571 566 4022157
570 570 4022160
566 569 4022163
567 565 4022166
566 566 4022169
561 569 4022172
564 564 4022175
568 566 4022178
563 562 4022181
561 562 4022185
560 559 4022187
560 562 4022190
561 559 4022193
556 561 4022196
555 557 4022199
556 555 4022202
557 559 4022205
558 557 4022208
558 558 4022211
553 553 4022214
554 554 4022218
556 550 4022220
552 550 4022223
553 552 4022226
549 546 4022229
549 548 4022232
549 548 4022235
545 547 4022238
546 550 4022241
545 552 4022244
546 546 4022247
543 544 4022251
546 544 4022253
546 546 4022256
543 546 4022259
540 545 4022262
540 542 4022265
538 541 4022268
542 543 4022271
537 541 4022274
539 542 4022277
535 541 4022280
532 536 4022284
535 532 4022286
538 533 4022289
537 532 4022292
532 532 4022295
535 533 4022298
531 533 4022301
534 532 4022304
530 532 4022307
528 530 4022310
532 531 4022313
529 530 4022317
529 524 4022319
526 529 4022322
529 525 4022325
526 526 4022328
523 526 4022331
523 519 4022334
526 527 4022337
522 524 4022340
517 523 4022343
521 522 4022346
520 525 4022350
518 515 4022352
523 517 4022355
520 519 4022358
517 516 4022361
516 516 4022364
514 519 4022367
515 515 4022370
514 518 4022373
514 519 4022376
512 516 4022379
510 513 4022383
512 511 4022385
509 511 4022388
510 508 4022391
510 512 4022394
509 511 4022397
507 508 4022400
506 508 4022403
507 506 4022406
504 507 4022409
510 506 4022412
504 505 4022416
505 505 4022418
504 507 4022421
503 504 4022424
498 504 4022427
499 502 4022430
498 500 4022433
500 501 4022436
498 499 4022439
504 502 4022442
501 497 4022445
497 499 4022449
498 492 4022451
496 499 4022454
494 494 4022457
493 490 4022460
495 495 4022463
489 490 4022466
495 492 4022469
492 493 4022472
491 488 4022475
491 490 4022478
485 487 4022482
491 485 4022484
490 489 4022487
487 488 4022490
486 491 4022493
485 488 4022496
486 486 4022499
485 490 4022502
483 484 4022505
483 487 4022508
482 486 4022511
480 484 4022515
483 476 4022517
482 481 4022520
485 481 4022523
478 479 4022526
479 476 4022529
477 477 4022532
478 479 4022535
479 478 4022538
476 478 4022541
475 473 4022544
473 476 4022548
476 471 4022550
475 475 4022553
474 471 4022556
474 472 4022559
468 471 4022562
473 470 4022565
473 473 4022568
471 474 4022571
471 472 4022574
469 467 4022577
464 465 4022581
471 462 4022583
464 465 4022586
468 465 4022589
468 466 4022592
462 467 4022595
462 461 4022598
464 463 4022601
464 468 4022604
461 465 4022607
465 463 4022610
458 463 4022614
458 457 4022616
461 462 4022619
459 458 4022622
458 464 4022625
456 460 4022628
452 453 4022631
455 457 4022634
455 462 4022637
456 457 4022640
454 455 4022643
455 458 4022647
453 453 4022649
451 449 4022652
455 453 4022655
446 453 4022658
451 448 4022661
451 450 4022664
448 455 4022667
449 448 4022670
450 454 4022673
446 449 4022676
444 446 4022680
447 445 4022682
447 447 4022685
443 443 4022688
443 448 4022691
443 447 4022694
442 439 4022697
445 442 4022700
439 443 4022703
443 441 4022706
444 442 4022709
442 439 4022713
443 437 4022715
440 440 4022718
444 439 4022721
440 439 4022724
435 439 4022727
435 435 4022730
439 438 4022733
434 438 4022736
433 435 4022739
437 435 4022742
432 433 4022746
434 427 4022748
435 432 4022751
433 431 4022754
430 430 4022757
429 429 4022760
428 429 4022763
431 427 4022766
430 428 4022769
433 430 4022772
431 430 4022775
424 423 4022779
433 421 4022781
427 425 4022784
426 421 4022787
426 427 4022790
424 425 4022793
424 421 4022796
425 426 4022799
424 422 4022802
423 425 4022805
421 421 4022808
421 421 4022812
422 416 4022814
419 419 4022817
419 417 4022820
422 421 4022823
419 419 4022826
415 417 4022829
418 413 4022832
419 416 4022835
418 420 4022838
414 416 4022841
414 415 4022845
414 410 4022847
413 411 4022850
419 413 4022853
411 417 4022856
411 413 4022859
408 412 4022862
410 414 4022865
408 413 4022868
412 411 4022871
410 415 4022874
401 407 4022878
409 405 4022880
407 409 4022883
403 405 4022886
405 405 4022889
403 403 4022892
402 404 4022895
407 408 4022898
401 408 4022901
401 405 4022904
400 405 4022907
402 406 4022911
403 400 4022913
399 402 4022916
400 399 4022919
399 399 4022922
398 398 4022925
396 396 4022928
403 402 4022931
398 400 4022934
398 398 4022937
397 396 4022940
395 398 4022944
396 393 4022946
394 395 4022949
394 396 4022952
393 395 4022955
394 391 4022958
393 392 4022961
392 392 4022964
391 388 4022967
393 393 4022970
392 388 4022973
392 390 4022977
394 384 4022979
394 392 4022982
388 390 4022985
383 385 4022988
388 388 4022991
385 386 4022994
383 388 4022999
385 387 4023002
385 384 4023005
386 387 4023008
383 381 4023011
387 384 4023014
383 381 4023017
384 384 4023020
384 381 4023023
379 379 4023026
378 387 4023029
383 386 4023032
382 379 4023035
376 379 4023038
376 378 4023041
376 377 4023044
378 378 4023047
377 377 4023050
380 379 4023053
378 379 4023056
378 374 4023059
372 380 4023062
373 374 4023065
374 377 4023068
376 373 4023071
372 369 4023074
369 369 4023077
374 374 4023080
373 371 4023083
367 371 4023086
373 373 4023089
373 370 4023092
367 368 4023095
370 366 4023098
368 369 4023101
370 367 4023104
367 369 4023107
365 369 4023110
369 369 4023113
363 361 4023116
367 364 4023119
365 365 4023122
364 360 4023125
361 369 4023128
364 369 4023131
363 365 4023134
363 365 4023137
365 361 4023140
359 362 4023143
363 360 4023146
359 354 4023149
360 361 4023152
366 360 4023155
357 354 4023158
357 363 4023161
360 360 4023164
355 356 4023167
357 357 4023170
358 356 4023173
353 352 4023176
357 357 4023179
355 354 4023182
356 361 4023185
354 353 4023188
354 353 4023191
354 361 4023194
354 352 4023197
351 350 4023200
352 351 4023203
353 349 4023206
350 348 4023209
352 351 4023212
351 352 4023215
351 351 4023218
351 351 4023221
348 346 4023224
345 347 4023227
348 348 4023230
344 344 4023233
345 348 4023236
350 349 4023239
342 345 4023242
347 345 4023245
346 344 4023248
346 347 4023251
342 346 4023254
342 341 4023257
339 347 4023260
342 342 4023263
342 343 4023266
345 339 4023269
342 339 4023272
338 336 4023275
341 341 4023278
343 338 4023281
341 335 4023284
338 340 4023287
340 337 4023290
337 335 4023293
335 334 4023296
339 339 4023299
337 337 4023302
335 334 4023305
336 332 4023308
336 337 4023311
338 333 4023314
334 337 4023317
332 335 4023320
333 337 4023323
330 339 4023326
329 331 4023329
330 334 4023332
333 335 4023335
328 331 4023338
328 328 4023341
331 327 4023344
332 330 4023347
331 326 4023350
327 329 4023353
329 329 4023356
327 330 4023359
326 324 4023362
324 327 4023365
326 327 4023368
327 325 4023371
321 319 4023374
326 325 4023377
325 324 4023380
326 326 4023383
324 328 4023386
323 322 4023389
322 325 4023392
322 324 4023395
322 324 4023398
320 321 4023401
318 319 4023404
320 318 4023407
321 325 4023410
325 321 4023413
321 318 4023416
318 320 4023419
315 316 4023422
317 320 4023425
317 319 4023428
319 317 4023431
316 318 4023434
316 314 4023437
315 316 4023440
317 318 4023443
313 311 4023446
312 318 4023449
313 315 4023452
316 314 4023455
312 318 4023458
311 313 4023461
311 312 4023464
311 310 4023467
313 311 4023470
312 305 4023473
310 307 4023476
310 308 4023479
313 312 4023482
311 311 4023485
313 308 4023488
307 311 4023491
310 311 4023494
306 306 4023497
310 310 4023500
307 302 4023503
299 302 4023506
304 310 4023509
306 306 4023512
303 308 4023515
303 305 4023518
304 302 4023521
303 304 4023524
301 303 4023527
301 304 4023530
300 299 4023533
302 302 4023536
301 299 4023539
305 305 4023542
301 298 4023545
301 303 4023548
301 301 4023551
298 298 4023554
297 299 4023557
300 302 4023560
298 296 4023563
295 297 4023566
302 299 4023569
299 295 4023572
297 297 4023575
297 293 4023578
297 298 4023581
298 294 4023584
295 289 4023587
293 298 4023590
296 294 4023593
295 295 4023596
293 293 4023599
293 294 4023602
291 289 4023605
291 294 4023608
292 291 4023611
292 295 4023614
294 294 4023617
288 290 4023620
289 293 4023623
291 287 4023626
288 288 4023629
291 291 4023632
290 282 4023635
288 285 4023638
292 291 4023641
291 283 4023644
287 286 4023647
287 289 4023650
289 286 4023653
284 286 4023656
287 286 4023659
287 286 4023662
286 285 4023665
282 282 4023668
283 285 4023671
283 283 4023674
283 282 4023677
282 282 4023680
282 285 4023683
281 280 4023686
278 283 4023689
280 286 4023692
284 285 4023695
278 277 4023698
279 278 4023701
279 275 4023704
278 279 4023707
277 278 4023710
280 279 4023713
283 279 4023716
278 275 4023719
274 280 4023722
278 277 4023725
278 277 4023728
278 272 4023731
276 276 4023734
276 273 4023737
277 272 4023740
279 274 4023743
276 274 4023746
274 273 4023749
272 273 4023752
272 276 4023755
276 277 4023758
274 272 4023761
270 272 4023764
272 272 4023767
270 268 4023770
269 273 4023773
270 271 4023776
271 269 4023779
267 271 4023782
272 270 4023785
265 269 4023788
268 268 4023791
270 269 4023794
268 262 4023797
265 264 4023800
268 264 4023803
269 267 4023806
268 264 4023809
268 264 4023812
265 266 4023815
263 263 4023818
260 266 4023821
264 266 4023824
262 263 4023827
263 267 4023830
264 261 4023833
262 260 4023836
265 262 4023839
263 261 4023842
264 261 4023845
263 262 4023848
264 258 4023851
260 261 4023854
262 258 4023857
259 260 4023860
262 262 4023863
260 259 4023866
258 257 4023869
258 257 4023872
257 258 4023875
258 264 4023878
259 259 4023881
258 257 4023884
253 258 4023887
256 257 4023890
252 260 4023893
258 256 4023896
255 252 4023899
253 253 4023902
256 255 4023905
255 255 4023908
254 254 4023911
252 258 4023914
251 251 4023917
251 255 4023920
253 258 4023923
252 255 4023926
251 252 4023929
248 252 4023932
250 250 4023935
252 252 4023938
250 251 4023941
253 251 4023944
249 249 4023947
248 251 4023950
247 253 4023953
251 249 4023956
245 246 4023959
250 246 4023962
249 245 4023965
243 249 4023968
247 249 4023971
245 247 4023974
247 251 4023977
247 246 4023980
245 246 4023983
243 247 4023986
242 242 4023989
243 248 4023992
243 245 4023995
243 243 4023999
243 248 4024002
243 241 4024005
244 243 4024008
244 247 4024011
240 240 4024014
243 237 4024017
242 242 4024020
241 241 4024023
245 238 4024026
241 238 4024029
241 240 4024032
240 233 4024035
241 239 4024037
242 239 4024040
241 234 4024043
237 240 4024046
240 238 4024049
240 236 4024052
236 240 4024055
238 233 4024058
235 242 4024061
235 239 4024064
236 240 4024067
238 238 4024070
238 238 4024073
232 233 4024076
237 238 4024079
232 240 4024082
231 236 4024085
232 235 4024088
231 233 4024091
236 236 4024094
234 228 4024097
231 236 4024100
236 233 4024103
232 231 4024106
234 234 4024109
234 228 4024112
229 234 4024115
233 229 4024118
228 228 4024121
229 229 4024124
231 229 4024127
228 227 4024130
228 231 4024133
228 228 4024136
229 234 4024139
229 231 4024142
227 225 4024145
224 229 4024148
226 231 4024151
231 229 4024154
228 224 4024157
226 225 4024160
224 224 4024163
228 226 4024166
223 223 4024169
225 229 4024172
230 230 4024175
222 223 4024178
221 228 4024181
227 228 4024184
224 227 4024187
223 221 4024190
219 223 4024193
222 225 4024196
222 220 4024199
218 223 4024202
227 225 4024205
221 219 4024208
217 219 4024211
216 223 4024214
219 222 4024217
218 222 4024220
216 222 4024223
222 221 4024226
217 216 4024229
218 215 4024232
222 219 4024235
218 222 4024238
214 214 4024241
216 217 4024244
216 220 4024247
217 218 4024250
214 216 4024253
217 213 4024256
220 215 4024259
213 216 4024262
217 215 4024265
219 212 4024268
214 213 4024271
215 215 4024274
212 207 4024277
210 215 4024280
218 213 4024283
215 216 4024286
215 213 4024289
212 211 4024292
212 211 4024295
215 209 4024298
212 206 4024301
214 212 4024304
210 214 4024307
211 207 4024310
206 210 4024313
210 212 4024316
211 213 4024319
210 211 4024322
211 209 4024325
208 207 4024328
207 212 4024331
206 207 4024334
209 212 4024337
209 206 4024340
207 206 4024343
202 211 4024346
207 208 4024349
207 213 4024352
206 207 4024355
205 202 4024358
205 204 4024361
208 200 4024364
206 204 4024367
206 207 4024370
205 204 4024373
202 204 4024376
203 209 4024379
200 207 4024382
200 207 4024385
203 202 4024388
198 203 4024391
201 200 4024394
198 207 4024397
199 203 4024400
204 201 4024403
199 201 4024406
202 201 4024409
201 203 4024412
201 200 4024415
197 196 4024418
200 199 4024421
200 199 4024424
199 195 4024427
200 198 4024430
203 201 4024433
200 197 4024436
198 201 4024439
199 198 4024442
197 201 4024445
196 196 4024448
197 199 4024451
198 197 4024454
196 192 4024457
195 191 4024460
199 196 4024463
198 195 4024466
195 197 4024469
198 193 4024472
193 192 4024475
192 196 4024478
196 197 4024481
190 196 4024484
191 193 4024487
195 195 4024490
190 190 4024493
191 191 4024496
194 193 4024499
196 196 4024502
190 192 4024505
190 193 4024508
191 195 4024511
191 193 4024514
191 194 4024517
194 189 4024520
190 188 4024523
190 190 4024526
191 195 4024529
189 187 4024532
188 193 4024535
192 192 4024538
189 190 4024541
187 192 4024544
193 192 4024547
191 186 4024550
187 186 4024553
189 183 4024556
187 187 4024559
191 185 4024562
184 187 4024565
191 188 4024568
185 191 4024571
184 186 4024574
184 189 4024577
184 187 4024580
188 188 4024583
183 183 4024586
183 186 4024589
184 182 4024592
186 184 4024595
182 185 4024598
187 185 4024601
184 185 4024604
182 179 4024607
179 184 4024610
185 181 4024613
180 182 4024616
183 184 4024619
183 182 4024622
180 179 4024625
182 183 4024628
178 182 4024631
184 186 4024634
179 183 4024637
181 177 4024640
178 183 4024643
183 185 4024646
181 180 4024649
177 178 4024652
179 178 4024655
177 179 4024658
179 181 4024661
176 179 4024664
178 178 4024667
179 176 4024670
176 176 4024673
180 178 4024676
178 179 4024679
176 174 4024682
177 174 4024685
179 178 4024688
174 174 4024691
177 175 4024694
175 177 4024697
180 178 4024700
173 173 4024703
175 177 4024706
171 178 4024709
172 177 4024712
174 172 4024715
175 180 4024718
179 174 4024721
172 168 4024724
176 173 4024727
174 174 4024730
174 172 4024733
172 173 4024736
175 169 4024739
171 175 4024742
173 174 4024745
173 171 4024748
169 171 4024751
170 167 4024754
170 170 4024757
173 172 4024760
170 169 4024763
169 174 4024766
169 171 4024769
169 171 4024772
169 172 4024775
166 171 4024778
168 171 4024781
170 167 4024784
171 167 4024787
166 164 4024790
171 170 4024793
168 165 4024796
168 169 4024799
168 170 4024802
163 164 4024805
163 166 4024808
168 169 4024811
163 167 4024814
163 167 4024817
168 164 4024820
164 163 4024823
164 165 4024826
167 162 4024829
167 164 4024832
164 166 4024835
165 162 4024838
163 169 4024841
165 167 4024844
162 165 4024847
163 162 4024850
160 161 4024853
160 163 4024856
163 161 4024859
161 159 4024862
167 164 4024865
162 165 4024868
162 161 4024871
160 160 4024874
162 165 4024877
162 160 4024880
157 164 4024883
160 161 4024886
158 162 4024889
160 163 4024892
158 160 4024895
158 160 4024898
158 161 4024901
158 158 4024904
156 163 4024907
158 159 4024910
158 164 4024913
157 156 4024916
157 155 4024919
156 153 4024922
155 160 4024925
162 153 4024928
160 156 4024931
158 158 4024934
157 158 4024937
158 157 4024940
155 156 4024943
156 158 4024946
155 161 4024949
158 153 4024952
151 152 4024955
157 159 4024958
153 155 4024961
160 156 4024964
154 154 4024967
156 156 4024970
151 158 4024973
153 156 4024976
153 153 4024979
155 150 4024982
155 150 4024985
150 149 4024988
151 150 4024991
153 152 4024994
156 152 4024999
151 152 4025002
151 152 4025005
152 150 4025008
153 153 4025011
150 151 4025014
153 156 4025017
149 152 4025020
151 151 4025023
150 153 4025026
148 150 4025029
149 147 4025032
153 149 4025035
146 148 4025038
149 149 4025040
150 151 4025043
149 148 4025046
145 146 4025049
150 149 4025052
148 150 4025055
151 145 4025058
147 149 4025061
146 144 4025065
149 143 4025067
147 145 4025070
145 143 4025073
149 148 4025076
148 147 4025079
147 146 4025082
147 145 4025085
143 146 4025088
145 146 4025091
145 147 4025094
140 146 4025098
145 137 4025100
145 142 4025103
143 143 4025106
142 143 4025109
143 148 4025112
139 140 4025115
143 144 4025118
145 146 4025121
146 144 4025124
141 143 4025127
139 142 4025131
143 140 4025133
144 144 4025136
140 142 4025139
140 140 4025142
140 142 4025145
143 142 4025148
139 141 4025151
141 142 4025154
142 144 4025157
142 141 4025160
138 142 4025164
139 136 4025166
139 140 4025169
135 140 4025172
137 137 4025175
140 141 4025178
137 139 4025181
138 142 4025184
142 143 4025187
139 138 4025190
140 140 4025193
134 135 4025197
141 136 4025199
138 137 4025202
138 139 4025205
136 133 4025208
138 138 4025211
135 136 4025214
138 139 4025217
133 135 4025220
138 140 4025223
133 136 4025226
136 130 4025230
136 132 4025232
135 133 4025235
134 134 4025238
135 137 4025241
136 138 4025244
135 132 4025247
134 135 4025250
134 134 4025253
134 134 4025256
131 133 4025259
132 137 4025263
134 126 4025265
132 132 4025268
136 135 4025271
131 135 4025274
131 129 4025277
136 134 4025280
132 136 4025283
131 133 4025286
133 134 4025289
131 133 4025292
130 131 4025296
131 127 4025298
130 131 4025301
135 130 4025304
129 136 4025307
131 130 4025310
131 133 4025313
131 132 4025316
130 128 4025319
130 130 4025322
133 126 4025325
132 131 4025329
133 128 4025331
129 127 4025334
128 127 4025337
131 131 4025340
127 128 4025343
124 124 4025346
128 132 4025349
128 131 4025352
130 133 4025355
125 127 4025358
126 127 4025362
129 123 4025364
128 130 4025367
127 124 4025370
127 122 4025373
127 128 4025376
128 127 4025379
126 129 4025382
125 125 4025385
125 127 4025388
124 126 4025391
125 126 4025395
129 122 4025397
127 128 4025400
125 122 4025403
122 126 4025406
120 124 4025409
122 118 4025412
127 121 4025415
127 127 4025418
124 129 4025421
125 125 4025424
121 124 4025428
123 117 4025430
124 128 4025433
123 122 4025436
123 125 4025439
124 123 4025442
121 122 4025445
123 125 4025448
122 122 4025451
122 121 4025454
124 120 4025457
116 123 4025461
121 117 4025463
120 117 4025466
122 121 4025469
125 125 4025472
122 123 4025475
119 118 4025478
122 117 4025481
120 120 4025484
120 122 4025487
120 121 4025490
114 120 4025494
120 115 4025496
121 121 4025499
119 119 4025502
119 124 4025505
119 119 4025508
118 115 4025511
121 122 4025514
118 115 4025517
119 119 4025520
120 119 4025523
115 118 4025527
117 114 4025529
117 117 4025532
117 117 4025535
118 118 4025538
114 118 4025541
115 116 4025544
122 121 4025547
117 119 4025550
120 121 4025553
114 120 4025556
115 110 4025560
119 112 4025562
119 117 4025565
116 115 4025568
112 116 4025571
116 118 4025574
114 116 4025577
115 119 4025580
114 111 4025583
116 116 4025586
113 114 4025589
114 114 4025593
115 110 4025595
112 115 4025598
110 108 4025601
112 114 4025604
113 109 4025607
115 112 4025610
115 113 4025613
112 114 4025616
116 111 4025619
114 113 4025622
113 109 4025626
112 105 4025628
113 111 4025631
110 111 4025634
112 115 4025637
111 113 4025640
110 110 4025643
111 114 4025646
109 109 4025649
110 114 4025652
110 109 4025655
110 110 4025659
112 108 4025661
113 108 4025664
110 106 4025667
106 105 4025670
109 108 4025673
110 107 4025676
107 111 4025679
109 110 4025682
109 110 4025685
109 112 4025688
107 111 4025692
108 103 4025694
109 107 4025697
109 106 4025700
110 115 4025703
108 108 4025706
107 104 4025709
110 110 4025712
108 109 4025715
108 113 4025718
103 111 4025721
105 104 4025725
106 102 4025727
105 108 4025730
105 106 4025733
104 103 4025736
105 106 4025739
105 100 4025742
109 108 4025745
107 105 4025748
106 104 4025751
106 107 4025754
107 104 4025758
105 102 4025760
104 100 4025763
104 105 4025766
102 104 4025769
104 103 4025772
103 101 4025775
104 106 4025778
100 102 4025781
104 105 4025784
104 102 4025787
99 100 4025791
103 98 4025793
105 105 4025796
104 105 4025799
103 102 4025802
100 103 4025805
101 71 4025808
102 105 4025811
99 99 4025814
101 107 4025817
102 103 4025820
99 101 4025824
102 98 4025826
101 103 4025829
100 99 4025832
100 97 4025835
104 101 4025838
97 100 4025841
102 99 4025844
99 100 4025847
101 101 4025850
98 100 4025853
99 100 4025857
102 99 4025859
98 99 4025862
101 99 4025865
97 96 4025868
102 95 4025871
97 97 4025874
98 97 4025877
98 96 4025880
102 99 4025883
102 102 4025886
98 104 4025890
98 95 4025892
99 98 4025895
97 99 4025898
93 96 4025901
98 98 4025904
95 96 4025907
97 96 4025910
97 98 4025913
98 99 4025916
98 99 4025919
96 96 4025923
102 94 4025925
96 96 4025928
99 90 4025931
96 102 4025934
92 96 4025937
89 93 4025940
95 94 4025943
95 97 4025946
94 101 4025949
93 94 4025952
89 95 4025956
97 93 4025958
97 103 4025961
92 94 4025964
93 95 4025967
87 91 4025970
92 93 4025973
92 96 4025976
92 98 4025979
93 95 4025982
97 94 4025985
92 91 4025989
93 88 4025991
94 91 4025994
96 92 4025999
95 92 4026002
96 92 4026005
88 89 4026008
91 91 4026011
90 92 4026014
88 89 4026017
92 94 4026020
93 95 4026023
93 94 4026026
91 94 4026029
86 89 4026032
86 92 4026035
92 92 4026038
88 94 4026041
93 88 4026044
89 92 4026047
88 88 4026050
91 93 4026053
91 89 4026056
89 90 4026059
87 94 4026062
88 87 4026065
86 92 4026068
86 93 4026071
90 90 4026074
90 90 4026077
91 86 4026080
88 86 4026083
88 90 4026086
87 88 4026089
92 92 4026092
89 91 4026095
90 86 4026098
84 90 4026101
88 90 4026104
86 91 4026107
88 82 4026110
87 86 4026113
88 83 4026116
90 91 4026119
90 84 4026122
88 85 4026125
86 85 4026128
84 81 4026131
86 87 4026134
87 87 4026137
85 82 4026140
89 85 4026143
87 86 4026146
87 84 4026149
87 89 4026152
84 86 4026155
83 87 4026158
82 86 4026161
83 83 4026164
80 86 4026167
87 87 4026170
84 87 4026173
85 84 4026176
87 84 4026179
84 78 4026182
84 81 4026185
82 84 4026188
87 86 4026191
82 82 4026194
82 79 4026197
79 83 4026200
85 84 4026203
82 89 4026206
84 81 4026209
82 83 4026212
81 81 4026215
81 86 4026218
85 83 4026221
82 81 4026224
81 84 4026227
82 83 4026230
80 84 4026233
82 85 4026236
78 86 4026239
85 79 4026242
80 77 4026245
83 79 4026248
80 81 4026251
81 80 4026254
84 85 4026257
80 83 4026260
81 77 4026263
76 82 4026266
82 82 4026269
76 82 4026272
80 79 4026275
78 78 4026278
78 78 4026281
79 80 4026284
81 79 4026287
77 82 4026290
78 79 4026293
77 80 4026296
77 82 4026299
79 80 4026302
83 83 4026305
80 78 4026308
78 73 4026311
78 76 4026314
80 80 4026317
81 77 4026320
79 75 4026323
79 82 4026326
77 82 4026329
75 83 4026332
78 81 4026335
76 78 4026338
76 82 4026341
80 77 4026344
73 77 4026347
80 79 4026350
75 78 4026353
77 73 4026356
74 79 4026359
76 75 4026362
72 77 4026365
78 77 4026368
74 73 4026371
75 74 4026374
76 77 4026377
74 76 4026380
74 78 4026383
79 75 4026386
78 80 4026389
75 74 4026392
75 79 4026395
74 80 4026398
77 76 4026401
75 75 4026404
77 73 4026407
73 73 4026410
70 70 4026413
78 77 4026416
75 72 4026419
75 70 4026422
75 74 4026425
73 71 4026428
71 79 4026431
77 75 4026434
76 71 4026437
73 72 4026440
75 75 4026443
75 72 4026446
75 76 4026449
73 74 4026452
73 74 4026455
73 74 4026458
69 72 4026461
71 77 4026464
70 75 4026467
71 75 4026470
73 73 4026473
73 70 4026476
70 70 4026479
72 73 4026482
72 72 4026485
73 74 4026488
76 74 4026491
68 71 4026494
69 73 4026497
72 76 4026500
71 74 4026503
71 69 4026506
69 71 4026509
70 66 4026512
67 74 4026515
72 69 4026518
71 74 4026521
71 72 4026524
66 66 4026527
69 74 4026530
69 72 4026533
68 70 4026536
66 70 4026539
70 63 4026542
66 69 4026545
73 69 4026548
68 71 4026551
71 67 4026554
69 73 4026557
68 65 4026560
66 75 4026563
68 67 4026566
65 67 4026569
69 66 4026572
67 67 4026575
72 64 4026578
71 70 4026581
66 66 4026584
70 68 4026587
64 64 4026590
70 68 4026593
63 67 4026596
65 66 4026599
66 69 4026602
68 69 4026605
70 70 4026608
63 63 4026611
67 72 4026614
66 66 4026617
67 68 4026620
69 68 4026623
64 64 4026626
66 70 4026629
66 64 4026632
67 67 4026635
66 68 4026638
67 66 4026641
64 66 4026644
66 65 4026647
72 69 4026650
68 65 4026653
65 66 4026656
65 64 4026659
66 65 4026662
64 63 4026665
64 62 4026668
69 66 4026671
69 64 4026674
67 59 4026677
63 65 4026680
69 63 4026683
66 64 4026686
63 64 4026689
63 63 4026692
63 67 4026695
68 66 4026698
61 66 4026701
64 63 4026704
62 64 4026707
64 59 4026710
64 62 4026713
68 59 4026716
66 67 4026719
61 60 4026722
62 62 4026725
61 65 4026728
65 68 4026731
62 60 4026734
61 56 4026737
62 58 4026740
62 60 4026743
66 61 4026746
65 63 4026749
66 64 4026752
63 64 4026755
62 59 4026758
61 62 4026761
61 63 4026764
61 64 4026767
63 60 4026770
58 61 4026773
56 57 4026776
59 64 4026779
64 61 4026782
62 61 4026785
62 61 4026788
58 59 4026791
58 60 4026794
58 66 4026797
61 63 4026800
66 61 4026803
61 54 4026806
59 57 4026809
60 60 4026812
62 59 4026815
61 57 4026818
58 58 4026821
55 57 4026824
60 64 4026827
60 58 4026830
59 60 4026833
58 57 4026836
59 56 4026839
57 59 4026842
63 62 4026845
58 60 4026848
56 62 4026851
58 58 4026854
59 57 4026857
58 60 4026860
58 54 4026863
54 58 4026866
60 57 4026869
56 56 4026872
57 57 4026875
57 61 4026878
61 63 4026881
61 59 4026884
62 58 4026887
55 55 4026890
53 59 4026893
54 62 4026896
58 57 4026899
56 57 4026902
57 53 4026905
55 60 4026908
59 56 4026911
56 56 4026914
55 58 4026917
55 61 4026920
55 57 4026923
52 57 4026926
57 61 4026929
52 59 4026932
58 55 4026935
56 53 4026938
54 49 4026941
60 57 4026944
58 56 4026947
56 53 4026950
54 52 4026953
57 56 4026956
53 59 4026959
57 56 4026962
51 55 4026965
57 55 4026968
54 54 4026971
52 53 4026974
56 53 4026977
53 51 4026980
55 52 4026983
53 59 4026986
53 53 4026989
52 55 4026992
54 55 4026995
53 54 4026999
56 56 4027002
57 54 4027005
55 56 4027008
52 55 4027011
52 55 4027014
56 56 4027017
54 50 4027020
50 53 4027023
52 51 4027026
53 55 4027029
54 58 4027032
52 55 4027034
52 55 4027037
54 51 4027040
54 55 4027043
55 53 4027046
54 49 4027049
52 53 4027052
53 46 4027055
50 50 4027058
54 53 4027061
56 53 4027064
49 51 4027067
50 48 4027070
53 54 4027073
52 50 4027076
55 58 4027079
55 49 4027082
47 47 4027085
47 52 4027088
52 54 4027091
50 54 4027094
51 49 4027097
54 50 4027100
50 48 4027103
52 50 4027106
54 54 4027109
53 49 4027112
47 48 4027115
46 48 4027118
46 58 4027121
50 52 4027124
48 50 4027127
50 45 4027130
51 49 4027133
50 47 4027136
51 48 4027139
52 49 4027142
50 52 4027145
53 54 4027148
49 45 4027151
48 50 4027154
49 50 4027157
48 49 4027160
49 44 4027163
49 47 4027166
47 47 4027169
49 49 4027172
49 51 4027175
50 49 4027178
50 49 4027181
50 46 4027184
47 49 4027187
50 50 4027190
51 48 4027193
50 47 4027196
47 43 4027199
48 48 4027202
50 53 4027205
49 48 4027208
47 46 4027211
46 45 4027214
48 47 4027217
46 52 4027220
48 48 4027223
45 46 4027226
47 46 4027229
51 46 4027232
47 46 4027235
48 48 4027238
46 46 4027241
44 49 4027244
50 47 4027247
50 45 4027250
44 47 4027253
44 44 4027256
45 53 4027259
47 47 4027262
47 44 4027265
43 43 4027268
46 44 4027271
43 48 4027274
43 45 4027277
46 47 4027280
44 41 4027283
45 49 4027286
46 46 4027289
45 44 4027292
41 40 4027295
47 41 4027298
46 46 4027301
47 44 4027304
46 40 4027307
44 45 4027310
45 49 4027313
43 45 4027316
43 45 4027319
48 45 4027322
44 45 4027325
41 43 4027328
42 43 4027331
45 42 4027334
47 47 4027337
45 42 4027340
47 42 4027343
44 44 4027346
46 41 4027349
45 48 4027352
43 46 4027355
42 45 4027358
42 48 4027361
45 38 4027364
44 42 4027367
43 42 4027370
44 42 4027373
44 42 4027376
45 41 4027379
44 42 4027382
42 47 4027385
43 41 4027388
38 40 4027391
42 45 4027394
42 45 4027397
42 38 4027400
40 42 4027403
43 39 4027406
43 44 4027409
41 40 4027412
42 42 4027415
41 45 4027418
44 42 4027421
42 41 4027424
40 38 4027427
42 40 4027430
41 39 4027433
43 39 4027436
41 41 4027439
41 42 4027442
44 43 4027445
41 38 4027448
38 44 4027451
39 43 4027454
38 45 4027457
43 45 4027460
40 39 4027463
37 37 4027466
38 39 4027469
41 40 4027472
38 44 4027475
42 40 4027478
41 45 4027481
35 45 4027484
42 40 4027487
34 39 4027490
40 36 4027493
39 39 4027496
37 40 4027499
44 44 4027502
36 41 4027505
36 40 4027508
38 43 4027511
39 39 4027514
35 41 4027517
36 41 4027520
40 40 4027523
41 41 4027526
40 38 4027529
37 39 4027532
40 40 4027535
38 40 4027538
41 36 4027541
39 36 4027544
41 37 4027547
36 41 4027550
40 40 4027553
36 37 4027556
36 41 4027559
41 42 4027562
36 37 4027565
36 39 4027568
36 36 4027571
39 43 4027574
37 38 4027577
35 41 4027580
35 41 4027583
39 37 4027586
38 40 4027589
39 36 4027592
40 35 4027595
36 34 4027598
42 40 4027601
39 37 4027604
40 36 4027607
38 41 4027610
37 41 4027613
38 40 4027616
33 40 4027619
37 34 4027622
32 37 4027625
36 38 4027628
40 35 4027631
37 37 4027634
38 33 4027637
38 39 4027640
36 38 4027643
36 35 4027646
35 35 4027649
37 33 4027652
33 37 4027655
36 35 4027658
33 37 4027661
33 32 4027664
34 41 4027667
34 34 4027670
34 34 4027673
36 41 4027676
38 32 4027679
32 39 4027682
31 33 4027685
37 34 4027688
35 32 4027691
32 30 4027694
35 34 4027697
37 35 4027700
37 35 4027703
40 39 4027706
35 33 4027709
34 30 4027712
31 39 4027715
37 32 4027718
34 35 4027721
36 35 4027724
33 32 4027727
31 32 4027730
34 32 4027733
33 35 4027736
32 38 4027739
35 37 4027742
34 33 4027745
31 39 4027748
36 39 4027751
33 35 4027754
