0 0 2916902
0 0 2916907
0 0 2916911
0 0 2916915
0 0 2916920
0 0 2916924
0 0 2916928
0 0 2916933
0 0 2916937
0 0 2916941
0 0 2916946
0 0 2916950
0 0 2916954
0 0 2916959
0 0 2916963
0 0 2916967
0 0 2916972
0 0 2916976
0 0 2916980
0 0 2916985
0 0 2916989
0 0 2916993
0 0 2916999
0 0 2917003
0 0 2917008
0 0 2917012
0 0 2917016
0 0 2917021
0 0 2917025
0 0 2917029
0 0 2917034
0 0 2917038
0 0 2917042
0 0 2917047
0 0 2917051
0 0 2917055
0 0 2917060
0 0 2917064
0 0 2917068
0 0 2917073
0 0 2917077
0 0 2917081
0 0 2917086
0 0 2917090
0 0 2917094
0 0 2917099
0 0 2917103
0 0 2917107
0 0 2917112
0 0 2917116
0 0 2917120
0 0 2917125
0 0 2917129
0 0 2917133
0 0 2917138
0 0 2917142
0 0 2917146
0 0 2917151
0 0 2917155
0 0 2917159
0 0 2917164
0 0 2917168
0 0 2917172
0 0 2917177
0 0 2917181
0 0 2917185
0 0 2917190
0 0 2917194
0 0 2917198
0 0 2917203
0 0 2917207
0 0 2917211
0 0 2917216
0 0 2917220
0 0 2917224
0 0 2917229
0 0 2917233
0 0 2917237
0 0 2917242
0 0 2917246
0 0 2917250
0 0 2917255
0 0 2917259
0 0 2917263
0 0 2917268
0 0 2917272
0 0 2917276
0 0 2917281
0 0 2917285
0 0 2917289
0 0 2917294
0 0 2917298
0 0 2917302
0 0 2917307
0 0 2917311
0 0 2917315
0 0 2917320
0 0 2917324
0 0 2917328
0 0 2917333
0 0 2917337
0 0 2917341
0 0 2917346
0 0 2917350
0 0 2917354
0 0 2917359
0 0 2917363
0 0 2917367
0 0 2917372
0 0 2917376
0 0 2917380
0 0 2917385
0 0 2917389
0 0 2917393
0 0 2917398
0 0 2917402
0 0 2917406
0 0 2917411
0 0 2917415
0 0 2917419
0 0 2917424
0 0 2917428
0 0 2917432
0 0 2917437
0 0 2917441
0 0 2917445
0 0 2917450
0 0 2917454
0 0 2917458
0 0 2917463
0 0 2917467
0 0 2917471
0 0 2917476
0 0 2917480
0 0 2917484
0 0 2917489
0 0 2917493
0 0 2917497
0 0 2917502
0 0 2917506
0 0 2917510
0 0 2917515
0 0 2917519
0 0 2917523
0 0 2917528
0 0 2917532
0 0 2917536
0 0 2917541
0 0 2917545
0 0 2917549
0 0 2917554
0 0 2917558
0 0 2917562
0 0 2917567
0 0 2917571
0 0 2917575
0 0 2917580
0 0 2917584
0 0 2917588
0 0 2917593
0 0 2917597
0 0 2917601
0 0 2917606
0 0 2917610
0 0 2917614
0 0 2917619
0 0 2917623
0 0 2917627
0 0 2917632
0 0 2917636
0 0 2917640
0 0 2917645
0 0 2917649
0 0 2917653
0 0 2917658
0 0 2917662
0 0 2917666
0 0 2917671
0 0 2917675
0 0 2917679
0 0 2917684
0 0 2917688
0 0 2917692
0 0 2917697
0 0 2917701
0 0 2917706
0 0 2917710
0 0 2917714
0 0 2917719
0 0 2917723
0 0 2917727
0 0 2917732
0 0 2917736
0 0 2917741
0 0 2917745
0 0 2917749
0 0 2917754
0 0 2917758
0 0 2917763
0 0 2917767
0 0 2917771
0 0 2917776
0 0 2917780
0 0 2917784
0 0 2917789
0 0 2917793
0 0 2917798
0 0 2917802
0 0 2917806
0 0 2917811
0 0 2917815
0 0 2917819
0 0 2917824
0 0 2917828
0 0 2917833
0 0 2917837
0 0 2917841
0 0 2917846
0 0 2917850
0 0 2917855
0 0 2917859
0 0 2917863
0 0 2917868
0 0 2917872
0 0 2917876
0 0 2917881
0 0 2917885
0 0 2917890
0 0 2917894
0 0 2917898
0 0 2917903
0 0 2917907
0 0 2917911
0 0 2917916
0 0 2917920
0 0 2917925
0 0 2917929
0 0 2917933
0 0 2917938
0 0 2917942
0 0 2917947
0 0 2917951
0 0 2917955
0 0 2917960
0 0 2917964
0 0 2917968
0 0 2917973
0 0 2917977
0 0 2917982
0 0 2917986
0 0 2917990
0 0 2917995
0 0 2918000
0 0 2918005
0 0 2918009
0 0 2918013
0 0 2918018
0 0 2918022
0 0 2918027
0 0 2918031
0 0 2918035
0 0 2918040
0 0 2918044
0 0 2918048
0 0 2918053
0 0 2918057
0 0 2918062
0 0 2918066
0 0 2918070
0 0 2918075
0 0 2918079
0 0 2918084
0 0 2918088
0 0 2918092
0 0 2918097
0 0 2918101
0 0 2918105
0 0 2918110
0 0 2918114
0 0 2918119
0 0 2918123
0 0 2918127
0 0 2918132
0 0 2918136
0 0 2918140
0 0 2918145
0 0 2918149
0 0 2918154
0 0 2918158
0 0 2918162
0 0 2918167
0 0 2918171
0 0 2918176
0 0 2918180
0 0 2918184
0 0 2918189
0 0 2918193
0 0 2918197
0 0 2918202
0 0 2918206
0 0 2918211
0 0 2918215
0 0 2918219
0 0 2918224
0 0 2918228
0 0 2918232
0 0 2918237
0 0 2918241
0 0 2918246
0 0 2918250
0 0 2918254
0 0 2918259
0 0 2918263
0 0 2918268
0 0 2918272
0 0 2918276
0 0 2918281
0 0 2918285
0 0 2918289
0 0 2918294
0 0 2918298
0 0 2918303
0 0 2918307
0 0 2918311
0 0 2918316
0 0 2918320
0 0 2918324
0 0 2918329
0 0 2918333
0 0 2918338
0 0 2918342
0 0 2918346
0 0 2918351
0 0 2918355
0 0 2918359
0 0 2918364
0 0 2918368
0 0 2918372
0 0 2918377
0 0 2918381
0 0 2918385
0 0 2918390
0 0 2918394
0 0 2918398
0 0 2918403
0 0 2918407
0 0 2918411
0 0 2918416
0 0 2918420
0 0 2918424
0 0 2918429
0 0 2918433
0 0 2918437
0 0 2918442
0 0 2918446
0 0 2918450
0 0 2918455
0 0 2918459
0 0 2918463
0 0 2918468
0 0 2918472
0 0 2918476
0 0 2918481
0 0 2918485
0 0 2918489
0 0 2918494
0 0 2918498
0 0 2918502
0 0 2918507
0 0 2918511
0 0 2918515
0 0 2918520
0 0 2918524
0 0 2918528
0 0 2918533
0 0 2918537
0 0 2918541
0 0 2918546
0 0 2918550
0 0 2918554
0 0 2918559
0 0 2918563
0 0 2918567
0 0 2918572
0 0 2918576
0 0 2918580
0 0 2918585
0 0 2918589
0 0 2918593
0 0 2918598
0 0 2918602
0 0 2918606
0 0 2918611
0 0 2918615
0 0 2918619
0 0 2918624
0 0 2918628
0 0 2918632
0 0 2918637
0 0 2918641
0 0 2918645
0 0 2918650
0 0 2918654
0 0 2918658
0 0 2918663
0 0 2918667
0 0 2918671
0 0 2918676
0 0 2918680
0 0 2918684
0 0 2918689
0 0 2918693
0 0 2918697
0 0 2918702
0 0 2918706
0 0 2918710
0 0 2918715
0 0 2918719
0 0 2918723
0 0 2918728
0 0 2918732
0 0 2918736
0 0 2918741
0 0 2918745
0 0 2918749
0 0 2918754
0 0 2918758
0 0 2918762
0 0 2918767
0 0 2918771
0 0 2918775
0 0 2918780
0 0 2918784
0 0 2918788
0 0 2918793
0 0 2918797
0 0 2918801
0 0 2918806
0 0 2918810
0 0 2918814
0 0 2918819
0 0 2918823
0 0 2918827
0 0 2918832
0 0 2918836
0 0 2918840
0 0 2918845
0 0 2918849
0 0 2918853
0 0 2918858
0 0 2918862
0 0 2918866
0 0 2918871
0 0 2918875
0 0 2918879
0 0 2918884
0 0 2918888
0 0 2918892
0 0 2918897
0 0 2918901
0 0 2918905
0 0 2918910
0 0 2918914
0 0 2918918
0 0 2918923
0 0 2918927
0 0 2918931
0 0 2918936
0 0 2918940
0 0 2918944
0 0 2918949
0 0 2918953
0 0 2918957
0 0 2918962
0 0 2918966
0 0 2918970
0 0 2918975
0 0 2918979
0 0 2918983
0 0 2918988
0 0 2918992
0 0 2918996
0 0 2919002
0 0 2919006
0 0 2919011
0 0 2919015
0 0 2919019
0 0 2919024
0 0 2919028
0 0 2919032
0 0 2919037
0 0 2919041
0 0 2919045
0 0 2919050
0 0 2919054
0 0 2919058
0 0 2919063
0 0 2919067
0 0 2919071
0 0 2919076
0 0 2919080
0 0 2919084
0 0 2919089
0 0 2919093
0 0 2919097
0 0 2919102
0 0 2919106
0 0 2919110
0 0 2919115
0 0 2919119
0 0 2919123
0 0 2919128
0 0 2919132
0 0 2919136
0 0 2919141
0 0 2919145
0 0 2919149
0 0 2919154
0 0 2919158
0 0 2919162
0 0 2919167
0 0 2919171
0 0 2919175
0 0 2919180
0 0 2919184
0 0 2919188
0 0 2919193
0 0 2919197
0 0 2919201
0 0 2919206
0 0 2919210
0 0 2919214
0 0 2919219
0 0 2919223
0 0 2919227
0 0 2919232
0 0 2919236
0 0 2919240
0 0 2919245
0 0 2919249
0 0 2919253
0 0 2919258
0 0 2919262
0 0 2919266
0 0 2919271
0 0 2919275
0 0 2919279
0 0 2919284
0 0 2919288
0 0 2919292
0 0 2919297
0 0 2919301
0 0 2919305
0 0 2919310
0 0 2919314
0 0 2919318
0 0 2919323
0 0 2919327
0 0 2919331
0 0 2919336
0 0 2919340
0 0 2919344
0 0 2919349
0 0 2919353
0 0 2919357
0 0 2919362
0 0 2919366
0 0 2919370
0 0 2919375
0 0 2919379
0 0 2919383
0 0 2919388
0 0 2919392
0 0 2919396
0 0 2919401
0 0 2919405
0 0 2919409
0 0 2919414
0 0 2919418
0 0 2919422
0 0 2919427
0 0 2919431
0 0 2919435
0 0 2919440
0 0 2919444
0 0 2919448
0 0 2919453
0 0 2919457
0 0 2919461
0 0 2919466
0 0 2919470
0 0 2919474
0 0 2919479
0 0 2919483
0 0 2919487
0 0 2919492
0 0 2919496
0 0 2919500
0 0 2919505
0 0 2919509
0 0 2919513
0 0 2919518
0 0 2919522
0 0 2919526
0 0 2919531
0 0 2919535
0 0 2919539
0 0 2919544
0 0 2919548
0 0 2919552
0 0 2919557
0 0 2919561
0 0 2919565
0 0 2919570
0 0 2919574
0 0 2919578
0 0 2919583
0 0 2919587
0 0 2919591
0 0 2919596
0 0 2919600
0 0 2919604
0 0 2919609
0 0 2919613
0 0 2919617
0 0 2919622
0 0 2919626
0 0 2919630
0 0 2919635
0 0 2919639
0 0 2919643
0 0 2919648
0 0 2919652
0 0 2919656
0 0 2919661
0 0 2919665
0 0 2919669
0 0 2919674
0 0 2919678
0 0 2919682
0 0 2919687
0 0 2919691
0 0 2919695
0 0 2919700
0 0 2919704
0 0 2919708
0 0 2919713
0 0 2919717
0 0 2919721
0 0 2919726
0 0 2919730
0 0 2919734
0 0 2919739
0 0 2919743
0 0 2919747
0 0 2919752
0 0 2919756
0 0 2919760
0 0 2919765
2 0 2919769
3 6 2919773
5 12 2919778
8 12 2919782
15 12 2919786
18 16 2919791
20 20 2919795
#TRIGGER ON
21 21 2919799
20 15 2919802
23 19 2919805
24 29 2919808
27 27 2919811
28 25 2919814
34 32 2919817
29 27 2919820
38 31 2919823
35 34 2919826
37 36 2919829
39 37 2919832
45 39 2919835
39 41 2919838
46 44 2919840
48 49 2919843
44 47 2919847
53 44 2919849
52 49 2919852
49 47 2919855
53 55 2919858
56 57 2919861
56 51 2919864
62 56 2919867
59 62 2919870
64 63 2919873
65 65 2919876
66 64 2919880
65 63 2919882
72 70 2919885
72 66 2919888
71 70 2919891
72 72 2919894
74 75 2919897
77 78 2919900
74 76 2919903
84 82 2919906
86 85 2919909
81 82 2919913
86 82 2919915
87 89 2919918
88 89 2919921
89 87 2919924
93 89 2919927
91 90 2919930
97 97 2919933
97 101 2919936
100 98 2919939
98 98 2919942
100 99 2919946
102 96 2919948
109 107 2919951
105 107 2919954
105 104 2919957
108 109 2919960
109 104 2919963
110 109 2919966
114 110 2919969
116 117 2919972
112 117 2919975
116 117 2919979
122 114 2919981
121 119 2919984
121 122 2919987
121 123 2919990
125 130 2919993
123 124 2919996
129 127 2920001
133 130 2920004
132 134 2920007
132 134 2920010
138 141 2920013
139 138 2920016
133 140 2920019
136 143 2920022
141 142 2920025
142 144 2920028
141 145 2920031
152 148 2920034
143 146 2920037
149 152 2920040
150 151 2920043
148 149 2920046
153 158 2920049
155 158 2920052
153 161 2920055
153 159 2920058
158 164 2920061
162 161 2920064
163 160 2920067
162 163 2920070
170 168 2920073
164 165 2920076
166 166 2920079
169 170 2920082
172 166 2920085
171 175 2920088
175 172 2920091
176 176 2920094
176 172 2920097
175 176 2920100
178 181 2920103
182 183 2920106
180 178 2920109
183 185 2920112
185 187 2920115
182 184 2920118
185 191 2920121
189 194 2920124
192 192 2920127
190 188 2920130
194 193 2920133
195 193 2920136
193 195 2920139
199 199 2920142
199 201 2920145
201 199 2920148
197 201 2920151
201 208 2920154
208 206 2920157
206 206 2920160
207 208 2920163
208 210 2920166
207 204 2920169
209 212 2920172
211 212 2920175
215 219 2920178
218 215 2920181
219 212 2920184
216 222 2920187
221 222 2920190
218 218 2920193
225 222 2920196
226 224 2920199
227 219 2920202
226 226 2920205
227 225 2920208
233 231 2920211
231 233 2920214
230 230 2920217
231 237 2920220
233 236 2920223
234 239 2920226
237 238 2920229
237 236 2920232
241 236 2920235
240 246 2920238
243 239 2920241
241 245 2920244
245 248 2920247
248 245 2920250
244 250 2920253
248 254 2920256
250 251 2920259
250 252 2920262
252 253 2920265
251 254 2920268
256 255 2920271
257 254 2920274
257 257 2920277
258 263 2920280
261 259 2920283
258 265 2920286
260 267 2920289
266 269 2920292
265 263 2920295
270 268 2920298
267 266 2920301
270 269 2920304
272 269 2920307
273 276 2920310
272 277 2920313
272 277 2920316
274 280 2920319
277 280 2920322
277 280 2920325
283 283 2920328
281 280 2920331
281 282 2920334
286 283 2920337
285 284 2920340
286 287 2920343
292 290 2920346
290 285 2920349
288 294 2920352
294 293 2920355
293 291 2920358
295 292 2920361
293 295 2920364
298 292 2920367
302 299 2920370
298 297 2920373
296 302 2920376
301 306 2920379
300 300 2920382
301 309 2920385
305 306 2920388
307 308 2920391
307 305 2920394
307 309 2920397
309 305 2920400
308 313 2920403
314 311 2920406
313 315 2920409
317 315 2920412
314 310 2920415
315 318 2920418
319 316 2920421
321 319 2920424
322 319 2920427
324 323 2920430
323 322 2920433
326 323 2920436
324 324 2920439
330 325 2920442
327 328 2920445
327 330 2920448
326 333 2920451
331 334 2920454
335 334 2920457
331 332 2920460
337 336 2920463
337 336 2920466
338 339 2920469
339 338 2920472
342 343 2920475
342 345 2920478
344 344 2920481
341 348 2920484
343 350 2920487
345 352 2920490
344 343 2920493
346 350 2920496
346 348 2920499
351 356 2920502
353 354 2920505
353 354 2920508
352 358 2920511
355 352 2920514
356 357 2920517
359 361 2920520
354 361 2920523
362 361 2920526
366 361 2920529
362 358 2920532
362 364 2920535
363 369 2920538
368 369 2920541
367 369 2920544
368 369 2920547
368 375 2920550
368 369 2920553
370 370 2920556
374 371 2920559
373 374 2920562
376 372 2920565
375 378 2920568
379 376 2920571
377 378 2920574
380 381 2920577
381 379 2920580
380 385 2920583
383 387 2920586
383 386 2920589
385 384 2920592
383 383 2920595
386 391 2920598
390 393 2920601
388 390 2920604
392 395 2920607
389 394 2920610
394 391 2920613
389 393 2920616
395 399 2920619
400 399 2920622
399 396 2920625
396 398 2920628
398 403 2920631
402 403 2920634
400 403 2920637
402 406 2920640
403 406 2920643
406 406 2920646
405 408 2920649
404 404 2920652
413 414 2920655
409 407 2920658
409 409 2920661
413 409 2920664
414 414 2920667
413 412 2920670
413 419 2920673
416 416 2920676
419 419 2920679
415 421 2920682
418 419 2920685
421 418 2920688
421 420 2920691
427 421 2920694
423 425 2920697
424 428 2920700
426 428 2920703
429 430 2920706
426 427 2920709
427 432 2920712
426 434 2920715
432 430 2920718
430 435 2920721
431 430 2920724
435 433 2920727
436 435 2920730
434 435 2920733
436 436 2920736
438 442 2920739
437 444 2920742
441 437 2920745
440 442 2920748
445 442 2920751
442 448 2920754
444 446 2920757
445 444 2920760
445 448 2920763
447 452 2920766
449 451 2920769
451 451 2920772
447 449 2920775
453 451 2920778
451 453 2920781
452 456 2920784
452 455 2920787
457 458 2920790
462 457 2920793
456 455 2920796
461 459 2920799
459 459 2920802
463 466 2920805
462 462 2920808
461 462 2920811
463 465 2920814
465 467 2920817
468 467 2920820
465 466 2920823
464 468 2920826
467 471 2920829
475 471 2920832
470 469 2920835
471 473 2920838
474 478 2920841
472 475 2920844
471 476 2920847
477 477 2920850
479 478 2920853
476 477 2920856
479 480 2920859
479 478 2920862
484 483 2920865
483 484 2920868
485 483 2920871
482 485 2920874
486 486 2920877
483 489 2920880
485 486 2920883
489 494 2920886
492 490 2920889
488 489 2920892
492 492 2920895
493 497 2920898
495 496 2920901
494 496 2920904
499 498 2920907
496 494 2920910
494 501 2920913
497 496 2920916
500 502 2920919
499 498 2920922
502 498 2920925
504 500 2920928
502 504 2920931
502 509 2920934
507 509 2920937
508 506 2920940
506 508 2920943
511 516 2920946
511 511 2920949
509 512 2920952
512 510 2920955
512 509 2920958
512 509 2920961
514 516 2920964
514 515 2920967
516 522 2920970
517 520 2920973
515 520 2920976
513 520 2920979
521 525 2920982
521 518 2920985
519 520 2920988
523 520 2920991
518 521 2920994
528 525 2920997
528 525 2921001
524 524 2921004
528 530 2921007
527 534 2921010
528 526 2921013
529 527 2921016
533 530 2921019
530 533 2921022
535 531 2921025
537 533 2921028
533 532 2921032
538 530 2921034
539 536 2921037
540 538 2921040
537 537 2921043
536 540 2921046
539 540 2921049
544 544 2921052
541 545 2921055
541 543 2921058
546 547 2921061
547 545 2921065
549 542 2921067
549 548 2921070
550 542 2921073
548 545 2921076
554 551 2921079
548 548 2921082
555 549 2921085
555 555 2921088
552 552 2921091
557 554 2921094
556 551 2921098
561 554 2921100
556 556 2921103
559 553 2921106
558 556 2921109
559 557 2921112
559 560 2921115
561 560 2921118
565 562 2921121
567 564 2921124
563 562 2921127
565 562 2921131
569 563 2921133
569 571 2921136
567 566 2921139
569 568 2921142
568 571 2921145
568 564 2921148
573 570 2921151
573 572 2921154
574 573 2921157
574 572 2921160
575 574 2921164
579 572 2921166
581 579 2921169
576 573 2921172
575 577 2921175
578 578 2921178
579 575 2921181
584 582 2921184
582 580 2921187
583 584 2921190
584 581 2921193
585 584 2921197
590 580 2921199
586 584 2921202
588 587 2921205
588 590 2921208
586 585 2921211
587 584 2921214
591 594 2921217
590 591 2921220
590 595 2921223
593 596 2921226
590 593 2921230
597 592 2921232
594 597 2921235
596 594 2921238
594 598 2921241
597 598 2921244
596 594 2921247
601 597 2921250
600 603 2921253
600 601 2921256
605 599 2921259
602 601 2921263
607 599 2921265
605 599 2921268
603 603 2921271
602 605 2921274
606 606 2921277
603 607 2921280
606 610 2921283
608 611 2921286
607 613 2921289
608 608 2921292
614 610 2921296
615 613 2921298
613 612 2921301
614 613 2921304
617 613 2921307
615 618 2921310
614 615 2921313
616 618 2921316
618 618 2921319
618 618 2921322
620 622 2921325
619 617 2921329
623 618 2921331
626 621 2921334
624 623 2921337
621 622 2921340
625 624 2921343
626 621 2921346
624 627 2921349
623 627 2921352
629 628 2921355
628 633 2921358
647 630 2921362
628 626 2921364
633 631 2921367
630 633 2921370
634 632 2921373
632 630 2921376
636 632 2921379
634 636 2921382
638 631 2921385
637 638 2921388
638 637 2921391
637 632 2921395
642 638 2921397
641 638 2921400
641 640 2921403
642 639 2921406
641 640 2921409
642 638 2921412
644 645 2921415
643 644 2921418
647 648 2921421
650 648 2921424
645 648 2921428
645 642 2921430
648 644 2921433
649 647 2921436
649 648 2921439
650 652 2921442
654 649 2921445
652 657 2921448
653 656 2921451
653 653 2921454
654 658 2921457
650 652 2921461
654 652 2921463
653 655 2921466
657 656 2921469
657 657 2921472
656 657 2921475
659 659 2921478
659 661 2921481
662 661 2921484
662 664 2921487
665 664 2921490
659 660 2921494
669 657 2921496
666 667 2921499
664 659 2921502
628 659 2921505
665 667 2921508
665 665 2921511
667 670 2921514
671 672 2921517
669 677 2921520
670 671 2921523
671 668 2921527
675 672 2921529
674 677 2921532
671 672 2921535
676 669 2921538
673 675 2921541
674 672 2921544
679 677 2921547
678 676 2921550
678 678 2921553
678 673 2921556
678 679 2921560
682 676 2921562
680 679 2921565
684 679 2921568
679 683 2921571
679 683 2921574
682 682 2921577
685 690 2921580
684 686 2921583
686 688 2921586
686 685 2921589
687 683 2921593
691 686 2921595
689 687 2921598
691 682 2921601
690 693 2921604
688 688 2921607
692 689 2921610
694 698 2921613
691 695 2921616
693 693 2921619
698 699 2921622
692 698 2921626
697 690 2921628
697 695 2921631
702 698 2921634
697 699 2921637
700 697 2921640
700 698 2921643
698 702 2921646
702 700 2921649
704 704 2921652
704 701 2921655
703 700 2921659
707 701 2921661
706 703 2921664
706 701 2921667
703 708 2921670
704 706 2921673
706 703 2921676
710 709 2921679
707 705 2921682
710 714 2921685
710 709 2921688
710 711 2921692
711 709 2921694
711 710 2921697
716 709 2921700
715 710 2921703
712 710 2921706
715 714 2921709
716 714 2921712
715 716 2921715
721 720 2921718
718 721 2921721
713 716 2921725
721 717 2921727
718 721 2921730
721 716 2921733
715 718 2921736
718 719 2921739
713 714 2921742
715 714 2921745
713 716 2921748
711 715 2921751
713 707 2921754
709 708 2921758
710 704 2921760
704 707 2921763
710 705 2921766
703 704 2921769
701 699 2921772
705 703 2921775
702 704 2921778
699 703 2921781
700 702 2921784
696 698 2921787
696 692 2921791
700 696 2921793
694 694 2921796
691 689 2921799
692 696 2921802
686 693 2921805
689 689 2921808
691 691 2921811
686 687 2921814
687 690 2921817
685 686 2921820
679 684 2921824
686 679 2921826
683 686 2921829
679 680 2921832
681 678 2921835
680 681 2921838
677 677 2921841
676 677 2921844
675 679 2921847
677 677 2921850
672 673 2921853
673 670 2921857
675 673 2921859
671 673 2921862
672 670 2921865
668 673 2921868
667 669 2921871
668 666 2921874
667 668 2921877
662 664 2921880
664 669 2921883
663 666 2921886
661 665 2921890
662 659 2921892
659 661 2921895
660 656 2921898
659 657 2921901
654 660 2921904
656 655 2921907
655 658 2921910
654 656 2921913
653 650 2921916
655 657 2921919
647 651 2921923
651 645 2921925
648 651 2921928
647 646 2921931
644 650 2921934
644 645 2921937
646 643 2921940
646 647 2921943
644 646 2921946
644 645 2921949
644 640 2921952
638 639 2921956
640 638 2921958
640 641 2921961
634 636 2921964
633 637 2921967
633 642 2921970
630 633 2921973
635 636 2921976
633 637 2921979
634 633 2921982
635 633 2921985
629 630 2921989
633 628 2921991
629 633 2921994
624 626 2921999
630 624 2922002
628 623 2922005
622 623 2922008
626 624 2922011
623 623 2922014
619 624 2922017
625 625 2922020
621 622 2922023
622 618 2922026
620 617 2922029
618 612 2922032
617 620 2922035
614 616 2922038
615 615 2922041
616 615 2922044
613 612 2922047
608 612 2922050
614 615 2922053
611 607 2922056
608 612 2922059
609 611 2922062
606 606 2922065
603 609 2922068
609 611 2922071
604 605 2922074
607 602 2922077
603 598 2922080
603 600 2922083
604 601 2922086
602 598 2922089
600 600 2922092
601 597 2922095
597 595 2922098
598 601 2922101
598 599 2922104
598 596 2922107
596 593 2922110
597 591 2922113
592 591 2922116
596 595 2922119
595 594 2922122
590 592 2922125
589 590 2922128
589 587 2922131
588 593 2922134
591 587 2922137
588 585 2922140
587 584 2922143
588 586 2922146
585 581 2922149
583 582 2922152
585 582 2922155
583 585 2922158
580 580 2922161
580 581 2922164
578 587 2922167
579 579 2922170
577 581 2922173
579 575 2922176
576 576 2922179
579 573 2922182
575 572 2922185
574 572 2922188
577 573 2922191
573 573 2922194
572 570 2922197
569 572 2922200
569 572 2922203
568 565 2922206
569 566 2922209
570 569 2922212
564 559 2922215
566 567 2922218
569 564 2922221
564 559 2922224
565 569 2922227
565 561 2922230
558 562 2922233
560 558 2922236
559 561 2922239
560 557 2922242
560 558 2922245
558 554 2922248
559 559 2922251
556 555 2922254
556 554 2922257
557 556 2922260
555 550 2922263
547 552 2922266
554 556 2922269
553 551 2922272
553 552 2922275
552 548 2922278
551 548 2922281
551 552 2922284
546 549 2922287
548 551 2922290
546 546 2922293
540 544 2922296
543 548 2922299
546 543 2922302
544 543 2922305
544 544 2922308
544 543 2922311
541 539 2922314
545 539 2922317
540 538 2922320
543 539 2922323
536 536 2922326
536 537 2922329
533 540 2922332
535 537 2922335
537 536 2922338
533 528 2922341
535 536 2922344
531 529 2922347
533 536 2922350
531 532 2922353
529 533 2922356
531 530 2922359
527 525 2922362
525 533 2922365
531 528 2922368
524 525 2922371
528 527 2922374
526 523 2922377
523 521 2922380
529 526 2922383
520 525 2922386
523 525 2922389
520 523 2922392
520 520 2922395
517 522 2922398
521 519 2922401
518 518 2922404
520 518 2922407
518 514 2922410
514 513 2922413
518 518 2922416
514 512 2922419
517 516 2922422
513 515 2922425
513 508 2922428
510 515 2922431
510 509 2922434
510 510 2922437
510 509 2922440
511 509 2922443
508 510 2922446
508 510 2922449
509 505 2922452
509 509 2922455
504 506 2922458
504 502 2922461
500 509 2922464
504 505 2922467
500 502 2922470
502 500 2922473
500 497 2922476
500 502 2922479
499 500 2922482
502 499 2922485
497 501 2922488
500 500 2922491
495 497 2922494
493 500 2922497
495 498 2922500
497 493 2922503
495 494 2922506
494 494 2922509
494 488 2922512
496 491 2922515
492 492 2922518
495 493 2922521
492 492 2922524
491 486 2922527
490 491 2922530
488 490 2922533
486 487 2922536
488 487 2922539
489 489 2922542
485 481 2922545
489 490 2922548
487 483 2922551
486 486 2922554
485 485 2922557
484 479 2922560
479 486 2922563
483 482 2922566
479 479 2922569
482 480 2922572
478 477 2922575
478 479 2922578
477 482 2922581
479 477 2922584
476 477 2922587
478 479 2922590
473 472 2922593
471 477 2922596
474 474 2922599
471 472 2922602
475 472 2922605
470 467 2922608
470 472 2922611
469 472 2922614
471 469 2922617
472 469 2922620
471 467 2922623
467 463 2922626
467 471 2922629
465 463 2922632
464 469 2922635
466 461 2922638
466 463 2922641
461 459 2922644
467 466 2922647
462 464 2922650
465 467 2922653
462 463 2922656
462 463 2922659
459 466 2922662
461 462 2922665
459 462 2922668
463 457 2922671
458 449 2922674
458 458 2922677
459 455 2922680
455 454 2922683
460 457 2922686
455 454 2922689
451 456 2922692
453 457 2922695
455 454 2922698
452 453 2922701
455 452 2922704
452 448 2922707
448 450 2922710
454 450 2922713
451 451 2922716
448 447 2922719
446 449 2922722
448 447 2922725
443 447 2922728
444 449 2922731
446 447 2922734
445 441 2922737
443 443 2922740
449 437 2922743
441 444 2922746
446 444 2922749
448 438 2922752
440 441 2922755
443 439 2922758
436 444 2922761
443 442 2922764
439 443 2922767
441 439 2922770
435 436 2922773
437 438 2922776
438 440 2922779
438 433 2922782
436 436 2922785
435 436 2922788
433 431 2922791
428 434 2922794
433 435 2922797
432 432 2922800
433 429 2922803
431 428 2922806
431 430 2922809
434 430 2922812
431 427 2922815
432 428 2922818
429 428 2922821
430 428 2922824
426 432 2922827
428 428 2922830
427 426 2922833
423 422 2922836
424 423 2922839
420 427 2922842
425 425 2922845
420 422 2922848
422 425 2922851
426 421 2922854
424 417 2922857
419 422 2922860
421 419 2922863
418 418 2922866
419 417 2922869
415 414 2922872
415 414 2922875
416 420 2922878
417 418 2922881
417 420 2922884
412 419 2922887
414 414 2922890
410 416 2922893
416 414 2922896
411 416 2922899
414 412 2922902
414 407 2922905
408 405 2922908
415 411 2922911
410 413 2922914
413 412 2922917
410 412 2922920
410 404 2922923
404 413 2922926
410 406 2922929
407 410 2922932
410 407 2922935
404 403 2922938
406 408 2922941
407 407 2922944
405 401 2922947
405 408 2922950
401 403 2922953
401 401 2922956
400 407 2922959
400 403 2922962
400 403 2922965
399 397 2922968
396 398 2922971
398 399 2922974
399 399 2922977
399 397 2922980
395 396 2922983
398 398 2922986
395 394 2922989
390 395 2922992
396 400 2922995
392 394 2922999
393 395 2923002
392 391 2923005
389 395 2923008
391 396 2923011
391 394 2923014
391 392 2923017
393 392 2923020
389 391 2923023
389 390 2923026
388 388 2923029
386 388 2923032
388 392 2923034
387 388 2923037
387 389 2923040
389 391 2923043
387 387 2923046
382 386 2923049
388 385 2923052
383 382 2923055
382 382 2923058
385 388 2923061
379 382 2923064
383 386 2923067
382 380 2923070
381 383 2923073
384 383 2923076
380 379 2923079
378 384 2923082
379 377 2923085
377 382 2923088
383 379 2923091
377 378 2923094
379 376 2923097
376 376 2923100
375 370 2923103
375 379 2923106
377 372 2923109
375 372 2923112
376 377 2923115
378 373 2923118
368 373 2923121
371 373 2923124
376 373 2923127
373 371 2923130
369 368 2923133
368 369 2923136
373 368 2923139
372 369 2923142
372 371 2923145
371 370 2923148
369 364 2923151
364 369 2923154
369 367 2923157
369 367 2923160
366 363 2923163
368 367 2923166
366 366 2923169
365 366 2923172
364 365 2923175
362 361 2923178
359 365 2923181
365 360 2923184
359 364 2923187
364 366 2923190
362 362 2923193
357 360 2923196
358 360 2923199
358 357 2923202
360 361 2923205
359 355 2923208
359 360 2923211
357 357 2923214
357 357 2923217
355 359 2923220
356 355 2923223
357 357 2923226
357 354 2923229
355 353 2923232
356 351 2923235
353 355 2923238
357 356 2923241
352 351 2923244
350 359 2923247
352 351 2923250
345 354 2923253
351 354 2923256
350 349 2923259
351 351 2923262
351 354 2923265
346 346 2923268
348 347 2923271
352 347 2923274
351 344 2923277
347 348 2923280
347 346 2923283
343 346 2923286
347 347 2923289
348 344 2923292
344 340 2923295
343 342 2923298
344 337 2923301
342 344 2923304
344 342 2923307
343 343 2923310
341 344 2923313
341 341 2923316
338 345 2923319
341 345 2923322
338 338 2923325
337 340 2923328
337 340 2923331
336 338 2923334
339 339 2923337
334 336 2923340
336 338 2923343
337 340 2923346
335 337 2923349
335 339 2923352
336 339 2923355
332 337 2923358
335 334 2923361
335 332 2923364
333 332 2923367
335 335 2923370
333 333 2923373
333 332 2923376
333 332 2923379
330 327 2923382
327 336 2923385
332 330 2923388
328 328 2923391
328 325 2923394
329 327 2923397
326 327 2923400
330 330 2923403
330 326 2923406
327 332 2923409
326 327 2923412
324 326 2923415
324 331 2923418
325 327 2923421
322 328 2923424
325 326 2923427
324 320 2923430
319 324 2923433
327 328 2923436
324 319 2923439
319 326 2923442
322 323 2923445
318 316 2923448
319 323 2923451
323 322 2923454
323 321 2923457
316 318 2923460
316 318 2923463
317 315 2923466
319 318 2923469
316 317 2923472
320 319 2923475
317 319 2923478
317 316 2923481
313 317 2923484
318 317 2923487
314 318 2923490
317 312 2923493
311 307 2923496
313 310 2923499
315 314 2923502
313 313 2923505
316 318 2923508
309 314 2923511
310 309 2923514
312 312 2923517
311 310 2923520
307 308 2923523
311 306 2923526
310 305 2923529
305 305 2923532
311 311 2923535
311 309 2923538
309 309 2923541
307 310 2923544
308 307 2923547
306 309 2923550
307 307 2923553
306 308 2923556
305 307 2923559
306 308 2923562
305 300 2923565
303 305 2923568
304 305 2923571
306 304 2923574
301 304 2923577
301 304 2923580
297 306 2923583
299 303 2923586
302 304 2923589
306 296 2923592
301 297 2923595
295 298 2923598
300 305 2923601
298 296 2923604
298 301 2923607
299 296 2923610
298 298 2923613
295 302 2923616
298 300 2923619
292 299 2923622
296 299 2923625
297 296 2923628
295 295 2923631
296 295 2923634
296 294 2923637
295 294 2923640
291 297 2923643
292 293 2923646
291 299 2923649
296 293 2923652
290 290 2923655
291 290 2923658
292 290 2923661
291 290 2923664
292 295 2923667
290 293 2923670
292 292 2923673
287 289 2923676
290 289 2923679
288 291 2923682
286 287 2923685
288 288 2923688
286 286 2923691
287 283 2923694
287 282 2923697
285 286 2923700
287 284 2923703
288 287 2923706
290 288 2923709
286 281 2923712
282 286 2923715
285 282 2923718
284 281 2923721
285 281 2923724
286 280 2923727
280 279 2923730
283 281 2923733
283 281 2923736
284 281 2923739
282 283 2923742
282 277 2923745
278 282 2923748
277 278 2923751
277 280 2923754
281 279 2923757
281 273 2923760
274 273 2923763
278 280 2923766
279 278 2923769
275 278 2923772
275 279 2923775
273 274 2923778
271 281 2923781
274 277 2923784
275 275 2923787
273 276 2923790
275 274 2923793
270 273 2923796
274 275 2923799
273 277 2923802
276 275 2923805
275 272 2923808
270 272 2923811
274 273 2923814
270 271 2923817
269 269 2923820
271 272 2923823
273 270 2923826
267 266 2923829
264 267 2923832
266 270 2923835
268 271 2923838
266 268 2923841
263 269 2923844
265 272 2923847
268 273 2923850
266 267 2923853
264 264 2923856
267 268 2923859
268 266 2923862
269 265 2923865
265 266 2923868
266 264 2923871
265 259 2923874
263 259 2923877
264 265 2923880
265 262 2923883
260 260 2923886
263 263 2923889
261 258 2923892
259 260 2923895
263 266 2923898
260 261 2923901
259 260 2923904
262 262 2923907
261 261 2923910
261 261 2923913
260 261 2923916
257 261 2923919
261 262 2923922
258 255 2923925
254 257 2923928
260 258 2923931
260 256 2923934
258 254 2923937
256 253 2923940
254 255 2923943
256 256 2923946
256 255 2923949
252 256 2923952
256 255 2923955
252 255 2923958
253 251 2923961
253 254 2923964
253 257 2923967
255 252 2923970
252 254 2923973
255 251 2923976
248 253 2923979
250 255 2923982
251 254 2923985
251 249 2923988
251 251 2923991
248 249 2923994
253 251 2923997
248 250 2924001
250 245 2924004
248 246 2924007
247 247 2924010
245 245 2924013
246 243 2924016
247 252 2924019
245 246 2924022
250 249 2924025
244 248 2924028
245 247 2924032
248 243 2924034
247 247 2924037
243 244 2924040
244 242 2924043
245 246 2924046
240 242 2924049
243 245 2924052
241 244 2924055
242 245 2924058
238 243 2924061
238 240 2924065
243 238 2924067
239 238 2924070
241 235 2924073
240 236 2924076
241 241 2924079
239 238 2924082
241 242 2924085
239 242 2924088
238 244 2924091
242 241 2924094
235 239 2924098
238 236 2924100
239 238 2924103
237 239 2924106
234 237 2924109
233 234 2924112
234 232 2924115
236 237 2924118
236 235 2924121
233 236 2924124
236 234 2924127
234 233 2924131
236 230 2924133
235 237 2924136
231 230 2924139
236 231 2924142
233 232 2924145
230 229 2924148
231 235 2924151
234 235 2924154
232 237 2924157
229 235 2924160
226 231 2924164
228 226 2924166
230 226 2924169
231 228 2924172
230 229 2924175
226 225 2924178
225 227 2924181
232 227 2924184
227 231 2924187
230 230 2924190
227 229 2924193
227 224 2924197
231 226 2924199
228 225 2924202
232 222 2924205
228 225 2924208
227 228 2924211
225 222 2924214
226 226 2924217
228 227 2924220
225 229 2924223
225 221 2924226
222 221 2924230
226 220 2924232
224 225 2924235
224 220 2924238
219 221 2924241
221 220 2924244
219 218 2924247
220 225 2924250
216 220 2924253
222 220 2924256
221 223 2924259
219 223 2924263
222 218 2924265
220 221 2924268
219 222 2924271
218 219 2924274
221 219 2924277
221 219 2924280
220 221 2924283
218 217 2924286
223 219 2924289
221 220 2924292
216 214 2924296
219 213 2924298
216 217 2924301
215 215 2924304
210 213 2924307
214 211 2924310
214 214 2924313
216 213 2924316
215 219 2924319
211 217 2924322
214 217 2924325
211 214 2924329
216 211 2924331
212 213 2924334
214 211 2924337
212 218 2924340
208 213 2924343
210 214 2924346
213 211 2924349
211 214 2924352
212 213 2924355
210 212 2924358
209 208 2924362
211 201 2924364
214 209 2924367
209 204 2924370
212 210 2924373
210 211 2924376
207 212 2924379
209 206 2924382
207 209 2924385
208 213 2924388
205 210 2924391
206 209 2924395
208 207 2924397
206 206 2924400
206 204 2924403
206 209 2924406
206 204 2924409
204 205 2924412
203 206 2924415
202 206 2924418
204 207 2924421
204 208 2924424
202 203 2924428
206 202 2924430
205 205 2924433
205 203 2924436
200 205 2924439
205 206 2924442
199 198 2924445
206 200 2924448
202 203 2924451
200 203 2924454
199 200 2924457
203 201 2924461
203 198 2924463
204 200 2924466
201 198 2924469
202 202 2924472
198 201 2924475
195 195 2924478
197 201 2924481
201 199 2924484
202 204 2924487
198 199 2924490
198 196 2924494
200 196 2924496
197 196 2924499
200 196 2924502
196 195 2924505
193 194 2924508
196 192 2924511
195 195 2924514
195 195 2924517
197 199 2924520
199 194 2924523
191 193 2924527
194 188 2924529
196 193 2924532
198 193 2924535
194 191 2924538
192 188 2924541
195 191 2924544
197 194 2924547
194 196 2924550
195 190 2924553
197 190 2924556
190 190 2924560
193 185 2924562
193 192 2924565
193 190 2924568
190 192 2924571
190 187 2924574
191 189 2924577
190 190 2924580
188 187 2924583
191 190 2924586
191 192 2924589
181 187 2924593
187 184 2924595
189 189 2924598
186 187 2924601
190 186 2924604
186 189 2924607
187 185 2924610
187 185 2924613
188 185 2924616
189 188 2924619
185 184 2924622
189 184 2924626
190 187 2924628
185 186 2924631
186 182 2924634
187 189 2924637
182 184 2924640
180 178 2924643
185 187 2924646
182 184 2924649
182 187 2924652
182 184 2924655
183 182 2924659
180 179 2924661
183 182 2924664
183 183 2924667
181 182 2924670
181 185 2924673
183 185 2924676
182 185 2924679
180 180 2924682
183 185 2924685
180 182 2924688
179 178 2924692
183 178 2924694
176 178 2924697
182 177 2924700
183 178 2924703
177 180 2924706
182 175 2924709
180 185 2924712
178 178 2924715
178 179 2924718
180 179 2924721
175 180 2924725
178 173 2924727
177 179 2924730
175 175 2924733
174 177 2924736
175 179 2924739
175 175 2924742
174 175 2924745
175 175 2924748
176 179 2924751
175 173 2924754
175 170 2924758
177 171 2924760
175 173 2924763
174 171 2924766
177 175 2924769
169 175 2924772
172 174 2924775
172 179 2924778
170 176 2924781
171 173 2924784
172 173 2924787
173 171 2924791
171 166 2924793
173 168 2924796
174 171 2924799
170 170 2924802
171 174 2924805
171 171 2924808
173 178 2924811
170 171 2924814
173 171 2924817
168 169 2924820
167 163 2924824
171 164 2924826
172 165 2924829
170 166 2924832
166 170 2924835
170 170 2924838
170 172 2924841
168 170 2924844
167 166 2924847
168 171 2924850
169 168 2924853
163 167 2924857
164 162 2924859
165 165 2924862
167 164 2924865
164 165 2924868
166 167 2924871
163 162 2924874
165 171 2924877
162 166 2924880
165 166 2924883
164 167 2924886
162 164 2924890
163 160 2924892
164 164 2924895
163 159 2924898
161 159 2924901
159 160 2924904
165 164 2924907
161 163 2924910
160 163 2924913
162 164 2924916
163 164 2924919
158 160 2924923
165 157 2924925
159 163 2924928
157 161 2924931
159 160 2924934
163 160 2924937
159 160 2924940
159 156 2924943
161 164 2924946
158 164 2924949
160 159 2924952
157 155 2924956
159 159 2924958
157 159 2924961
158 154 2924964
161 160 2924967
157 157 2924970
157 156 2924973
158 161 2924976
159 160 2924979
160 157 2924982
158 160 2924985
153 150 2924989
161 152 2924991
155 154 2924994
154 155 2924999
154 159 2925002
158 155 2925005
153 157 2925008
155 155 2925011
153 158 2925014
153 151 2925017
157 157 2925020
158 152 2925023
153 153 2925026
156 152 2925029
153 149 2925032
153 153 2925035
153 153 2925038
153 153 2925041
151 152 2925044
155 152 2925047
151 148 2925050
151 155 2925053
150 150 2925056
151 148 2925059
148 150 2925062
152 149 2925065
147 152 2925068
150 153 2925071
151 149 2925074
153 149 2925077
150 150 2925080
152 149 2925083
150 145 2925086
152 148 2925089
150 150 2925092
152 148 2925095
148 145 2925098
148 152 2925101
149 145 2925104
146 147 2925107
143 148 2925110
148 144 2925113
142 142 2925116
147 150 2925119
146 150 2925122
146 150 2925125
145 148 2925128
145 145 2925131
142 149 2925134
143 150 2925137
143 148 2925140
144 145 2925143
147 141 2925146
142 140 2925149
146 148 2925152
144 146 2925155
145 148 2925158
144 144 2925161
142 140 2925164
142 147 2925167
143 140 2925170
142 144 2925173
145 141 2925176
143 141 2925179
141 137 2925182
146 144 2925185
147 136 2925188
144 143 2925191
144 141 2925194
140 136 2925197
138 143 2925200
144 141 2925203
138 142 2925206
140 140 2925209
140 141 2925212
144 139 2925215
140 139 2925218
140 138 2925221
142 144 2925224
142 139 2925227
138 136 2925230
134 138 2925233
142 139 2925236
136 136 2925239
139 140 2925242
139 138 2925245
138 131 2925248
138 137 2925251
139 136 2925254
139 136 2925257
142 139 2925260
139 134 2925263
135 140 2925266
138 137 2925269
140 135 2925272
132 135 2925275
138 135 2925278
135 133 2925281
136 135 2925284
136 131 2925287
135 137 2925290
132 137 2925293
134 134 2925296
134 141 2925299
135 134 2925302
132 134 2925305
135 127 2925308
134 133 2925311
133 127 2925314
137 133 2925317
137 133 2925320
134 132 2925323
131 132 2925326
133 131 2925329
129 138 2925332
133 131 2925335
134 135 2925338
130 127 2925341
127 130 2925344
129 135 2925347
131 131 2925350
132 133 2925353
132 132 2925356
133 129 2925359
125 126 2925362
126 133 2925365
131 129 2925368
130 126 2925371
130 130 2925374
129 130 2925377
129 125 2925380
130 133 2925383
131 127 2925386
129 131 2925389
130 128 2925392
125 127 2925395
128 133 2925398
130 130 2925401
126 126 2925404
128 129 2925407
130 128 2925410
123 123 2925413
125 131 2925416
130 126 2925419
125 125 2925422
127 131 2925425
124 124 2925428
122 128 2925431
126 125 2925434
125 128 2925437
128 122 2925440
124 124 2925443
125 124 2925446
126 125 2925449
125 123 2925452
124 126 2925455
126 126 2925458
124 123 2925461
124 126 2925464
124 124 2925467
125 127 2925470
124 122 2925473
125 121 2925476
121 124 2925479
122 125 2925482
123 123 2925485
124 123 2925488
122 126 2925491
122 121 2925494
116 125 2925497
121 122 2925500
121 129 2925503
120 126 2925506
119 119 2925509
121 123 2925512
123 120 2925515
119 123 2925518
120 122 2925521
120 116 2925524
118 115 2925527
116 122 2925530
121 119 2925533
119 119 2925536
120 115 2925539
116 119 2925542
115 116 2925545
118 122 2925548
118 117 2925551
117 120 2925554
118 121 2925557
117 113 2925560
113 122 2925563
120 116 2925566
116 117 2925569
117 116 2925572
118 117 2925575
116 111 2925578
116 120 2925581
118 117 2925584
119 114 2925587
117 118 2925590
117 115 2925593
114 114 2925596
117 116 2925599
115 121 2925602
120 117 2925605
116 118 2925608
113 113 2925611
117 118 2925614
114 117 2925617
116 117 2925620
113 114 2925623
114 114 2925626
112 113 2925629
114 116 2925632
116 113 2925635
114 112 2925638
115 110 2925641
114 108 2925644
115 116 2925647
114 113 2925650
116 112 2925653
113 115 2925656
112 114 2925659
113 112 2925662
110 111 2925665
111 114 2925668
114 111 2925671
115 114 2925674
110 113 2925677
110 114 2925680
113 111 2925683
112 112 2925686
110 114 2925689
111 108 2925692
111 111 2925695
112 110 2925698
110 107 2925701
110 111 2925704
110 111 2925707
111 107 2925710
111 113 2925713
111 108 2925716
111 110 2925719
108 108 2925722
108 111 2925725
110 111 2925728
108 109 2925731
109 108 2925734
106 109 2925737
109 106 2925740
104 105 2925743
106 111 2925746
109 108 2925749
109 111 2925752
105 107 2925755
108 107 2925758
106 106 2925761
103 109 2925764
109 110 2925767
106 102 2925770
106 103 2925773
108 104 2925776
106 102 2925779
105 105 2925782
107 108 2925785
105 108 2925788
105 103 2925791
104 111 2925794
105 108 2925797
103 108 2925800
104 107 2925803
105 104 2925806
103 98 2925809
103 108 2925812
106 103 2925815
105 106 2925818
105 107 2925821
107 103 2925824
101 105 2925827
104 105 2925830
105 105 2925833
105 103 2925836
102 99 2925839
99 101 2925842
103 101 2925845
103 106 2925848
102 95 2925851
103 101 2925854
99 100 2925857
101 108 2925860
104 108 2925863
100 102 2925866
103 106 2925869
103 100 2925872
100 97 2925875
101 106 2925878
105 101 2925881
102 102 2925884
99 100 2925887
100 100 2925890
98 102 2925893
101 100 2925896
98 101 2925899
99 99 2925902
102 99 2925905
100 98 2925908
101 100 2925911
100 100 2925914
102 99 2925917
97 98 2925920
99 97 2925923
95 104 2925926
98 98 2925929
95 97 2925932
99 98 2925935
100 95 2925938
97 97 2925941
99 99 2925944
95 102 2925947
101 97 2925950
98 100 2925953
99 92 2925956
96 101 2925959
97 95 2925962
98 99 2925965
97 95 2925968
96 94 2925971
92 98 2925974
97 96 2925977
98 93 2925980
97 95 2925983
96 96 2925986
94 96 2925989
89 95 2925992
92 99 2925995
98 96 2925999
98 97 2926002
97 94 2926005
94 94 2926008
95 98 2926011
91 94 2926014
96 95 2926017
95 88 2926020
94 92 2926023
92 88 2926026
95 96 2926029
91 95 2926032
92 97 2926034
91 94 2926037
93 93 2926040
93 95 2926043
94 94 2926046
94 90 2926049
95 89 2926052
93 90 2926055
92 83 2926058
90 91 2926061
94 93 2926064
95 90 2926067
90 90 2926070
93 93 2926073
95 92 2926076
93 92 2926079
88 94 2926082
92 93 2926085
90 93 2926088
86 94 2926091
90 92 2926094
91 92 2926097
89 83 2926100
86 89 2926103
92 89 2926106
89 88 2926109
88 90 2926112
93 93 2926115
91 86 2926118
87 91 2926121
88 92 2926124
89 85 2926127
87 88 2926130
88 83 2926133
88 85 2926136
88 88 2926139
91 85 2926142
89 86 2926145
89 85 2926148
88 86 2926151
86 92 2926154
83 86 2926157
86 88 2926160
87 85 2926163
89 88 2926166
85 83 2926169
90 87 2926172
84 88 2926175
89 88 2926178
86 83 2926181
85 84 2926184
85 85 2926187
88 87 2926190
83 85 2926193
90 86 2926196
86 82 2926199
85 85 2926202
83 87 2926205
88 84 2926208
82 84 2926211
87 86 2926214
85 84 2926217
84 84 2926220
83 82 2926223
83 82 2926226
86 84 2926229
87 81 2926232
81 81 2926235
84 85 2926238
83 86 2926241
84 87 2926244
84 83 2926247
81 80 2926250
82 87 2926253
83 85 2926256
83 80 2926259
79 81 2926262
85 82 2926265
83 80 2926268
84 77 2926271
80 81 2926274
81 84 2926277
82 83 2926280
80 80 2926283
80 89 2926286
82 86 2926289
82 86 2926292
78 82 2926295
81 82 2926298
79 79 2926301
82 83 2926304
83 77 2926307
83 79 2926310
84 82 2926313
78 74 2926316
78 80 2926319
81 81 2926322
82 78 2926325
81 80 2926328
81 79 2926331
77 79 2926334
81 84 2926337
82 80 2926340
78 82 2926343
78 79 2926346
77 77 2926349
79 82 2926352
78 78 2926355
77 78 2926358
79 82 2926361
81 76 2926364
74 75 2926367
80 82 2926370
77 85 2926373
78 78 2926376
75 79 2926379
77 78 2926382
78 81 2926385
75 74 2926388
73 78 2926391
80 76 2926394
76 73 2926397
75 73 2926400
78 83 2926403
77 77 2926406
78 82 2926409
75 76 2926412
74 75 2926415
74 79 2926418
74 78 2926421
77 72 2926424
77 75 2926427
76 74 2926430
72 75 2926433
77 79 2926436
75 75 2926439
74 76 2926442
73 79 2926445
78 77 2926448
73 76 2926451
76 73 2926454
79 75 2926457
73 67 2926460
74 73 2926463
71 73 2926466
77 78 2926469
72 75 2926472
76 74 2926475
72 76 2926478
75 71 2926481
71 77 2926484
74 71 2926487
72 70 2926490
72 67 2926493
76 69 2926496
74 72 2926499
76 77 2926502
73 74 2926505
72 76 2926508
71 75 2926511
70 71 2926514
74 74 2926517
74 73 2926520
71 74 2926523
72 69 2926526
74 67 2926529
72 71 2926532
73 73 2926535
75 71 2926538
70 71 2926541
70 71 2926544
69 70 2926547
69 75 2926550
70 70 2926553
67 73 2926556
72 70 2926559
71 69 2926562
64 68 2926565
73 74 2926568
69 76 2926571
71 72 2926574
67 73 2926577
69 64 2926580
65 75 2926583
65 70 2926586
66 70 2926589
69 72 2926592
75 72 2926595
69 68 2926598
69 74 2926601
68 69 2926604
67 72 2926607
67 67 2926610
68 67 2926613
64 69 2926616
70 73 2926619
68 73 2926622
69 67 2926625
67 64 2926628
69 67 2926631
68 67 2926634
66 64 2926637
67 72 2926640
66 69 2926643
65 67 2926646
63 70 2926649
67 73 2926652
62 69 2926655
66 70 2926658
67 70 2926661
67 65 2926664
68 68 2926667
66 66 2926670
66 67 2926673
65 68 2926676
68 64 2926679
64 69 2926682
64 68 2926685
65 70 2926688
63 64 2926691
65 66 2926694
63 66 2926697
67 67 2926700
64 62 2926703
65 67 2926706
65 66 2926709
65 60 2926712
65 67 2926715
67 63 2926718
63 64 2926721
65 65 2926724
67 66 2926727
62 64 2926730
64 62 2926733
63 66 2926736
63 66 2926739
64 64 2926742
63 63 2926745
64 65 2926748
67 68 2926751
63 65 2926754
64 62 2926757
61 60 2926760
60 61 2926763
63 68 2926766
62 64 2926769
62 65 2926772
62 63 2926775
61 63 2926778
63 65 2926781
64 62 2926784
58 62 2926787
64 58 2926790
63 60 2926793
59 57 2926796
60 64 2926799
62 59 2926802
59 64 2926805
63 64 2926808
64 62 2926811
57 63 2926814
62 64 2926817
63 63 2926820
60 60 2926823
58 58 2926826
58 61 2926829
62 62 2926832
61 58 2926835
62 61 2926838
60 63 2926841
55 56 2926844
61 62 2926847
62 60 2926850
61 62 2926853
58 58 2926856
59 56 2926859
59 59 2926862
60 60 2926865
55 58 2926868
61 62 2926871
60 62 2926874
57 57 2926877
59 60 2926880
60 60 2926883
59 60 2926886
58 58 2926889
57 58 2926892
56 59 2926895
59 58 2926898
59 56 2926901
59 61 2926904
57 63 2926907
61 59 2926910
59 58 2926913
61 57 2926916
57 57 2926919
59 53 2926922
59 56 2926925
58 54 2926928
58 58 2926931
58 53 2926934
59 57 2926937
58 58 2926940
58 55 2926943
54 58 2926946
55 59 2926949
58 61 2926952
58 55 2926955
56 53 2926958
53 55 2926961
60 57 2926964
57 57 2926967
55 52 2926970
55 59 2926973
56 55 2926976
55 59 2926979
52 55 2926982
55 58 2926985
62 55 2926988
56 55 2926991
51 51 2926994
56 61 2926997
52 58 2927001
49 51 2927004
55 49 2927007
54 57 2927010
51 59 2927013
55 51 2927016
59 56 2927019
52 53 2927022
55 59 2927025
58 58 2927028
54 54 2927032
58 47 2927034
56 60 2927037
55 49 2927040
56 52 2927043
50 54 2927046
52 52 2927049
54 51 2927052
53 55 2927055
55 56 2927058
55 57 2927061
52 53 2927065
53 51 2927067
57 53 2927070
50 52 2927073
54 54 2927076
50 56 2927079
51 51 2927082
50 51 2927085
56 53 2927088
54 55 2927091
52 54 2927094
49 53 2927098
53 50 2927100
54 56 2927103
53 52 2927106
51 53 2927109
51 53 2927112
51 52 2927115
53 52 2927118
50 52 2927121
53 54 2927124
48 52 2927127
49 50 2927131
53 48 2927133
50 56 2927136
51 51 2927139
49 52 2927142
50 49 2927145
51 51 2927148
51 49 2927151
48 50 2927154
51 49 2927157
53 53 2927160
48 49 2927164
50 48 2927166
50 51 2927169
51 50 2927172
46 50 2927175
49 53 2927178
51 50 2927181
49 53 2927184
47 51 2927187
48 53 2927190
49 50 2927193
45 50 2927197
49 46 2927199
48 54 2927202
51 47 2927205
51 52 2927208
49 50 2927211
47 49 2927214
50 49 2927217
49 49 2927220
53 49 2927223
47 50 2927226
46 47 2927230
51 48 2927232
51 50 2927235
50 45 2927238
46 49 2927241
46 49 2927244
44 48 2927247
46 47 2927250
50 47 2927253
52 58 2927256
45 48 2927259
47 45 2927263
51 47 2927265
49 51 2927268
46 47 2927271
46 51 2927274
46 46 2927277
44 45 2927280
46 48 2927283
46 45 2927286
46 49 2927289
47 46 2927292
44 49 2927296
50 43 2927298
46 49 2927301
49 44 2927304
45 47 2927307
46 47 2927310
46 43 2927313
43 47 2927316
44 45 2927319
47 49 2927322
47 46 2927325
42 42 2927329
49 45 2927331
46 44 2927334
47 46 2927337
49 44 2927340
44 47 2927343
44 44 2927346
45 51 2927349
44 47 2927352
43 43 2927355
45 46 2927358
40 46 2927362
45 45 2927364
44 43 2927367
49 46 2927370
39 43 2927373
41 45 2927376
42 44 2927379
45 49 2927382
39 42 2927385
44 47 2927388
43 44 2927391
40 43 2927395
45 43 2927397
46 46 2927400
44 40 2927403
41 42 2927406
43 43 2927409
46 43 2927412
40 42 2927415
41 41 2927418
42 45 2927421
44 43 2927424
42 40 2927428
47 44 2927430
45 47 2927433
41 43 2927436
42 41 2927439
40 42 2927442
41 40 2927445
42 46 2927448
42 39 2927451
43 44 2927454
47 42 2927457
38 42 2927461
45 38 2927463
42 44 2927466
42 36 2927469
40 41 2927472
42 44 2927475
40 38 2927478
45 44 2927481
42 40 2927484
43 42 2927487
39 44 2927490
39 41 2927494
46 40 2927496
41 38 2927499
44 38 2927502
42 42 2927505
40 39 2927508
40 40 2927511
41 42 2927514
41 42 2927517
41 40 2927520
45 45 2927523
39 42 2927527
41 39 2927529
40 42 2927532
42 40 2927535
40 38 2927538
42 39 2927541
39 39 2927544
41 41 2927547
42 41 2927550
41 40 2927553
35 41 2927556
37 39 2927560
43 39 2927562
40 37 2927565
45 37 2927568
40 41 2927571
39 39 2927574
34 36 2927577
42 40 2927580
35 40 2927583
38 37 2927586
41 39 2927589
38 41 2927593
38 36 2927595
41 39 2927598
36 38 2927601
33 37 2927604
35 37 2927607
36 35 2927610
37 38 2927613
39 39 2927616
37 39 2927619
42 42 2927622
35 41 2927626
40 34 2927628
37 39 2927631
38 39 2927634
37 34 2927637
40 41 2927640
33 33 2927643
41 41 2927646
35 40 2927649
35 39 2927652
35 37 2927655
35 36 2927659
39 32 2927661
40 35 2927664
37 35 2927667
38 38 2927670
36 40 2927673
36 32 2927676
36 38 2927679
36 38 2927682
31 39 2927685
37 36 2927688
35 37 2927692
39 32 2927694
38 40 2927697
36 38 2927700
35 36 2927703
36 36 2927706
32 35 2927709
35 36 2927712
35 38 2927715
33 35 2927718
38 34 2927721
34 35 2927725
35 35 2927727
37 34 2927730
39 40 2927733
36 39 2927736
33 34 2927739
35 30 2927742
37 39 2927745
34 34 2927748
38 38 2927751
35 37 2927754
33 31 2927758
34 32 2927760
34 35 2927763
30 30 2927766
36 35 2927769
33 35 2927772
33 32 2927775
36 37 2927778
33 36 2927781
37 33 2927784
34 35 2927787
34 33 2927791
32 29 2927793
38 34 2927796
32 32 2927799
34 35 2927802
